1.022  7.6228e-020
2.044  7.6656e-020
3.066  7.70817e-020
4.088  7.7505e-020
5.11  7.79257e-020
6.132  7.83439e-020
7.154  7.87595e-020
8.176  7.91722e-020
9.198  7.95822e-020
10.22  7.99893e-020
11.242  8.03935e-020
12.264  8.07949e-020
13.286  8.11936e-020
14.308  8.15895e-020
15.33  8.19826e-020
16.352  8.23732e-020
17.374  8.27611e-020
18.396  8.31464e-020
19.418  8.35293e-020
20.44  8.39097e-020
21.462  8.42877e-020
22.484  8.46632e-020
23.506  8.50364e-020
24.528  8.54073e-020
25.55  8.57758e-020
26.572  8.6142e-020
27.594  8.65058e-020
28.616  8.68674e-020
29.638  8.72266e-020
30.66  8.75835e-020
31.682  8.79381e-020
32.704  8.82903e-020
33.726  8.86402e-020
34.748  8.89877e-020
35.77  8.93327e-020
36.792  8.96754e-020
37.814  9.00156e-020
38.836  9.03533e-020
39.858  9.06885e-020
40.88  9.10212e-020
41.902  9.13513e-020
42.924  9.16788e-020
43.946  9.20037e-020
44.968  9.23259e-020
45.99  9.26454e-020
47.012  9.29622e-020
48.034  9.32761e-020
49.056  9.35873e-020
50.078  9.38957e-020
51.1  9.42011e-020
52.122  9.45036e-020
53.144  9.48032e-020
54.166  9.50997e-020
55.188  9.53933e-020
56.21  9.56837e-020
57.232  9.5971e-020
58.254  9.62552e-020
59.276  9.65362e-020
60.298  9.68139e-020
61.32  9.70884e-020
62.342  9.73595e-020
63.364  9.76273e-020
64.386  9.78918e-020
65.408  9.81527e-020
66.43  9.84103e-020
67.452  9.86643e-020
68.474  9.89148e-020
69.496  9.91617e-020
70.518  9.9405e-020
71.54  9.96446e-020
72.562  9.98805e-020
73.584  1.00113e-019
74.606  1.00341e-019
75.628  1.00566e-019
76.65  1.00787e-019
77.672  1.01004e-019
78.694  1.01217e-019
79.716  1.01426e-019
80.738  1.01631e-019
81.76  1.01832e-019
82.782  1.02029e-019
83.804  1.02222e-019
84.826  1.0241e-019
85.848  1.02595e-019
86.87  1.02775e-019
87.892  1.02952e-019
88.914  1.03124e-019
89.936  1.03291e-019
90.958  1.03455e-019
91.98  1.03614e-019
93.002  1.03768e-019
94.024  1.03918e-019
95.046  1.04064e-019
96.068  1.04205e-019
97.09  1.04342e-019
98.112  1.04474e-019
99.134  1.04601e-019
100.156  1.04724e-019
101.178  1.04843e-019
102.2  1.04956e-019
103.222  1.05065e-019
104.244  1.05169e-019
105.266  1.05268e-019
106.288  1.05363e-019
107.31  1.05453e-019
108.332  1.05537e-019
109.354  1.05617e-019
110.376  1.05692e-019
111.398  1.05762e-019
112.42  1.05827e-019
113.442  1.05887e-019
114.464  1.05942e-019
115.486  1.05992e-019
116.508  1.06037e-019
117.53  1.06076e-019
118.552  1.06111e-019
119.574  1.0614e-019
120.596  1.06164e-019
121.618  1.06183e-019
122.64  1.06196e-019
123.662  1.06204e-019
124.684  1.06207e-019
125.706  1.06204e-019
126.728  1.06196e-019
127.75  1.06183e-019
128.772  1.06164e-019
129.794  1.06139e-019
130.816  1.06109e-019
131.838  1.06074e-019
132.86  1.06033e-019
133.882  1.05986e-019
134.904  1.05933e-019
135.926  1.05875e-019
136.948  1.05811e-019
137.97  1.05742e-019
138.992  1.05666e-019
140.014  1.05585e-019
141.036  1.05498e-019
142.058  1.05405e-019
143.08  1.05306e-019
144.102  1.05201e-019
145.124  1.05091e-019
146.146  1.04974e-019
147.168  1.04851e-019
148.19  1.04722e-019
149.212  1.04587e-019
150.234  1.04446e-019
151.256  1.04298e-019
152.278  1.04145e-019
153.3  1.03985e-019
154.322  1.03819e-019
155.344  1.03646e-019
156.366  1.03467e-019
157.388  1.03282e-019
158.41  1.03091e-019
159.432  1.02892e-019
160.454  1.02688e-019
161.476  1.02477e-019
162.498  1.02259e-019
163.52  1.02035e-019
164.542  1.01804e-019
165.564  1.01566e-019
166.586  1.01321e-019
167.608  1.0107e-019
168.63  1.00812e-019
169.652  1.00548e-019
170.674  1.00276e-019
171.696  9.99972e-020
172.718  9.97117e-020
173.74  9.94191e-020
174.762  9.91195e-020
175.784  9.88129e-020
176.806  9.84991e-020
177.828  9.81782e-020
178.85  9.785e-020
179.872  9.75147e-020
180.894  9.7172e-020
181.916  9.68221e-020
182.938  9.64648e-020
183.96  9.61001e-020
184.982  9.5728e-020
186.004  9.53484e-020
187.026  9.49613e-020
188.048  9.45667e-020
189.07  9.41645e-020
190.092  9.37546e-020
191.114  9.33371e-020
192.136  9.29119e-020
193.158  9.24789e-020
194.18  9.20382e-020
195.202  9.15897e-020
196.224  9.11333e-020
197.246  9.0669e-020
198.268  9.01969e-020
199.29  8.97167e-020
200.312  8.92286e-020
201.334  8.87325e-020
202.356  8.82283e-020
203.378  8.77161e-020
204.4  8.71957e-020
205.422  8.66672e-020
206.444  8.61305e-020
207.466  8.55857e-020
208.488  8.50326e-020
209.51  8.44713e-020
210.532  8.39018e-020
211.554  8.3324e-020
212.576  8.27379e-020
213.598  8.21434e-020
214.62  8.15407e-020
215.642  8.09296e-020
216.664  8.03101e-020
217.686  7.96823e-020
218.708  7.90462e-020
219.73  7.84016e-020
220.752  7.77487e-020
221.774  7.70875e-020
222.796  7.64178e-020
223.818  7.57399e-020
224.84  7.50535e-020
225.862  7.43589e-020
226.884  7.36559e-020
227.906  7.29447e-020
228.928  7.22251e-020
229.95  7.14974e-020
230.972  7.07614e-020
231.994  7.00172e-020
233.016  6.9265e-020
234.038  6.85046e-020
235.06  6.77362e-020
236.082  6.69598e-020
237.104  6.61755e-020
238.126  6.53833e-020
239.148  6.45834e-020
240.17  6.37757e-020
241.192  6.29604e-020
242.214  6.21375e-020
243.236  6.13072e-020
244.258  6.04696e-020
245.28  5.96247e-020
246.302  5.87726e-020
247.324  5.79136e-020
248.346  5.70477e-020
249.368  5.6175e-020
250.39  5.52957e-020
251.412  5.441e-020
252.434  5.3518e-020
253.456  5.26199e-020
254.478  5.17158e-020
255.5  5.0806e-020
256.522  4.98906e-020
257.544  4.89699e-020
258.566  4.8044e-020
259.588  4.71132e-020
260.61  4.61778e-020
261.632  4.52379e-020
262.654  4.42939e-020
263.676  4.3346e-020
264.698  4.23945e-020
265.72  4.14397e-020
266.742  4.04819e-020
267.764  3.95214e-020
268.786  3.85586e-020
269.808  3.75939e-020
270.83  3.66275e-020
271.852  3.56599e-020
272.874  3.46914e-020
273.896  3.37226e-020
274.918  3.27537e-020
275.94  3.17853e-020
276.962  3.08179e-020
277.984  2.98518e-020
279.006  2.88876e-020
280.028  2.79258e-020
281.05  2.69669e-020
282.072  2.60115e-020
283.094  2.50602e-020
284.116  2.41136e-020
285.138  2.31723e-020
286.16  2.22368e-020
287.182  2.13079e-020
288.204  2.03863e-020
289.226  1.94726e-020
290.248  1.85676e-020
291.27  1.76721e-020
292.292  1.67868e-020
293.314  1.59124e-020
294.336  1.50499e-020
295.358  1.42001e-020
296.38  1.33639e-020
297.402  1.25422e-020
298.424  1.17359e-020
299.446  1.0946e-020
300.468  1.01735e-020
301.49  9.41934e-021
302.512  8.68471e-021
303.534  7.97064e-021
304.556  7.27826e-021
305.578  6.60873e-021
306.6  5.96323e-021
307.622  5.343e-021
308.644  4.74928e-021
309.666  4.18339e-021
310.688  3.64665e-021
311.71  3.14044e-021
312.732  2.66616e-021
313.754  2.22527e-021
314.776  1.81925e-021
315.798  1.44964e-021
316.82  1.118e-021
317.842  8.25945e-022
318.864  5.75137e-022
319.886  3.67268e-022
320.908  2.04077e-022
321.93  8.73436e-023
322.952  1.88806e-023
