1.022  9.39403e-021
2.044  9.28019e-021
3.066  9.17089e-021
4.088  9.06608e-021
5.11  8.96568e-021
6.132  8.86961e-021
7.154  8.77781e-021
8.176  8.69019e-021
9.198  8.60671e-021
10.22  8.52728e-021
11.242  8.45185e-021
12.264  8.38037e-021
13.286  8.31277e-021
14.308  8.249e-021
15.33  8.18901e-021
16.352  8.13274e-021
17.374  8.08014e-021
18.396  8.03115e-021
19.418  7.98573e-021
20.44  7.94381e-021
21.462  7.90534e-021
22.484  7.87026e-021
23.506  7.83853e-021
24.528  7.81009e-021
25.55  7.78487e-021
26.572  7.76284e-021
27.594  7.74392e-021
28.616  7.72807e-021
29.638  7.71523e-021
30.66  7.70535e-021
31.682  7.69838e-021
32.704  7.69425e-021
33.726  7.69291e-021
34.748  7.69432e-021
35.77  7.69842e-021
36.792  7.70515e-021
37.814  7.71446e-021
38.836  7.72631e-021
39.858  7.74063e-021
40.88  7.75738e-021
41.902  7.77651e-021
42.924  7.79797e-021
43.946  7.8217e-021
44.968  7.84765e-021
45.99  7.87579e-021
47.012  7.90605e-021
48.034  7.9384e-021
49.056  7.97277e-021
50.078  8.00913e-021
51.1  8.04743e-021
52.122  8.08762e-021
53.144  8.12966e-021
54.166  8.17349e-021
55.188  8.21907e-021
56.21  8.26637e-021
57.232  8.31533e-021
58.254  8.36591e-021
59.276  8.41806e-021
60.298  8.47175e-021
61.32  8.52692e-021
62.342  8.58355e-021
63.364  8.64157e-021
64.386  8.70096e-021
65.408  8.76167e-021
66.43  8.82366e-021
67.452  8.88689e-021
68.474  8.95132e-021
69.496  9.01691e-021
70.518  9.08361e-021
71.54  9.15139e-021
72.562  9.22022e-021
73.584  9.29004e-021
74.606  9.36083e-021
75.628  9.43254e-021
76.65  9.50513e-021
77.672  9.57858e-021
78.694  9.65283e-021
79.716  9.72786e-021
80.738  9.80363e-021
81.76  9.8801e-021
82.782  9.95723e-021
83.804  1.0035e-020
84.826  1.01134e-020
85.848  1.01923e-020
86.87  1.02717e-020
87.892  1.03516e-020
88.914  1.0432e-020
89.936  1.05128e-020
90.958  1.0594e-020
91.98  1.06755e-020
93.002  1.07573e-020
94.024  1.08395e-020
95.046  1.09218e-020
96.068  1.10044e-020
97.09  1.10872e-020
98.112  1.11701e-020
99.134  1.12532e-020
100.156  1.13363e-020
101.178  1.14195e-020
102.2  1.15027e-020
103.222  1.15859e-020
104.244  1.1669e-020
105.266  1.17521e-020
106.288  1.18351e-020
107.31  1.19179e-020
108.332  1.20006e-020
109.354  1.20831e-020
110.376  1.21653e-020
111.398  1.22473e-020
112.42  1.2329e-020
113.442  1.24103e-020
114.464  1.24913e-020
115.486  1.2572e-020
116.508  1.26522e-020
117.53  1.2732e-020
118.552  1.28113e-020
119.574  1.28901e-020
120.596  1.29684e-020
121.618  1.30462e-020
122.64  1.31233e-020
123.662  1.31998e-020
124.684  1.32757e-020
125.706  1.33509e-020
126.728  1.34254e-020
127.75  1.34992e-020
128.772  1.35722e-020
129.794  1.36444e-020
130.816  1.37158e-020
131.838  1.37864e-020
132.86  1.38561e-020
133.882  1.39248e-020
134.904  1.39927e-020
135.926  1.40596e-020
136.948  1.41255e-020
137.97  1.41904e-020
138.992  1.42543e-020
140.014  1.43171e-020
141.036  1.43788e-020
142.058  1.44393e-020
143.08  1.44988e-020
144.102  1.4557e-020
145.124  1.46141e-020
146.146  1.46699e-020
147.168  1.47245e-020
148.19  1.47777e-020
149.212  1.48297e-020
150.234  1.48804e-020
151.256  1.49296e-020
152.278  1.49775e-020
153.3  1.5024e-020
154.322  1.50691e-020
155.344  1.51126e-020
156.366  1.51547e-020
157.388  1.51953e-020
158.41  1.52343e-020
159.432  1.52718e-020
160.454  1.53077e-020
161.476  1.53419e-020
162.498  1.53745e-020
163.52  1.54055e-020
164.542  1.54348e-020
165.564  1.54623e-020
166.586  1.54882e-020
167.608  1.55122e-020
168.63  1.55345e-020
169.652  1.5555e-020
170.674  1.55736e-020
171.696  1.55904e-020
172.718  1.56054e-020
173.74  1.56184e-020
174.762  1.56295e-020
175.784  1.56387e-020
176.806  1.56459e-020
177.828  1.56511e-020
178.85  1.56544e-020
179.872  1.56556e-020
180.894  1.56548e-020
181.916  1.56519e-020
182.938  1.56469e-020
183.96  1.56398e-020
184.982  1.56307e-020
186.004  1.56193e-020
187.026  1.56059e-020
188.048  1.55902e-020
189.07  1.55724e-020
190.092  1.55523e-020
191.114  1.553e-020
192.136  1.55055e-020
193.158  1.54787e-020
194.18  1.54497e-020
195.202  1.54184e-020
196.224  1.53848e-020
197.246  1.53488e-020
198.268  1.53106e-020
199.29  1.527e-020
200.312  1.52271e-020
201.334  1.51818e-020
202.356  1.51341e-020
203.378  1.5084e-020
204.4  1.50316e-020
205.422  1.49768e-020
206.444  1.49195e-020
207.466  1.48599e-020
208.488  1.47978e-020
209.51  1.47333e-020
210.532  1.46664e-020
211.554  1.4597e-020
212.576  1.45252e-020
213.598  1.4451e-020
214.62  1.43743e-020
215.642  1.42951e-020
216.664  1.42135e-020
217.686  1.41295e-020
218.708  1.4043e-020
219.73  1.39541e-020
220.752  1.38628e-020
221.774  1.3769e-020
222.796  1.36728e-020
223.818  1.35742e-020
224.84  1.34731e-020
225.862  1.33697e-020
226.884  1.32638e-020
227.906  1.31556e-020
228.928  1.3045e-020
229.95  1.2932e-020
230.972  1.28167e-020
231.994  1.26991e-020
233.016  1.25791e-020
234.038  1.24569e-020
235.06  1.23324e-020
236.082  1.22056e-020
237.104  1.20766e-020
238.126  1.19453e-020
239.148  1.18119e-020
240.17  1.16764e-020
241.192  1.15387e-020
242.214  1.13988e-020
243.236  1.1257e-020
244.258  1.11131e-020
245.28  1.09671e-020
246.302  1.08192e-020
247.324  1.06694e-020
248.346  1.05177e-020
249.368  1.03641e-020
250.39  1.02088e-020
251.412  1.00516e-020
252.434  9.89278e-021
253.456  9.73225e-021
254.478  9.57011e-021
255.5  9.40639e-021
256.522  9.24116e-021
257.544  9.07448e-021
258.566  8.90639e-021
259.588  8.73697e-021
260.61  8.56627e-021
261.632  8.39436e-021
262.654  8.2213e-021
263.676  8.04717e-021
264.698  7.87204e-021
265.72  7.69598e-021
266.742  7.51906e-021
267.764  7.34137e-021
268.786  7.16299e-021
269.808  6.984e-021
270.83  6.80449e-021
271.852  6.62454e-021
272.874  6.44426e-021
273.896  6.26373e-021
274.918  6.08305e-021
275.94  5.90232e-021
276.962  5.72165e-021
277.984  5.54114e-021
279.006  5.3609e-021
280.028  5.18105e-021
281.05  5.0017e-021
282.072  4.82296e-021
283.094  4.64496e-021
284.116  4.46783e-021
285.138  4.29169e-021
286.16  4.11668e-021
287.182  3.94293e-021
288.204  3.77058e-021
289.226  3.59977e-021
290.248  3.43065e-021
291.27  3.26337e-021
292.292  3.09809e-021
293.314  2.93495e-021
294.336  2.77412e-021
295.358  2.61578e-021
296.38  2.46008e-021
297.402  2.3072e-021
298.424  2.15731e-021
299.446  2.01061e-021
300.468  1.86728e-021
301.49  1.72751e-021
302.512  1.59149e-021
303.534  1.45942e-021
304.556  1.33151e-021
305.578  1.20797e-021
306.6  1.08901e-021
307.622  9.74853e-022
308.644  8.6572e-022
309.666  7.61842e-022
310.688  6.63452e-022
311.71  5.7079e-022
312.732  4.841e-022
313.754  4.03632e-022
314.776  3.29642e-022
315.798  2.62391e-022
316.82  2.02145e-022
317.842  1.49176e-022
318.864  1.03762e-022
319.886  6.61853e-023
320.908  3.67348e-023
321.93  1.57041e-023
322.952  3.39069e-024
