1.022  7.24597e-020
2.044  7.13997e-020
3.066  7.03542e-020
4.088  6.93228e-020
5.11  6.83055e-020
6.132  6.73021e-020
7.154  6.63122e-020
8.176  6.53357e-020
9.198  6.43723e-020
10.22  6.34221e-020
11.242  6.24848e-020
12.264  6.15602e-020
13.286  6.06484e-020
14.308  5.97492e-020
15.33  5.88625e-020
16.352  5.79882e-020
17.374  5.71263e-020
18.396  5.62765e-020
19.418  5.54389e-020
20.44  5.46133e-020
21.462  5.37996e-020
22.484  5.29976e-020
23.506  5.22074e-020
24.528  5.14286e-020
25.55  5.06613e-020
26.572  4.99052e-020
27.594  4.91603e-020
28.616  4.84264e-020
29.638  4.77034e-020
30.66  4.69911e-020
31.682  4.62894e-020
32.704  4.55981e-020
33.726  4.49172e-020
34.748  4.42465e-020
35.77  4.35858e-020
36.792  4.29351e-020
37.814  4.22941e-020
38.836  4.16628e-020
39.858  4.1041e-020
40.88  4.04286e-020
41.902  3.98254e-020
42.924  3.92314e-020
43.946  3.86463e-020
44.968  3.80702e-020
45.99  3.75027e-020
47.012  3.69439e-020
48.034  3.63936e-020
49.056  3.58517e-020
50.078  3.53181e-020
51.1  3.47926e-020
52.122  3.42752e-020
53.144  3.37656e-020
54.166  3.32639e-020
55.188  3.27699e-020
56.21  3.22835e-020
57.232  3.18046e-020
58.254  3.1333e-020
59.276  3.08688e-020
60.298  3.04117e-020
61.32  2.99616e-020
62.342  2.95186e-020
63.364  2.90824e-020
64.386  2.86531e-020
65.408  2.82304e-020
66.43  2.78143e-020
67.452  2.74047e-020
68.474  2.70015e-020
69.496  2.66046e-020
70.518  2.6214e-020
71.54  2.58295e-020
72.562  2.54511e-020
73.584  2.50787e-020
74.606  2.47121e-020
75.628  2.43514e-020
76.65  2.39963e-020
77.672  2.3647e-020
78.694  2.33031e-020
79.716  2.29648e-020
80.738  2.26319e-020
81.76  2.23043e-020
82.782  2.1982e-020
83.804  2.16649e-020
84.826  2.13529e-020
85.848  2.10459e-020
86.87  2.07439e-020
87.892  2.04468e-020
88.914  2.01545e-020
89.936  1.9867e-020
90.958  1.95842e-020
91.98  1.9306e-020
93.002  1.90324e-020
94.024  1.87632e-020
95.046  1.84985e-020
96.068  1.82381e-020
97.09  1.79821e-020
98.112  1.77303e-020
99.134  1.74826e-020
100.156  1.72391e-020
101.178  1.69996e-020
102.2  1.67641e-020
103.222  1.65326e-020
104.244  1.63049e-020
105.266  1.6081e-020
106.288  1.58609e-020
107.31  1.56446e-020
108.332  1.54318e-020
109.354  1.52227e-020
110.376  1.5017e-020
111.398  1.48149e-020
112.42  1.46162e-020
113.442  1.44209e-020
114.464  1.42289e-020
115.486  1.40402e-020
116.508  1.38547e-020
117.53  1.36723e-020
118.552  1.34931e-020
119.574  1.3317e-020
120.596  1.31438e-020
121.618  1.29737e-020
122.64  1.28064e-020
123.662  1.26421e-020
124.684  1.24805e-020
125.706  1.23218e-020
126.728  1.21658e-020
127.75  1.20124e-020
128.772  1.18617e-020
129.794  1.17136e-020
130.816  1.15681e-020
131.838  1.14251e-020
132.86  1.12845e-020
133.882  1.11463e-020
134.904  1.10106e-020
135.926  1.08771e-020
136.948  1.0746e-020
137.97  1.06171e-020
138.992  1.04904e-020
140.014  1.03659e-020
141.036  1.02435e-020
142.058  1.01233e-020
143.08  1.0005e-020
144.102  9.8888e-021
145.124  9.77455e-021
146.146  9.66223e-021
147.168  9.55181e-021
148.19  9.44326e-021
149.212  9.33652e-021
150.234  9.23157e-021
151.256  9.12838e-021
152.278  9.02689e-021
153.3  8.92709e-021
154.322  8.82893e-021
155.344  8.73237e-021
156.366  8.6374e-021
157.388  8.54396e-021
158.41  8.45203e-021
159.432  8.36158e-021
160.454  8.27257e-021
161.476  8.18496e-021
162.498  8.09874e-021
163.52  8.01386e-021
164.542  7.93029e-021
165.564  7.84801e-021
166.586  7.76699e-021
167.608  7.68718e-021
168.63  7.60857e-021
169.652  7.53112e-021
170.674  7.45481e-021
171.696  7.37961e-021
172.718  7.30548e-021
173.74  7.2324e-021
174.762  7.16035e-021
175.784  7.08929e-021
176.806  7.0192e-021
177.828  6.95006e-021
178.85  6.88183e-021
179.872  6.81449e-021
180.894  6.74801e-021
181.916  6.68238e-021
182.938  6.61756e-021
183.96  6.55353e-021
184.982  6.49027e-021
186.004  6.42775e-021
187.026  6.36595e-021
188.048  6.30485e-021
189.07  6.24443e-021
190.092  6.18465e-021
191.114  6.12551e-021
192.136  6.06697e-021
193.158  6.00902e-021
194.18  5.95164e-021
195.202  5.8948e-021
196.224  5.83849e-021
197.246  5.78268e-021
198.268  5.72736e-021
199.29  5.67251e-021
200.312  5.6181e-021
201.334  5.56412e-021
202.356  5.51055e-021
203.378  5.45737e-021
204.4  5.40456e-021
205.422  5.35211e-021
206.444  5.3e-021
207.466  5.24821e-021
208.488  5.19673e-021
209.51  5.14553e-021
210.532  5.09461e-021
211.554  5.04394e-021
212.576  4.99352e-021
213.598  4.94332e-021
214.62  4.89333e-021
215.642  4.84354e-021
216.664  4.79393e-021
217.686  4.74449e-021
218.708  4.69521e-021
219.73  4.64606e-021
220.752  4.59704e-021
221.774  4.54814e-021
222.796  4.49934e-021
223.818  4.45062e-021
224.84  4.40199e-021
225.862  4.35342e-021
226.884  4.3049e-021
227.906  4.25642e-021
228.928  4.20797e-021
229.95  4.15955e-021
230.972  4.11113e-021
231.994  4.06271e-021
233.016  4.01428e-021
234.038  3.96583e-021
235.06  3.91735e-021
236.082  3.86883e-021
237.104  3.82026e-021
238.126  3.77164e-021
239.148  3.72294e-021
240.17  3.67418e-021
241.192  3.62533e-021
242.214  3.57639e-021
243.236  3.52736e-021
244.258  3.47823e-021
245.28  3.42898e-021
246.302  3.37962e-021
247.324  3.33014e-021
248.346  3.28053e-021
249.368  3.2308e-021
250.39  3.18092e-021
251.412  3.13091e-021
252.434  3.08075e-021
253.456  3.03045e-021
254.478  2.97999e-021
255.5  2.92938e-021
256.522  2.87862e-021
257.544  2.8277e-021
258.566  2.77663e-021
259.588  2.7254e-021
260.61  2.67401e-021
261.632  2.62247e-021
262.654  2.57077e-021
263.676  2.51892e-021
264.698  2.46692e-021
265.72  2.41477e-021
266.742  2.36248e-021
267.764  2.31006e-021
268.786  2.25751e-021
269.808  2.20483e-021
270.83  2.15204e-021
271.852  2.09914e-021
272.874  2.04614e-021
273.896  1.99306e-021
274.918  1.9399e-021
275.94  1.88668e-021
276.962  1.83341e-021
277.984  1.78011e-021
279.006  1.72679e-021
280.028  1.67347e-021
281.05  1.62018e-021
282.072  1.56693e-021
283.094  1.51375e-021
284.116  1.46066e-021
285.138  1.40768e-021
286.16  1.35485e-021
287.182  1.30219e-021
288.204  1.24973e-021
289.226  1.19752e-021
290.248  1.14558e-021
291.27  1.09395e-021
292.292  1.04268e-021
293.314  9.91805e-022
294.336  9.41372e-022
295.358  8.9143e-022
296.38  8.42029e-022
297.402  7.93224e-022
298.424  7.45072e-022
299.446  6.97633e-022
300.468  6.50971e-022
301.49  6.05151e-022
302.512  5.60246e-022
303.534  5.16329e-022
304.556  4.73478e-022
305.578  4.31775e-022
306.6  3.91308e-022
307.622  3.52165e-022
308.644  3.14444e-022
309.666  2.78244e-022
310.688  2.43669e-022
311.71  2.10831e-022
312.732  1.79843e-022
313.754  1.50828e-022
314.776  1.23911e-022
315.798  9.9225e-023
316.82  7.69083e-023
317.842  5.71059e-023
318.864  3.9969e-023
319.886  2.56556e-023
320.908  1.43307e-023
321.93  6.16595e-024
322.952  1.34e-024
