1.022  1.011e-019
2.044  9.97165e-020
3.066  9.83511e-020
4.088  9.70033e-020
5.11  9.56727e-020
6.132  9.43591e-020
7.154  9.30621e-020
8.176  9.17815e-020
9.198  9.05171e-020
10.22  8.92687e-020
11.242  8.80361e-020
12.264  8.68193e-020
13.286  8.5618e-020
14.308  8.44323e-020
15.33  8.3262e-020
16.352  8.21069e-020
17.374  8.0967e-020
18.396  7.98422e-020
19.418  7.87324e-020
20.44  7.76374e-020
21.462  7.65571e-020
22.484  7.54914e-020
23.506  7.44401e-020
24.528  7.34031e-020
25.55  7.23802e-020
26.572  7.13714e-020
27.594  7.03763e-020
28.616  6.93949e-020
29.638  6.8427e-020
30.66  6.74724e-020
31.682  6.65311e-020
32.704  6.56027e-020
33.726  6.46871e-020
34.748  6.37842e-020
35.77  6.28939e-020
36.792  6.20159e-020
37.814  6.115e-020
38.836  6.02962e-020
39.858  5.94542e-020
40.88  5.86239e-020
41.902  5.78051e-020
42.924  5.69978e-020
43.946  5.62016e-020
44.968  5.54165e-020
45.99  5.46423e-020
47.012  5.38789e-020
48.034  5.31261e-020
49.056  5.23838e-020
50.078  5.16518e-020
51.1  5.093e-020
52.122  5.02182e-020
53.144  4.95163e-020
54.166  4.88242e-020
55.188  4.81418e-020
56.21  4.74688e-020
57.232  4.68053e-020
58.254  4.61509e-020
59.276  4.55057e-020
60.298  4.48695e-020
61.32  4.42422e-020
62.342  4.36236e-020
63.364  4.30137e-020
64.386  4.24123e-020
65.408  4.18193e-020
66.43  4.12345e-020
67.452  4.0658e-020
68.474  4.00895e-020
69.496  3.9529e-020
70.518  3.89764e-020
71.54  3.84315e-020
72.562  3.78942e-020
73.584  3.73645e-020
74.606  3.68422e-020
75.628  3.63272e-020
76.65  3.58196e-020
77.672  3.5319e-020
78.694  3.48255e-020
79.716  3.4339e-020
80.738  3.38593e-020
81.76  3.33864e-020
82.782  3.29202e-020
83.804  3.24606e-020
84.826  3.20075e-020
85.848  3.15609e-020
86.87  3.11205e-020
87.892  3.06864e-020
88.914  3.02585e-020
89.936  2.98367e-020
90.958  2.94209e-020
91.98  2.9011e-020
93.002  2.86069e-020
94.024  2.82087e-020
95.046  2.78161e-020
96.068  2.74291e-020
97.09  2.70477e-020
98.112  2.66718e-020
99.134  2.63012e-020
100.156  2.5936e-020
101.178  2.5576e-020
102.2  2.52212e-020
103.222  2.48715e-020
104.244  2.45269e-020
105.266  2.41872e-020
106.288  2.38525e-020
107.31  2.35226e-020
108.332  2.31974e-020
109.354  2.2877e-020
110.376  2.25612e-020
111.398  2.22501e-020
112.42  2.19434e-020
113.442  2.16412e-020
114.464  2.13434e-020
115.486  2.10499e-020
116.508  2.07607e-020
117.53  2.04758e-020
118.552  2.01949e-020
119.574  1.99182e-020
120.596  1.96456e-020
121.618  1.93769e-020
122.64  1.91122e-020
123.662  1.88513e-020
124.684  1.85943e-020
125.706  1.8341e-020
126.728  1.80915e-020
127.75  1.78456e-020
128.772  1.76034e-020
129.794  1.73647e-020
130.816  1.71295e-020
131.838  1.68977e-020
132.86  1.66694e-020
133.882  1.64445e-020
134.904  1.62228e-020
135.926  1.60044e-020
136.948  1.57893e-020
137.97  1.55772e-020
138.992  1.53684e-020
140.014  1.51626e-020
141.036  1.49598e-020
142.058  1.476e-020
143.08  1.45632e-020
144.102  1.43692e-020
145.124  1.41781e-020
146.146  1.39898e-020
147.168  1.38043e-020
148.19  1.36215e-020
149.212  1.34414e-020
150.234  1.32639e-020
151.256  1.30891e-020
152.278  1.29168e-020
153.3  1.2747e-020
154.322  1.25797e-020
155.344  1.24148e-020
156.366  1.22524e-020
157.388  1.20923e-020
158.41  1.19346e-020
159.432  1.17791e-020
160.454  1.16259e-020
161.476  1.1475e-020
162.498  1.13262e-020
163.52  1.11795e-020
164.542  1.1035e-020
165.564  1.08926e-020
166.586  1.07522e-020
167.608  1.06138e-020
168.63  1.04774e-020
169.652  1.03429e-020
170.674  1.02104e-020
171.696  1.00798e-020
172.718  9.95096e-021
173.74  9.82398e-021
174.762  9.69879e-021
175.784  9.57536e-021
176.806  9.45365e-021
177.828  9.33365e-021
178.85  9.21531e-021
179.872  9.09862e-021
180.894  8.98353e-021
181.916  8.87003e-021
182.938  8.75808e-021
183.96  8.64766e-021
184.982  8.53875e-021
186.004  8.4313e-021
187.026  8.3253e-021
188.048  8.22072e-021
189.07  8.11753e-021
190.092  8.01571e-021
191.114  7.91523e-021
192.136  7.81606e-021
193.158  7.71819e-021
194.18  7.62158e-021
195.202  7.52622e-021
196.224  7.43207e-021
197.246  7.33911e-021
198.268  7.24733e-021
199.29  7.15669e-021
200.312  7.06717e-021
201.334  6.97876e-021
202.356  6.89142e-021
203.378  6.80513e-021
204.4  6.71987e-021
205.422  6.63563e-021
206.444  6.55237e-021
207.466  6.47007e-021
208.488  6.38872e-021
209.51  6.30829e-021
210.532  6.22876e-021
211.554  6.15011e-021
212.576  6.07232e-021
213.598  5.99537e-021
214.62  5.91923e-021
215.642  5.84389e-021
216.664  5.76932e-021
217.686  5.69551e-021
218.708  5.62243e-021
219.73  5.55007e-021
220.752  5.47841e-021
221.774  5.40741e-021
222.796  5.33708e-021
223.818  5.26738e-021
224.84  5.19829e-021
225.862  5.12981e-021
226.884  5.0619e-021
227.906  4.99455e-021
228.928  4.92773e-021
229.95  4.86144e-021
230.972  4.79565e-021
231.994  4.73035e-021
233.016  4.6655e-021
234.038  4.60111e-021
235.06  4.53714e-021
236.082  4.47358e-021
237.104  4.41041e-021
238.126  4.34761e-021
239.148  4.28517e-021
240.17  4.22306e-021
241.192  4.16128e-021
242.214  4.0998e-021
243.236  4.0386e-021
244.258  3.97767e-021
245.28  3.91699e-021
246.302  3.85655e-021
247.324  3.79632e-021
248.346  3.7363e-021
249.368  3.67646e-021
250.39  3.61679e-021
251.412  3.55728e-021
252.434  3.49791e-021
253.456  3.43866e-021
254.478  3.37953e-021
255.5  3.32049e-021
256.522  3.26154e-021
257.544  3.20266e-021
258.566  3.14384e-021
259.588  3.08506e-021
260.61  3.02632e-021
261.632  2.96761e-021
262.654  2.90891e-021
263.676  2.85021e-021
264.698  2.79151e-021
265.72  2.7328e-021
266.742  2.67408e-021
267.764  2.61533e-021
268.786  2.55655e-021
269.808  2.49773e-021
270.83  2.43888e-021
271.852  2.37999e-021
272.874  2.32107e-021
273.896  2.2621e-021
274.918  2.2031e-021
275.94  2.14407e-021
276.962  2.085e-021
277.984  2.02592e-021
279.006  1.96682e-021
280.028  1.90772e-021
281.05  1.84863e-021
282.072  1.78956e-021
283.094  1.73053e-021
284.116  1.67156e-021
285.138  1.61267e-021
286.16  1.55387e-021
287.182  1.4952e-021
288.204  1.43669e-021
289.226  1.37836e-021
290.248  1.32025e-021
291.27  1.2624e-021
292.292  1.20484e-021
293.314  1.14762e-021
294.336  1.0908e-021
295.358  1.03441e-021
296.38  9.78515e-022
297.402  9.23176e-022
298.424  8.68453e-022
299.446  8.14415e-022
300.468  7.61135e-022
301.49  7.0869e-022
302.512  6.57163e-022
303.534  6.06641e-022
304.556  5.57217e-022
305.578  5.08992e-022
306.6  4.62069e-022
307.622  4.16561e-022
308.644  3.72585e-022
309.666  3.30266e-022
310.688  2.89735e-022
311.71  2.51132e-022
312.732  2.14602e-022
313.754  1.80301e-022
314.776  1.48391e-022
315.798  1.19043e-022
316.82  9.24363e-023
317.842  6.87607e-023
318.864  4.82142e-023
319.886  3.10048e-023
320.908  1.73504e-023
321.93  7.47893e-024
322.952  1.62833e-024
