1.022  3.79545e-019
2.044  3.78866e-019
3.066  3.78193e-019
4.088  3.77526e-019
5.11  3.76863e-019
6.132  3.76206e-019
7.154  3.75553e-019
8.176  3.74903e-019
9.198  3.74257e-019
10.22  3.73614e-019
11.242  3.72975e-019
12.264  3.72339e-019
13.286  3.71706e-019
14.308  3.71077e-019
15.33  3.70452e-019
16.352  3.6983e-019
17.374  3.69213e-019
18.396  3.68601e-019
19.418  3.67993e-019
20.44  3.67389e-019
21.462  3.6679e-019
22.484  3.66196e-019
23.506  3.65607e-019
24.528  3.65023e-019
25.55  3.64443e-019
26.572  3.63869e-019
27.594  3.63299e-019
28.616  3.62734e-019
29.638  3.62174e-019
30.66  3.61618e-019
31.682  3.61067e-019
32.704  3.6052e-019
33.726  3.59977e-019
34.748  3.59439e-019
35.77  3.58904e-019
36.792  3.58373e-019
37.814  3.57846e-019
38.836  3.57322e-019
39.858  3.56802e-019
40.88  3.56284e-019
41.902  3.5577e-019
42.924  3.55258e-019
43.946  3.54749e-019
44.968  3.54242e-019
45.99  3.53738e-019
47.012  3.53235e-019
48.034  3.52734e-019
49.056  3.52235e-019
50.078  3.51738e-019
51.1  3.51242e-019
52.122  3.50747e-019
53.144  3.50252e-019
54.166  3.49759e-019
55.188  3.49266e-019
56.21  3.48774e-019
57.232  3.48282e-019
58.254  3.47789e-019
59.276  3.47297e-019
60.298  3.46805e-019
61.32  3.46312e-019
62.342  3.45818e-019
63.364  3.45324e-019
64.386  3.44828e-019
65.408  3.44332e-019
66.43  3.43834e-019
67.452  3.43335e-019
68.474  3.42835e-019
69.496  3.42332e-019
70.518  3.41828e-019
71.54  3.41322e-019
72.562  3.40814e-019
73.584  3.40303e-019
74.606  3.3979e-019
75.628  3.39275e-019
76.65  3.38756e-019
77.672  3.38235e-019
78.694  3.37711e-019
79.716  3.37184e-019
80.738  3.36654e-019
81.76  3.3612e-019
82.782  3.35582e-019
83.804  3.35042e-019
84.826  3.34497e-019
85.848  3.33949e-019
86.87  3.33396e-019
87.892  3.3284e-019
88.914  3.32279e-019
89.936  3.31714e-019
90.958  3.31145e-019
91.98  3.30571e-019
93.002  3.29992e-019
94.024  3.29409e-019
95.046  3.28821e-019
96.068  3.28228e-019
97.09  3.2763e-019
98.112  3.27026e-019
99.134  3.26418e-019
100.156  3.25804e-019
101.178  3.25185e-019
102.2  3.2456e-019
103.222  3.2393e-019
104.244  3.23293e-019
105.266  3.22651e-019
106.288  3.22003e-019
107.31  3.2135e-019
108.332  3.2069e-019
109.354  3.20023e-019
110.376  3.19351e-019
111.398  3.18672e-019
112.42  3.17987e-019
113.442  3.17296e-019
114.464  3.16597e-019
115.486  3.15892e-019
116.508  3.15181e-019
117.53  3.14462e-019
118.552  3.13737e-019
119.574  3.13005e-019
120.596  3.12265e-019
121.618  3.11519e-019
122.64  3.10765e-019
123.662  3.10004e-019
124.684  3.09236e-019
125.706  3.0846e-019
126.728  3.07677e-019
127.75  3.06886e-019
128.772  3.06087e-019
129.794  3.05281e-019
130.816  3.04467e-019
131.838  3.03645e-019
132.86  3.02815e-019
133.882  3.01977e-019
134.904  3.01131e-019
135.926  3.00277e-019
136.948  2.99415e-019
137.97  2.98544e-019
138.992  2.97665e-019
140.014  2.96778e-019
141.036  2.95882e-019
142.058  2.94978e-019
143.08  2.94065e-019
144.102  2.93143e-019
145.124  2.92213e-019
146.146  2.91273e-019
147.168  2.90325e-019
148.19  2.89368e-019
149.212  2.88401e-019
150.234  2.87426e-019
151.256  2.86441e-019
152.278  2.85447e-019
153.3  2.84444e-019
154.322  2.83431e-019
155.344  2.82409e-019
156.366  2.81378e-019
157.388  2.80336e-019
158.41  2.79285e-019
159.432  2.78224e-019
160.454  2.77154e-019
161.476  2.76073e-019
162.498  2.74982e-019
163.52  2.73881e-019
164.542  2.72771e-019
165.564  2.71649e-019
166.586  2.70518e-019
167.608  2.69376e-019
168.63  2.68224e-019
169.652  2.67061e-019
170.674  2.65887e-019
171.696  2.64703e-019
172.718  2.63508e-019
173.74  2.62302e-019
174.762  2.61085e-019
175.784  2.59857e-019
176.806  2.58618e-019
177.828  2.57368e-019
178.85  2.56106e-019
179.872  2.54833e-019
180.894  2.53548e-019
181.916  2.52252e-019
182.938  2.50944e-019
183.96  2.49625e-019
184.982  2.48294e-019
186.004  2.4695e-019
187.026  2.45595e-019
188.048  2.44228e-019
189.07  2.42848e-019
190.092  2.41456e-019
191.114  2.40052e-019
192.136  2.38635e-019
193.158  2.37206e-019
194.18  2.35764e-019
195.202  2.34309e-019
196.224  2.32842e-019
197.246  2.31362e-019
198.268  2.29868e-019
199.29  2.28362e-019
200.312  2.26842e-019
201.334  2.25309e-019
202.356  2.23763e-019
203.378  2.22204e-019
204.4  2.20631e-019
205.422  2.19044e-019
206.444  2.17444e-019
207.466  2.1583e-019
208.488  2.14202e-019
209.51  2.1256e-019
210.532  2.10904e-019
211.554  2.09234e-019
212.576  2.0755e-019
213.598  2.05852e-019
214.62  2.0414e-019
215.642  2.02414e-019
216.664  2.00673e-019
217.686  1.98917e-019
218.708  1.97148e-019
219.73  1.95363e-019
220.752  1.93565e-019
221.774  1.91752e-019
222.796  1.89924e-019
223.818  1.88081e-019
224.84  1.86224e-019
225.862  1.84353e-019
226.884  1.82466e-019
227.906  1.80565e-019
228.928  1.7865e-019
229.95  1.7672e-019
230.972  1.74775e-019
231.994  1.72815e-019
233.016  1.70842e-019
234.038  1.68853e-019
235.06  1.66851e-019
236.082  1.64833e-019
237.104  1.62802e-019
238.126  1.60757e-019
239.148  1.58697e-019
240.17  1.56623e-019
241.192  1.54536e-019
242.214  1.52435e-019
243.236  1.5032e-019
244.258  1.48192e-019
245.28  1.46051e-019
246.302  1.43896e-019
247.324  1.41729e-019
248.346  1.39549e-019
249.368  1.37357e-019
250.39  1.35153e-019
251.412  1.32937e-019
252.434  1.30709e-019
253.456  1.2847e-019
254.478  1.26221e-019
255.5  1.2396e-019
256.522  1.2169e-019
257.544  1.1941e-019
258.566  1.1712e-019
259.588  1.14822e-019
260.61  1.12515e-019
261.632  1.10201e-019
262.654  1.07879e-019
263.676  1.0555e-019
264.698  1.03215e-019
265.72  1.00874e-019
266.742  9.8528e-020
267.764  9.6178e-020
268.786  9.38243e-020
269.808  9.14678e-020
270.83  8.91092e-020
271.852  8.67493e-020
272.874  8.43889e-020
273.896  8.20291e-020
274.918  7.96706e-020
275.94  7.73145e-020
276.962  7.49618e-020
277.984  7.26135e-020
279.006  7.02707e-020
280.028  6.79346e-020
281.05  6.56064e-020
282.072  6.32872e-020
283.094  6.09785e-020
284.116  5.86815e-020
285.138  5.63976e-020
286.16  5.41283e-020
287.182  5.18752e-020
288.204  4.96396e-020
289.226  4.74234e-020
290.248  4.52281e-020
291.27  4.30556e-020
292.292  4.09076e-020
293.314  3.8786e-020
294.336  3.66927e-020
295.358  3.46299e-020
296.38  3.25995e-020
297.402  3.06037e-020
298.424  2.86448e-020
299.446  2.67252e-020
300.468  2.4847e-020
301.49  2.3013e-020
302.512  2.12256e-020
303.534  1.94874e-020
304.556  1.78012e-020
305.578  1.61699e-020
306.6  1.45963e-020
307.622  1.30835e-020
308.644  1.16346e-020
309.666  1.02527e-020
310.688  8.94124e-021
311.71  7.70355e-021
312.732  6.54319e-021
313.754  5.46378e-021
314.776  4.46905e-021
315.798  3.56286e-021
316.82  2.74917e-021
317.842  2.03207e-021
318.864  1.41576e-021
319.886  9.04557e-022
320.908  5.02906e-022
321.93  2.15361e-022
322.952  4.65801e-023
