1.022  3.47345e-019
2.044  3.46799e-019
3.066  3.46258e-019
4.088  3.45721e-019
5.11  3.45189e-019
6.132  3.44661e-019
7.154  3.44135e-019
8.176  3.43613e-019
9.198  3.43093e-019
10.22  3.42576e-019
11.242  3.42061e-019
12.264  3.41548e-019
13.286  3.41038e-019
14.308  3.40531e-019
15.33  3.40027e-019
16.352  3.39526e-019
17.374  3.39028e-019
18.396  3.38533e-019
19.418  3.38042e-019
20.44  3.37555e-019
21.462  3.37072e-019
22.484  3.36592e-019
23.506  3.36117e-019
24.528  3.35645e-019
25.55  3.35177e-019
26.572  3.34713e-019
27.594  3.34253e-019
28.616  3.33797e-019
29.638  3.33345e-019
30.66  3.32896e-019
31.682  3.32451e-019
32.704  3.32009e-019
33.726  3.31571e-019
34.748  3.31136e-019
35.77  3.30704e-019
36.792  3.30275e-019
37.814  3.29848e-019
38.836  3.29425e-019
39.858  3.29004e-019
40.88  3.28585e-019
41.902  3.28169e-019
42.924  3.27754e-019
43.946  3.27342e-019
44.968  3.26931e-019
45.99  3.26521e-019
47.012  3.26114e-019
48.034  3.25707e-019
49.056  3.25301e-019
50.078  3.24896e-019
51.1  3.24492e-019
52.122  3.24089e-019
53.144  3.23685e-019
54.166  3.23282e-019
55.188  3.2288e-019
56.21  3.22477e-019
57.232  3.22073e-019
58.254  3.2167e-019
59.276  3.21265e-019
60.298  3.2086e-019
61.32  3.20455e-019
62.342  3.20048e-019
63.364  3.1964e-019
64.386  3.1923e-019
65.408  3.1882e-019
66.43  3.18407e-019
67.452  3.17993e-019
68.474  3.17577e-019
69.496  3.17159e-019
70.518  3.16739e-019
71.54  3.16316e-019
72.562  3.15891e-019
73.584  3.15464e-019
74.606  3.15033e-019
75.628  3.146e-019
76.65  3.14164e-019
77.672  3.13725e-019
78.694  3.13283e-019
79.716  3.12838e-019
80.738  3.12389e-019
81.76  3.11936e-019
82.782  3.1148e-019
83.804  3.1102e-019
84.826  3.10557e-019
85.848  3.10089e-019
86.87  3.09617e-019
87.892  3.09141e-019
88.914  3.08661e-019
89.936  3.08176e-019
90.958  3.07687e-019
91.98  3.07193e-019
93.002  3.06695e-019
94.024  3.06191e-019
95.046  3.05683e-019
96.068  3.0517e-019
97.09  3.04651e-019
98.112  3.04128e-019
99.134  3.03599e-019
100.156  3.03065e-019
101.178  3.02525e-019
102.2  3.0198e-019
103.222  3.0143e-019
104.244  3.00873e-019
105.266  3.00311e-019
106.288  2.99743e-019
107.31  2.99169e-019
108.332  2.98588e-019
109.354  2.98002e-019
110.376  2.9741e-019
111.398  2.96811e-019
112.42  2.96206e-019
113.442  2.95594e-019
114.464  2.94976e-019
115.486  2.94352e-019
116.508  2.9372e-019
117.53  2.93082e-019
118.552  2.92438e-019
119.574  2.91786e-019
120.596  2.91127e-019
121.618  2.90462e-019
122.64  2.89789e-019
123.662  2.89109e-019
124.684  2.88422e-019
125.706  2.87727e-019
126.728  2.87026e-019
127.75  2.86317e-019
128.772  2.856e-019
129.794  2.84876e-019
130.816  2.84144e-019
131.838  2.83404e-019
132.86  2.82657e-019
133.882  2.81902e-019
134.904  2.81139e-019
135.926  2.80368e-019
136.948  2.79589e-019
137.97  2.78801e-019
138.992  2.78006e-019
140.014  2.77203e-019
141.036  2.76391e-019
142.058  2.75571e-019
143.08  2.74742e-019
144.102  2.73905e-019
145.124  2.7306e-019
146.146  2.72205e-019
147.168  2.71342e-019
148.19  2.70471e-019
149.212  2.6959e-019
150.234  2.68701e-019
151.256  2.67803e-019
152.278  2.66896e-019
153.3  2.65979e-019
154.322  2.65054e-019
155.344  2.64119e-019
156.366  2.63175e-019
157.388  2.62222e-019
158.41  2.61259e-019
159.432  2.60287e-019
160.454  2.59305e-019
161.476  2.58314e-019
162.498  2.57312e-019
163.52  2.56302e-019
164.542  2.55281e-019
165.564  2.5425e-019
166.586  2.53209e-019
167.608  2.52159e-019
168.63  2.51098e-019
169.652  2.50027e-019
170.674  2.48945e-019
171.696  2.47853e-019
172.718  2.46751e-019
173.74  2.45638e-019
174.762  2.44515e-019
175.784  2.43381e-019
176.806  2.42236e-019
177.828  2.4108e-019
178.85  2.39914e-019
179.872  2.38736e-019
180.894  2.37548e-019
181.916  2.36348e-019
182.938  2.35137e-019
183.96  2.33914e-019
184.982  2.3268e-019
186.004  2.31435e-019
187.026  2.30178e-019
188.048  2.2891e-019
189.07  2.27629e-019
190.092  2.26337e-019
191.114  2.25033e-019
192.136  2.23717e-019
193.158  2.22389e-019
194.18  2.21048e-019
195.202  2.19696e-019
196.224  2.18331e-019
197.246  2.16954e-019
198.268  2.15564e-019
199.29  2.14162e-019
200.312  2.12747e-019
201.334  2.11319e-019
202.356  2.09878e-019
203.378  2.08425e-019
204.4  2.06959e-019
205.422  2.05479e-019
206.444  2.03987e-019
207.466  2.02481e-019
208.488  2.00962e-019
209.51  1.9943e-019
210.532  1.97884e-019
211.554  1.96325e-019
212.576  1.94752e-019
213.598  1.93166e-019
214.62  1.91566e-019
215.642  1.89953e-019
216.664  1.88326e-019
217.686  1.86685e-019
218.708  1.8503e-019
219.73  1.83361e-019
220.752  1.81679e-019
221.774  1.79982e-019
222.796  1.78272e-019
223.818  1.76547e-019
224.84  1.74809e-019
225.862  1.73057e-019
226.884  1.71291e-019
227.906  1.69511e-019
228.928  1.67716e-019
229.95  1.65908e-019
230.972  1.64086e-019
231.994  1.6225e-019
233.016  1.60401e-019
234.038  1.58537e-019
235.06  1.5666e-019
236.082  1.54769e-019
237.104  1.52864e-019
238.126  1.50946e-019
239.148  1.49015e-019
240.17  1.4707e-019
241.192  1.45112e-019
242.214  1.43141e-019
243.236  1.41157e-019
244.258  1.3916e-019
245.28  1.37151e-019
246.302  1.35129e-019
247.324  1.33095e-019
248.346  1.3105e-019
249.368  1.28992e-019
250.39  1.26923e-019
251.412  1.24842e-019
252.434  1.22751e-019
253.456  1.20649e-019
254.478  1.18537e-019
255.5  1.16415e-019
256.522  1.14283e-019
257.544  1.12142e-019
258.566  1.09992e-019
259.588  1.07833e-019
260.61  1.05667e-019
261.632  1.03493e-019
262.654  1.01312e-019
263.676  9.91243e-020
264.698  9.6931e-020
265.72  9.47323e-020
266.742  9.25288e-020
267.764  9.03213e-020
268.786  8.81103e-020
269.808  8.58967e-020
270.83  8.3681e-020
271.852  8.14641e-020
272.874  7.92468e-020
273.896  7.70299e-020
274.918  7.48143e-020
275.94  7.26009e-020
276.962  7.03907e-020
277.984  6.81847e-020
279.006  6.59839e-020
280.028  6.37893e-020
281.05  6.16022e-020
282.072  5.94236e-020
283.094  5.72548e-020
284.116  5.50971e-020
285.138  5.29518e-020
286.16  5.08202e-020
287.182  4.87037e-020
288.204  4.66039e-020
289.226  4.45223e-020
290.248  4.24604e-020
291.27  4.04199e-020
292.292  3.84024e-020
293.314  3.64099e-020
294.336  3.44441e-020
295.358  3.25068e-020
296.38  3.06001e-020
297.402  2.8726e-020
298.424  2.68866e-020
299.446  2.5084e-020
300.468  2.33206e-020
301.49  2.15986e-020
302.512  1.99205e-020
303.534  1.82886e-020
304.556  1.67057e-020
305.578  1.51743e-020
306.6  1.36972e-020
307.622  1.22772e-020
308.644  1.09172e-020
309.666  9.62019e-021
310.688  8.38934e-021
311.71  7.2278e-021
312.732  6.13889e-021
313.754  5.12599e-021
314.776  4.19261e-021
315.798  3.34235e-021
316.82  2.57893e-021
317.842  1.90616e-021
318.864  1.32799e-021
319.886  8.48448e-022
320.908  4.71693e-022
321.93  2.01987e-022
322.952  4.36857e-023
