1.022  2.96891e-019
2.044  2.96547e-019
3.066  2.96206e-019
4.088  2.95868e-019
5.11  2.95533e-019
6.132  2.952e-019
7.154  2.94869e-019
8.176  2.94539e-019
9.198  2.94211e-019
10.22  2.93884e-019
11.242  2.93558e-019
12.264  2.93233e-019
13.286  2.92909e-019
14.308  2.92587e-019
15.33  2.92267e-019
16.352  2.91948e-019
17.374  2.91631e-019
18.396  2.91316e-019
19.418  2.91003e-019
20.44  2.90693e-019
21.462  2.90385e-019
22.484  2.90079e-019
23.506  2.89776e-019
24.528  2.89475e-019
25.55  2.89177e-019
26.572  2.88881e-019
27.594  2.88588e-019
28.616  2.88298e-019
29.638  2.88009e-019
30.66  2.87723e-019
31.682  2.87439e-019
32.704  2.87158e-019
33.726  2.86878e-019
34.748  2.86601e-019
35.77  2.86325e-019
36.792  2.86051e-019
37.814  2.85778e-019
38.836  2.85507e-019
39.858  2.85238e-019
40.88  2.8497e-019
41.902  2.84702e-019
42.924  2.84436e-019
43.946  2.84171e-019
44.968  2.83906e-019
45.99  2.83642e-019
47.012  2.83378e-019
48.034  2.83114e-019
49.056  2.82851e-019
50.078  2.82587e-019
51.1  2.82324e-019
52.122  2.8206e-019
53.144  2.81796e-019
54.166  2.81531e-019
55.188  2.81265e-019
56.21  2.80999e-019
57.232  2.80731e-019
58.254  2.80463e-019
59.276  2.80193e-019
60.298  2.79922e-019
61.32  2.7965e-019
62.342  2.79375e-019
63.364  2.79099e-019
64.386  2.78822e-019
65.408  2.78542e-019
66.43  2.7826e-019
67.452  2.77976e-019
68.474  2.77689e-019
69.496  2.774e-019
70.518  2.77108e-019
71.54  2.76814e-019
72.562  2.76517e-019
73.584  2.76217e-019
74.606  2.75914e-019
75.628  2.75607e-019
76.65  2.75298e-019
77.672  2.74985e-019
78.694  2.74668e-019
79.716  2.74348e-019
80.738  2.74025e-019
81.76  2.73697e-019
82.782  2.73366e-019
83.804  2.73031e-019
84.826  2.72692e-019
85.848  2.72348e-019
86.87  2.72e-019
87.892  2.71648e-019
88.914  2.71292e-019
89.936  2.70931e-019
90.958  2.70565e-019
91.98  2.70195e-019
93.002  2.6982e-019
94.024  2.6944e-019
95.046  2.69055e-019
96.068  2.68665e-019
97.09  2.6827e-019
98.112  2.67869e-019
99.134  2.67464e-019
100.156  2.67053e-019
101.178  2.66637e-019
102.2  2.66215e-019
103.222  2.65787e-019
104.244  2.65354e-019
105.266  2.64915e-019
106.288  2.64471e-019
107.31  2.6402e-019
108.332  2.63564e-019
109.354  2.63102e-019
110.376  2.62633e-019
111.398  2.62158e-019
112.42  2.61678e-019
113.442  2.6119e-019
114.464  2.60697e-019
115.486  2.60197e-019
116.508  2.59691e-019
117.53  2.59178e-019
118.552  2.58658e-019
119.574  2.58132e-019
120.596  2.57599e-019
121.618  2.57059e-019
122.64  2.56513e-019
123.662  2.55959e-019
124.684  2.55399e-019
125.706  2.54831e-019
126.728  2.54256e-019
127.75  2.53675e-019
128.772  2.53086e-019
129.794  2.52489e-019
130.816  2.51886e-019
131.838  2.51275e-019
132.86  2.50656e-019
133.882  2.5003e-019
134.904  2.49397e-019
135.926  2.48755e-019
136.948  2.48107e-019
137.97  2.4745e-019
138.992  2.46786e-019
140.014  2.46113e-019
141.036  2.45433e-019
142.058  2.44745e-019
143.08  2.44049e-019
144.102  2.43344e-019
145.124  2.42632e-019
146.146  2.41911e-019
147.168  2.41182e-019
148.19  2.40445e-019
149.212  2.39699e-019
150.234  2.38945e-019
151.256  2.38183e-019
152.278  2.37411e-019
153.3  2.36632e-019
154.322  2.35843e-019
155.344  2.35046e-019
156.366  2.3424e-019
157.388  2.33425e-019
158.41  2.32601e-019
159.432  2.31768e-019
160.454  2.30926e-019
161.476  2.30075e-019
162.498  2.29215e-019
163.52  2.28345e-019
164.542  2.27466e-019
165.564  2.26578e-019
166.586  2.2568e-019
167.608  2.24773e-019
168.63  2.23856e-019
169.652  2.2293e-019
170.674  2.21994e-019
171.696  2.21048e-019
172.718  2.20092e-019
173.74  2.19126e-019
174.762  2.18151e-019
175.784  2.17165e-019
176.806  2.16169e-019
177.828  2.15163e-019
178.85  2.14146e-019
179.872  2.1312e-019
180.894  2.12083e-019
181.916  2.11035e-019
182.938  2.09977e-019
183.96  2.08908e-019
184.982  2.07828e-019
186.004  2.06738e-019
187.026  2.05636e-019
188.048  2.04524e-019
189.07  2.03401e-019
190.092  2.02267e-019
191.114  2.01121e-019
192.136  1.99965e-019
193.158  1.98797e-019
194.18  1.97617e-019
195.202  1.96426e-019
196.224  1.95224e-019
197.246  1.9401e-019
198.268  1.92785e-019
199.29  1.91547e-019
200.312  1.90298e-019
201.334  1.89037e-019
202.356  1.87764e-019
203.378  1.86479e-019
204.4  1.85182e-019
205.422  1.83873e-019
206.444  1.82551e-019
207.466  1.81218e-019
208.488  1.79872e-019
209.51  1.78513e-019
210.532  1.77142e-019
211.554  1.75759e-019
212.576  1.74363e-019
213.598  1.72955e-019
214.62  1.71534e-019
215.642  1.701e-019
216.664  1.68653e-019
217.686  1.67194e-019
218.708  1.65722e-019
219.73  1.64237e-019
220.752  1.62739e-019
221.774  1.61229e-019
222.796  1.59705e-019
223.818  1.58169e-019
224.84  1.56619e-019
225.862  1.55057e-019
226.884  1.53482e-019
227.906  1.51894e-019
228.928  1.50293e-019
229.95  1.48679e-019
230.972  1.47053e-019
231.994  1.45413e-019
233.016  1.43761e-019
234.038  1.42096e-019
235.06  1.40419e-019
236.082  1.38728e-019
237.104  1.37026e-019
238.126  1.35311e-019
239.148  1.33583e-019
240.17  1.31844e-019
241.192  1.30092e-019
242.214  1.28328e-019
243.236  1.26553e-019
244.258  1.24765e-019
245.28  1.22966e-019
246.302  1.21156e-019
247.324  1.19335e-019
248.346  1.17503e-019
249.368  1.15659e-019
250.39  1.13806e-019
251.412  1.11942e-019
252.434  1.10068e-019
253.456  1.08184e-019
254.478  1.06291e-019
255.5  1.04388e-019
256.522  1.02477e-019
257.544  1.00558e-019
258.566  9.86299e-020
259.588  9.66944e-020
260.61  9.47517e-020
261.632  9.28021e-020
262.654  9.08462e-020
263.676  8.88842e-020
264.698  8.69169e-020
265.72  8.49447e-020
266.742  8.29682e-020
267.764  8.09879e-020
268.786  7.90045e-020
269.808  7.70186e-020
270.83  7.50308e-020
271.852  7.30419e-020
272.874  7.10526e-020
273.896  6.90637e-020
274.918  6.70759e-020
275.94  6.50901e-020
276.962  6.31071e-020
277.984  6.11279e-020
279.006  5.91534e-020
280.028  5.71845e-020
281.05  5.52223e-020
282.072  5.32678e-020
283.094  5.13221e-020
284.116  4.93864e-020
285.138  4.74619e-020
286.16  4.55498e-020
287.182  4.36513e-020
288.204  4.17678e-020
289.226  3.99007e-020
290.248  3.80513e-020
291.27  3.62213e-020
292.292  3.4412e-020
293.314  3.26252e-020
294.336  3.08623e-020
295.358  2.91252e-020
296.38  2.74157e-020
297.402  2.57354e-020
298.424  2.40863e-020
299.446  2.24704e-020
300.468  2.08897e-020
301.49  1.93462e-020
302.512  1.78421e-020
303.534  1.63797e-020
304.556  1.49612e-020
305.578  1.3589e-020
306.6  1.22655e-020
307.622  1.09933e-020
308.644  9.77493e-021
309.666  8.61315e-021
310.688  7.51069e-021
311.71  6.47042e-021
312.732  5.49527e-021
313.754  4.58829e-021
314.776  3.75258e-021
315.798  2.99137e-021
316.82  2.30796e-021
317.842  1.70577e-021
318.864  1.1883e-021
319.886  7.5915e-022
320.908  4.22019e-022
321.93  1.80703e-022
322.952  3.90797e-023
