1.022  2.63131e-021
2.044  2.68828e-021
3.066  2.74635e-021
4.088  2.80551e-021
5.11  2.86572e-021
6.132  2.92697e-021
7.154  2.98925e-021
8.176  3.05251e-021
9.198  3.11676e-021
10.22  3.18196e-021
11.242  3.24809e-021
12.264  3.31515e-021
13.286  3.38311e-021
14.308  3.45195e-021
15.33  3.52166e-021
16.352  3.59222e-021
17.374  3.66363e-021
18.396  3.73585e-021
19.418  3.80888e-021
20.44  3.8827e-021
21.462  3.9573e-021
22.484  4.03266e-021
23.506  4.10876e-021
24.528  4.1856e-021
25.55  4.26314e-021
26.572  4.34139e-021
27.594  4.42031e-021
28.616  4.4999e-021
29.638  4.58015e-021
30.66  4.66102e-021
31.682  4.74252e-021
32.704  4.82462e-021
33.726  4.9073e-021
34.748  4.99055e-021
35.77  5.07436e-021
36.792  5.15871e-021
37.814  5.24358e-021
38.836  5.32895e-021
39.858  5.41481e-021
40.88  5.50115e-021
41.902  5.58794e-021
42.924  5.67518e-021
43.946  5.76284e-021
44.968  5.85091e-021
45.99  5.93937e-021
47.012  6.02821e-021
48.034  6.11741e-021
49.056  6.20695e-021
50.078  6.29683e-021
51.1  6.38701e-021
52.122  6.4775e-021
53.144  6.56827e-021
54.166  6.6593e-021
55.188  6.75059e-021
56.21  6.84211e-021
57.232  6.93385e-021
58.254  7.02579e-021
59.276  7.11793e-021
60.298  7.21024e-021
61.32  7.3027e-021
62.342  7.39532e-021
63.364  7.48806e-021
64.386  7.58091e-021
65.408  7.67386e-021
66.43  7.7669e-021
67.452  7.86001e-021
68.474  7.95317e-021
69.496  8.04637e-021
70.518  8.1396e-021
71.54  8.23284e-021
72.562  8.32608e-021
73.584  8.4193e-021
74.606  8.51249e-021
75.628  8.60563e-021
76.65  8.69871e-021
77.672  8.79172e-021
78.694  8.88465e-021
79.716  8.97747e-021
80.738  9.07018e-021
81.76  9.16276e-021
82.782  9.2552e-021
83.804  9.34748e-021
84.826  9.4396e-021
85.848  9.53153e-021
86.87  9.62327e-021
87.892  9.7148e-021
88.914  9.8061e-021
89.936  9.89718e-021
90.958  9.988e-021
91.98  1.00786e-020
93.002  1.01689e-020
94.024  1.02589e-020
95.046  1.03486e-020
96.068  1.04379e-020
97.09  1.0527e-020
98.112  1.06157e-020
99.134  1.07041e-020
100.156  1.07921e-020
101.178  1.08798e-020
102.2  1.0967e-020
103.222  1.10539e-020
104.244  1.11403e-020
105.266  1.12263e-020
106.288  1.13119e-020
107.31  1.1397e-020
108.332  1.14816e-020
109.354  1.15658e-020
110.376  1.16495e-020
111.398  1.17327e-020
112.42  1.18153e-020
113.442  1.18975e-020
114.464  1.19791e-020
115.486  1.20601e-020
116.508  1.21406e-020
117.53  1.22205e-020
118.552  1.22998e-020
119.574  1.23785e-020
120.596  1.24566e-020
121.618  1.25341e-020
122.64  1.26109e-020
123.662  1.26871e-020
124.684  1.27626e-020
125.706  1.28374e-020
126.728  1.29115e-020
127.75  1.29849e-020
128.772  1.30576e-020
129.794  1.31295e-020
130.816  1.32007e-020
131.838  1.32712e-020
132.86  1.33408e-020
133.882  1.34097e-020
134.904  1.34778e-020
135.926  1.3545e-020
136.948  1.36114e-020
137.97  1.3677e-020
138.992  1.37417e-020
140.014  1.38056e-020
141.036  1.38685e-020
142.058  1.39305e-020
143.08  1.39916e-020
144.102  1.40518e-020
145.124  1.4111e-020
146.146  1.41693e-020
147.168  1.42266e-020
148.19  1.42828e-020
149.212  1.43381e-020
150.234  1.43923e-020
151.256  1.44455e-020
152.278  1.44976e-020
153.3  1.45487e-020
154.322  1.45986e-020
155.344  1.46474e-020
156.366  1.46951e-020
157.388  1.47416e-020
158.41  1.4787e-020
159.432  1.48312e-020
160.454  1.48742e-020
161.476  1.49159e-020
162.498  1.49564e-020
163.52  1.49957e-020
164.542  1.50337e-020
165.564  1.50704e-020
166.586  1.51057e-020
167.608  1.51398e-020
168.63  1.51724e-020
169.652  1.52037e-020
170.674  1.52336e-020
171.696  1.52621e-020
172.718  1.52891e-020
173.74  1.53147e-020
174.762  1.53388e-020
175.784  1.53614e-020
176.806  1.53825e-020
177.828  1.54021e-020
178.85  1.542e-020
179.872  1.54364e-020
180.894  1.54512e-020
181.916  1.54644e-020
182.938  1.54759e-020
183.96  1.54857e-020
184.982  1.54938e-020
186.004  1.55002e-020
187.026  1.55048e-020
188.048  1.55077e-020
189.07  1.55088e-020
190.092  1.55081e-020
191.114  1.55055e-020
192.136  1.55011e-020
193.158  1.54948e-020
194.18  1.54866e-020
195.202  1.54764e-020
196.224  1.54643e-020
197.246  1.54502e-020
198.268  1.54341e-020
199.29  1.5416e-020
200.312  1.53958e-020
201.334  1.53736e-020
202.356  1.53492e-020
203.378  1.53227e-020
204.4  1.52941e-020
205.422  1.52633e-020
206.444  1.52303e-020
207.466  1.51951e-020
208.488  1.51576e-020
209.51  1.51179e-020
210.532  1.50759e-020
211.554  1.50315e-020
212.576  1.49849e-020
213.598  1.49359e-020
214.62  1.48845e-020
215.642  1.48307e-020
216.664  1.47745e-020
217.686  1.47158e-020
218.708  1.46547e-020
219.73  1.45911e-020
220.752  1.4525e-020
221.774  1.44564e-020
222.796  1.43853e-020
223.818  1.43116e-020
224.84  1.42353e-020
225.862  1.41565e-020
226.884  1.4075e-020
227.906  1.3991e-020
228.928  1.39043e-020
229.95  1.38149e-020
230.972  1.37229e-020
231.994  1.36283e-020
233.016  1.35309e-020
234.038  1.34309e-020
235.06  1.33282e-020
236.082  1.32228e-020
237.104  1.31146e-020
238.126  1.30038e-020
239.148  1.28903e-020
240.17  1.2774e-020
241.192  1.2655e-020
242.214  1.25334e-020
243.236  1.2409e-020
244.258  1.22819e-020
245.28  1.21521e-020
246.302  1.20196e-020
247.324  1.18845e-020
248.346  1.17466e-020
249.368  1.16062e-020
250.39  1.14631e-020
251.412  1.13174e-020
252.434  1.11691e-020
253.456  1.10182e-020
254.478  1.08647e-020
255.5  1.07088e-020
256.522  1.05504e-020
257.544  1.03895e-020
258.566  1.02262e-020
259.588  1.00606e-020
260.61  9.89256e-021
261.632  9.72229e-021
262.654  9.54977e-021
263.676  9.37508e-021
264.698  9.19825e-021
265.72  9.01937e-021
266.742  8.83847e-021
267.764  8.65565e-021
268.786  8.47096e-021
269.808  8.28448e-021
270.83  8.09629e-021
271.852  7.90648e-021
272.874  7.71513e-021
273.896  7.52234e-021
274.918  7.3282e-021
275.94  7.13283e-021
276.962  6.93632e-021
277.984  6.73879e-021
279.006  6.54036e-021
280.028  6.34115e-021
281.05  6.1413e-021
282.072  5.94094e-021
283.094  5.74021e-021
284.116  5.53926e-021
285.138  5.33824e-021
286.16  5.13732e-021
287.182  4.93667e-021
288.204  4.73645e-021
289.226  4.53685e-021
290.248  4.33807e-021
291.27  4.14029e-021
292.292  3.94372e-021
293.314  3.74858e-021
294.336  3.55509e-021
295.358  3.36347e-021
296.38  3.17396e-021
297.402  2.98681e-021
298.424  2.80227e-021
299.446  2.62061e-021
300.468  2.44211e-021
301.49  2.26705e-021
302.512  2.09571e-021
303.534  1.92841e-021
304.556  1.76547e-021
305.578  1.6072e-021
306.6  1.45394e-021
307.622  1.30604e-021
308.644  1.16386e-021
309.666  1.02777e-021
310.688  8.9816e-022
311.71  7.75415e-022
312.732  6.59947e-022
313.754  5.52177e-022
314.776  4.52539e-022
315.798  3.6148e-022
316.82  2.79462e-022
317.842  2.06959e-022
318.864  1.44461e-022
319.886  9.24703e-023
320.908  5.15049e-023
321.93  2.20961e-023
322.952  4.78766e-024
