1.022  8.06541e-021
2.044  8.24824e-021
3.066  8.43074e-021
4.088  8.6129e-021
5.11  8.79472e-021
6.132  8.97616e-021
7.154  9.15722e-021
8.176  9.33789e-021
9.198  9.51814e-021
10.22  9.69796e-021
11.242  9.87736e-021
12.264  1.00563e-020
13.286  1.02349e-020
14.308  1.0413e-020
15.33  1.05906e-020
16.352  1.07678e-020
17.374  1.09446e-020
18.396  1.1121e-020
19.418  1.12969e-020
20.44  1.14724e-020
21.462  1.16474e-020
22.484  1.1822e-020
23.506  1.19962e-020
24.528  1.217e-020
25.55  1.23433e-020
26.572  1.25162e-020
27.594  1.26886e-020
28.616  1.28606e-020
29.638  1.30322e-020
30.66  1.32033e-020
31.682  1.33739e-020
32.704  1.35441e-020
33.726  1.37138e-020
34.748  1.3883e-020
35.77  1.40517e-020
36.792  1.422e-020
37.814  1.43877e-020
38.836  1.4555e-020
39.858  1.47217e-020
40.88  1.48879e-020
41.902  1.50536e-020
42.924  1.52187e-020
43.946  1.53833e-020
44.968  1.55473e-020
45.99  1.57107e-020
47.012  1.58736e-020
48.034  1.60359e-020
49.056  1.61975e-020
50.078  1.63586e-020
51.1  1.6519e-020
52.122  1.66788e-020
53.144  1.6838e-020
54.166  1.69965e-020
55.188  1.71544e-020
56.21  1.73116e-020
57.232  1.7468e-020
58.254  1.76238e-020
59.276  1.77789e-020
60.298  1.79333e-020
61.32  1.80869e-020
62.342  1.82398e-020
63.364  1.83919e-020
64.386  1.85433e-020
65.408  1.86939e-020
66.43  1.88437e-020
67.452  1.89927e-020
68.474  1.91409e-020
69.496  1.92883e-020
70.518  1.94348e-020
71.54  1.95805e-020
72.562  1.97254e-020
73.584  1.98693e-020
74.606  2.00124e-020
75.628  2.01546e-020
76.65  2.02959e-020
77.672  2.04363e-020
78.694  2.05758e-020
79.716  2.07143e-020
80.738  2.08519e-020
81.76  2.09885e-020
82.782  2.11241e-020
83.804  2.12588e-020
84.826  2.13925e-020
85.848  2.15251e-020
86.87  2.16568e-020
87.892  2.17874e-020
88.914  2.1917e-020
89.936  2.20455e-020
90.958  2.2173e-020
91.98  2.22994e-020
93.002  2.24247e-020
94.024  2.2549e-020
95.046  2.26721e-020
96.068  2.27941e-020
97.09  2.2915e-020
98.112  2.30348e-020
99.134  2.31534e-020
100.156  2.32708e-020
101.178  2.33871e-020
102.2  2.35022e-020
103.222  2.36161e-020
104.244  2.37288e-020
105.266  2.38402e-020
106.288  2.39505e-020
107.31  2.40595e-020
108.332  2.41672e-020
109.354  2.42737e-020
110.376  2.4379e-020
111.398  2.44829e-020
112.42  2.45856e-020
113.442  2.46869e-020
114.464  2.47869e-020
115.486  2.48856e-020
116.508  2.4983e-020
117.53  2.5079e-020
118.552  2.51736e-020
119.574  2.52668e-020
120.596  2.53587e-020
121.618  2.54492e-020
122.64  2.55382e-020
123.662  2.56258e-020
124.684  2.5712e-020
125.706  2.57967e-020
126.728  2.588e-020
127.75  2.59618e-020
128.772  2.6042e-020
129.794  2.61208e-020
130.816  2.61981e-020
131.838  2.62738e-020
132.86  2.6348e-020
133.882  2.64207e-020
134.904  2.64917e-020
135.926  2.65612e-020
136.948  2.6629e-020
137.97  2.66953e-020
138.992  2.67599e-020
140.014  2.68229e-020
141.036  2.68842e-020
142.058  2.69438e-020
143.08  2.70017e-020
144.102  2.7058e-020
145.124  2.71124e-020
146.146  2.71652e-020
147.168  2.72162e-020
148.19  2.72654e-020
149.212  2.73128e-020
150.234  2.73584e-020
151.256  2.74022e-020
152.278  2.74441e-020
153.3  2.74842e-020
154.322  2.75223e-020
155.344  2.75586e-020
156.366  2.75929e-020
157.388  2.76253e-020
158.41  2.76557e-020
159.432  2.76842e-020
160.454  2.77106e-020
161.476  2.7735e-020
162.498  2.77574e-020
163.52  2.77777e-020
164.542  2.77959e-020
165.564  2.78119e-020
166.586  2.78259e-020
167.608  2.78377e-020
168.63  2.78473e-020
169.652  2.78546e-020
170.674  2.78598e-020
171.696  2.78627e-020
172.718  2.78633e-020
173.74  2.78616e-020
174.762  2.78576e-020
175.784  2.78512e-020
176.806  2.78424e-020
177.828  2.78313e-020
178.85  2.78176e-020
179.872  2.78015e-020
180.894  2.7783e-020
181.916  2.77619e-020
182.938  2.77382e-020
183.96  2.7712e-020
184.982  2.76832e-020
186.004  2.76517e-020
187.026  2.76176e-020
188.048  2.75808e-020
189.07  2.75412e-020
190.092  2.74989e-020
191.114  2.74538e-020
192.136  2.74059e-020
193.158  2.73552e-020
194.18  2.73016e-020
195.202  2.72451e-020
196.224  2.71856e-020
197.246  2.71232e-020
198.268  2.70578e-020
199.29  2.69893e-020
200.312  2.69178e-020
201.334  2.68432e-020
202.356  2.67654e-020
203.378  2.66845e-020
204.4  2.66004e-020
205.422  2.65131e-020
206.444  2.64226e-020
207.466  2.63287e-020
208.488  2.62315e-020
209.51  2.6131e-020
210.532  2.60272e-020
211.554  2.59199e-020
212.576  2.58091e-020
213.598  2.56949e-020
214.62  2.55773e-020
215.642  2.5456e-020
216.664  2.53313e-020
217.686  2.52029e-020
218.708  2.5071e-020
219.73  2.49354e-020
220.752  2.47961e-020
221.774  2.46532e-020
222.796  2.45065e-020
223.818  2.43561e-020
224.84  2.4202e-020
225.862  2.4044e-020
226.884  2.38823e-020
227.906  2.37167e-020
228.928  2.35473e-020
229.95  2.33741e-020
230.972  2.3197e-020
231.994  2.30159e-020
233.016  2.2831e-020
234.038  2.26422e-020
235.06  2.24494e-020
236.082  2.22527e-020
237.104  2.20521e-020
238.126  2.18475e-020
239.148  2.1639e-020
240.17  2.14265e-020
241.192  2.12101e-020
242.214  2.09897e-020
243.236  2.07654e-020
244.258  2.05372e-020
245.28  2.0305e-020
246.302  2.0069e-020
247.324  1.9829e-020
248.346  1.95852e-020
249.368  1.93376e-020
250.39  1.90861e-020
251.412  1.88308e-020
252.434  1.85718e-020
253.456  1.83091e-020
254.478  1.80427e-020
255.5  1.77727e-020
256.522  1.7499e-020
257.544  1.72219e-020
258.566  1.69412e-020
259.588  1.66572e-020
260.61  1.63698e-020
261.632  1.60791e-020
262.654  1.57853e-020
263.676  1.54883e-020
264.698  1.51883e-020
265.72  1.48853e-020
266.742  1.45795e-020
267.764  1.4271e-020
268.786  1.39598e-020
269.808  1.36462e-020
270.83  1.33302e-020
271.852  1.30119e-020
272.874  1.26915e-020
273.896  1.23691e-020
274.918  1.20449e-020
275.94  1.17191e-020
276.962  1.13918e-020
277.984  1.10631e-020
279.006  1.07334e-020
280.028  1.04027e-020
281.05  1.00713e-020
282.072  9.73939e-021
283.094  9.4072e-021
284.116  9.07495e-021
285.138  8.74289e-021
286.16  8.41128e-021
287.182  8.08037e-021
288.204  7.75045e-021
289.226  7.4218e-021
290.248  7.09472e-021
291.27  6.76952e-021
292.292  6.44652e-021
293.314  6.12607e-021
294.336  5.80851e-021
295.358  5.49421e-021
296.38  5.18354e-021
297.402  4.8769e-021
298.424  4.57469e-021
299.446  4.27733e-021
300.468  3.98526e-021
301.49  3.69894e-021
302.512  3.41883e-021
303.534  3.14542e-021
304.556  2.87921e-021
305.578  2.62073e-021
306.6  2.37051e-021
307.622  2.12911e-021
308.644  1.89711e-021
309.666  1.6751e-021
310.688  1.4637e-021
311.71  1.26355e-021
312.732  1.0753e-021
313.754  8.99628e-022
314.776  7.3724e-022
315.798  5.88855e-022
316.82  4.55219e-022
317.842  3.37101e-022
318.864  2.35291e-022
319.886  1.50605e-022
320.908  8.38827e-023
321.93  3.59855e-023
322.952  7.79699e-024
