1.022  2.3404e-020
2.044  2.36523e-020
3.066  2.38994e-020
4.088  2.41453e-020
5.11  2.439e-020
6.132  2.46335e-020
7.154  2.48757e-020
8.176  2.51166e-020
9.198  2.53562e-020
10.22  2.55945e-020
11.242  2.58315e-020
12.264  2.60672e-020
13.286  2.63017e-020
14.308  2.65348e-020
15.33  2.67667e-020
16.352  2.69974e-020
17.374  2.72268e-020
18.396  2.74551e-020
19.418  2.76821e-020
20.44  2.7908e-020
21.462  2.81328e-020
22.484  2.83564e-020
23.506  2.8579e-020
24.528  2.88004e-020
25.55  2.90207e-020
26.572  2.92399e-020
27.594  2.9458e-020
28.616  2.9675e-020
29.638  2.9891e-020
30.66  3.01059e-020
31.682  3.03197e-020
32.704  3.05324e-020
33.726  3.0744e-020
34.748  3.09545e-020
35.77  3.1164e-020
36.792  3.13723e-020
37.814  3.15796e-020
38.836  3.17857e-020
39.858  3.19908e-020
40.88  3.21947e-020
41.902  3.23975e-020
42.924  3.25991e-020
43.946  3.27996e-020
44.968  3.29989e-020
45.99  3.31971e-020
47.012  3.3394e-020
48.034  3.35898e-020
49.056  3.37844e-020
50.078  3.39778e-020
51.1  3.41699e-020
52.122  3.43609e-020
53.144  3.45505e-020
54.166  3.47389e-020
55.188  3.49261e-020
56.21  3.51119e-020
57.232  3.52965e-020
58.254  3.54797e-020
59.276  3.56617e-020
60.298  3.58422e-020
61.32  3.60215e-020
62.342  3.61994e-020
63.364  3.63759e-020
64.386  3.6551e-020
65.408  3.67247e-020
66.43  3.6897e-020
67.452  3.70679e-020
68.474  3.72373e-020
69.496  3.74053e-020
70.518  3.75718e-020
71.54  3.77369e-020
72.562  3.79004e-020
73.584  3.80624e-020
74.606  3.8223e-020
75.628  3.8382e-020
76.65  3.85394e-020
77.672  3.86953e-020
78.694  3.88496e-020
79.716  3.90024e-020
80.738  3.91535e-020
81.76  3.9303e-020
82.782  3.94509e-020
83.804  3.95972e-020
84.826  3.97418e-020
85.848  3.98848e-020
86.87  4.00261e-020
87.892  4.01657e-020
88.914  4.03036e-020
89.936  4.04398e-020
90.958  4.05743e-020
91.98  4.0707e-020
93.002  4.0838e-020
94.024  4.09672e-020
95.046  4.10947e-020
96.068  4.12203e-020
97.09  4.13442e-020
98.112  4.14662e-020
99.134  4.15865e-020
100.156  4.17049e-020
101.178  4.18214e-020
102.2  4.19361e-020
103.222  4.20489e-020
104.244  4.21598e-020
105.266  4.22688e-020
106.288  4.23759e-020
107.31  4.24811e-020
108.332  4.25844e-020
109.354  4.26857e-020
110.376  4.2785e-020
111.398  4.28824e-020
112.42  4.29778e-020
113.442  4.30711e-020
114.464  4.31625e-020
115.486  4.32518e-020
116.508  4.33391e-020
117.53  4.34244e-020
118.552  4.35076e-020
119.574  4.35887e-020
120.596  4.36677e-020
121.618  4.37446e-020
122.64  4.38194e-020
123.662  4.3892e-020
124.684  4.39625e-020
125.706  4.40309e-020
126.728  4.4097e-020
127.75  4.4161e-020
128.772  4.42228e-020
129.794  4.42823e-020
130.816  4.43396e-020
131.838  4.43947e-020
132.86  4.44475e-020
133.882  4.4498e-020
134.904  4.45462e-020
135.926  4.45921e-020
136.948  4.46356e-020
137.97  4.46768e-020
138.992  4.47157e-020
140.014  4.47522e-020
141.036  4.47862e-020
142.058  4.48179e-020
143.08  4.48471e-020
144.102  4.48738e-020
145.124  4.48981e-020
146.146  4.49199e-020
147.168  4.49392e-020
148.19  4.49559e-020
149.212  4.49701e-020
150.234  4.49817e-020
151.256  4.49907e-020
152.278  4.49971e-020
153.3  4.50009e-020
154.322  4.5002e-020
155.344  4.50004e-020
156.366  4.49961e-020
157.388  4.49891e-020
158.41  4.49793e-020
159.432  4.49667e-020
160.454  4.49514e-020
161.476  4.49332e-020
162.498  4.49121e-020
163.52  4.48882e-020
164.542  4.48613e-020
165.564  4.48315e-020
166.586  4.47988e-020
167.608  4.47631e-020
168.63  4.47243e-020
169.652  4.46825e-020
170.674  4.46376e-020
171.696  4.45896e-020
172.718  4.45385e-020
173.74  4.44842e-020
174.762  4.44266e-020
175.784  4.43659e-020
176.806  4.43019e-020
177.828  4.42345e-020
178.85  4.41639e-020
179.872  4.40899e-020
180.894  4.40124e-020
181.916  4.39315e-020
182.938  4.38472e-020
183.96  4.37593e-020
184.982  4.36679e-020
186.004  4.35729e-020
187.026  4.34743e-020
188.048  4.3372e-020
189.07  4.3266e-020
190.092  4.31563e-020
191.114  4.30428e-020
192.136  4.29255e-020
193.158  4.28044e-020
194.18  4.26793e-020
195.202  4.25503e-020
196.224  4.24174e-020
197.246  4.22804e-020
198.268  4.21394e-020
199.29  4.19943e-020
200.312  4.1845e-020
201.334  4.16915e-020
202.356  4.15339e-020
203.378  4.13719e-020
204.4  4.12057e-020
205.422  4.10351e-020
206.444  4.08602e-020
207.466  4.06808e-020
208.488  4.04969e-020
209.51  4.03085e-020
210.532  4.01156e-020
211.554  3.99181e-020
212.576  3.97159e-020
213.598  3.95091e-020
214.62  3.92976e-020
215.642  3.90813e-020
216.664  3.88602e-020
217.686  3.86343e-020
218.708  3.84035e-020
219.73  3.81679e-020
220.752  3.79273e-020
221.774  3.76817e-020
222.796  3.74311e-020
223.818  3.71755e-020
224.84  3.69149e-020
225.862  3.66491e-020
226.884  3.63782e-020
227.906  3.61022e-020
228.928  3.5821e-020
229.95  3.55346e-020
230.972  3.52429e-020
231.994  3.49461e-020
233.016  3.46439e-020
234.038  3.43365e-020
235.06  3.40238e-020
236.082  3.37058e-020
237.104  3.33825e-020
238.126  3.30538e-020
239.148  3.27199e-020
240.17  3.23806e-020
241.192  3.2036e-020
242.214  3.16861e-020
243.236  3.13308e-020
244.258  3.09703e-020
245.28  3.06045e-020
246.302  3.02335e-020
247.324  2.98572e-020
248.346  2.94757e-020
249.368  2.9089e-020
250.39  2.86972e-020
251.412  2.83003e-020
252.434  2.78983e-020
253.456  2.74914e-020
254.478  2.70795e-020
255.5  2.66627e-020
256.522  2.62411e-020
257.544  2.58148e-020
258.566  2.53838e-020
259.588  2.49483e-020
260.61  2.45082e-020
261.632  2.40638e-020
262.654  2.36152e-020
263.676  2.31623e-020
264.698  2.27055e-020
265.72  2.22448e-020
266.742  2.17803e-020
267.764  2.13122e-020
268.786  2.08406e-020
269.808  2.03658e-020
270.83  1.98879e-020
271.852  1.9407e-020
272.874  1.89235e-020
273.896  1.84374e-020
274.918  1.7949e-020
275.94  1.74586e-020
276.962  1.69664e-020
277.984  1.64726e-020
279.006  1.59775e-020
280.028  1.54814e-020
281.05  1.49845e-020
282.072  1.44872e-020
283.094  1.39899e-020
284.116  1.34928e-020
285.138  1.29962e-020
286.16  1.25007e-020
287.182  1.20064e-020
288.204  1.15139e-020
289.226  1.10236e-020
290.248  1.05358e-020
291.27  1.00511e-020
292.292  9.5699e-021
293.314  9.09268e-021
294.336  8.61997e-021
295.358  8.15228e-021
296.38  7.69018e-021
297.402  7.23423e-021
298.424  6.78501e-021
299.446  6.34316e-021
300.468  5.9093e-021
301.49  5.48409e-021
302.512  5.06823e-021
303.534  4.66241e-021
304.556  4.26739e-021
305.578  3.88391e-021
306.6  3.51276e-021
307.622  3.15478e-021
308.644  2.81079e-021
309.666  2.48167e-021
310.688  2.16833e-021
311.71  1.8717e-021
312.732  1.59275e-021
313.754  1.33248e-021
314.776  1.0919e-021
315.798  8.72096e-022
316.82  6.74155e-022
317.842  4.9921e-022
318.864  3.48431e-022
319.886  2.23018e-022
320.908  1.24212e-022
321.93  5.32858e-023
322.952  1.15453e-023
