1.022  7.8167e-020
2.044  7.83766e-020
3.066  7.8585e-020
4.088  7.87921e-020
5.11  7.89978e-020
6.132  7.92022e-020
7.154  7.9405e-020
8.176  7.96063e-020
9.198  7.98059e-020
10.22  8.00039e-020
11.242  8.02002e-020
12.264  8.03949e-020
13.286  8.05881e-020
14.308  8.07797e-020
15.33  8.09698e-020
16.352  8.11585e-020
17.374  8.13459e-020
18.396  8.1532e-020
19.418  8.17168e-020
20.44  8.19004e-020
21.462  8.20829e-020
22.484  8.22642e-020
23.506  8.24444e-020
24.528  8.26236e-020
25.55  8.28017e-020
26.572  8.29788e-020
27.594  8.31549e-020
28.616  8.33299e-020
29.638  8.35039e-020
30.66  8.36769e-020
31.682  8.38489e-020
32.704  8.40198e-020
33.726  8.41897e-020
34.748  8.43585e-020
35.77  8.45263e-020
36.792  8.4693e-020
37.814  8.48585e-020
38.836  8.50229e-020
39.858  8.51862e-020
40.88  8.53483e-020
41.902  8.55092e-020
42.924  8.56688e-020
43.946  8.58272e-020
44.968  8.59843e-020
45.99  8.61401e-020
47.012  8.62945e-020
48.034  8.64476e-020
49.056  8.65993e-020
50.078  8.67495e-020
51.1  8.68983e-020
52.122  8.70456e-020
53.144  8.71913e-020
54.166  8.73355e-020
55.188  8.74781e-020
56.21  8.76191e-020
57.232  8.77585e-020
58.254  8.78962e-020
59.276  8.80321e-020
60.298  8.81664e-020
61.32  8.82988e-020
62.342  8.84295e-020
63.364  8.85583e-020
64.386  8.86853e-020
65.408  8.88104e-020
66.43  8.89335e-020
67.452  8.90548e-020
68.474  8.9174e-020
69.496  8.92912e-020
70.518  8.94064e-020
71.54  8.95195e-020
72.562  8.96306e-020
73.584  8.97395e-020
74.606  8.98462e-020
75.628  8.99508e-020
76.65  9.00532e-020
77.672  9.01533e-020
78.694  9.02512e-020
79.716  9.03468e-020
80.738  9.04401e-020
81.76  9.05311e-020
82.782  9.06196e-020
83.804  9.07058e-020
84.826  9.07896e-020
85.848  9.08709e-020
86.87  9.09498e-020
87.892  9.10262e-020
88.914  9.11e-020
89.936  9.11713e-020
90.958  9.12401e-020
91.98  9.13063e-020
93.002  9.13698e-020
94.024  9.14307e-020
95.046  9.1489e-020
96.068  9.15445e-020
97.09  9.15974e-020
98.112  9.16475e-020
99.134  9.16949e-020
100.156  9.17395e-020
101.178  9.17813e-020
102.2  9.18203e-020
103.222  9.18564e-020
104.244  9.18897e-020
105.266  9.19201e-020
106.288  9.19476e-020
107.31  9.19721e-020
108.332  9.19937e-020
109.354  9.20124e-020
110.376  9.2028e-020
111.398  9.20406e-020
112.42  9.20502e-020
113.442  9.20567e-020
114.464  9.20602e-020
115.486  9.20605e-020
116.508  9.20577e-020
117.53  9.20518e-020
118.552  9.20427e-020
119.574  9.20304e-020
120.596  9.2015e-020
121.618  9.19962e-020
122.64  9.19743e-020
123.662  9.1949e-020
124.684  9.19205e-020
125.706  9.18886e-020
126.728  9.18534e-020
127.75  9.18148e-020
128.772  9.17729e-020
129.794  9.17275e-020
130.816  9.16787e-020
131.838  9.16265e-020
132.86  9.15708e-020
133.882  9.15115e-020
134.904  9.14488e-020
135.926  9.13824e-020
136.948  9.13126e-020
137.97  9.12391e-020
138.992  9.11619e-020
140.014  9.10812e-020
141.036  9.09967e-020
142.058  9.09086e-020
143.08  9.08167e-020
144.102  9.0721e-020
145.124  9.06216e-020
146.146  9.05183e-020
147.168  9.04112e-020
148.19  9.03002e-020
149.212  9.01854e-020
150.234  9.00665e-020
151.256  8.99437e-020
152.278  8.9817e-020
153.3  8.96861e-020
154.322  8.95512e-020
155.344  8.94123e-020
156.366  8.92692e-020
157.388  8.91219e-020
158.41  8.89704e-020
159.432  8.88147e-020
160.454  8.86547e-020
161.476  8.84904e-020
162.498  8.83217e-020
163.52  8.81487e-020
164.542  8.79712e-020
165.564  8.77892e-020
166.586  8.76028e-020
167.608  8.74118e-020
168.63  8.72162e-020
169.652  8.70159e-020
170.674  8.6811e-020
171.696  8.66013e-020
172.718  8.63869e-020
173.74  8.61676e-020
174.762  8.59435e-020
175.784  8.57144e-020
176.806  8.54804e-020
177.828  8.52413e-020
178.85  8.49972e-020
179.872  8.4748e-020
180.894  8.44936e-020
181.916  8.4234e-020
182.938  8.39691e-020
183.96  8.36988e-020
184.982  8.34232e-020
186.004  8.31421e-020
187.026  8.28555e-020
188.048  8.25633e-020
189.07  8.22655e-020
190.092  8.1962e-020
191.114  8.16528e-020
192.136  8.13378e-020
193.158  8.10169e-020
194.18  8.06901e-020
195.202  8.03573e-020
196.224  8.00185e-020
197.246  7.96735e-020
198.268  7.93224e-020
199.29  7.8965e-020
200.312  7.86013e-020
201.334  7.82312e-020
202.356  7.78547e-020
203.378  7.74717e-020
204.4  7.70821e-020
205.422  7.66859e-020
206.444  7.62829e-020
207.466  7.58732e-020
208.488  7.54567e-020
209.51  7.50333e-020
210.532  7.46029e-020
211.554  7.41654e-020
212.576  7.37209e-020
213.598  7.32692e-020
214.62  7.28103e-020
215.642  7.23441e-020
216.664  7.18706e-020
217.686  7.13896e-020
218.708  7.09012e-020
219.73  7.04053e-020
220.752  6.99017e-020
221.774  6.93905e-020
222.796  6.88717e-020
223.818  6.8345e-020
224.84  6.78106e-020
225.862  6.72683e-020
226.884  6.67181e-020
227.906  6.616e-020
228.928  6.55939e-020
229.95  6.50198e-020
230.972  6.44375e-020
231.994  6.38472e-020
233.016  6.32488e-020
234.038  6.26422e-020
235.06  6.20274e-020
236.082  6.14045e-020
237.104  6.07733e-020
238.126  6.01338e-020
239.148  5.94862e-020
240.17  5.88303e-020
241.192  5.81661e-020
242.214  5.74937e-020
243.236  5.68131e-020
244.258  5.61243e-020
245.28  5.54273e-020
246.302  5.47222e-020
247.324  5.40089e-020
248.346  5.32876e-020
249.368  5.25583e-020
250.39  5.1821e-020
251.412  5.10758e-020
252.434  5.03228e-020
253.456  4.95621e-020
254.478  4.87937e-020
255.5  4.80178e-020
256.522  4.72345e-020
257.544  4.64439e-020
258.566  4.56461e-020
259.588  4.48413e-020
260.61  4.40297e-020
261.632  4.32113e-020
262.654  4.23864e-020
263.676  4.15552e-020
264.698  4.07179e-020
265.72  3.98746e-020
266.742  3.90257e-020
267.764  3.81714e-020
268.786  3.7312e-020
269.808  3.64477e-020
270.83  3.55788e-020
271.852  3.47057e-020
272.874  3.38286e-020
273.896  3.2948e-020
274.918  3.20642e-020
275.94  3.11776e-020
276.962  3.02886e-020
277.984  2.93976e-020
279.006  2.85051e-020
280.028  2.76116e-020
281.05  2.67176e-020
282.072  2.58235e-020
283.094  2.493e-020
284.116  2.40376e-020
285.138  2.3147e-020
286.16  2.22587e-020
287.182  2.13733e-020
288.204  2.04917e-020
289.226  1.96145e-020
290.248  1.87424e-020
291.27  1.78763e-020
292.292  1.70169e-020
293.314  1.61651e-020
294.336  1.53217e-020
295.358  1.44877e-020
296.38  1.36641e-020
297.402  1.28517e-020
298.424  1.20517e-020
299.446  1.12651e-020
300.468  1.0493e-020
301.49  9.73662e-021
302.512  8.99705e-021
303.534  8.27559e-021
304.556  7.57351e-021
305.578  6.89214e-021
306.6  6.23285e-021
307.622  5.59709e-021
308.644  4.98632e-021
309.666  4.40208e-021
310.688  3.84595e-021
311.71  3.31957e-021
312.732  2.82463e-021
313.754  2.3629e-021
314.776  1.93617e-021
315.798  1.54633e-021
316.82  1.1953e-021
317.842  8.85084e-022
318.864  6.17735e-022
319.886  3.95379e-022
320.908  2.20205e-022
321.93  9.44642e-023
322.952  2.04671e-023
