1.022  9.04593e-020
2.044  9.08584e-020
3.066  9.12551e-020
4.088  9.16494e-020
5.11  9.20411e-020
6.132  9.24303e-020
7.154  9.28167e-020
8.176  9.32002e-020
9.198  9.35809e-020
10.22  9.39587e-020
11.242  9.43336e-020
12.264  9.47056e-020
13.286  9.50748e-020
14.308  9.54412e-020
15.33  9.58048e-020
16.352  9.61659e-020
17.374  9.65243e-020
18.396  9.68803e-020
19.418  9.72338e-020
20.44  9.75848e-020
21.462  9.79335e-020
22.484  9.828e-020
23.506  9.86241e-020
24.528  9.89659e-020
25.55  9.93056e-020
26.572  9.9643e-020
27.594  9.99782e-020
28.616  1.00311e-019
29.638  1.00642e-019
30.66  1.00971e-019
31.682  1.01297e-019
32.704  1.01621e-019
33.726  1.01943e-019
34.748  1.02263e-019
35.77  1.0258e-019
36.792  1.02895e-019
37.814  1.03208e-019
38.836  1.03519e-019
39.858  1.03827e-019
40.88  1.04133e-019
41.902  1.04436e-019
42.924  1.04737e-019
43.946  1.05035e-019
44.968  1.05331e-019
45.99  1.05624e-019
47.012  1.05914e-019
48.034  1.06202e-019
49.056  1.06487e-019
50.078  1.0677e-019
51.1  1.0705e-019
52.122  1.07327e-019
53.144  1.07601e-019
54.166  1.07872e-019
55.188  1.0814e-019
56.21  1.08405e-019
57.232  1.08668e-019
58.254  1.08927e-019
59.276  1.09183e-019
60.298  1.09436e-019
61.32  1.09686e-019
62.342  1.09932e-019
63.364  1.10176e-019
64.386  1.10416e-019
65.408  1.10653e-019
66.43  1.10886e-019
67.452  1.11116e-019
68.474  1.11342e-019
69.496  1.11565e-019
70.518  1.11785e-019
71.54  1.12001e-019
72.562  1.12213e-019
73.584  1.12422e-019
74.606  1.12627e-019
75.628  1.12828e-019
76.65  1.13026e-019
77.672  1.1322e-019
78.694  1.1341e-019
79.716  1.13596e-019
80.738  1.13778e-019
81.76  1.13956e-019
82.782  1.14131e-019
83.804  1.14301e-019
84.826  1.14467e-019
85.848  1.14629e-019
86.87  1.14787e-019
87.892  1.14941e-019
88.914  1.15091e-019
89.936  1.15236e-019
90.958  1.15378e-019
91.98  1.15515e-019
93.002  1.15647e-019
94.024  1.15776e-019
95.046  1.159e-019
96.068  1.16019e-019
97.09  1.16134e-019
98.112  1.16245e-019
99.134  1.16351e-019
100.156  1.16452e-019
101.178  1.16549e-019
102.2  1.16642e-019
103.222  1.16729e-019
104.244  1.16813e-019
105.266  1.16891e-019
106.288  1.16965e-019
107.31  1.17033e-019
108.332  1.17098e-019
109.354  1.17157e-019
110.376  1.17211e-019
111.398  1.17261e-019
112.42  1.17305e-019
113.442  1.17345e-019
114.464  1.1738e-019
115.486  1.17409e-019
116.508  1.17434e-019
117.53  1.17454e-019
118.552  1.17468e-019
119.574  1.17478e-019
120.596  1.17482e-019
121.618  1.17481e-019
122.64  1.17475e-019
123.662  1.17463e-019
124.684  1.17447e-019
125.706  1.17425e-019
126.728  1.17397e-019
127.75  1.17365e-019
128.772  1.17327e-019
129.794  1.17283e-019
130.816  1.17234e-019
131.838  1.1718e-019
132.86  1.1712e-019
133.882  1.17054e-019
134.904  1.16983e-019
135.926  1.16906e-019
136.948  1.16824e-019
137.97  1.16735e-019
138.992  1.16641e-019
140.014  1.16542e-019
141.036  1.16436e-019
142.058  1.16325e-019
143.08  1.16208e-019
144.102  1.16085e-019
145.124  1.15956e-019
146.146  1.15821e-019
147.168  1.1568e-019
148.19  1.15533e-019
149.212  1.1538e-019
150.234  1.15221e-019
151.256  1.15056e-019
152.278  1.14885e-019
153.3  1.14707e-019
154.322  1.14523e-019
155.344  1.14333e-019
156.366  1.14136e-019
157.388  1.13933e-019
158.41  1.13723e-019
159.432  1.13507e-019
160.454  1.13285e-019
161.476  1.13056e-019
162.498  1.1282e-019
163.52  1.12578e-019
164.542  1.12329e-019
165.564  1.12073e-019
166.586  1.11811e-019
167.608  1.11542e-019
168.63  1.11266e-019
169.652  1.10982e-019
170.674  1.10692e-019
171.696  1.10395e-019
172.718  1.10091e-019
173.74  1.0978e-019
174.762  1.09461e-019
175.784  1.09136e-019
176.806  1.08803e-019
177.828  1.08463e-019
178.85  1.08115e-019
179.872  1.0776e-019
180.894  1.07398e-019
181.916  1.07028e-019
182.938  1.0665e-019
183.96  1.06265e-019
184.982  1.05872e-019
186.004  1.05471e-019
187.026  1.05063e-019
188.048  1.04647e-019
189.07  1.04223e-019
190.092  1.03791e-019
191.114  1.03351e-019
192.136  1.02902e-019
193.158  1.02446e-019
194.18  1.01982e-019
195.202  1.01509e-019
196.224  1.01028e-019
197.246  1.00539e-019
198.268  1.00041e-019
199.29  9.9535e-020
200.312  9.90204e-020
201.334  9.84973e-020
202.356  9.79656e-020
203.378  9.74252e-020
204.4  9.68761e-020
205.422  9.63183e-020
206.444  9.57516e-020
207.466  9.51762e-020
208.488  9.45918e-020
209.51  9.39985e-020
210.532  9.33962e-020
211.554  9.27848e-020
212.576  9.21644e-020
213.598  9.15349e-020
214.62  9.08963e-020
215.642  9.02484e-020
216.664  8.95913e-020
217.686  8.8925e-020
218.708  8.82494e-020
219.73  8.75644e-020
220.752  8.68701e-020
221.774  8.61665e-020
222.796  8.54534e-020
223.818  8.4731e-020
224.84  8.39991e-020
225.862  8.32578e-020
226.884  8.2507e-020
227.906  8.17468e-020
228.928  8.09771e-020
229.95  8.0198e-020
230.972  7.94094e-020
231.994  7.86114e-020
233.016  7.7804e-020
234.038  7.69871e-020
235.06  7.61609e-020
236.082  7.53254e-020
237.104  7.44805e-020
238.126  7.36264e-020
239.148  7.2763e-020
240.17  7.18905e-020
241.192  7.10089e-020
242.214  7.01182e-020
243.236  6.92186e-020
244.258  6.831e-020
245.28  6.73927e-020
246.302  6.64667e-020
247.324  6.5532e-020
248.346  6.45889e-020
249.368  6.36374e-020
250.39  6.26776e-020
251.412  6.17098e-020
252.434  6.0734e-020
253.456  5.97504e-020
254.478  5.87592e-020
255.5  5.77605e-020
256.522  5.67546e-020
257.544  5.57417e-020
258.566  5.47219e-020
259.588  5.36955e-020
260.61  5.26628e-020
261.632  5.1624e-020
262.654  5.05793e-020
263.676  4.95291e-020
264.698  4.84736e-020
265.72  4.74132e-020
266.742  4.63481e-020
267.764  4.52788e-020
268.786  4.42056e-020
269.808  4.31289e-020
270.83  4.2049e-020
271.852  4.09664e-020
272.874  3.98816e-020
273.896  3.87949e-020
274.918  3.77068e-020
275.94  3.66179e-020
276.962  3.55286e-020
277.984  3.44396e-020
279.006  3.33512e-020
280.028  3.22642e-020
281.05  3.11792e-020
282.072  3.00967e-020
283.094  2.90174e-020
284.116  2.7942e-020
285.138  2.68713e-020
286.16  2.58059e-020
287.182  2.47466e-020
288.204  2.36942e-020
289.226  2.26495e-020
290.248  2.16135e-020
291.27  2.05869e-020
292.292  1.95706e-020
293.314  1.85657e-020
294.336  1.75731e-020
295.358  1.65939e-020
296.38  1.5629e-020
297.402  1.46796e-020
298.424  1.37468e-020
299.446  1.28318e-020
300.468  1.19357e-020
301.49  1.10599e-020
302.512  1.02056e-020
303.534  9.37404e-021
304.556  8.56672e-021
305.578  7.78502e-021
306.6  7.03039e-021
307.622  6.30434e-021
308.644  5.60843e-021
309.666  4.94426e-021
310.688  4.31349e-021
311.71  3.7178e-021
312.732  3.15897e-021
313.754  2.6388e-021
314.776  2.15914e-021
315.798  1.72192e-021
316.82  1.32912e-021
317.842  9.82748e-022
318.864  6.84907e-022
319.886  4.37738e-022
320.908  2.43443e-022
321.93  1.04281e-022
322.952  2.25613e-023
