1.022  6.71346e-020
2.044  6.75605e-020
3.066  6.79841e-020
4.088  6.84053e-020
5.11  6.8824e-020
6.132  6.92401e-020
7.154  6.96537e-020
8.176  7.00645e-020
9.198  7.04726e-020
10.22  7.0878e-020
11.242  7.12806e-020
12.264  7.16805e-020
13.286  7.20777e-020
14.308  7.24722e-020
15.33  7.28641e-020
16.352  7.32534e-020
17.374  7.36402e-020
18.396  7.40246e-020
19.418  7.44065e-020
20.44  7.4786e-020
21.462  7.51632e-020
22.484  7.5538e-020
23.506  7.59106e-020
24.528  7.62809e-020
25.55  7.6649e-020
26.572  7.70148e-020
27.594  7.73783e-020
28.616  7.77397e-020
29.638  7.80988e-020
30.66  7.84557e-020
31.682  7.88104e-020
32.704  7.91628e-020
33.726  7.9513e-020
34.748  7.98609e-020
35.77  8.02065e-020
36.792  8.05498e-020
37.814  8.08908e-020
38.836  8.12295e-020
39.858  8.15658e-020
40.88  8.18998e-020
41.902  8.22313e-020
42.924  8.25604e-020
43.946  8.2887e-020
44.968  8.32111e-020
45.99  8.35327e-020
47.012  8.38518e-020
48.034  8.41683e-020
49.056  8.44821e-020
50.078  8.47934e-020
51.1  8.51019e-020
52.122  8.54078e-020
53.144  8.57109e-020
54.166  8.60112e-020
55.188  8.63088e-020
56.21  8.66035e-020
57.232  8.68953e-020
58.254  8.71843e-020
59.276  8.74703e-020
60.298  8.77533e-020
61.32  8.80333e-020
62.342  8.83103e-020
63.364  8.85843e-020
64.386  8.88551e-020
65.408  8.91228e-020
66.43  8.93874e-020
67.452  8.96487e-020
68.474  8.99068e-020
69.496  9.01617e-020
70.518  9.04132e-020
71.54  9.06614e-020
72.562  9.09063e-020
73.584  9.11478e-020
74.606  9.13858e-020
75.628  9.16204e-020
76.65  9.18515e-020
77.672  9.20791e-020
78.694  9.23031e-020
79.716  9.25235e-020
80.738  9.27403e-020
81.76  9.29535e-020
82.782  9.3163e-020
83.804  9.33688e-020
84.826  9.35709e-020
85.848  9.37692e-020
86.87  9.39637e-020
87.892  9.41543e-020
88.914  9.43412e-020
89.936  9.45241e-020
90.958  9.47031e-020
91.98  9.48782e-020
93.002  9.50493e-020
94.024  9.52164e-020
95.046  9.53794e-020
96.068  9.55384e-020
97.09  9.56933e-020
98.112  9.58441e-020
99.134  9.59908e-020
100.156  9.61333e-020
101.178  9.62716e-020
102.2  9.64056e-020
103.222  9.65354e-020
104.244  9.6661e-020
105.266  9.67822e-020
106.288  9.6899e-020
107.31  9.70115e-020
108.332  9.71196e-020
109.354  9.72233e-020
110.376  9.73226e-020
111.398  9.74173e-020
112.42  9.75076e-020
113.442  9.75933e-020
114.464  9.76745e-020
115.486  9.77511e-020
116.508  9.7823e-020
117.53  9.78904e-020
118.552  9.7953e-020
119.574  9.8011e-020
120.596  9.80643e-020
121.618  9.81128e-020
122.64  9.81565e-020
123.662  9.81954e-020
124.684  9.82295e-020
125.706  9.82587e-020
126.728  9.82831e-020
127.75  9.83025e-020
128.772  9.83169e-020
129.794  9.83264e-020
130.816  9.83309e-020
131.838  9.83304e-020
132.86  9.83248e-020
133.882  9.83141e-020
134.904  9.82983e-020
135.926  9.82773e-020
136.948  9.82511e-020
137.97  9.82198e-020
138.992  9.81832e-020
140.014  9.81413e-020
141.036  9.80941e-020
142.058  9.80416e-020
143.08  9.79837e-020
144.102  9.79204e-020
145.124  9.78517e-020
146.146  9.77775e-020
147.168  9.76978e-020
148.19  9.76126e-020
149.212  9.75218e-020
150.234  9.74254e-020
151.256  9.73233e-020
152.278  9.72156e-020
153.3  9.71022e-020
154.322  9.6983e-020
155.344  9.68581e-020
156.366  9.67273e-020
157.388  9.65907e-020
158.41  9.64482e-020
159.432  9.62998e-020
160.454  9.61454e-020
161.476  9.59849e-020
162.498  9.58185e-020
163.52  9.56459e-020
164.542  9.54672e-020
165.564  9.52824e-020
166.586  9.50913e-020
167.608  9.4894e-020
168.63  9.46904e-020
169.652  9.44804e-020
170.674  9.42641e-020
171.696  9.40413e-020
172.718  9.38121e-020
173.74  9.35763e-020
174.762  9.3334e-020
175.784  9.30851e-020
176.806  9.28296e-020
177.828  9.25673e-020
178.85  9.22983e-020
179.872  9.20226e-020
180.894  9.174e-020
181.916  9.14505e-020
182.938  9.11541e-020
183.96  9.08507e-020
184.982  9.05402e-020
186.004  9.02228e-020
187.026  8.98981e-020
188.048  8.95664e-020
189.07  8.92274e-020
190.092  8.88811e-020
191.114  8.85276e-020
192.136  8.81666e-020
193.158  8.77983e-020
194.18  8.74225e-020
195.202  8.70392e-020
196.224  8.66483e-020
197.246  8.62499e-020
198.268  8.58437e-020
199.29  8.54299e-020
200.312  8.50084e-020
201.334  8.4579e-020
202.356  8.41419e-020
203.378  8.36968e-020
204.4  8.32438e-020
205.422  8.27829e-020
206.444  8.23139e-020
207.466  8.18369e-020
208.488  8.13518e-020
209.51  8.08586e-020
210.532  8.03572e-020
211.554  7.98475e-020
212.576  7.93297e-020
213.598  7.88035e-020
214.62  7.8269e-020
215.642  7.77262e-020
216.664  7.7175e-020
217.686  7.66154e-020
218.708  7.60474e-020
219.73  7.54709e-020
220.752  7.48859e-020
221.774  7.42925e-020
222.796  7.36905e-020
223.818  7.308e-020
224.84  7.24609e-020
225.862  7.18333e-020
226.884  7.11971e-020
227.906  7.05524e-020
228.928  6.98991e-020
229.95  6.92373e-020
230.972  6.85669e-020
231.994  6.7888e-020
233.016  6.72005e-020
234.038  6.65046e-020
235.06  6.58001e-020
236.082  6.50872e-020
237.104  6.43659e-020
238.126  6.36363e-020
239.148  6.28983e-020
240.17  6.2152e-020
241.192  6.13974e-020
242.214  6.06347e-020
243.236  5.9864e-020
244.258  5.90851e-020
245.28  5.82984e-020
246.302  5.75037e-020
247.324  5.67013e-020
248.346  5.58913e-020
249.368  5.50736e-020
250.39  5.42486e-020
251.412  5.34162e-020
252.434  5.25766e-020
253.456  5.173e-020
254.478  5.08766e-020
255.5  5.00164e-020
256.522  4.91496e-020
257.544  4.82765e-020
258.566  4.73972e-020
259.588  4.65119e-020
260.61  4.56209e-020
261.632  4.47244e-020
262.654  4.38225e-020
263.676  4.29156e-020
264.698  4.20039e-020
265.72  4.10878e-020
266.742  4.01674e-020
267.764  3.92431e-020
268.786  3.83152e-020
269.808  3.73841e-020
270.83  3.64501e-020
271.852  3.55135e-020
272.874  3.45748e-020
273.896  3.36343e-020
274.918  3.26925e-020
275.94  3.17498e-020
276.962  3.08066e-020
277.984  2.98635e-020
279.006  2.89209e-020
280.028  2.79793e-020
281.05  2.70392e-020
282.072  2.61013e-020
283.094  2.51661e-020
284.116  2.42341e-020
285.138  2.3306e-020
286.16  2.23825e-020
287.182  2.14642e-020
288.204  2.05519e-020
289.226  1.96461e-020
290.248  1.87477e-020
291.27  1.78575e-020
292.292  1.69762e-020
293.314  1.61047e-020
294.336  1.52439e-020
295.358  1.43945e-020
296.38  1.35576e-020
297.402  1.27341e-020
298.424  1.1925e-020
299.446  1.11312e-020
300.468  1.03539e-020
301.49  9.59414e-021
302.512  8.85298e-021
303.534  8.13163e-021
304.556  7.43126e-021
305.578  6.75311e-021
306.6  6.09845e-021
307.622  5.46858e-021
308.644  4.86487e-021
309.666  4.28869e-021
310.688  3.74149e-021
311.71  3.22475e-021
312.732  2.73998e-021
313.754  2.28875e-021
314.776  1.87268e-021
315.798  1.49344e-021
316.82  1.15273e-021
317.842  8.52305e-022
318.864  5.93982e-022
319.886  3.79615e-022
320.908  2.11113e-022
321.93  9.04295e-023
322.952  1.95638e-023
