1.022  1.99341e-020
2.044  2.03016e-020
3.066  2.06681e-020
4.088  2.10337e-020
5.11  2.13983e-020
6.132  2.17618e-020
7.154  2.21243e-020
8.176  2.24856e-020
9.198  2.28458e-020
10.22  2.32048e-020
11.242  2.35627e-020
12.264  2.39193e-020
13.286  2.42748e-020
14.308  2.4629e-020
15.33  2.49821e-020
16.352  2.53339e-020
17.374  2.56846e-020
18.396  2.6034e-020
19.418  2.63823e-020
20.44  2.67293e-020
21.462  2.70752e-020
22.484  2.74199e-020
23.506  2.77634e-020
24.528  2.81057e-020
25.55  2.84468e-020
26.572  2.87867e-020
27.594  2.91253e-020
28.616  2.94628e-020
29.638  2.9799e-020
30.66  3.0134e-020
31.682  3.04677e-020
32.704  3.08001e-020
33.726  3.11313e-020
34.748  3.14611e-020
35.77  3.17897e-020
36.792  3.21169e-020
37.814  3.24427e-020
38.836  3.27672e-020
39.858  3.30903e-020
40.88  3.3412e-020
41.902  3.37323e-020
42.924  3.40512e-020
43.946  3.43685e-020
44.968  3.46844e-020
45.99  3.49987e-020
47.012  3.53116e-020
48.034  3.56228e-020
49.056  3.59325e-020
50.078  3.62406e-020
51.1  3.65471e-020
52.122  3.68519e-020
53.144  3.71551e-020
54.166  3.74565e-020
55.188  3.77563e-020
56.21  3.80542e-020
57.232  3.83505e-020
58.254  3.86449e-020
59.276  3.89375e-020
60.298  3.92283e-020
61.32  3.95172e-020
62.342  3.98042e-020
63.364  4.00893e-020
64.386  4.03725e-020
65.408  4.06536e-020
66.43  4.09328e-020
67.452  4.121e-020
68.474  4.14852e-020
69.496  4.17583e-020
70.518  4.20293e-020
71.54  4.22981e-020
72.562  4.25649e-020
73.584  4.28295e-020
74.606  4.30919e-020
75.628  4.3352e-020
76.65  4.361e-020
77.672  4.38656e-020
78.694  4.4119e-020
79.716  4.43701e-020
80.738  4.46189e-020
81.76  4.48653e-020
82.782  4.51093e-020
83.804  4.53509e-020
84.826  4.559e-020
85.848  4.58267e-020
86.87  4.60609e-020
87.892  4.62927e-020
88.914  4.65219e-020
89.936  4.67485e-020
90.958  4.69726e-020
91.98  4.7194e-020
93.002  4.74129e-020
94.024  4.76291e-020
95.046  4.78426e-020
96.068  4.80534e-020
97.09  4.82615e-020
98.112  4.84669e-020
99.134  4.86695e-020
100.156  4.88693e-020
101.178  4.90663e-020
102.2  4.92604e-020
103.222  4.94517e-020
104.244  4.96402e-020
105.266  4.98257e-020
106.288  5.00083e-020
107.31  5.01879e-020
108.332  5.03645e-020
109.354  5.05382e-020
110.376  5.07088e-020
111.398  5.08764e-020
112.42  5.10409e-020
113.442  5.12023e-020
114.464  5.13606e-020
115.486  5.15158e-020
116.508  5.16677e-020
117.53  5.18165e-020
118.552  5.19621e-020
119.574  5.21045e-020
120.596  5.22436e-020
121.618  5.23794e-020
122.64  5.25118e-020
123.662  5.2641e-020
124.684  5.27668e-020
125.706  5.28892e-020
126.728  5.30082e-020
127.75  5.31238e-020
128.772  5.32359e-020
129.794  5.33445e-020
130.816  5.34497e-020
131.838  5.35513e-020
132.86  5.36493e-020
133.882  5.37437e-020
134.904  5.38346e-020
135.926  5.39218e-020
136.948  5.40053e-020
137.97  5.40852e-020
138.992  5.41613e-020
140.014  5.42337e-020
141.036  5.43024e-020
142.058  5.43672e-020
143.08  5.44282e-020
144.102  5.44854e-020
145.124  5.45387e-020
146.146  5.45881e-020
147.168  5.46335e-020
148.19  5.4675e-020
149.212  5.47125e-020
150.234  5.4746e-020
151.256  5.47754e-020
152.278  5.48008e-020
153.3  5.48221e-020
154.322  5.48392e-020
155.344  5.48521e-020
156.366  5.48609e-020
157.388  5.48654e-020
158.41  5.48656e-020
159.432  5.48616e-020
160.454  5.48533e-020
161.476  5.48406e-020
162.498  5.48235e-020
163.52  5.4802e-020
164.542  5.4776e-020
165.564  5.47456e-020
166.586  5.47106e-020
167.608  5.46711e-020
168.63  5.46271e-020
169.652  5.45784e-020
170.674  5.45251e-020
171.696  5.4467e-020
172.718  5.44043e-020
173.74  5.43368e-020
174.762  5.42646e-020
175.784  5.41875e-020
176.806  5.41056e-020
177.828  5.40188e-020
178.85  5.39271e-020
179.872  5.38304e-020
180.894  5.37287e-020
181.916  5.3622e-020
182.938  5.35102e-020
183.96  5.33934e-020
184.982  5.32714e-020
186.004  5.31442e-020
187.026  5.30119e-020
188.048  5.28743e-020
189.07  5.27314e-020
190.092  5.25832e-020
191.114  5.24297e-020
192.136  5.22708e-020
193.158  5.21065e-020
194.18  5.19367e-020
195.202  5.17615e-020
196.224  5.15808e-020
197.246  5.13945e-020
198.268  5.12026e-020
199.29  5.10051e-020
200.312  5.0802e-020
201.334  5.05932e-020
202.356  5.03787e-020
203.378  5.01584e-020
204.4  4.99324e-020
205.422  4.97006e-020
206.444  4.94629e-020
207.466  4.92194e-020
208.488  4.897e-020
209.51  4.87147e-020
210.532  4.84534e-020
211.554  4.81862e-020
212.576  4.7913e-020
213.598  4.76338e-020
214.62  4.73486e-020
215.642  4.70573e-020
216.664  4.676e-020
217.686  4.64566e-020
218.708  4.6147e-020
219.73  4.58314e-020
220.752  4.55096e-020
221.774  4.51817e-020
222.796  4.48476e-020
223.818  4.45074e-020
224.84  4.4161e-020
225.862  4.38084e-020
226.884  4.34497e-020
227.906  4.30848e-020
228.928  4.27137e-020
229.95  4.23365e-020
230.972  4.19531e-020
231.994  4.15636e-020
233.016  4.11679e-020
234.038  4.07661e-020
235.06  4.03583e-020
236.082  3.99443e-020
237.104  3.95243e-020
238.126  3.90983e-020
239.148  3.86664e-020
240.17  3.82284e-020
241.192  3.77846e-020
242.214  3.73349e-020
243.236  3.68794e-020
244.258  3.64181e-020
245.28  3.59511e-020
246.302  3.54784e-020
247.324  3.50002e-020
248.346  3.45164e-020
249.368  3.40273e-020
250.39  3.35327e-020
251.412  3.30329e-020
252.434  3.2528e-020
253.456  3.20179e-020
254.478  3.15029e-020
255.5  3.0983e-020
256.522  3.04583e-020
257.544  2.99291e-020
258.566  2.93953e-020
259.588  2.88572e-020
260.61  2.83149e-020
261.632  2.77685e-020
262.654  2.72182e-020
263.676  2.66641e-020
264.698  2.61066e-020
265.72  2.55456e-020
266.742  2.49814e-020
267.764  2.44143e-020
268.786  2.38444e-020
269.808  2.32719e-020
270.83  2.26972e-020
271.852  2.21203e-020
272.874  2.15416e-020
273.896  2.09614e-020
274.918  2.03799e-020
275.94  1.97973e-020
276.962  1.9214e-020
277.984  1.86304e-020
279.006  1.80466e-020
280.028  1.74631e-020
281.05  1.68802e-020
282.072  1.62982e-020
283.094  1.57176e-020
284.116  1.51386e-020
285.138  1.45618e-020
286.16  1.39875e-020
287.182  1.34162e-020
288.204  1.28482e-020
289.226  1.22841e-020
290.248  1.17244e-020
291.27  1.11695e-020
292.292  1.062e-020
293.314  1.00764e-020
294.336  9.53916e-021
295.358  9.00895e-021
296.38  8.48634e-021
297.402  7.97193e-021
298.424  7.46634e-021
299.446  6.97022e-021
300.468  6.48425e-021
301.49  6.0091e-021
302.512  5.5455e-021
303.534  5.09417e-021
304.556  4.65588e-021
305.578  4.2314e-021
306.6  3.82154e-021
307.622  3.42714e-021
308.644  3.04904e-021
309.666  2.68813e-021
310.688  2.34532e-021
311.71  2.02155e-021
312.732  1.71776e-021
313.754  1.43497e-021
314.776  1.17418e-021
315.798  9.36441e-022
316.82  7.22839e-022
317.842  5.34479e-022
318.864  3.72501e-022
319.886  2.38076e-022
320.908  1.32404e-022
321.93  5.6717e-023
322.952  1.22707e-023
