1.022  1.77182e-020
2.044  1.80726e-020
3.066  1.84262e-020
4.088  1.8779e-020
5.11  1.9131e-020
6.132  1.94822e-020
7.154  1.98325e-020
8.176  2.01819e-020
9.198  2.05303e-020
10.22  2.08777e-020
11.242  2.12242e-020
12.264  2.15696e-020
13.286  2.19141e-020
14.308  2.22575e-020
15.33  2.25999e-020
16.352  2.29412e-020
17.374  2.32815e-020
18.396  2.36209e-020
19.418  2.39591e-020
20.44  2.42964e-020
21.462  2.46326e-020
22.484  2.49678e-020
23.506  2.53019e-020
24.528  2.5635e-020
25.55  2.59671e-020
26.572  2.62981e-020
27.594  2.6628e-020
28.616  2.69568e-020
29.638  2.72846e-020
30.66  2.76112e-020
31.682  2.79368e-020
32.704  2.82612e-020
33.726  2.85844e-020
34.748  2.89065e-020
35.77  2.92274e-020
36.792  2.95471e-020
37.814  2.98656e-020
38.836  3.01829e-020
39.858  3.04989e-020
40.88  3.08137e-020
41.902  3.11271e-020
42.924  3.14392e-020
43.946  3.175e-020
44.968  3.20595e-020
45.99  3.23675e-020
47.012  3.26741e-020
48.034  3.29794e-020
49.056  3.32831e-020
50.078  3.35854e-020
51.1  3.38862e-020
52.122  3.41855e-020
53.144  3.44833e-020
54.166  3.47794e-020
55.188  3.5074e-020
56.21  3.5367e-020
57.232  3.56583e-020
58.254  3.59479e-020
59.276  3.62359e-020
60.298  3.65221e-020
61.32  3.68066e-020
62.342  3.70894e-020
63.364  3.73703e-020
64.386  3.76495e-020
65.408  3.79268e-020
66.43  3.82022e-020
67.452  3.84758e-020
68.474  3.87474e-020
69.496  3.90171e-020
70.518  3.92848e-020
71.54  3.95506e-020
72.562  3.98143e-020
73.584  4.0076e-020
74.606  4.03356e-020
75.628  4.05931e-020
76.65  4.08486e-020
77.672  4.11018e-020
78.694  4.1353e-020
79.716  4.16019e-020
80.738  4.18486e-020
81.76  4.20931e-020
82.782  4.23354e-020
83.804  4.25753e-020
84.826  4.2813e-020
85.848  4.30483e-020
86.87  4.32812e-020
87.892  4.35118e-020
88.914  4.374e-020
89.936  4.39657e-020
90.958  4.4189e-020
91.98  4.44098e-020
93.002  4.46281e-020
94.024  4.48439e-020
95.046  4.50572e-020
96.068  4.52679e-020
97.09  4.54759e-020
98.112  4.56814e-020
99.134  4.58842e-020
100.156  4.60844e-020
101.178  4.62818e-020
102.2  4.64766e-020
103.222  4.66686e-020
104.244  4.68578e-020
105.266  4.70443e-020
106.288  4.7228e-020
107.31  4.74088e-020
108.332  4.75868e-020
109.354  4.77619e-020
110.376  4.79341e-020
111.398  4.81034e-020
112.42  4.82697e-020
113.442  4.8433e-020
114.464  4.85934e-020
115.486  4.87507e-020
116.508  4.8905e-020
117.53  4.90563e-020
118.552  4.92044e-020
119.574  4.93494e-020
120.596  4.94913e-020
121.618  4.963e-020
122.64  4.97656e-020
123.662  4.98979e-020
124.684  5.0027e-020
125.706  5.01528e-020
126.728  5.02753e-020
127.75  5.03946e-020
128.772  5.05105e-020
129.794  5.0623e-020
130.816  5.07321e-020
131.838  5.08379e-020
132.86  5.09402e-020
133.882  5.1039e-020
134.904  5.11344e-020
135.926  5.12262e-020
136.948  5.13145e-020
137.97  5.13993e-020
138.992  5.14804e-020
140.014  5.1558e-020
141.036  5.16318e-020
142.058  5.17021e-020
143.08  5.17686e-020
144.102  5.18314e-020
145.124  5.18904e-020
146.146  5.19457e-020
147.168  5.19971e-020
148.19  5.20447e-020
149.212  5.20885e-020
150.234  5.21283e-020
151.256  5.21642e-020
152.278  5.21962e-020
153.3  5.22242e-020
154.322  5.22482e-020
155.344  5.22681e-020
156.366  5.2284e-020
157.388  5.22957e-020
158.41  5.23034e-020
159.432  5.23068e-020
160.454  5.23061e-020
161.476  5.23012e-020
162.498  5.2292e-020
163.52  5.22785e-020
164.542  5.22607e-020
165.564  5.22385e-020
166.586  5.2212e-020
167.608  5.2181e-020
168.63  5.21456e-020
169.652  5.21057e-020
170.674  5.20613e-020
171.696  5.20123e-020
172.718  5.19588e-020
173.74  5.19007e-020
174.762  5.18379e-020
175.784  5.17704e-020
176.806  5.16982e-020
177.828  5.16212e-020
178.85  5.15395e-020
179.872  5.1453e-020
180.894  5.13616e-020
181.916  5.12653e-020
182.938  5.11641e-020
183.96  5.10579e-020
184.982  5.09467e-020
186.004  5.08305e-020
187.026  5.07093e-020
188.048  5.0583e-020
189.07  5.04515e-020
190.092  5.03149e-020
191.114  5.0173e-020
192.136  5.0026e-020
193.158  4.98737e-020
194.18  4.9716e-020
195.202  4.95531e-020
196.224  4.93848e-020
197.246  4.9211e-020
198.268  4.90319e-020
199.29  4.88473e-020
200.312  4.86572e-020
201.334  4.84616e-020
202.356  4.82604e-020
203.378  4.80536e-020
204.4  4.78412e-020
205.422  4.76232e-020
206.444  4.73995e-020
207.466  4.71701e-020
208.488  4.6935e-020
209.51  4.66941e-020
210.532  4.64475e-020
211.554  4.6195e-020
212.576  4.59367e-020
213.598  4.56726e-020
214.62  4.54026e-020
215.642  4.51268e-020
216.664  4.4845e-020
217.686  4.45573e-020
218.708  4.42636e-020
219.73  4.3964e-020
220.752  4.36585e-020
221.774  4.33469e-020
222.796  4.30294e-020
223.818  4.27059e-020
224.84  4.23764e-020
225.862  4.20409e-020
226.884  4.16994e-020
227.906  4.13518e-020
228.928  4.09983e-020
229.95  4.06388e-020
230.972  4.02733e-020
231.994  3.99018e-020
233.016  3.95244e-020
234.038  3.9141e-020
235.06  3.87517e-020
236.082  3.83564e-020
237.104  3.79553e-020
238.126  3.75483e-020
239.148  3.71355e-020
240.17  3.6717e-020
241.192  3.62926e-020
242.214  3.58626e-020
243.236  3.54269e-020
244.258  3.49856e-020
245.28  3.45387e-020
246.302  3.40863e-020
247.324  3.36285e-020
248.346  3.31654e-020
249.368  3.26969e-020
250.39  3.22232e-020
251.412  3.17444e-020
252.434  3.12606e-020
253.456  3.07718e-020
254.478  3.02781e-020
255.5  2.97798e-020
256.522  2.92768e-020
257.544  2.87692e-020
258.566  2.82573e-020
259.588  2.77412e-020
260.61  2.72209e-020
261.632  2.66967e-020
262.654  2.61687e-020
263.676  2.5637e-020
264.698  2.51018e-020
265.72  2.45634e-020
266.742  2.40218e-020
267.764  2.34773e-020
268.786  2.29301e-020
269.808  2.23804e-020
270.83  2.18284e-020
271.852  2.12743e-020
272.874  2.07185e-020
273.896  2.01611e-020
274.918  1.96024e-020
275.94  1.90426e-020
276.962  1.84822e-020
277.984  1.79213e-020
279.006  1.73603e-020
280.028  1.67995e-020
281.05  1.62392e-020
282.072  1.56798e-020
283.094  1.51216e-020
284.116  1.4565e-020
285.138  1.40104e-020
286.16  1.34582e-020
287.182  1.29088e-020
288.204  1.23627e-020
289.226  1.18202e-020
290.248  1.12819e-020
291.27  1.07483e-020
292.292  1.02197e-020
293.314  9.6968e-021
294.336  9.18005e-021
295.358  8.67001e-021
296.38  8.16725e-021
297.402  7.67236e-021
298.424  7.18593e-021
299.446  6.70859e-021
300.468  6.24099e-021
301.49  5.7838e-021
302.512  5.33769e-021
303.534  4.90338e-021
304.556  4.48159e-021
305.578  4.07308e-021
306.6  3.67864e-021
307.622  3.29905e-021
308.644  2.93514e-021
309.666  2.58776e-021
310.688  2.2578e-021
311.71  1.94614e-021
312.732  1.65372e-021
313.754  1.38149e-021
314.776  1.13044e-021
315.798  9.01576e-022
316.82  6.95938e-022
317.842  5.14597e-022
318.864  3.58651e-022
319.886  2.29228e-022
320.908  1.27486e-022
321.93  5.4611e-023
322.952  1.18153e-023
