1.022  1.17918e-020
2.044  1.20935e-020
3.066  1.23951e-020
4.088  1.26968e-020
5.11  1.29983e-020
6.132  1.32997e-020
7.154  1.3601e-020
8.176  1.3902e-020
9.198  1.42028e-020
10.22  1.45034e-020
11.242  1.48037e-020
12.264  1.51036e-020
13.286  1.54032e-020
14.308  1.57025e-020
15.33  1.60015e-020
16.352  1.63e-020
17.374  1.65982e-020
18.396  1.6896e-020
19.418  1.71934e-020
20.44  1.74904e-020
21.462  1.77869e-020
22.484  1.8083e-020
23.506  1.83787e-020
24.528  1.86739e-020
25.55  1.89686e-020
26.572  1.92628e-020
27.594  1.95565e-020
28.616  1.98497e-020
29.638  2.01424e-020
30.66  2.04344e-020
31.682  2.07259e-020
32.704  2.10168e-020
33.726  2.13071e-020
34.748  2.15967e-020
35.77  2.18856e-020
36.792  2.21739e-020
37.814  2.24615e-020
38.836  2.27483e-020
39.858  2.30344e-020
40.88  2.33197e-020
41.902  2.36042e-020
42.924  2.38879e-020
43.946  2.41708e-020
44.968  2.44528e-020
45.99  2.47338e-020
47.012  2.5014e-020
48.034  2.52932e-020
49.056  2.55715e-020
50.078  2.58487e-020
51.1  2.61249e-020
52.122  2.64001e-020
53.144  2.66742e-020
54.166  2.69472e-020
55.188  2.72191e-020
56.21  2.74899e-020
57.232  2.77594e-020
58.254  2.80278e-020
59.276  2.82949e-020
60.298  2.85608e-020
61.32  2.88254e-020
62.342  2.90887e-020
63.364  2.93507e-020
64.386  2.96113e-020
65.408  2.98706e-020
66.43  3.01284e-020
67.452  3.03848e-020
68.474  3.06397e-020
69.496  3.08931e-020
70.518  3.11451e-020
71.54  3.13955e-020
72.562  3.16443e-020
73.584  3.18915e-020
74.606  3.21372e-020
75.628  3.23811e-020
76.65  3.26234e-020
77.672  3.28641e-020
78.694  3.3103e-020
79.716  3.33401e-020
80.738  3.35755e-020
81.76  3.38091e-020
82.782  3.40409e-020
83.804  3.42709e-020
84.826  3.44989e-020
85.848  3.47251e-020
86.87  3.49494e-020
87.892  3.51717e-020
88.914  3.53921e-020
89.936  3.56104e-020
90.958  3.58268e-020
91.98  3.60411e-020
93.002  3.62533e-020
94.024  3.64634e-020
95.046  3.66715e-020
96.068  3.68774e-020
97.09  3.70811e-020
98.112  3.72826e-020
99.134  3.7482e-020
100.156  3.76791e-020
101.178  3.78739e-020
102.2  3.80664e-020
103.222  3.82567e-020
104.244  3.84446e-020
105.266  3.86301e-020
106.288  3.88133e-020
107.31  3.8994e-020
108.332  3.91724e-020
109.354  3.93483e-020
110.376  3.95217e-020
111.398  3.96926e-020
112.42  3.98609e-020
113.442  4.00267e-020
114.464  4.019e-020
115.486  4.03506e-020
116.508  4.05087e-020
117.53  4.0664e-020
118.552  4.08168e-020
119.574  4.09668e-020
120.596  4.11141e-020
121.618  4.12586e-020
122.64  4.14004e-020
123.662  4.15394e-020
124.684  4.16755e-020
125.706  4.18088e-020
126.728  4.19393e-020
127.75  4.20669e-020
128.772  4.21915e-020
129.794  4.23132e-020
130.816  4.24319e-020
131.838  4.25477e-020
132.86  4.26604e-020
133.882  4.277e-020
134.904  4.28766e-020
135.926  4.29801e-020
136.948  4.30805e-020
137.97  4.31777e-020
138.992  4.32718e-020
140.014  4.33626e-020
141.036  4.34503e-020
142.058  4.35346e-020
143.08  4.36157e-020
144.102  4.36935e-020
145.124  4.37679e-020
146.146  4.3839e-020
147.168  4.39066e-020
148.19  4.39709e-020
149.212  4.40317e-020
150.234  4.4089e-020
151.256  4.41429e-020
152.278  4.41932e-020
153.3  4.42399e-020
154.322  4.4283e-020
155.344  4.43226e-020
156.366  4.43584e-020
157.388  4.43906e-020
158.41  4.44191e-020
159.432  4.44439e-020
160.454  4.44648e-020
161.476  4.4482e-020
162.498  4.44954e-020
163.52  4.45049e-020
164.542  4.45105e-020
165.564  4.45122e-020
166.586  4.45099e-020
167.608  4.45036e-020
168.63  4.44934e-020
169.652  4.44791e-020
170.674  4.44607e-020
171.696  4.44382e-020
172.718  4.44116e-020
173.74  4.43808e-020
174.762  4.43458e-020
175.784  4.43065e-020
176.806  4.4263e-020
177.828  4.42152e-020
178.85  4.4163e-020
179.872  4.41065e-020
180.894  4.40456e-020
181.916  4.39803e-020
182.938  4.39105e-020
183.96  4.38362e-020
184.982  4.37573e-020
186.004  4.36739e-020
187.026  4.3586e-020
188.048  4.34933e-020
189.07  4.33961e-020
190.092  4.32941e-020
191.114  4.31874e-020
192.136  4.3076e-020
193.158  4.29598e-020
194.18  4.28388e-020
195.202  4.27129e-020
196.224  4.25822e-020
197.246  4.24465e-020
198.268  4.23059e-020
199.29  4.21603e-020
200.312  4.20098e-020
201.334  4.18542e-020
202.356  4.16936e-020
203.378  4.15278e-020
204.4  4.1357e-020
205.422  4.1181e-020
206.444  4.09999e-020
207.466  4.08136e-020
208.488  4.06221e-020
209.51  4.04253e-020
210.532  4.02233e-020
211.554  4.0016e-020
212.576  3.98034e-020
213.598  3.95855e-020
214.62  3.93622e-020
215.642  3.91336e-020
216.664  3.88996e-020
217.686  3.86602e-020
218.708  3.84154e-020
219.73  3.81652e-020
220.752  3.79096e-020
221.774  3.76485e-020
222.796  3.7382e-020
223.818  3.711e-020
224.84  3.68325e-020
225.862  3.65496e-020
226.884  3.62612e-020
227.906  3.59674e-020
228.928  3.56681e-020
229.95  3.53633e-020
230.972  3.50531e-020
231.994  3.47374e-020
233.016  3.44163e-020
234.038  3.40898e-020
235.06  3.37578e-020
236.082  3.34205e-020
237.104  3.30779e-020
238.126  3.27299e-020
239.148  3.23766e-020
240.17  3.2018e-020
241.192  3.16541e-020
242.214  3.12851e-020
243.236  3.09109e-020
244.258  3.05316e-020
245.28  3.01472e-020
246.302  2.97578e-020
247.324  2.93634e-020
248.346  2.89642e-020
249.368  2.85601e-020
250.39  2.81512e-020
251.412  2.77377e-020
252.434  2.73195e-020
253.456  2.68968e-020
254.478  2.64697e-020
255.5  2.60382e-020
256.522  2.56025e-020
257.544  2.51626e-020
258.566  2.47187e-020
259.588  2.4271e-020
260.61  2.38194e-020
261.632  2.33642e-020
262.654  2.29054e-020
263.676  2.24433e-020
264.698  2.19779e-020
265.72  2.15095e-020
266.742  2.10382e-020
267.764  2.05642e-020
268.786  2.00876e-020
269.808  1.96086e-020
270.83  1.91275e-020
271.852  1.86445e-020
272.874  1.81597e-020
273.896  1.76733e-020
274.918  1.71857e-020
275.94  1.66971e-020
276.962  1.62076e-020
277.984  1.57177e-020
279.006  1.52274e-020
280.028  1.47373e-020
281.05  1.42474e-020
282.072  1.37582e-020
283.094  1.32699e-020
284.116  1.27829e-020
285.138  1.22975e-020
286.16  1.18141e-020
287.182  1.13331e-020
288.204  1.08548e-020
289.226  1.03796e-020
290.248  9.90792e-021
291.27  9.44021e-021
292.292  8.9769e-021
293.314  8.51843e-021
294.336  8.06528e-021
295.358  7.61793e-021
296.38  7.17687e-021
297.402  6.74264e-021
298.424  6.31576e-021
299.446  5.89678e-021
300.468  5.48628e-021
301.49  5.08485e-021
302.512  4.69308e-021
303.534  4.31161e-021
304.556  3.94108e-021
305.578  3.58217e-021
306.6  3.23555e-021
307.622  2.90193e-021
308.644  2.58206e-021
309.666  2.27667e-021
310.688  1.98654e-021
311.71  1.71247e-021
312.732  1.45528e-021
313.754  1.21582e-021
314.776  9.94962e-022
315.798  7.93592e-022
316.82  6.12636e-022
317.842  4.53038e-022
318.864  3.15773e-022
319.886  2.01839e-022
320.908  1.12263e-022
321.93  4.80938e-023
322.952  1.04061e-023
