1.022  7.64462e-021
2.044  7.86506e-021
3.066  8.08652e-021
4.088  8.30897e-021
5.11  8.53235e-021
6.132  8.75664e-021
7.154  8.98179e-021
8.176  9.20775e-021
9.198  9.43449e-021
10.22  9.66197e-021
11.242  9.89015e-021
12.264  1.0119e-020
13.286  1.03485e-020
14.308  1.05786e-020
15.33  1.08093e-020
16.352  1.10406e-020
17.374  1.12725e-020
18.396  1.15048e-020
19.418  1.17376e-020
20.44  1.19709e-020
21.462  1.22047e-020
22.484  1.24389e-020
23.506  1.26735e-020
24.528  1.29084e-020
25.55  1.31437e-020
26.572  1.33794e-020
27.594  1.36153e-020
28.616  1.38515e-020
29.638  1.4088e-020
30.66  1.43247e-020
31.682  1.45615e-020
32.704  1.47986e-020
33.726  1.50358e-020
34.748  1.52731e-020
35.77  1.55104e-020
36.792  1.57479e-020
37.814  1.59854e-020
38.836  1.62228e-020
39.858  1.64603e-020
40.88  1.66976e-020
41.902  1.69349e-020
42.924  1.71721e-020
43.946  1.74092e-020
44.968  1.7646e-020
45.99  1.78827e-020
47.012  1.81191e-020
48.034  1.83553e-020
49.056  1.85912e-020
50.078  1.88267e-020
51.1  1.90619e-020
52.122  1.92967e-020
53.144  1.95312e-020
54.166  1.97651e-020
55.188  1.99986e-020
56.21  2.02317e-020
57.232  2.04641e-020
58.254  2.06961e-020
59.276  2.09274e-020
60.298  2.11581e-020
61.32  2.13882e-020
62.342  2.16176e-020
63.364  2.18464e-020
64.386  2.20743e-020
65.408  2.23016e-020
66.43  2.2528e-020
67.452  2.27536e-020
68.474  2.29784e-020
69.496  2.32023e-020
70.518  2.34253e-020
71.54  2.36473e-020
72.562  2.38684e-020
73.584  2.40885e-020
74.606  2.43076e-020
75.628  2.45257e-020
76.65  2.47427e-020
77.672  2.49586e-020
78.694  2.51733e-020
79.716  2.53869e-020
80.738  2.55994e-020
81.76  2.58106e-020
82.782  2.60206e-020
83.804  2.62293e-020
84.826  2.64367e-020
85.848  2.66428e-020
86.87  2.68476e-020
87.892  2.7051e-020
88.914  2.7253e-020
89.936  2.74536e-020
90.958  2.76527e-020
91.98  2.78504e-020
93.002  2.80465e-020
94.024  2.82411e-020
95.046  2.84342e-020
96.068  2.86257e-020
97.09  2.88155e-020
98.112  2.90038e-020
99.134  2.91904e-020
100.156  2.93752e-020
101.178  2.95584e-020
102.2  2.97399e-020
103.222  2.99196e-020
104.244  3.00975e-020
105.266  3.02735e-020
106.288  3.04478e-020
107.31  3.06202e-020
108.332  3.07907e-020
109.354  3.09592e-020
110.376  3.11259e-020
111.398  3.12905e-020
112.42  3.14532e-020
113.442  3.16138e-020
114.464  3.17724e-020
115.486  3.1929e-020
116.508  3.20834e-020
117.53  3.22358e-020
118.552  3.23859e-020
119.574  3.25339e-020
120.596  3.26798e-020
121.618  3.28233e-020
122.64  3.29647e-020
123.662  3.31038e-020
124.684  3.32405e-020
125.706  3.3375e-020
126.728  3.35071e-020
127.75  3.36368e-020
128.772  3.37641e-020
129.794  3.3889e-020
130.816  3.40114e-020
131.838  3.41314e-020
132.86  3.42488e-020
133.882  3.43637e-020
134.904  3.44761e-020
135.926  3.45858e-020
136.948  3.4693e-020
137.97  3.47975e-020
138.992  3.48993e-020
140.014  3.49985e-020
141.036  3.50949e-020
142.058  3.51886e-020
143.08  3.52795e-020
144.102  3.53676e-020
145.124  3.54529e-020
146.146  3.55353e-020
147.168  3.56149e-020
148.19  3.56915e-020
149.212  3.57652e-020
150.234  3.58359e-020
151.256  3.59036e-020
152.278  3.59683e-020
153.3  3.603e-020
154.322  3.60885e-020
155.344  3.6144e-020
156.366  3.61963e-020
157.388  3.62454e-020
158.41  3.62914e-020
159.432  3.63341e-020
160.454  3.63736e-020
161.476  3.64098e-020
162.498  3.64426e-020
163.52  3.64722e-020
164.542  3.64983e-020
165.564  3.6521e-020
166.586  3.65404e-020
167.608  3.65562e-020
168.63  3.65685e-020
169.652  3.65774e-020
170.674  3.65826e-020
171.696  3.65843e-020
172.718  3.65824e-020
173.74  3.65768e-020
174.762  3.65676e-020
175.784  3.65546e-020
176.806  3.65379e-020
177.828  3.65174e-020
178.85  3.64932e-020
179.872  3.64651e-020
180.894  3.64331e-020
181.916  3.63973e-020
182.938  3.63575e-020
183.96  3.63138e-020
184.982  3.62661e-020
186.004  3.62143e-020
187.026  3.61586e-020
188.048  3.60987e-020
189.07  3.60348e-020
190.092  3.59667e-020
191.114  3.58945e-020
192.136  3.5818e-020
193.158  3.57374e-020
194.18  3.56525e-020
195.202  3.55633e-020
196.224  3.54698e-020
197.246  3.53719e-020
198.268  3.52697e-020
199.29  3.51631e-020
200.312  3.50521e-020
201.334  3.49367e-020
202.356  3.48167e-020
203.378  3.46923e-020
204.4  3.45634e-020
205.422  3.44299e-020
206.444  3.42918e-020
207.466  3.41491e-020
208.488  3.40018e-020
209.51  3.38499e-020
210.532  3.36933e-020
211.554  3.3532e-020
212.576  3.33661e-020
213.598  3.31954e-020
214.62  3.30199e-020
215.642  3.28397e-020
216.664  3.26548e-020
217.686  3.24651e-020
218.708  3.22705e-020
219.73  3.20712e-020
220.752  3.1867e-020
221.774  3.1658e-020
222.796  3.14441e-020
223.818  3.12254e-020
224.84  3.10019e-020
225.862  3.07735e-020
226.884  3.05402e-020
227.906  3.03021e-020
228.928  3.00591e-020
229.95  2.98113e-020
230.972  2.95586e-020
231.994  2.93011e-020
233.016  2.90387e-020
234.038  2.87715e-020
235.06  2.84996e-020
236.082  2.82228e-020
237.104  2.79412e-020
238.126  2.76549e-020
239.148  2.73639e-020
240.17  2.70681e-020
241.192  2.67677e-020
242.214  2.64626e-020
243.236  2.61529e-020
244.258  2.58387e-020
245.28  2.55199e-020
246.302  2.51967e-020
247.324  2.4869e-020
248.346  2.45369e-020
249.368  2.42005e-020
250.39  2.38599e-020
251.412  2.3515e-020
252.434  2.3166e-020
253.456  2.28129e-020
254.478  2.24559e-020
255.5  2.20949e-020
256.522  2.17302e-020
257.544  2.13616e-020
258.566  2.09895e-020
259.588  2.06138e-020
260.61  2.02347e-020
261.632  1.98523e-020
262.654  1.94667e-020
263.676  1.9078e-020
264.698  1.86864e-020
265.72  1.82919e-020
266.742  1.78948e-020
267.764  1.74952e-020
268.786  1.70932e-020
269.808  1.6689e-020
270.83  1.62828e-020
271.852  1.58747e-020
272.874  1.54649e-020
273.896  1.50537e-020
274.918  1.46412e-020
275.94  1.42276e-020
276.962  1.38132e-020
277.984  1.33981e-020
279.006  1.29827e-020
280.028  1.25671e-020
281.05  1.21516e-020
282.072  1.17364e-020
283.094  1.1322e-020
284.116  1.09084e-020
285.138  1.04961e-020
286.16  1.00853e-020
287.182  9.67637e-021
288.204  9.2696e-021
289.226  8.86535e-021
290.248  8.46396e-021
291.27  8.06581e-021
292.292  7.67126e-021
293.314  7.28072e-021
294.336  6.89458e-021
295.358  6.51326e-021
296.38  6.1372e-021
297.402  5.76684e-021
298.424  5.40264e-021
299.446  5.04507e-021
300.468  4.69464e-021
301.49  4.35184e-021
302.512  4.01721e-021
303.534  3.69128e-021
304.556  3.37462e-021
305.578  3.06779e-021
306.6  2.77139e-021
307.622  2.48604e-021
308.644  2.21237e-021
309.666  1.95102e-021
310.688  1.70266e-021
311.71  1.46799e-021
312.732  1.24772e-021
313.754  1.04259e-021
314.776  8.5333e-022
315.798  6.80734e-022
316.82  5.25596e-022
317.842  3.88736e-022
318.864  2.70997e-022
319.886  1.73247e-022
320.908  9.63749e-023
321.93  4.1294e-023
322.952  8.93628e-024
