1.022  6.71899e-021
2.044  6.88292e-021
3.066  7.04856e-021
4.088  7.21588e-021
5.11  7.38483e-021
6.132  7.55536e-021
7.154  7.72742e-021
8.176  7.90096e-021
9.198  8.07595e-021
10.22  8.25233e-021
11.242  8.43008e-021
12.264  8.60914e-021
13.286  8.78949e-021
14.308  8.97109e-021
15.33  9.15391e-021
16.352  9.33792e-021
17.374  9.52308e-021
18.396  9.70937e-021
19.418  9.89675e-021
20.44  1.00852e-020
21.462  1.02747e-020
22.484  1.04652e-020
23.506  1.06566e-020
24.528  1.0849e-020
25.55  1.10423e-020
26.572  1.12365e-020
27.594  1.14315e-020
28.616  1.16273e-020
29.638  1.18239e-020
30.66  1.20213e-020
31.682  1.22194e-020
32.704  1.24182e-020
33.726  1.26176e-020
34.748  1.28176e-020
35.77  1.30183e-020
36.792  1.32194e-020
37.814  1.34212e-020
38.836  1.36233e-020
39.858  1.3826e-020
40.88  1.40291e-020
41.902  1.42325e-020
42.924  1.44363e-020
43.946  1.46405e-020
44.968  1.48449e-020
45.99  1.50496e-020
47.012  1.52545e-020
48.034  1.54595e-020
49.056  1.56648e-020
50.078  1.58702e-020
51.1  1.60756e-020
52.122  1.62811e-020
53.144  1.64867e-020
54.166  1.66922e-020
55.188  1.68977e-020
56.21  1.71032e-020
57.232  1.73085e-020
58.254  1.75137e-020
59.276  1.77187e-020
60.298  1.79235e-020
61.32  1.81281e-020
62.342  1.83324e-020
63.364  1.85364e-020
64.386  1.87401e-020
65.408  1.89435e-020
66.43  1.91464e-020
67.452  1.9349e-020
68.474  1.9551e-020
69.496  1.97526e-020
70.518  1.99537e-020
71.54  2.01543e-020
72.562  2.03542e-020
73.584  2.05536e-020
74.606  2.07523e-020
75.628  2.09504e-020
76.65  2.11478e-020
77.672  2.13444e-020
78.694  2.15403e-020
79.716  2.17355e-020
80.738  2.19298e-020
81.76  2.21232e-020
82.782  2.23158e-020
83.804  2.25075e-020
84.826  2.26983e-020
85.848  2.28881e-020
86.87  2.3077e-020
87.892  2.32648e-020
88.914  2.34516e-020
89.936  2.36373e-020
90.958  2.38219e-020
91.98  2.40054e-020
93.002  2.41877e-020
94.024  2.43688e-020
95.046  2.45488e-020
96.068  2.47275e-020
97.09  2.49049e-020
98.112  2.50811e-020
99.134  2.52559e-020
100.156  2.54294e-020
101.178  2.56015e-020
102.2  2.57722e-020
103.222  2.59415e-020
104.244  2.61093e-020
105.266  2.62757e-020
106.288  2.64405e-020
107.31  2.66038e-020
108.332  2.67656e-020
109.354  2.69257e-020
110.376  2.70843e-020
111.398  2.72412e-020
112.42  2.73964e-020
113.442  2.755e-020
114.464  2.77018e-020
115.486  2.78519e-020
116.508  2.80002e-020
117.53  2.81467e-020
118.552  2.82913e-020
119.574  2.84341e-020
120.596  2.85751e-020
121.618  2.87141e-020
122.64  2.88512e-020
123.662  2.89863e-020
124.684  2.91195e-020
125.706  2.92506e-020
126.728  2.93797e-020
127.75  2.95067e-020
128.772  2.96317e-020
129.794  2.97545e-020
130.816  2.98752e-020
131.838  2.99936e-020
132.86  3.01099e-020
133.882  3.0224e-020
134.904  3.03358e-020
135.926  3.04454e-020
136.948  3.05526e-020
137.97  3.06575e-020
138.992  3.076e-020
140.014  3.08601e-020
141.036  3.09578e-020
142.058  3.10531e-020
143.08  3.11459e-020
144.102  3.12362e-020
145.124  3.13239e-020
146.146  3.14092e-020
147.168  3.14918e-020
148.19  3.15718e-020
149.212  3.16492e-020
150.234  3.17239e-020
151.256  3.17959e-020
152.278  3.18652e-020
153.3  3.19317e-020
154.322  3.19954e-020
155.344  3.20564e-020
156.366  3.21144e-020
157.388  3.21697e-020
158.41  3.2222e-020
159.432  3.22714e-020
160.454  3.23178e-020
161.476  3.23613e-020
162.498  3.24017e-020
163.52  3.24391e-020
164.542  3.24734e-020
165.564  3.25047e-020
166.586  3.25327e-020
167.608  3.25577e-020
168.63  3.25794e-020
169.652  3.25979e-020
170.674  3.26132e-020
171.696  3.26251e-020
172.718  3.26338e-020
173.74  3.26391e-020
174.762  3.26411e-020
175.784  3.26396e-020
176.806  3.26347e-020
177.828  3.26264e-020
178.85  3.26145e-020
179.872  3.25992e-020
180.894  3.25802e-020
181.916  3.25578e-020
182.938  3.25316e-020
183.96  3.25019e-020
184.982  3.24685e-020
186.004  3.24314e-020
187.026  3.23905e-020
188.048  3.23459e-020
189.07  3.22975e-020
190.092  3.22453e-020
191.114  3.21892e-020
192.136  3.21293e-020
193.158  3.20655e-020
194.18  3.19977e-020
195.202  3.1926e-020
196.224  3.18503e-020
197.246  3.17705e-020
198.268  3.16868e-020
199.29  3.15989e-020
200.312  3.1507e-020
201.334  3.1411e-020
202.356  3.13108e-020
203.378  3.12064e-020
204.4  3.10979e-020
205.422  3.09851e-020
206.444  3.08681e-020
207.466  3.07468e-020
208.488  3.06213e-020
209.51  3.04914e-020
210.532  3.03572e-020
211.554  3.02187e-020
212.576  3.00758e-020
213.598  2.99285e-020
214.62  2.97768e-020
215.642  2.96207e-020
216.664  2.94602e-020
217.686  2.92952e-020
218.708  2.91257e-020
219.73  2.89518e-020
220.752  2.87734e-020
221.774  2.85905e-020
222.796  2.84031e-020
223.818  2.82112e-020
224.84  2.80148e-020
225.862  2.78139e-020
226.884  2.76084e-020
227.906  2.73984e-020
228.928  2.71839e-020
229.95  2.69649e-020
230.972  2.67414e-020
231.994  2.65133e-020
233.016  2.62807e-020
234.038  2.60437e-020
235.06  2.58021e-020
236.082  2.55561e-020
237.104  2.53057e-020
238.126  2.50508e-020
239.148  2.47915e-020
240.17  2.45278e-020
241.192  2.42597e-020
242.214  2.39873e-020
243.236  2.37106e-020
244.258  2.34296e-020
245.28  2.31444e-020
246.302  2.2855e-020
247.324  2.25614e-020
248.346  2.22638e-020
249.368  2.19621e-020
250.39  2.16564e-020
251.412  2.13467e-020
252.434  2.10332e-020
253.456  2.07159e-020
254.478  2.03948e-020
255.5  2.00701e-020
256.522  1.97417e-020
257.544  1.94099e-020
258.566  1.90746e-020
259.588  1.8736e-020
260.61  1.83942e-020
261.632  1.80492e-020
262.654  1.77012e-020
263.676  1.73503e-020
264.698  1.69966e-020
265.72  1.66402e-020
266.742  1.62813e-020
267.764  1.592e-020
268.786  1.55564e-020
269.808  1.51906e-020
270.83  1.4823e-020
271.852  1.44535e-020
272.874  1.40824e-020
273.896  1.37098e-020
274.918  1.33359e-020
275.94  1.2961e-020
276.962  1.25852e-020
277.984  1.22087e-020
279.006  1.18317e-020
280.028  1.14545e-020
281.05  1.10773e-020
282.072  1.07003e-020
283.094  1.03238e-020
284.116  9.948e-021
285.138  9.57326e-021
286.16  9.1998e-021
287.182  8.82793e-021
288.204  8.45794e-021
289.226  8.09014e-021
290.248  7.72487e-021
291.27  7.36245e-021
292.292  7.00322e-021
293.314  6.64756e-021
294.336  6.29582e-021
295.358  5.94839e-021
296.38  5.60567e-021
297.402  5.26807e-021
298.424  4.93601e-021
299.446  4.60993e-021
300.468  4.29028e-021
301.49  3.97753e-021
302.512  3.67216e-021
303.534  3.37467e-021
304.556  3.08556e-021
305.578  2.80538e-021
306.6  2.53467e-021
307.622  2.27399e-021
308.644  2.02392e-021
309.666  1.78506e-021
310.688  1.55804e-021
311.71  1.34348e-021
312.732  1.14205e-021
313.754  9.54407e-022
314.776  7.81261e-022
315.798  6.23325e-022
316.82  4.81334e-022
317.842  3.56046e-022
318.864  2.48241e-022
319.886  1.58721e-022
320.908  8.83061e-023
321.93  3.78418e-023
322.952  8.19031e-024
