1.022  5.81751e-020
2.044  5.75886e-020
3.066  5.70086e-020
4.088  5.64348e-020
5.11  5.58673e-020
6.132  5.53058e-020
7.154  5.47502e-020
8.176  5.42005e-020
9.198  5.36565e-020
10.22  5.31182e-020
11.242  5.25856e-020
12.264  5.20585e-020
13.286  5.1537e-020
14.308  5.10211e-020
15.33  5.05107e-020
16.352  5.00058e-020
17.374  4.95064e-020
18.396  4.90124e-020
19.418  4.85239e-020
20.44  4.80408e-020
21.462  4.75631e-020
22.484  4.70907e-020
23.506  4.66236e-020
24.528  4.61617e-020
25.55  4.57051e-020
26.572  4.52536e-020
27.594  4.48072e-020
28.616  4.43659e-020
29.638  4.39295e-020
30.66  4.34981e-020
31.682  4.30715e-020
32.704  4.26497e-020
33.726  4.22327e-020
34.748  4.18204e-020
35.77  4.14127e-020
36.792  4.10095e-020
37.814  4.06109e-020
38.836  4.02167e-020
39.858  3.98268e-020
40.88  3.94413e-020
41.902  3.906e-020
42.924  3.8683e-020
43.946  3.831e-020
44.968  3.79411e-020
45.99  3.75763e-020
47.012  3.72154e-020
48.034  3.68583e-020
49.056  3.65052e-020
50.078  3.61558e-020
51.1  3.58101e-020
52.122  3.54682e-020
53.144  3.51298e-020
54.166  3.4795e-020
55.188  3.44638e-020
56.21  3.4136e-020
57.232  3.38116e-020
58.254  3.34906e-020
59.276  3.31729e-020
60.298  3.28585e-020
61.32  3.25473e-020
62.342  3.22393e-020
63.364  3.19345e-020
64.386  3.16327e-020
65.408  3.13339e-020
66.43  3.10382e-020
67.452  3.07455e-020
68.474  3.04556e-020
69.496  3.01686e-020
70.518  2.98845e-020
71.54  2.96032e-020
72.562  2.93246e-020
73.584  2.90488e-020
74.606  2.87756e-020
75.628  2.85051e-020
76.65  2.82372e-020
77.672  2.79719e-020
78.694  2.77091e-020
79.716  2.74489e-020
80.738  2.71911e-020
81.76  2.69357e-020
82.782  2.66828e-020
83.804  2.64322e-020
84.826  2.6184e-020
85.848  2.59381e-020
86.87  2.56945e-020
87.892  2.54531e-020
88.914  2.5214e-020
89.936  2.4977e-020
90.958  2.47423e-020
91.98  2.45096e-020
93.002  2.42791e-020
94.024  2.40506e-020
95.046  2.38243e-020
96.068  2.35999e-020
97.09  2.33775e-020
98.112  2.31572e-020
99.134  2.29388e-020
100.156  2.27223e-020
101.178  2.25077e-020
102.2  2.2295e-020
103.222  2.20842e-020
104.244  2.18752e-020
105.266  2.1668e-020
106.288  2.14626e-020
107.31  2.1259e-020
108.332  2.10571e-020
109.354  2.08569e-020
110.376  2.06585e-020
111.398  2.04617e-020
112.42  2.02666e-020
113.442  2.00732e-020
114.464  1.98814e-020
115.486  1.96911e-020
116.508  1.95025e-020
117.53  1.93155e-020
118.552  1.913e-020
119.574  1.8946e-020
120.596  1.87635e-020
121.618  1.85825e-020
122.64  1.84031e-020
123.662  1.8225e-020
124.684  1.80485e-020
125.706  1.78733e-020
126.728  1.76996e-020
127.75  1.75272e-020
128.772  1.73563e-020
129.794  1.71867e-020
130.816  1.70184e-020
131.838  1.68515e-020
132.86  1.6686e-020
133.882  1.65217e-020
134.904  1.63587e-020
135.926  1.6197e-020
136.948  1.60365e-020
137.97  1.58774e-020
138.992  1.57194e-020
140.014  1.55627e-020
141.036  1.54071e-020
142.058  1.52528e-020
143.08  1.50997e-020
144.102  1.49477e-020
145.124  1.47969e-020
146.146  1.46472e-020
147.168  1.44987e-020
148.19  1.43513e-020
149.212  1.4205e-020
150.234  1.40598e-020
151.256  1.39157e-020
152.278  1.37727e-020
153.3  1.36307e-020
154.322  1.34898e-020
155.344  1.33499e-020
156.366  1.32111e-020
157.388  1.30733e-020
158.41  1.29365e-020
159.432  1.28007e-020
160.454  1.2666e-020
161.476  1.25321e-020
162.498  1.23993e-020
163.52  1.22674e-020
164.542  1.21365e-020
165.564  1.20066e-020
166.586  1.18775e-020
167.608  1.17494e-020
168.63  1.16222e-020
169.652  1.1496e-020
170.674  1.13706e-020
171.696  1.12461e-020
172.718  1.11225e-020
173.74  1.09997e-020
174.762  1.08779e-020
175.784  1.07569e-020
176.806  1.06367e-020
177.828  1.05174e-020
178.85  1.03989e-020
179.872  1.02812e-020
180.894  1.01644e-020
181.916  1.00483e-020
182.938  9.9331e-021
183.96  9.81865e-021
184.982  9.70499e-021
186.004  9.59211e-021
187.026  9.47999e-021
188.048  9.36864e-021
189.07  9.25805e-021
190.092  9.14821e-021
191.114  9.0391e-021
192.136  8.93073e-021
193.158  8.82308e-021
194.18  8.71616e-021
195.202  8.60995e-021
196.224  8.50444e-021
197.246  8.39963e-021
198.268  8.29551e-021
199.29  8.19208e-021
200.312  8.08933e-021
201.334  7.98724e-021
202.356  7.88582e-021
203.378  7.78506e-021
204.4  7.68495e-021
205.422  7.58549e-021
206.444  7.48666e-021
207.466  7.38846e-021
208.488  7.29089e-021
209.51  7.19394e-021
210.532  7.0976e-021
211.554  7.00187e-021
212.576  6.90673e-021
213.598  6.81219e-021
214.62  6.71824e-021
215.642  6.62487e-021
216.664  6.53207e-021
217.686  6.43984e-021
218.708  6.34817e-021
219.73  6.25706e-021
220.752  6.16651e-021
221.774  6.07649e-021
222.796  5.98702e-021
223.818  5.89808e-021
224.84  5.80967e-021
225.862  5.72178e-021
226.884  5.63441e-021
227.906  5.54755e-021
228.928  5.4612e-021
229.95  5.37535e-021
230.972  5.28999e-021
231.994  5.20513e-021
233.016  5.12075e-021
234.038  5.03685e-021
235.06  4.95343e-021
236.082  4.87048e-021
237.104  4.788e-021
238.126  4.70598e-021
239.148  4.62442e-021
240.17  4.54331e-021
241.192  4.46265e-021
242.214  4.38245e-021
243.236  4.30268e-021
244.258  4.22336e-021
245.28  4.14447e-021
246.302  4.06602e-021
247.324  3.988e-021
248.346  3.91041e-021
249.368  3.83324e-021
250.39  3.7565e-021
251.412  3.68019e-021
252.434  3.60429e-021
253.456  3.52882e-021
254.478  3.45377e-021
255.5  3.37914e-021
256.522  3.30493e-021
257.544  3.23114e-021
258.566  3.15777e-021
259.588  3.08482e-021
260.61  3.0123e-021
261.632  2.9402e-021
262.654  2.86853e-021
263.676  2.7973e-021
264.698  2.7265e-021
265.72  2.65614e-021
266.742  2.58623e-021
267.764  2.51677e-021
268.786  2.44776e-021
269.808  2.37921e-021
270.83  2.31114e-021
271.852  2.24355e-021
272.874  2.17644e-021
273.896  2.10983e-021
274.918  2.04373e-021
275.94  1.97815e-021
276.962  1.91309e-021
277.984  1.84859e-021
279.006  1.78464e-021
280.028  1.72127e-021
281.05  1.65848e-021
282.072  1.59631e-021
283.094  1.53476e-021
284.116  1.47386e-021
285.138  1.41362e-021
286.16  1.35408e-021
287.182  1.29524e-021
288.204  1.23714e-021
289.226  1.17981e-021
290.248  1.12327e-021
291.27  1.06755e-021
292.292  1.01268e-021
293.314  9.58703e-022
294.336  9.0564e-022
295.358  8.53532e-022
296.38  8.02418e-022
297.402  7.52338e-022
298.424  7.03332e-022
299.446  6.55446e-022
300.468  6.08726e-022
301.49  5.63219e-022
302.512  5.18976e-022
303.534  4.76051e-022
304.556  4.34498e-022
305.578  3.94376e-022
306.6  3.55744e-022
307.622  3.18666e-022
308.644  2.83208e-022
309.666  2.49439e-022
310.688  2.1743e-022
311.71  1.87255e-022
312.732  1.58994e-022
313.754  1.32726e-022
314.776  1.08537e-022
315.798  8.65139e-023
316.82  6.6748e-023
317.842  4.93343e-023
318.864  3.43715e-023
319.886  2.19619e-023
320.908  1.22115e-023
321.93  5.23023e-024
322.952  1.13149e-024
