1.022  3.87637e-020
2.044  3.83451e-020
3.066  3.79313e-020
4.088  3.75221e-020
5.11  3.71175e-020
6.132  3.67174e-020
7.154  3.63218e-020
8.176  3.59305e-020
9.198  3.55434e-020
10.22  3.51606e-020
11.242  3.4782e-020
12.264  3.44076e-020
13.286  3.40373e-020
14.308  3.36711e-020
15.33  3.33091e-020
16.352  3.29511e-020
17.374  3.25972e-020
18.396  3.22473e-020
19.418  3.19015e-020
20.44  3.15597e-020
21.462  3.12219e-020
22.484  3.08879e-020
23.506  3.0558e-020
24.528  3.02318e-020
25.55  2.99096e-020
26.572  2.95911e-020
27.594  2.92764e-020
28.616  2.89654e-020
29.638  2.86581e-020
30.66  2.83544e-020
31.682  2.80543e-020
32.704  2.77578e-020
33.726  2.74647e-020
34.748  2.71752e-020
35.77  2.6889e-020
36.792  2.66062e-020
37.814  2.63267e-020
38.836  2.60505e-020
39.858  2.57775e-020
40.88  2.55077e-020
41.902  2.5241e-020
42.924  2.49775e-020
43.946  2.4717e-020
44.968  2.44595e-020
45.99  2.42049e-020
47.012  2.39533e-020
48.034  2.37046e-020
49.056  2.34587e-020
50.078  2.32156e-020
51.1  2.29753e-020
52.122  2.27377e-020
53.144  2.25028e-020
54.166  2.22706e-020
55.188  2.20409e-020
56.21  2.18138e-020
57.232  2.15893e-020
58.254  2.13673e-020
59.276  2.11477e-020
60.298  2.09306e-020
61.32  2.07158e-020
62.342  2.05035e-020
63.364  2.02934e-020
64.386  2.00857e-020
65.408  1.98802e-020
66.43  1.9677e-020
67.452  1.94759e-020
68.474  1.92771e-020
69.496  1.90804e-020
70.518  1.88858e-020
71.54  1.86933e-020
72.562  1.85029e-020
73.584  1.83145e-020
74.606  1.81281e-020
75.628  1.79437e-020
76.65  1.77612e-020
77.672  1.75807e-020
78.694  1.74021e-020
79.716  1.72253e-020
80.738  1.70504e-020
81.76  1.68773e-020
82.782  1.67061e-020
83.804  1.65366e-020
84.826  1.63689e-020
85.848  1.62029e-020
86.87  1.60386e-020
87.892  1.58761e-020
88.914  1.57152e-020
89.936  1.55559e-020
90.958  1.53983e-020
91.98  1.52423e-020
93.002  1.50879e-020
94.024  1.4935e-020
95.046  1.47837e-020
96.068  1.4634e-020
97.09  1.44857e-020
98.112  1.43389e-020
99.134  1.41936e-020
100.156  1.40498e-020
101.178  1.39074e-020
102.2  1.37665e-020
103.222  1.36269e-020
104.244  1.34887e-020
105.266  1.33519e-020
106.288  1.32165e-020
107.31  1.30824e-020
108.332  1.29496e-020
109.354  1.28181e-020
110.376  1.26879e-020
111.398  1.2559e-020
112.42  1.24314e-020
113.442  1.2305e-020
114.464  1.21798e-020
115.486  1.20559e-020
116.508  1.19331e-020
117.53  1.18116e-020
118.552  1.16912e-020
119.574  1.1572e-020
120.596  1.14539e-020
121.618  1.1337e-020
122.64  1.12212e-020
123.662  1.11065e-020
124.684  1.09929e-020
125.706  1.08804e-020
126.728  1.0769e-020
127.75  1.06587e-020
128.772  1.05493e-020
129.794  1.04411e-020
130.816  1.03338e-020
131.838  1.02276e-020
132.86  1.01224e-020
133.882  1.00182e-020
134.904  9.9149e-021
135.926  9.81263e-021
136.948  9.71132e-021
137.97  9.61095e-021
138.992  9.51153e-021
140.014  9.41304e-021
141.036  9.31547e-021
142.058  9.2188e-021
143.08  9.12304e-021
144.102  9.02817e-021
145.124  8.93418e-021
146.146  8.84106e-021
147.168  8.7488e-021
148.19  8.65739e-021
149.212  8.56683e-021
150.234  8.4771e-021
151.256  8.38819e-021
152.278  8.3001e-021
153.3  8.21282e-021
154.322  8.12633e-021
155.344  8.04064e-021
156.366  7.95572e-021
157.388  7.87158e-021
158.41  7.7882e-021
159.432  7.70557e-021
160.454  7.6237e-021
161.476  7.54256e-021
162.498  7.46215e-021
163.52  7.38247e-021
164.542  7.30349e-021
165.564  7.22523e-021
166.586  7.14767e-021
167.608  7.07079e-021
168.63  6.9946e-021
169.652  6.91908e-021
170.674  6.84423e-021
171.696  6.77005e-021
172.718  6.69651e-021
173.74  6.62362e-021
174.762  6.55136e-021
175.784  6.47974e-021
176.806  6.40873e-021
177.828  6.33834e-021
178.85  6.26856e-021
179.872  6.19938e-021
180.894  6.13079e-021
181.916  6.06279e-021
182.938  5.99537e-021
183.96  5.92851e-021
184.982  5.86222e-021
186.004  5.79649e-021
187.026  5.7313e-021
188.048  5.66666e-021
189.07  5.60255e-021
190.092  5.53896e-021
191.114  5.4759e-021
192.136  5.41335e-021
193.158  5.35131e-021
194.18  5.28977e-021
195.202  5.22872e-021
196.224  5.16815e-021
197.246  5.10806e-021
198.268  5.04844e-021
199.29  4.98928e-021
200.312  4.93058e-021
201.334  4.87233e-021
202.356  4.81452e-021
203.378  4.75714e-021
204.4  4.7002e-021
205.422  4.64367e-021
206.444  4.58755e-021
207.466  4.53184e-021
208.488  4.47653e-021
209.51  4.42161e-021
210.532  4.36708e-021
211.554  4.31292e-021
212.576  4.25913e-021
213.598  4.20571e-021
214.62  4.15264e-021
215.642  4.09992e-021
216.664  4.04754e-021
217.686  3.9955e-021
218.708  3.94378e-021
219.73  3.89238e-021
220.752  3.8413e-021
221.774  3.79052e-021
222.796  3.74004e-021
223.818  3.68985e-021
224.84  3.63995e-021
225.862  3.59032e-021
226.884  3.54096e-021
227.906  3.49187e-021
228.928  3.44304e-021
229.95  3.39445e-021
230.972  3.34611e-021
231.994  3.298e-021
233.016  3.25012e-021
234.038  3.20247e-021
235.06  3.15503e-021
236.082  3.1078e-021
237.104  3.06078e-021
238.126  3.01395e-021
239.148  2.96731e-021
240.17  2.92086e-021
241.192  2.87459e-021
242.214  2.82849e-021
243.236  2.78256e-021
244.258  2.73679e-021
245.28  2.69117e-021
246.302  2.64571e-021
247.324  2.60039e-021
248.346  2.55522e-021
249.368  2.51018e-021
250.39  2.46528e-021
251.412  2.4205e-021
252.434  2.37584e-021
253.456  2.33131e-021
254.478  2.2869e-021
255.5  2.24259e-021
256.522  2.1984e-021
257.544  2.15432e-021
258.566  2.11035e-021
259.588  2.06648e-021
260.61  2.02272e-021
261.632  1.97905e-021
262.654  1.9355e-021
263.676  1.89204e-021
264.698  1.84868e-021
265.72  1.80544e-021
266.742  1.76229e-021
267.764  1.71925e-021
268.786  1.67633e-021
269.808  1.63351e-021
270.83  1.59082e-021
271.852  1.54825e-021
272.874  1.5058e-021
273.896  1.46349e-021
274.918  1.42131e-021
275.94  1.37928e-021
276.962  1.33741e-021
277.984  1.29571e-021
279.006  1.25418e-021
280.028  1.21283e-021
281.05  1.17169e-021
282.072  1.13075e-021
283.094  1.09005e-021
284.116  1.04958e-021
285.138  1.00937e-021
286.16  9.69432e-022
287.182  9.29791e-022
288.204  8.90464e-022
289.226  8.51472e-022
290.248  8.1284e-022
291.27  7.7459e-022
292.292  7.3675e-022
293.314  6.99346e-022
294.336  6.62408e-022
295.358  6.25967e-022
296.38  5.90055e-022
297.402  5.54707e-022
298.424  5.19959e-022
299.446  4.85849e-022
300.468  4.52418e-022
301.49  4.19707e-022
302.512  3.87762e-022
303.534  3.5663e-022
304.556  3.26359e-022
305.578  2.97001e-022
306.6  2.6861e-022
307.622  2.41242e-022
308.644  2.14958e-022
309.666  1.89818e-022
310.688  1.65887e-022
311.71  1.43234e-022
312.732  1.21928e-022
313.754  1.02044e-022
314.776  8.36586e-023
315.798  6.68522e-023
316.82  5.17083e-023
317.842  3.8314e-023
318.864  2.67601e-023
319.886  1.71409e-023
320.908  9.55437e-024
321.93  4.10221e-024
322.952  8.89617e-025
