1.022  1.76058e-020
2.044  1.7652e-020
3.066  1.7698e-020
4.088  1.77437e-020
5.11  1.77893e-020
6.132  1.78346e-020
7.154  1.78797e-020
8.176  1.79245e-020
9.198  1.7969e-020
10.22  1.80132e-020
11.242  1.80572e-020
12.264  1.81009e-020
13.286  1.81443e-020
14.308  1.81876e-020
15.33  1.82305e-020
16.352  1.82733e-020
17.374  1.83159e-020
18.396  1.83583e-020
19.418  1.84005e-020
20.44  1.84426e-020
21.462  1.84845e-020
22.484  1.85263e-020
23.506  1.85679e-020
24.528  1.86095e-020
25.55  1.86509e-020
26.572  1.86922e-020
27.594  1.87335e-020
28.616  1.87746e-020
29.638  1.88156e-020
30.66  1.88566e-020
31.682  1.88974e-020
32.704  1.89381e-020
33.726  1.89788e-020
34.748  1.90194e-020
35.77  1.90598e-020
36.792  1.91002e-020
37.814  1.91404e-020
38.836  1.91806e-020
39.858  1.92206e-020
40.88  1.92605e-020
41.902  1.93004e-020
42.924  1.93401e-020
43.946  1.93796e-020
44.968  1.94191e-020
45.99  1.94584e-020
47.012  1.94975e-020
48.034  1.95366e-020
49.056  1.95754e-020
50.078  1.96142e-020
51.1  1.96527e-020
52.122  1.96911e-020
53.144  1.97293e-020
54.166  1.97674e-020
55.188  1.98053e-020
56.21  1.9843e-020
57.232  1.98805e-020
58.254  1.99178e-020
59.276  1.99549e-020
60.298  1.99918e-020
61.32  2.00284e-020
62.342  2.00649e-020
63.364  2.01011e-020
64.386  2.01372e-020
65.408  2.01729e-020
66.43  2.02085e-020
67.452  2.02438e-020
68.474  2.02788e-020
69.496  2.03136e-020
70.518  2.03481e-020
71.54  2.03824e-020
72.562  2.04164e-020
73.584  2.04501e-020
74.606  2.04835e-020
75.628  2.05167e-020
76.65  2.05495e-020
77.672  2.05821e-020
78.694  2.06144e-020
79.716  2.06463e-020
80.738  2.0678e-020
81.76  2.07093e-020
82.782  2.07403e-020
83.804  2.0771e-020
84.826  2.08014e-020
85.848  2.08314e-020
86.87  2.08611e-020
87.892  2.08905e-020
88.914  2.09195e-020
89.936  2.09481e-020
90.958  2.09764e-020
91.98  2.10043e-020
93.002  2.10319e-020
94.024  2.10591e-020
95.046  2.10859e-020
96.068  2.11124e-020
97.09  2.11385e-020
98.112  2.11641e-020
99.134  2.11894e-020
100.156  2.12143e-020
101.178  2.12389e-020
102.2  2.1263e-020
103.222  2.12867e-020
104.244  2.13099e-020
105.266  2.13328e-020
106.288  2.13553e-020
107.31  2.13773e-020
108.332  2.13989e-020
109.354  2.14201e-020
110.376  2.14408e-020
111.398  2.14611e-020
112.42  2.14809e-020
113.442  2.15004e-020
114.464  2.15193e-020
115.486  2.15378e-020
116.508  2.15558e-020
117.53  2.15734e-020
118.552  2.15905e-020
119.574  2.16071e-020
120.596  2.16233e-020
121.618  2.16389e-020
122.64  2.16541e-020
123.662  2.16688e-020
124.684  2.1683e-020
125.706  2.16967e-020
126.728  2.17098e-020
127.75  2.17225e-020
128.772  2.17346e-020
129.794  2.17462e-020
130.816  2.17573e-020
131.838  2.17679e-020
132.86  2.17779e-020
133.882  2.17873e-020
134.904  2.17962e-020
135.926  2.18046e-020
136.948  2.18124e-020
137.97  2.18196e-020
138.992  2.18262e-020
140.014  2.18322e-020
141.036  2.18376e-020
142.058  2.18425e-020
143.08  2.18467e-020
144.102  2.18503e-020
145.124  2.18533e-020
146.146  2.18556e-020
147.168  2.18573e-020
148.19  2.18584e-020
149.212  2.18588e-020
150.234  2.18585e-020
151.256  2.18575e-020
152.278  2.18558e-020
153.3  2.18535e-020
154.322  2.18504e-020
155.344  2.18466e-020
156.366  2.1842e-020
157.388  2.18367e-020
158.41  2.18307e-020
159.432  2.18239e-020
160.454  2.18163e-020
161.476  2.18078e-020
162.498  2.17986e-020
163.52  2.17885e-020
164.542  2.17776e-020
165.564  2.17659e-020
166.586  2.17533e-020
167.608  2.17397e-020
168.63  2.17253e-020
169.652  2.17099e-020
170.674  2.16937e-020
171.696  2.16764e-020
172.718  2.16582e-020
173.74  2.16389e-020
174.762  2.16187e-020
175.784  2.15974e-020
176.806  2.15751e-020
177.828  2.15517e-020
178.85  2.15272e-020
179.872  2.15016e-020
180.894  2.14748e-020
181.916  2.14469e-020
182.938  2.14177e-020
183.96  2.13874e-020
184.982  2.13558e-020
186.004  2.1323e-020
187.026  2.12889e-020
188.048  2.12534e-020
189.07  2.12167e-020
190.092  2.11785e-020
191.114  2.1139e-020
192.136  2.1098e-020
193.158  2.10556e-020
194.18  2.10117e-020
195.202  2.09663e-020
196.224  2.09193e-020
197.246  2.08708e-020
198.268  2.08206e-020
199.29  2.07688e-020
200.312  2.07154e-020
201.334  2.06602e-020
202.356  2.06033e-020
203.378  2.05447e-020
204.4  2.04842e-020
205.422  2.04219e-020
206.444  2.03577e-020
207.466  2.02916e-020
208.488  2.02235e-020
209.51  2.01534e-020
210.532  2.00814e-020
211.554  2.00073e-020
212.576  1.9931e-020
213.598  1.98527e-020
214.62  1.97721e-020
215.642  1.96894e-020
216.664  1.96044e-020
217.686  1.95171e-020
218.708  1.94275e-020
219.73  1.93355e-020
220.752  1.92412e-020
221.774  1.91443e-020
222.796  1.9045e-020
223.818  1.89432e-020
224.84  1.88388e-020
225.862  1.87319e-020
226.884  1.86223e-020
227.906  1.851e-020
228.928  1.8395e-020
229.95  1.82773e-020
230.972  1.81568e-020
231.994  1.80334e-020
233.016  1.79073e-020
234.038  1.77782e-020
235.06  1.76462e-020
236.082  1.75113e-020
237.104  1.73734e-020
238.126  1.72324e-020
239.148  1.70884e-020
240.17  1.69414e-020
241.192  1.67913e-020
242.214  1.6638e-020
243.236  1.64816e-020
244.258  1.6322e-020
245.28  1.61592e-020
246.302  1.59932e-020
247.324  1.5824e-020
248.346  1.56516e-020
249.368  1.54759e-020
250.39  1.52969e-020
251.412  1.51147e-020
252.434  1.49292e-020
253.456  1.47404e-020
254.478  1.45483e-020
255.5  1.4353e-020
256.522  1.41544e-020
257.544  1.39526e-020
258.566  1.37475e-020
259.588  1.35392e-020
260.61  1.33277e-020
261.632  1.31131e-020
262.654  1.28953e-020
263.676  1.26744e-020
264.698  1.24505e-020
265.72  1.22235e-020
266.742  1.19935e-020
267.764  1.17607e-020
268.786  1.1525e-020
269.808  1.12865e-020
270.83  1.10454e-020
271.852  1.08016e-020
272.874  1.05552e-020
273.896  1.03064e-020
274.918  1.00553e-020
275.94  9.80196e-021
276.962  9.54649e-021
277.984  9.28903e-021
279.006  9.02972e-021
280.028  8.7687e-021
281.05  8.50611e-021
282.072  8.24212e-021
283.094  7.97691e-021
284.116  7.71065e-021
285.138  7.44353e-021
286.16  7.17576e-021
287.182  6.90755e-021
288.204  6.63913e-021
289.226  6.37073e-021
290.248  6.10261e-021
291.27  5.83502e-021
292.292  5.56826e-021
293.314  5.3026e-021
294.336  5.03835e-021
295.358  4.77583e-021
296.38  4.51538e-021
297.402  4.25735e-021
298.424  4.0021e-021
299.446  3.75002e-021
300.468  3.50151e-021
301.49  3.25699e-021
302.512  3.0169e-021
303.534  2.78169e-021
304.556  2.55184e-021
305.578  2.32785e-021
306.6  2.11023e-021
307.622  1.89952e-021
308.644  1.69628e-021
309.666  1.50109e-021
310.688  1.31457e-021
311.71  1.13734e-021
312.732  9.7005e-022
313.754  8.1339e-022
314.776  6.68062e-022
315.798  5.34799e-022
316.82  4.1436e-022
317.842  3.07535e-022
318.864  2.15138e-022
319.886  1.38017e-022
320.908  7.70453e-023
321.93  3.31271e-023
322.952  7.19393e-024
