1.022  9.58487e-020
2.044  9.55887e-020
3.066  9.53311e-020
4.088  9.50757e-020
5.11  9.48225e-020
6.132  9.45713e-020
7.154  9.43221e-020
8.176  9.40747e-020
9.198  9.3829e-020
10.22  9.35851e-020
11.242  9.33428e-020
12.264  9.31023e-020
13.286  9.28635e-020
14.308  9.26265e-020
15.33  9.23913e-020
16.352  9.21581e-020
17.374  9.19268e-020
18.396  9.16974e-020
19.418  9.14701e-020
20.44  9.12449e-020
21.462  9.10218e-020
22.484  9.08008e-020
23.506  9.05819e-020
24.528  9.03651e-020
25.55  9.01505e-020
26.572  8.9938e-020
27.594  8.97276e-020
28.616  8.95193e-020
29.638  8.93131e-020
30.66  8.9109e-020
31.682  8.89069e-020
32.704  8.87069e-020
33.726  8.85088e-020
34.748  8.83126e-020
35.77  8.81184e-020
36.792  8.79261e-020
37.814  8.77356e-020
38.836  8.75469e-020
39.858  8.73599e-020
40.88  8.71747e-020
41.902  8.69912e-020
42.924  8.68093e-020
43.946  8.66289e-020
44.968  8.64502e-020
45.99  8.62729e-020
47.012  8.60971e-020
48.034  8.59227e-020
49.056  8.57497e-020
50.078  8.5578e-020
51.1  8.54076e-020
52.122  8.52384e-020
53.144  8.50705e-020
54.166  8.49037e-020
55.188  8.4738e-020
56.21  8.45735e-020
57.232  8.44099e-020
58.254  8.42474e-020
59.276  8.40858e-020
60.298  8.39251e-020
61.32  8.37653e-020
62.342  8.36064e-020
63.364  8.34482e-020
64.386  8.32909e-020
65.408  8.31342e-020
66.43  8.29783e-020
67.452  8.2823e-020
68.474  8.26683e-020
69.496  8.25142e-020
70.518  8.23607e-020
71.54  8.22077e-020
72.562  8.20552e-020
73.584  8.19031e-020
74.606  8.17515e-020
75.628  8.16002e-020
76.65  8.14493e-020
77.672  8.12987e-020
78.694  8.11485e-020
79.716  8.09984e-020
80.738  8.08487e-020
81.76  8.06991e-020
82.782  8.05497e-020
83.804  8.04005e-020
84.826  8.02514e-020
85.848  8.01024e-020
86.87  7.99535e-020
87.892  7.98046e-020
88.914  7.96557e-020
89.936  7.95068e-020
90.958  7.93579e-020
91.98  7.9209e-020
93.002  7.90599e-020
94.024  7.89108e-020
95.046  7.87615e-020
96.068  7.86121e-020
97.09  7.84625e-020
98.112  7.83127e-020
99.134  7.81626e-020
100.156  7.80124e-020
101.178  7.78618e-020
102.2  7.7711e-020
103.222  7.75599e-020
104.244  7.74085e-020
105.266  7.72567e-020
106.288  7.71045e-020
107.31  7.6952e-020
108.332  7.6799e-020
109.354  7.66456e-020
110.376  7.64918e-020
111.398  7.63375e-020
112.42  7.61827e-020
113.442  7.60274e-020
114.464  7.58716e-020
115.486  7.57153e-020
116.508  7.55584e-020
117.53  7.54009e-020
118.552  7.52428e-020
119.574  7.50841e-020
120.596  7.49248e-020
121.618  7.47648e-020
122.64  7.46041e-020
123.662  7.44428e-020
124.684  7.42808e-020
125.706  7.4118e-020
126.728  7.39545e-020
127.75  7.37903e-020
128.772  7.36252e-020
129.794  7.34594e-020
130.816  7.32928e-020
131.838  7.31253e-020
132.86  7.2957e-020
133.882  7.27878e-020
134.904  7.26177e-020
135.926  7.24468e-020
136.948  7.22749e-020
137.97  7.2102e-020
138.992  7.19282e-020
140.014  7.17535e-020
141.036  7.15777e-020
142.058  7.14009e-020
143.08  7.1223e-020
144.102  7.10441e-020
145.124  7.08641e-020
146.146  7.0683e-020
147.168  7.05008e-020
148.19  7.03174e-020
149.212  7.01329e-020
150.234  6.99471e-020
151.256  6.97601e-020
152.278  6.95719e-020
153.3  6.93824e-020
154.322  6.91917e-020
155.344  6.89996e-020
156.366  6.88061e-020
157.388  6.86113e-020
158.41  6.84151e-020
159.432  6.82175e-020
160.454  6.80184e-020
161.476  6.78178e-020
162.498  6.76157e-020
163.52  6.74121e-020
164.542  6.72068e-020
165.564  6.7e-020
166.586  6.67915e-020
167.608  6.65813e-020
168.63  6.63695e-020
169.652  6.61558e-020
170.674  6.59404e-020
171.696  6.57232e-020
172.718  6.55041e-020
173.74  6.52831e-020
174.762  6.50602e-020
175.784  6.48353e-020
176.806  6.46083e-020
177.828  6.43793e-020
178.85  6.41482e-020
179.872  6.3915e-020
180.894  6.36795e-020
181.916  6.34418e-020
182.938  6.32018e-020
183.96  6.29594e-020
184.982  6.27147e-020
186.004  6.24675e-020
187.026  6.22179e-020
188.048  6.19656e-020
189.07  6.17108e-020
190.092  6.14534e-020
191.114  6.11932e-020
192.136  6.09302e-020
193.158  6.06644e-020
194.18  6.03958e-020
195.202  6.01242e-020
196.224  5.98496e-020
197.246  5.95719e-020
198.268  5.92911e-020
199.29  5.90071e-020
200.312  5.87199e-020
201.334  5.84293e-020
202.356  5.81354e-020
203.378  5.7838e-020
204.4  5.7537e-020
205.422  5.72325e-020
206.444  5.69243e-020
207.466  5.66124e-020
208.488  5.62967e-020
209.51  5.59772e-020
210.532  5.56537e-020
211.554  5.53261e-020
212.576  5.49945e-020
213.598  5.46587e-020
214.62  5.43187e-020
215.642  5.39744e-020
216.664  5.36258e-020
217.686  5.32726e-020
218.708  5.2915e-020
219.73  5.25527e-020
220.752  5.21858e-020
221.774  5.18141e-020
222.796  5.14376e-020
223.818  5.10562e-020
224.84  5.06698e-020
225.862  5.02784e-020
226.884  4.9882e-020
227.906  4.94803e-020
228.928  4.90734e-020
229.95  4.86612e-020
230.972  4.82436e-020
231.994  4.78206e-020
233.016  4.73921e-020
234.038  4.6958e-020
235.06  4.65183e-020
236.082  4.60729e-020
237.104  4.56218e-020
238.126  4.51649e-020
239.148  4.47022e-020
240.17  4.42336e-020
241.192  4.37591e-020
242.214  4.32786e-020
243.236  4.27921e-020
244.258  4.22996e-020
245.28  4.18011e-020
246.302  4.12964e-020
247.324  4.07857e-020
248.346  4.02689e-020
249.368  3.97459e-020
250.39  3.92168e-020
251.412  3.86817e-020
252.434  3.81403e-020
253.456  3.75929e-020
254.478  3.70395e-020
255.5  3.64799e-020
256.522  3.59144e-020
257.544  3.53429e-020
258.566  3.47655e-020
259.588  3.41822e-020
260.61  3.35932e-020
261.632  3.29984e-020
262.654  3.2398e-020
263.676  3.17922e-020
264.698  3.11809e-020
265.72  3.05643e-020
266.742  2.99426e-020
267.764  2.93159e-020
268.786  2.86844e-020
269.808  2.80482e-020
270.83  2.74075e-020
271.852  2.67625e-020
272.874  2.61134e-020
273.896  2.54605e-020
274.918  2.4804e-020
275.94  2.41442e-020
276.962  2.34814e-020
277.984  2.28158e-020
279.006  2.21477e-020
280.028  2.14776e-020
281.05  2.08058e-020
282.072  2.01326e-020
283.094  1.94584e-020
284.116  1.87837e-020
285.138  1.8109e-020
286.16  1.74346e-020
287.182  1.67611e-020
288.204  1.6089e-020
289.226  1.54189e-020
290.248  1.47513e-020
291.27  1.40868e-020
292.292  1.34262e-020
293.314  1.27699e-020
294.336  1.21188e-020
295.358  1.14735e-020
296.38  1.08349e-020
297.402  1.02037e-020
298.424  9.58075e-021
299.446  8.96692e-021
300.468  8.36311e-021
301.49  7.77029e-021
302.512  7.18942e-021
303.534  6.62155e-021
304.556  6.06774e-021
305.578  5.52912e-021
306.6  5.00683e-021
307.622  4.50209e-021
308.644  4.01615e-021
309.666  3.55032e-021
310.688  3.10595e-021
311.71  2.68446e-021
312.732  2.2873e-021
313.754  1.91599e-021
314.776  1.5721e-021
315.798  1.25727e-021
316.82  9.73185e-022
317.842  7.21597e-022
318.864  5.0432e-022
319.886  3.23231e-022
320.908  1.8027e-022
321.93  7.74391e-023
322.952  1.68015e-023
