1.022  1.73651e-019
2.044  1.73013e-019
3.066  1.72382e-019
4.088  1.71756e-019
5.11  1.71135e-019
6.132  1.7052e-019
7.154  1.69909e-019
8.176  1.69303e-019
9.198  1.68702e-019
10.22  1.68105e-019
11.242  1.67512e-019
12.264  1.66924e-019
13.286  1.6634e-019
14.308  1.65761e-019
15.33  1.65186e-019
16.352  1.64617e-019
17.374  1.64052e-019
18.396  1.63491e-019
19.418  1.62936e-019
20.44  1.62386e-019
21.462  1.6184e-019
22.484  1.613e-019
23.506  1.60765e-019
24.528  1.60234e-019
25.55  1.59709e-019
26.572  1.59188e-019
27.594  1.58673e-019
28.616  1.58163e-019
29.638  1.57657e-019
30.66  1.57156e-019
31.682  1.5666e-019
32.704  1.56169e-019
33.726  1.55682e-019
34.748  1.552e-019
35.77  1.54722e-019
36.792  1.54249e-019
37.814  1.5378e-019
38.836  1.53315e-019
39.858  1.52855e-019
40.88  1.52398e-019
41.902  1.51945e-019
42.924  1.51497e-019
43.946  1.51052e-019
44.968  1.50611e-019
45.99  1.50174e-019
47.012  1.4974e-019
48.034  1.49309e-019
49.056  1.48882e-019
50.078  1.48458e-019
51.1  1.48038e-019
52.122  1.47621e-019
53.144  1.47206e-019
54.166  1.46795e-019
55.188  1.46386e-019
56.21  1.4598e-019
57.232  1.45577e-019
58.254  1.45177e-019
59.276  1.44779e-019
60.298  1.44384e-019
61.32  1.43991e-019
62.342  1.436e-019
63.364  1.43212e-019
64.386  1.42826e-019
65.408  1.42442e-019
66.43  1.4206e-019
67.452  1.4168e-019
68.474  1.41302e-019
69.496  1.40926e-019
70.518  1.40551e-019
71.54  1.40178e-019
72.562  1.39807e-019
73.584  1.39438e-019
74.606  1.3907e-019
75.628  1.38703e-019
76.65  1.38338e-019
77.672  1.37974e-019
78.694  1.37612e-019
79.716  1.3725e-019
80.738  1.3689e-019
81.76  1.36531e-019
82.782  1.36173e-019
83.804  1.35816e-019
84.826  1.3546e-019
85.848  1.35105e-019
86.87  1.34751e-019
87.892  1.34397e-019
88.914  1.34044e-019
89.936  1.33692e-019
90.958  1.33341e-019
91.98  1.3299e-019
93.002  1.3264e-019
94.024  1.3229e-019
95.046  1.31941e-019
96.068  1.31592e-019
97.09  1.31244e-019
98.112  1.30895e-019
99.134  1.30548e-019
100.156  1.302e-019
101.178  1.29853e-019
102.2  1.29506e-019
103.222  1.29159e-019
104.244  1.28812e-019
105.266  1.28465e-019
106.288  1.28118e-019
107.31  1.27771e-019
108.332  1.27424e-019
109.354  1.27077e-019
110.376  1.2673e-019
111.398  1.26382e-019
112.42  1.26035e-019
113.442  1.25687e-019
114.464  1.25339e-019
115.486  1.24991e-019
116.508  1.24642e-019
117.53  1.24293e-019
118.552  1.23944e-019
119.574  1.23594e-019
120.596  1.23243e-019
121.618  1.22893e-019
122.64  1.22541e-019
123.662  1.22189e-019
124.684  1.21837e-019
125.706  1.21484e-019
126.728  1.2113e-019
127.75  1.20775e-019
128.772  1.2042e-019
129.794  1.20064e-019
130.816  1.19707e-019
131.838  1.1935e-019
132.86  1.18991e-019
133.882  1.18632e-019
134.904  1.18272e-019
135.926  1.17911e-019
136.948  1.17549e-019
137.97  1.17186e-019
138.992  1.16822e-019
140.014  1.16456e-019
141.036  1.1609e-019
142.058  1.15723e-019
143.08  1.15354e-019
144.102  1.14985e-019
145.124  1.14614e-019
146.146  1.14241e-019
147.168  1.13868e-019
148.19  1.13493e-019
149.212  1.13117e-019
150.234  1.12739e-019
151.256  1.1236e-019
152.278  1.11979e-019
153.3  1.11597e-019
154.322  1.11214e-019
155.344  1.10828e-019
156.366  1.10442e-019
157.388  1.10053e-019
158.41  1.09663e-019
159.432  1.09271e-019
160.454  1.08877e-019
161.476  1.08481e-019
162.498  1.08084e-019
163.52  1.07684e-019
164.542  1.07283e-019
165.564  1.0688e-019
166.586  1.06474e-019
167.608  1.06067e-019
168.63  1.05657e-019
169.652  1.05245e-019
170.674  1.0483e-019
171.696  1.04414e-019
172.718  1.03995e-019
173.74  1.03573e-019
174.762  1.03149e-019
175.784  1.02723e-019
176.806  1.02294e-019
177.828  1.01862e-019
178.85  1.01427e-019
179.872  1.0099e-019
180.894  1.0055e-019
181.916  1.00107e-019
182.938  9.96606e-020
183.96  9.92114e-020
184.982  9.87591e-020
186.004  9.83035e-020
187.026  9.78447e-020
188.048  9.73825e-020
189.07  9.69169e-020
190.092  9.64478e-020
191.114  9.59751e-020
192.136  9.54987e-020
193.158  9.50186e-020
194.18  9.45347e-020
195.202  9.40469e-020
196.224  9.3555e-020
197.246  9.30591e-020
198.268  9.25591e-020
199.29  9.20547e-020
200.312  9.15461e-020
201.334  9.1033e-020
202.356  9.05153e-020
203.378  8.99931e-020
204.4  8.94661e-020
205.422  8.89343e-020
206.444  8.83977e-020
207.466  8.7856e-020
208.488  8.73092e-020
209.51  8.67573e-020
210.532  8.62e-020
211.554  8.56374e-020
212.576  8.50693e-020
213.598  8.44955e-020
214.62  8.39161e-020
215.642  8.33309e-020
216.664  8.27398e-020
217.686  8.21427e-020
218.708  8.15395e-020
219.73  8.09302e-020
220.752  8.03145e-020
221.774  7.96924e-020
222.796  7.90639e-020
223.818  7.84287e-020
224.84  7.77869e-020
225.862  7.71383e-020
226.884  7.64828e-020
227.906  7.58203e-020
228.928  7.51507e-020
229.95  7.4474e-020
230.972  7.37901e-020
231.994  7.30988e-020
233.016  7.24002e-020
234.038  7.1694e-020
235.06  7.09803e-020
236.082  7.02589e-020
237.104  6.95298e-020
238.126  6.8793e-020
239.148  6.80482e-020
240.17  6.72956e-020
241.192  6.65351e-020
242.214  6.57665e-020
243.236  6.49899e-020
244.258  6.42052e-020
245.28  6.34123e-020
246.302  6.26114e-020
247.324  6.18022e-020
248.346  6.09849e-020
249.368  6.01595e-020
250.39  5.93258e-020
251.412  5.8484e-020
252.434  5.7634e-020
253.456  5.6776e-020
254.478  5.59098e-020
255.5  5.50357e-020
256.522  5.41536e-020
257.544  5.32636e-020
258.566  5.23658e-020
259.588  5.14603e-020
260.61  5.05472e-020
261.632  4.96267e-020
262.654  4.86988e-020
263.676  4.77637e-020
264.698  4.68216e-020
265.72  4.58728e-020
266.742  4.49173e-020
267.764  4.39554e-020
268.786  4.29873e-020
269.808  4.20133e-020
270.83  4.10337e-020
271.852  4.00488e-020
272.874  3.90589e-020
273.896  3.80643e-020
274.918  3.70654e-020
275.94  3.60626e-020
276.962  3.50563e-020
277.984  3.4047e-020
279.006  3.30351e-020
280.028  3.20211e-020
281.05  3.10056e-020
282.072  2.9989e-020
283.094  2.8972e-020
284.116  2.79553e-020
285.138  2.69394e-020
286.16  2.5925e-020
287.182  2.4913e-020
288.204  2.39039e-020
289.226  2.28987e-020
290.248  2.18982e-020
291.27  2.09032e-020
292.292  1.99148e-020
293.314  1.89337e-020
294.336  1.79611e-020
295.358  1.69981e-020
296.38  1.60457e-020
297.402  1.5105e-020
298.424  1.41774e-020
299.446  1.3264e-020
300.468  1.23661e-020
301.49  1.14852e-020
302.512  1.06227e-020
303.534  9.78007e-021
304.556  8.95884e-021
305.578  8.16063e-021
306.6  7.38713e-021
307.622  6.64008e-021
308.644  5.9213e-021
309.666  5.23268e-021
310.688  4.57618e-021
311.71  3.95382e-021
312.732  3.36773e-021
313.754  2.82009e-021
314.776  2.31317e-021
315.798  1.84932e-021
316.82  1.431e-021
317.842  1.06072e-021
318.864  7.41096e-022
319.886  4.74838e-022
320.908  2.6474e-022
321.93  1.1369e-022
322.952  2.46593e-023
