1.022  2.04727e-019
2.044  2.03932e-019
3.066  2.03144e-019
4.088  2.02363e-019
5.11  2.01589e-019
6.132  2.0082e-019
7.154  2.00059e-019
8.176  1.99302e-019
9.198  1.98552e-019
10.22  1.97807e-019
11.242  1.97068e-019
12.264  1.96335e-019
13.286  1.95607e-019
14.308  1.94884e-019
15.33  1.94168e-019
16.352  1.93457e-019
17.374  1.92753e-019
18.396  1.92054e-019
19.418  1.91362e-019
20.44  1.90676e-019
21.462  1.89996e-019
22.484  1.89322e-019
23.506  1.88654e-019
24.528  1.87993e-019
25.55  1.87338e-019
26.572  1.86689e-019
27.594  1.86046e-019
28.616  1.8541e-019
29.638  1.84779e-019
30.66  1.84154e-019
31.682  1.83536e-019
32.704  1.82923e-019
33.726  1.82316e-019
34.748  1.81714e-019
35.77  1.81118e-019
36.792  1.80528e-019
37.814  1.79942e-019
38.836  1.79363e-019
39.858  1.78788e-019
40.88  1.78218e-019
41.902  1.77654e-019
42.924  1.77094e-019
43.946  1.76539e-019
44.968  1.75988e-019
45.99  1.75442e-019
47.012  1.74901e-019
48.034  1.74364e-019
49.056  1.73831e-019
50.078  1.73302e-019
51.1  1.72778e-019
52.122  1.72257e-019
53.144  1.7174e-019
54.166  1.71227e-019
55.188  1.70717e-019
56.21  1.70211e-019
57.232  1.69708e-019
58.254  1.69209e-019
59.276  1.68713e-019
60.298  1.6822e-019
61.32  1.6773e-019
62.342  1.67243e-019
63.364  1.66759e-019
64.386  1.66278e-019
65.408  1.658e-019
66.43  1.65324e-019
67.452  1.64851e-019
68.474  1.6438e-019
69.496  1.63911e-019
70.518  1.63445e-019
71.54  1.62981e-019
72.562  1.62519e-019
73.584  1.6206e-019
74.606  1.61602e-019
75.628  1.61146e-019
76.65  1.60692e-019
77.672  1.6024e-019
78.694  1.5979e-019
79.716  1.59341e-019
80.738  1.58894e-019
81.76  1.58448e-019
82.782  1.58004e-019
83.804  1.57561e-019
84.826  1.57119e-019
85.848  1.56679e-019
86.87  1.5624e-019
87.892  1.55802e-019
88.914  1.55365e-019
89.936  1.54929e-019
90.958  1.54494e-019
91.98  1.5406e-019
93.002  1.53627e-019
94.024  1.53195e-019
95.046  1.52763e-019
96.068  1.52332e-019
97.09  1.51902e-019
98.112  1.51472e-019
99.134  1.51043e-019
100.156  1.50614e-019
101.178  1.50186e-019
102.2  1.49758e-019
103.222  1.49331e-019
104.244  1.48903e-019
105.266  1.48476e-019
106.288  1.4805e-019
107.31  1.47623e-019
108.332  1.47196e-019
109.354  1.4677e-019
110.376  1.46344e-019
111.398  1.45917e-019
112.42  1.45491e-019
113.442  1.45064e-019
114.464  1.44638e-019
115.486  1.44211e-019
116.508  1.43784e-019
117.53  1.43356e-019
118.552  1.42929e-019
119.574  1.42501e-019
120.596  1.42073e-019
121.618  1.41644e-019
122.64  1.41215e-019
123.662  1.40785e-019
124.684  1.40355e-019
125.706  1.39924e-019
126.728  1.39493e-019
127.75  1.39061e-019
128.772  1.38629e-019
129.794  1.38195e-019
130.816  1.37761e-019
131.838  1.37326e-019
132.86  1.36891e-019
133.882  1.36454e-019
134.904  1.36017e-019
135.926  1.35579e-019
136.948  1.3514e-019
137.97  1.34699e-019
138.992  1.34258e-019
140.014  1.33816e-019
141.036  1.33372e-019
142.058  1.32928e-019
143.08  1.32482e-019
144.102  1.32035e-019
145.124  1.31587e-019
146.146  1.31138e-019
147.168  1.30687e-019
148.19  1.30235e-019
149.212  1.29781e-019
150.234  1.29326e-019
151.256  1.2887e-019
152.278  1.28411e-019
153.3  1.27952e-019
154.322  1.2749e-019
155.344  1.27028e-019
156.366  1.26563e-019
157.388  1.26096e-019
158.41  1.25628e-019
159.432  1.25158e-019
160.454  1.24686e-019
161.476  1.24212e-019
162.498  1.23736e-019
163.52  1.23258e-019
164.542  1.22778e-019
165.564  1.22296e-019
166.586  1.21812e-019
167.608  1.21325e-019
168.63  1.20836e-019
169.652  1.20344e-019
170.674  1.19851e-019
171.696  1.19354e-019
172.718  1.18855e-019
173.74  1.18354e-019
174.762  1.1785e-019
175.784  1.17343e-019
176.806  1.16833e-019
177.828  1.1632e-019
178.85  1.15805e-019
179.872  1.15286e-019
180.894  1.14765e-019
181.916  1.1424e-019
182.938  1.13712e-019
183.96  1.1318e-019
184.982  1.12645e-019
186.004  1.12107e-019
187.026  1.11565e-019
188.048  1.1102e-019
189.07  1.10471e-019
190.092  1.09918e-019
191.114  1.09361e-019
192.136  1.088e-019
193.158  1.08235e-019
194.18  1.07666e-019
195.202  1.07092e-019
196.224  1.06515e-019
197.246  1.05933e-019
198.268  1.05346e-019
199.29  1.04755e-019
200.312  1.04159e-019
201.334  1.03558e-019
202.356  1.02952e-019
203.378  1.02341e-019
204.4  1.01725e-019
205.422  1.01104e-019
206.444  1.00478e-019
207.466  9.98457e-020
208.488  9.92082e-020
209.51  9.8565e-020
210.532  9.7916e-020
211.554  9.72611e-020
212.576  9.66003e-020
213.598  9.59333e-020
214.62  9.52601e-020
215.642  9.45806e-020
216.664  9.38947e-020
217.686  9.32022e-020
218.708  9.25031e-020
219.73  9.17972e-020
220.752  9.10844e-020
221.774  9.03646e-020
222.796  8.96378e-020
223.818  8.89037e-020
224.84  8.81623e-020
225.862  8.74135e-020
226.884  8.66572e-020
227.906  8.58932e-020
228.928  8.51216e-020
229.95  8.43421e-020
230.972  8.35547e-020
231.994  8.27593e-020
233.016  8.19558e-020
234.038  8.11441e-020
235.06  8.03241e-020
236.082  7.94957e-020
237.104  7.8659e-020
238.126  7.78137e-020
239.148  7.69599e-020
240.17  7.60974e-020
241.192  7.52263e-020
242.214  7.43464e-020
243.236  7.34577e-020
244.258  7.25602e-020
245.28  7.16538e-020
246.302  7.07385e-020
247.324  6.98143e-020
248.346  6.88812e-020
249.368  6.79392e-020
250.39  6.69883e-020
251.412  6.60285e-020
252.434  6.50598e-020
253.456  6.40822e-020
254.478  6.30959e-020
255.5  6.21009e-020
256.522  6.10972e-020
257.544  6.00849e-020
258.566  5.90642e-020
259.588  5.8035e-020
260.61  5.69977e-020
261.632  5.59522e-020
262.654  5.48989e-020
263.676  5.38377e-020
264.698  5.2769e-020
265.72  5.16929e-020
266.742  5.06097e-020
267.764  4.95195e-020
268.786  4.84228e-020
269.808  4.73197e-020
270.83  4.62107e-020
271.852  4.50959e-020
272.874  4.39758e-020
273.896  4.28508e-020
274.918  4.17212e-020
275.94  4.05876e-020
276.962  3.94503e-020
277.984  3.831e-020
279.006  3.7167e-020
280.028  3.6022e-020
281.05  3.48755e-020
282.072  3.37282e-020
283.094  3.25807e-020
284.116  3.14338e-020
285.138  3.02881e-020
286.16  2.91444e-020
287.182  2.80035e-020
288.204  2.68664e-020
289.226  2.57338e-020
290.248  2.46068e-020
291.27  2.34863e-020
292.292  2.23733e-020
293.314  2.12689e-020
294.336  2.01743e-020
295.358  1.90906e-020
296.38  1.80191e-020
297.402  1.6961e-020
298.424  1.59178e-020
299.446  1.48908e-020
300.468  1.38815e-020
301.49  1.28914e-020
302.512  1.19221e-020
303.534  1.09753e-020
304.556  1.00528e-020
305.578  9.15626e-021
306.6  8.28761e-021
307.622  7.44882e-021
308.644  6.64189e-021
309.666  5.86894e-021
310.688  5.13215e-021
311.71  4.43379e-021
312.732  3.77622e-021
313.754  3.16188e-021
314.776  2.5933e-021
315.798  2.07311e-021
316.82  1.60403e-021
317.842  1.18887e-021
318.864  8.30565e-022
319.886  5.32119e-022
320.908  2.96653e-022
321.93  1.27385e-022
322.952  2.76274e-023
