1.022  2.2123e-019
2.044  2.2035e-019
3.066  2.19477e-019
4.088  2.18613e-019
5.11  2.17755e-019
6.132  2.16905e-019
7.154  2.16062e-019
8.176  2.15225e-019
9.198  2.14395e-019
10.22  2.1357e-019
11.242  2.12752e-019
12.264  2.11941e-019
13.286  2.11135e-019
14.308  2.10336e-019
15.33  2.09543e-019
16.352  2.08757e-019
17.374  2.07977e-019
18.396  2.07204e-019
19.418  2.06438e-019
20.44  2.05679e-019
21.462  2.04927e-019
22.484  2.04181e-019
23.506  2.03442e-019
24.528  2.02711e-019
25.55  2.01986e-019
26.572  2.01268e-019
27.594  2.00556e-019
28.616  1.99852e-019
29.638  1.99154e-019
30.66  1.98463e-019
31.682  1.97778e-019
32.704  1.971e-019
33.726  1.96428e-019
34.748  1.95762e-019
35.77  1.95103e-019
36.792  1.94449e-019
37.814  1.93801e-019
38.836  1.9316e-019
39.858  1.92524e-019
40.88  1.91893e-019
41.902  1.91268e-019
42.924  1.90649e-019
43.946  1.90034e-019
44.968  1.89425e-019
45.99  1.88821e-019
47.012  1.88222e-019
48.034  1.87627e-019
49.056  1.87038e-019
50.078  1.86452e-019
51.1  1.85872e-019
52.122  1.85295e-019
53.144  1.84723e-019
54.166  1.84155e-019
55.188  1.83591e-019
56.21  1.83031e-019
57.232  1.82475e-019
58.254  1.81923e-019
59.276  1.81374e-019
60.298  1.80829e-019
61.32  1.80287e-019
62.342  1.79748e-019
63.364  1.79213e-019
64.386  1.78681e-019
65.408  1.78151e-019
66.43  1.77625e-019
67.452  1.77102e-019
68.474  1.76581e-019
69.496  1.76063e-019
70.518  1.75548e-019
71.54  1.75035e-019
72.562  1.74525e-019
73.584  1.74016e-019
74.606  1.73511e-019
75.628  1.73007e-019
76.65  1.72505e-019
77.672  1.72006e-019
78.694  1.71508e-019
79.716  1.71013e-019
80.738  1.70519e-019
81.76  1.70026e-019
82.782  1.69536e-019
83.804  1.69047e-019
84.826  1.6856e-019
85.848  1.68074e-019
86.87  1.67589e-019
87.892  1.67106e-019
88.914  1.66624e-019
89.936  1.66143e-019
90.958  1.65663e-019
91.98  1.65185e-019
93.002  1.64707e-019
94.024  1.6423e-019
95.046  1.63755e-019
96.068  1.6328e-019
97.09  1.62805e-019
98.112  1.62332e-019
99.134  1.61859e-019
100.156  1.61387e-019
101.178  1.60916e-019
102.2  1.60444e-019
103.222  1.59974e-019
104.244  1.59504e-019
105.266  1.59034e-019
106.288  1.58564e-019
107.31  1.58095e-019
108.332  1.57626e-019
109.354  1.57157e-019
110.376  1.56688e-019
111.398  1.5622e-019
112.42  1.55751e-019
113.442  1.55282e-019
114.464  1.54814e-019
115.486  1.54345e-019
116.508  1.53876e-019
117.53  1.53407e-019
118.552  1.52937e-019
119.574  1.52468e-019
120.596  1.51998e-019
121.618  1.51527e-019
122.64  1.51057e-019
123.662  1.50586e-019
124.684  1.50114e-019
125.706  1.49642e-019
126.728  1.49169e-019
127.75  1.48696e-019
128.772  1.48222e-019
129.794  1.47748e-019
130.816  1.47272e-019
131.838  1.46796e-019
132.86  1.46319e-019
133.882  1.45842e-019
134.904  1.45363e-019
135.926  1.44884e-019
136.948  1.44404e-019
137.97  1.43922e-019
138.992  1.4344e-019
140.014  1.42957e-019
141.036  1.42472e-019
142.058  1.41986e-019
143.08  1.415e-019
144.102  1.41011e-019
145.124  1.40522e-019
146.146  1.40032e-019
147.168  1.3954e-019
148.19  1.39046e-019
149.212  1.38551e-019
150.234  1.38055e-019
151.256  1.37557e-019
152.278  1.37058e-019
153.3  1.36557e-019
154.322  1.36054e-019
155.344  1.3555e-019
156.366  1.35044e-019
157.388  1.34536e-019
158.41  1.34026e-019
159.432  1.33515e-019
160.454  1.33001e-019
161.476  1.32486e-019
162.498  1.31968e-019
163.52  1.31448e-019
164.542  1.30926e-019
165.564  1.30402e-019
166.586  1.29876e-019
167.608  1.29347e-019
168.63  1.28816e-019
169.652  1.28283e-019
170.674  1.27746e-019
171.696  1.27208e-019
172.718  1.26667e-019
173.74  1.26123e-019
174.762  1.25576e-019
175.784  1.25026e-019
176.806  1.24474e-019
177.828  1.23918e-019
178.85  1.23359e-019
179.872  1.22798e-019
180.894  1.22233e-019
181.916  1.21665e-019
182.938  1.21093e-019
183.96  1.20518e-019
184.982  1.19939e-019
186.004  1.19357e-019
187.026  1.18771e-019
188.048  1.18182e-019
189.07  1.17588e-019
190.092  1.16991e-019
191.114  1.16389e-019
192.136  1.15784e-019
193.158  1.15174e-019
194.18  1.1456e-019
195.202  1.13941e-019
196.224  1.13318e-019
197.246  1.1269e-019
198.268  1.12058e-019
199.29  1.1142e-019
200.312  1.10778e-019
201.334  1.10131e-019
202.356  1.09479e-019
203.378  1.08821e-019
204.4  1.08158e-019
205.422  1.0749e-019
206.444  1.06816e-019
207.466  1.06136e-019
208.488  1.0545e-019
209.51  1.04759e-019
210.532  1.04062e-019
211.554  1.03358e-019
212.576  1.02648e-019
213.598  1.01932e-019
214.62  1.01209e-019
215.642  1.0048e-019
216.664  9.97441e-020
217.686  9.90013e-020
218.708  9.82515e-020
219.73  9.74947e-020
220.752  9.67307e-020
221.774  9.59594e-020
222.796  9.51807e-020
223.818  9.43944e-020
224.84  9.36006e-020
225.862  9.2799e-020
226.884  9.19895e-020
227.906  9.11721e-020
228.928  9.03467e-020
229.95  8.95131e-020
230.972  8.86712e-020
231.994  8.78209e-020
233.016  8.69622e-020
234.038  8.6095e-020
235.06  8.52191e-020
236.082  8.43345e-020
237.104  8.3441e-020
238.126  8.25388e-020
239.148  8.16275e-020
240.17  8.07073e-020
241.192  7.9778e-020
242.214  7.88396e-020
243.236  7.7892e-020
244.258  7.69351e-020
245.28  7.59691e-020
246.302  7.49938e-020
247.324  7.40091e-020
248.346  7.30152e-020
249.368  7.2012e-020
250.39  7.09995e-020
251.412  6.99777e-020
252.434  6.89466e-020
253.456  6.79064e-020
254.478  6.6857e-020
255.5  6.57985e-020
256.522  6.4731e-020
257.544  6.36545e-020
258.566  6.25693e-020
259.588  6.14753e-020
260.61  6.03728e-020
261.632  5.92618e-020
262.654  5.81426e-020
263.676  5.70154e-020
264.698  5.58802e-020
265.72  5.47374e-020
266.742  5.35873e-020
267.764  5.243e-020
268.786  5.12658e-020
269.808  5.00951e-020
270.83  4.89181e-020
271.852  4.77354e-020
272.874  4.65471e-020
273.896  4.53537e-020
274.918  4.41558e-020
275.94  4.29536e-020
276.962  4.17478e-020
277.984  4.05388e-020
279.006  3.93272e-020
280.028  3.81136e-020
281.05  3.68986e-020
282.072  3.56828e-020
283.094  3.44671e-020
284.116  3.3252e-020
285.138  3.20384e-020
286.16  3.0827e-020
287.182  2.96188e-020
288.204  2.84147e-020
289.226  2.72155e-020
290.248  2.60223e-020
291.27  2.48361e-020
292.292  2.36579e-020
293.314  2.24891e-020
294.336  2.13306e-020
295.358  2.01839e-020
296.38  1.90501e-020
297.402  1.79307e-020
298.424  1.6827e-020
299.446  1.57407e-020
300.468  1.46731e-020
301.49  1.36259e-020
302.512  1.26009e-020
303.534  1.15997e-020
304.556  1.06242e-020
305.578  9.67628e-021
306.6  8.75793e-021
307.622  7.8712e-021
308.644  7.01822e-021
309.666  6.20122e-021
310.688  5.42249e-021
311.71  4.68443e-021
312.732  3.98953e-021
313.754  3.34035e-021
314.776  2.73957e-021
315.798  2.18995e-021
316.82  1.69437e-021
317.842  1.25578e-021
318.864  8.77277e-022
319.886  5.62025e-022
320.908  3.13314e-022
321.93  1.34534e-022
322.952  2.91769e-023
