1.022  2.84051e-019
2.044  2.82842e-019
3.066  2.81643e-019
4.088  2.80455e-019
5.11  2.79277e-019
6.132  2.78109e-019
7.154  2.7695e-019
8.176  2.75801e-019
9.198  2.7466e-019
10.22  2.73528e-019
11.242  2.72405e-019
12.264  2.7129e-019
13.286  2.70184e-019
14.308  2.69087e-019
15.33  2.67999e-019
16.352  2.66919e-019
17.374  2.65849e-019
18.396  2.64789e-019
19.418  2.63737e-019
20.44  2.62695e-019
21.462  2.61662e-019
22.484  2.60639e-019
23.506  2.59626e-019
24.528  2.58621e-019
25.55  2.57626e-019
26.572  2.56641e-019
27.594  2.55665e-019
28.616  2.54698e-019
29.638  2.5374e-019
30.66  2.52791e-019
31.682  2.51851e-019
32.704  2.5092e-019
33.726  2.49997e-019
34.748  2.49083e-019
35.77  2.48178e-019
36.792  2.4728e-019
37.814  2.46391e-019
38.836  2.4551e-019
39.858  2.44637e-019
40.88  2.43771e-019
41.902  2.42913e-019
42.924  2.42062e-019
43.946  2.41219e-019
44.968  2.40382e-019
45.99  2.39553e-019
47.012  2.3873e-019
48.034  2.37914e-019
49.056  2.37104e-019
50.078  2.36301e-019
51.1  2.35504e-019
52.122  2.34713e-019
53.144  2.33927e-019
54.166  2.33148e-019
55.188  2.32374e-019
56.21  2.31606e-019
57.232  2.30843e-019
58.254  2.30085e-019
59.276  2.29332e-019
60.298  2.28584e-019
61.32  2.27841e-019
62.342  2.27103e-019
63.364  2.26369e-019
64.386  2.2564e-019
65.408  2.24915e-019
66.43  2.24194e-019
67.452  2.23477e-019
68.474  2.22764e-019
69.496  2.22055e-019
70.518  2.2135e-019
71.54  2.20648e-019
72.562  2.1995e-019
73.584  2.19255e-019
74.606  2.18563e-019
75.628  2.17875e-019
76.65  2.1719e-019
77.672  2.16507e-019
78.694  2.15828e-019
79.716  2.15151e-019
80.738  2.14477e-019
81.76  2.13806e-019
82.782  2.13137e-019
83.804  2.1247e-019
84.826  2.11806e-019
85.848  2.11144e-019
86.87  2.10484e-019
87.892  2.09826e-019
88.914  2.0917e-019
89.936  2.08516e-019
90.958  2.07864e-019
91.98  2.07214e-019
93.002  2.06565e-019
94.024  2.05918e-019
95.046  2.05272e-019
96.068  2.04628e-019
97.09  2.03985e-019
98.112  2.03343e-019
99.134  2.02703e-019
100.156  2.02063e-019
101.178  2.01425e-019
102.2  2.00788e-019
103.222  2.00152e-019
104.244  1.99516e-019
105.266  1.98881e-019
106.288  1.98247e-019
107.31  1.97614e-019
108.332  1.96982e-019
109.354  1.96349e-019
110.376  1.95718e-019
111.398  1.95087e-019
112.42  1.94456e-019
113.442  1.93825e-019
114.464  1.93195e-019
115.486  1.92565e-019
116.508  1.91935e-019
117.53  1.91306e-019
118.552  1.90676e-019
119.574  1.90046e-019
120.596  1.89416e-019
121.618  1.88786e-019
122.64  1.88156e-019
123.662  1.87526e-019
124.684  1.86895e-019
125.706  1.86264e-019
126.728  1.85633e-019
127.75  1.85001e-019
128.772  1.84369e-019
129.794  1.83736e-019
130.816  1.83103e-019
131.838  1.82469e-019
132.86  1.81834e-019
133.882  1.81199e-019
134.904  1.80563e-019
135.926  1.79926e-019
136.948  1.79288e-019
137.97  1.78649e-019
138.992  1.7801e-019
140.014  1.77369e-019
141.036  1.76727e-019
142.058  1.76084e-019
143.08  1.7544e-019
144.102  1.74795e-019
145.124  1.74148e-019
146.146  1.735e-019
147.168  1.72851e-019
148.19  1.722e-019
149.212  1.71548e-019
150.234  1.70894e-019
151.256  1.70239e-019
152.278  1.69582e-019
153.3  1.68923e-019
154.322  1.68262e-019
155.344  1.676e-019
156.366  1.66936e-019
157.388  1.6627e-019
158.41  1.65602e-019
159.432  1.64932e-019
160.454  1.64259e-019
161.476  1.63585e-019
162.498  1.62908e-019
163.52  1.6223e-019
164.542  1.61548e-019
165.564  1.60864e-019
166.586  1.60178e-019
167.608  1.59489e-019
168.63  1.58798e-019
169.652  1.58104e-019
170.674  1.57407e-019
171.696  1.56707e-019
172.718  1.56004e-019
173.74  1.55298e-019
174.762  1.54589e-019
175.784  1.53877e-019
176.806  1.53162e-019
177.828  1.52443e-019
178.85  1.51721e-019
179.872  1.50995e-019
180.894  1.50266e-019
181.916  1.49533e-019
182.938  1.48796e-019
183.96  1.48056e-019
184.982  1.47311e-019
186.004  1.46562e-019
187.026  1.45809e-019
188.048  1.45052e-019
189.07  1.4429e-019
190.092  1.43524e-019
191.114  1.42753e-019
192.136  1.41978e-019
193.158  1.41198e-019
194.18  1.40412e-019
195.202  1.39622e-019
196.224  1.38827e-019
197.246  1.38026e-019
198.268  1.3722e-019
199.29  1.36408e-019
200.312  1.35591e-019
201.334  1.34768e-019
202.356  1.33939e-019
203.378  1.33104e-019
204.4  1.32263e-019
205.422  1.31416e-019
206.444  1.30562e-019
207.466  1.29702e-019
208.488  1.28835e-019
209.51  1.27962e-019
210.532  1.27081e-019
211.554  1.26193e-019
212.576  1.25298e-019
213.598  1.24396e-019
214.62  1.23487e-019
215.642  1.22569e-019
216.664  1.21644e-019
217.686  1.20712e-019
218.708  1.19771e-019
219.73  1.18822e-019
220.752  1.17864e-019
221.774  1.16899e-019
222.796  1.15925e-019
223.818  1.14942e-019
224.84  1.1395e-019
225.862  1.1295e-019
226.884  1.1194e-019
227.906  1.10921e-019
228.928  1.09893e-019
229.95  1.08855e-019
230.972  1.07808e-019
231.994  1.06752e-019
233.016  1.05685e-019
234.038  1.04609e-019
235.06  1.03523e-019
236.082  1.02426e-019
237.104  1.0132e-019
238.126  1.00203e-019
239.148  9.90762e-020
240.17  9.79389e-020
241.192  9.6791e-020
242.214  9.56327e-020
243.236  9.44638e-020
244.258  9.32843e-020
245.28  9.20941e-020
246.302  9.08932e-020
247.324  8.96817e-020
248.346  8.84595e-020
249.368  8.72266e-020
250.39  8.5983e-020
251.412  8.47287e-020
252.434  8.34639e-020
253.456  8.21885e-020
254.478  8.09025e-020
255.5  7.96062e-020
256.522  7.82995e-020
257.544  7.69827e-020
258.566  7.56557e-020
259.588  7.43188e-020
260.61  7.29722e-020
261.632  7.1616e-020
262.654  7.02503e-020
263.676  6.88755e-020
264.698  6.74919e-020
265.72  6.60995e-020
266.742  6.46988e-020
267.764  6.32901e-020
268.786  6.18737e-020
269.808  6.04499e-020
270.83  5.90193e-020
271.852  5.75821e-020
272.874  5.61389e-020
273.896  5.46902e-020
274.918  5.32365e-020
275.94  5.17782e-020
276.962  5.03161e-020
277.984  4.88508e-020
279.006  4.73828e-020
280.028  4.5913e-020
281.05  4.4442e-020
282.072  4.29707e-020
283.094  4.14999e-020
284.116  4.00305e-020
285.138  3.85633e-020
286.16  3.70994e-020
287.182  3.56398e-020
288.204  3.41855e-020
289.226  3.27377e-020
290.248  3.12976e-020
291.27  2.98664e-020
292.292  2.84454e-020
293.314  2.70359e-020
294.336  2.56395e-020
295.358  2.42575e-020
296.38  2.28916e-020
297.402  2.15433e-020
298.424  2.02144e-020
299.446  1.89067e-020
300.468  1.76219e-020
301.49  1.6362e-020
302.512  1.51291e-020
303.534  1.39251e-020
304.556  1.27523e-020
305.578  1.1613e-020
306.6  1.05094e-020
307.622  9.44412e-021
308.644  8.41959e-021
309.666  7.43849e-021
310.688  6.50356e-021
311.71  5.61765e-021
312.732  4.7837e-021
313.754  4.0048e-021
314.776  3.28411e-021
315.798  2.62493e-021
316.82  2.03066e-021
317.842  1.50485e-021
318.864  1.05115e-021
319.886  6.73336e-022
320.908  3.75323e-022
321.93  1.61142e-022
322.952  3.49434e-023
