1.022  3.33745e-019
2.044  3.3227e-019
3.066  3.30808e-019
4.088  3.29359e-019
5.11  3.27923e-019
6.132  3.26499e-019
7.154  3.25086e-019
8.176  3.23684e-019
9.198  3.22294e-019
10.22  3.20914e-019
11.242  3.19544e-019
12.264  3.18186e-019
13.286  3.16838e-019
14.308  3.155e-019
15.33  3.14174e-019
16.352  3.12859e-019
17.374  3.11555e-019
18.396  3.10262e-019
19.418  3.08981e-019
20.44  3.07711e-019
21.462  3.06453e-019
22.484  3.05206e-019
23.506  3.03971e-019
24.528  3.02747e-019
25.55  3.01535e-019
26.572  3.00334e-019
27.594  2.99145e-019
28.616  2.97966e-019
29.638  2.96799e-019
30.66  2.95643e-019
31.682  2.94497e-019
32.704  2.93362e-019
33.726  2.92238e-019
34.748  2.91124e-019
35.77  2.90021e-019
36.792  2.88927e-019
37.814  2.87844e-019
38.836  2.8677e-019
39.858  2.85706e-019
40.88  2.84651e-019
41.902  2.83605e-019
42.924  2.82568e-019
43.946  2.8154e-019
44.968  2.80521e-019
45.99  2.7951e-019
47.012  2.78508e-019
48.034  2.77513e-019
49.056  2.76527e-019
50.078  2.75548e-019
51.1  2.74577e-019
52.122  2.73613e-019
53.144  2.72656e-019
54.166  2.71707e-019
55.188  2.70764e-019
56.21  2.69828e-019
57.232  2.68899e-019
58.254  2.67976e-019
59.276  2.67059e-019
60.298  2.66149e-019
61.32  2.65244e-019
62.342  2.64345e-019
63.364  2.63452e-019
64.386  2.62564e-019
65.408  2.61682e-019
66.43  2.60804e-019
67.452  2.59932e-019
68.474  2.59065e-019
69.496  2.58202e-019
70.518  2.57344e-019
71.54  2.56491e-019
72.562  2.55642e-019
73.584  2.54797e-019
74.606  2.53956e-019
75.628  2.53119e-019
76.65  2.52286e-019
77.672  2.51457e-019
78.694  2.50632e-019
79.716  2.4981e-019
80.738  2.48991e-019
81.76  2.48176e-019
82.782  2.47364e-019
83.804  2.46555e-019
84.826  2.45749e-019
85.848  2.44946e-019
86.87  2.44145e-019
87.892  2.43348e-019
88.914  2.42553e-019
89.936  2.4176e-019
90.958  2.40969e-019
91.98  2.40181e-019
93.002  2.39395e-019
94.024  2.38612e-019
95.046  2.3783e-019
96.068  2.3705e-019
97.09  2.36272e-019
98.112  2.35495e-019
99.134  2.34721e-019
100.156  2.33947e-019
101.178  2.33176e-019
102.2  2.32405e-019
103.222  2.31637e-019
104.244  2.30869e-019
105.266  2.30102e-019
106.288  2.29337e-019
107.31  2.28572e-019
108.332  2.27809e-019
109.354  2.27046e-019
110.376  2.26285e-019
111.398  2.25524e-019
112.42  2.24763e-019
113.442  2.24004e-019
114.464  2.23244e-019
115.486  2.22486e-019
116.508  2.21727e-019
117.53  2.20969e-019
118.552  2.20211e-019
119.574  2.19454e-019
120.596  2.18696e-019
121.618  2.17939e-019
122.64  2.17182e-019
123.662  2.16425e-019
124.684  2.15667e-019
125.706  2.14909e-019
126.728  2.14152e-019
127.75  2.13394e-019
128.772  2.12635e-019
129.794  2.11876e-019
130.816  2.11117e-019
131.838  2.10357e-019
132.86  2.09597e-019
133.882  2.08836e-019
134.904  2.08074e-019
135.926  2.07312e-019
136.948  2.06549e-019
137.97  2.05785e-019
138.992  2.0502e-019
140.014  2.04254e-019
141.036  2.03487e-019
142.058  2.02719e-019
143.08  2.01949e-019
144.102  2.01179e-019
145.124  2.00407e-019
146.146  1.99634e-019
147.168  1.9886e-019
148.19  1.98084e-019
149.212  1.97307e-019
150.234  1.96528e-019
151.256  1.95748e-019
152.278  1.94965e-019
153.3  1.94181e-019
154.322  1.93396e-019
155.344  1.92608e-019
156.366  1.91819e-019
157.388  1.91027e-019
158.41  1.90233e-019
159.432  1.89438e-019
160.454  1.8864e-019
161.476  1.87839e-019
162.498  1.87037e-019
163.52  1.86231e-019
164.542  1.85424e-019
165.564  1.84614e-019
166.586  1.83801e-019
167.608  1.82985e-019
168.63  1.82167e-019
169.652  1.81345e-019
170.674  1.80521e-019
171.696  1.79694e-019
172.718  1.78863e-019
173.74  1.78029e-019
174.762  1.77192e-019
175.784  1.76352e-019
176.806  1.75508e-019
177.828  1.7466e-019
178.85  1.73808e-019
179.872  1.72953e-019
180.894  1.72094e-019
181.916  1.71231e-019
182.938  1.70364e-019
183.96  1.69492e-019
184.982  1.68616e-019
186.004  1.67736e-019
187.026  1.66851e-019
188.048  1.65962e-019
189.07  1.65068e-019
190.092  1.64169e-019
191.114  1.63264e-019
192.136  1.62355e-019
193.158  1.61441e-019
194.18  1.60521e-019
195.202  1.59595e-019
196.224  1.58664e-019
197.246  1.57727e-019
198.268  1.56785e-019
199.29  1.55836e-019
200.312  1.54881e-019
201.334  1.5392e-019
202.356  1.52952e-019
203.378  1.51978e-019
204.4  1.50997e-019
205.422  1.50009e-019
206.444  1.49014e-019
207.466  1.48012e-019
208.488  1.47002e-019
209.51  1.45986e-019
210.532  1.44961e-019
211.554  1.43929e-019
212.576  1.42889e-019
213.598  1.41841e-019
214.62  1.40785e-019
215.642  1.3972e-019
216.664  1.38647e-019
217.686  1.37565e-019
218.708  1.36475e-019
219.73  1.35375e-019
220.752  1.34267e-019
221.774  1.33149e-019
222.796  1.32022e-019
223.818  1.30885e-019
224.84  1.29738e-019
225.862  1.28582e-019
226.884  1.27416e-019
227.906  1.2624e-019
228.928  1.25053e-019
229.95  1.23856e-019
230.972  1.22649e-019
231.994  1.21431e-019
233.016  1.20202e-019
234.038  1.18963e-019
235.06  1.17712e-019
236.082  1.16451e-019
237.104  1.15178e-019
238.126  1.13894e-019
239.148  1.12599e-019
240.17  1.11292e-019
241.192  1.09974e-019
242.214  1.08644e-019
243.236  1.07303e-019
244.258  1.0595e-019
245.28  1.04585e-019
246.302  1.03208e-019
247.324  1.0182e-019
248.346  1.0042e-019
249.368  9.90085e-020
250.39  9.7585e-020
251.412  9.61499e-020
252.434  9.47032e-020
253.456  9.32449e-020
254.478  9.1775e-020
255.5  9.02938e-020
256.522  8.88013e-020
257.544  8.72976e-020
258.566  8.57828e-020
259.588  8.42572e-020
260.61  8.2721e-020
261.632  8.11743e-020
262.654  7.96173e-020
263.676  7.80504e-020
264.698  7.64738e-020
265.72  7.48878e-020
266.742  7.32927e-020
267.764  7.16889e-020
268.786  7.00769e-020
269.808  6.84569e-020
270.83  6.68295e-020
271.852  6.51952e-020
272.874  6.35544e-020
273.896  6.19078e-020
274.918  6.02558e-020
275.94  5.85992e-020
276.962  5.69386e-020
277.984  5.52746e-020
279.006  5.36082e-020
280.028  5.194e-020
281.05  5.02709e-020
282.072  4.86017e-020
283.094  4.69335e-020
284.116  4.52672e-020
285.138  4.36039e-020
286.16  4.19445e-020
287.182  4.02904e-020
288.204  3.86427e-020
289.226  3.70026e-020
290.248  3.53716e-020
291.27  3.37509e-020
292.292  3.21421e-020
293.314  3.05467e-020
294.336  2.89663e-020
295.358  2.74026e-020
296.38  2.58572e-020
297.402  2.43322e-020
298.424  2.28292e-020
299.446  2.13505e-020
300.468  1.98979e-020
301.49  1.84737e-020
302.512  1.70802e-020
303.534  1.57196e-020
304.556  1.43945e-020
305.578  1.31074e-020
306.6  1.18609e-020
307.622  1.06577e-020
308.644  9.50076e-021
309.666  8.39301e-021
310.688  7.33753e-021
311.71  6.33752e-021
312.732  5.3963e-021
313.754  4.5173e-021
314.776  3.7041e-021
315.798  2.9604e-021
316.82  2.29002e-021
317.842  1.69693e-021
318.864  1.18523e-021
319.886  7.59169e-022
320.908  4.23137e-022
321.93  1.81658e-022
322.952  3.93895e-023
