1.022  2.75433e-019
2.044  2.75222e-019
3.066  2.75013e-019
4.088  2.74806e-019
5.11  2.746e-019
6.132  2.74396e-019
7.154  2.74192e-019
8.176  2.73989e-019
9.198  2.73786e-019
10.22  2.73583e-019
11.242  2.73381e-019
12.264  2.73178e-019
13.286  2.72976e-019
14.308  2.72775e-019
15.33  2.72574e-019
16.352  2.72374e-019
17.374  2.72174e-019
18.396  2.71976e-019
19.418  2.71779e-019
20.44  2.71583e-019
21.462  2.71389e-019
22.484  2.71196e-019
23.506  2.71004e-019
24.528  2.70815e-019
25.55  2.70626e-019
26.572  2.70439e-019
27.594  2.70254e-019
28.616  2.7007e-019
29.638  2.69888e-019
30.66  2.69707e-019
31.682  2.69527e-019
32.704  2.69349e-019
33.726  2.69172e-019
34.748  2.68996e-019
35.77  2.6882e-019
36.792  2.68646e-019
37.814  2.68473e-019
38.836  2.683e-019
39.858  2.68128e-019
40.88  2.67956e-019
41.902  2.67785e-019
42.924  2.67614e-019
43.946  2.67443e-019
44.968  2.67271e-019
45.99  2.671e-019
47.012  2.66929e-019
48.034  2.66757e-019
49.056  2.66584e-019
50.078  2.66411e-019
51.1  2.66237e-019
52.122  2.66062e-019
53.144  2.65886e-019
54.166  2.65709e-019
55.188  2.65531e-019
56.21  2.65351e-019
57.232  2.6517e-019
58.254  2.64987e-019
59.276  2.64802e-019
60.298  2.64615e-019
61.32  2.64427e-019
62.342  2.64236e-019
63.364  2.64043e-019
64.386  2.63848e-019
65.408  2.6365e-019
66.43  2.6345e-019
67.452  2.63247e-019
68.474  2.63041e-019
69.496  2.62832e-019
70.518  2.6262e-019
71.54  2.62405e-019
72.562  2.62187e-019
73.584  2.61966e-019
74.606  2.61741e-019
75.628  2.61512e-019
76.65  2.61281e-019
77.672  2.61045e-019
78.694  2.60805e-019
79.716  2.60562e-019
80.738  2.60315e-019
81.76  2.60063e-019
82.782  2.59807e-019
83.804  2.59547e-019
84.826  2.59283e-019
85.848  2.59014e-019
86.87  2.58741e-019
87.892  2.58463e-019
88.914  2.58181e-019
89.936  2.57894e-019
90.958  2.57601e-019
91.98  2.57304e-019
93.002  2.57002e-019
94.024  2.56695e-019
95.046  2.56382e-019
96.068  2.56065e-019
97.09  2.55742e-019
98.112  2.55413e-019
99.134  2.5508e-019
100.156  2.5474e-019
101.178  2.54395e-019
102.2  2.54045e-019
103.222  2.53688e-019
104.244  2.53326e-019
105.266  2.52958e-019
106.288  2.52584e-019
107.31  2.52204e-019
108.332  2.51817e-019
109.354  2.51425e-019
110.376  2.51026e-019
111.398  2.50622e-019
112.42  2.5021e-019
113.442  2.49793e-019
114.464  2.49369e-019
115.486  2.48938e-019
116.508  2.48501e-019
117.53  2.48057e-019
118.552  2.47607e-019
119.574  2.47149e-019
120.596  2.46685e-019
121.618  2.46214e-019
122.64  2.45736e-019
123.662  2.45251e-019
124.684  2.44759e-019
125.706  2.4426e-019
126.728  2.43754e-019
127.75  2.4324e-019
128.772  2.42719e-019
129.794  2.42191e-019
130.816  2.41655e-019
131.838  2.41112e-019
132.86  2.40562e-019
133.882  2.40004e-019
134.904  2.39438e-019
135.926  2.38865e-019
136.948  2.38284e-019
137.97  2.37695e-019
138.992  2.37098e-019
140.014  2.36493e-019
141.036  2.35881e-019
142.058  2.3526e-019
143.08  2.34631e-019
144.102  2.33995e-019
145.124  2.3335e-019
146.146  2.32696e-019
147.168  2.32035e-019
148.19  2.31365e-019
149.212  2.30687e-019
150.234  2.3e-019
151.256  2.29304e-019
152.278  2.28601e-019
153.3  2.27888e-019
154.322  2.27167e-019
155.344  2.26437e-019
156.366  2.25698e-019
157.388  2.2495e-019
158.41  2.24194e-019
159.432  2.23428e-019
160.454  2.22653e-019
161.476  2.21869e-019
162.498  2.21076e-019
163.52  2.20274e-019
164.542  2.19462e-019
165.564  2.18641e-019
166.586  2.1781e-019
167.608  2.1697e-019
168.63  2.16121e-019
169.652  2.15261e-019
170.674  2.14392e-019
171.696  2.13513e-019
172.718  2.12625e-019
173.74  2.11726e-019
174.762  2.10817e-019
175.784  2.09899e-019
176.806  2.0897e-019
177.828  2.0803e-019
178.85  2.07081e-019
179.872  2.06121e-019
180.894  2.05151e-019
181.916  2.0417e-019
182.938  2.03179e-019
183.96  2.02177e-019
184.982  2.01164e-019
186.004  2.0014e-019
187.026  1.99106e-019
188.048  1.9806e-019
189.07  1.97004e-019
190.092  1.95936e-019
191.114  1.94857e-019
192.136  1.93767e-019
193.158  1.92666e-019
194.18  1.91553e-019
195.202  1.90429e-019
196.224  1.89293e-019
197.246  1.88145e-019
198.268  1.86986e-019
199.29  1.85815e-019
200.312  1.84632e-019
201.334  1.83437e-019
202.356  1.8223e-019
203.378  1.81011e-019
204.4  1.7978e-019
205.422  1.78537e-019
206.444  1.77281e-019
207.466  1.76013e-019
208.488  1.74733e-019
209.51  1.7344e-019
210.532  1.72134e-019
211.554  1.70816e-019
212.576  1.69486e-019
213.598  1.68142e-019
214.62  1.66786e-019
215.642  1.65417e-019
216.664  1.64035e-019
217.686  1.62641e-019
218.708  1.61233e-019
219.73  1.59813e-019
220.752  1.58379e-019
221.774  1.56933e-019
222.796  1.55473e-019
223.818  1.54001e-019
224.84  1.52515e-019
225.862  1.51016e-019
226.884  1.49505e-019
227.906  1.4798e-019
228.928  1.46442e-019
229.95  1.44891e-019
230.972  1.43327e-019
231.994  1.4175e-019
233.016  1.4016e-019
234.038  1.38557e-019
235.06  1.36941e-019
236.082  1.35313e-019
237.104  1.33671e-019
238.126  1.32018e-019
239.148  1.30351e-019
240.17  1.28672e-019
241.192  1.26981e-019
242.214  1.25277e-019
243.236  1.23561e-019
244.258  1.21834e-019
245.28  1.20094e-019
246.302  1.18343e-019
247.324  1.1658e-019
248.346  1.14807e-019
249.368  1.13022e-019
250.39  1.11226e-019
251.412  1.09419e-019
252.434  1.07602e-019
253.456  1.05775e-019
254.478  1.03939e-019
255.5  1.02092e-019
256.522  1.00237e-019
257.544  9.83727e-020
258.566  9.65e-020
259.588  9.46191e-020
260.61  9.27305e-020
261.632  9.08347e-020
262.654  8.8932e-020
263.676  8.7023e-020
264.698  8.51081e-020
265.72  8.31879e-020
266.742  8.12629e-020
267.764  7.93336e-020
268.786  7.74008e-020
269.808  7.54649e-020
270.83  7.35267e-020
271.852  7.15868e-020
272.874  6.9646e-020
273.896  6.77049e-020
274.918  6.57645e-020
275.94  6.38255e-020
276.962  6.18888e-020
277.984  5.99552e-020
279.006  5.80256e-020
280.028  5.61012e-020
281.05  5.41827e-020
282.072  5.22713e-020
283.094  5.03681e-020
284.116  4.84742e-020
285.138  4.65908e-020
286.16  4.4719e-020
287.182  4.28601e-020
288.204  4.10156e-020
289.226  3.91866e-020
290.248  3.73747e-020
291.27  3.55812e-020
292.292  3.38078e-020
293.314  3.20559e-020
294.336  3.03272e-020
295.358  2.86234e-020
296.38  2.69463e-020
297.402  2.52975e-020
298.424  2.36791e-020
299.446  2.20929e-020
300.468  2.05409e-020
301.49  1.90253e-020
302.512  1.7548e-020
303.534  1.61114e-020
304.556  1.47176e-020
305.578  1.33691e-020
306.6  1.20683e-020
307.622  1.08176e-020
308.644  9.61972e-021
309.666  8.47723e-021
310.688  7.39291e-021
311.71  6.36958e-021
312.732  5.41016e-021
313.754  4.51765e-021
314.776  3.69516e-021
315.798  2.94588e-021
316.82  2.27308e-021
317.842  1.68015e-021
318.864  1.17056e-021
319.886  7.47885e-022
320.908  4.15795e-022
321.93  1.78054e-022
322.952  3.85102e-023
