1.022  2.49913e-019
2.044  2.49795e-019
3.066  2.49677e-019
4.088  2.49562e-019
5.11  2.49446e-019
6.132  2.49332e-019
7.154  2.49217e-019
8.176  2.49103e-019
9.198  2.48988e-019
10.22  2.48873e-019
11.242  2.48757e-019
12.264  2.48641e-019
13.286  2.48525e-019
14.308  2.48409e-019
15.33  2.48293e-019
16.352  2.48176e-019
17.374  2.48061e-019
18.396  2.47945e-019
19.418  2.47831e-019
20.44  2.47716e-019
21.462  2.47603e-019
22.484  2.47491e-019
23.506  2.47379e-019
24.528  2.47268e-019
25.55  2.47158e-019
26.572  2.47049e-019
27.594  2.46941e-019
28.616  2.46834e-019
29.638  2.46727e-019
30.66  2.46622e-019
31.682  2.46517e-019
32.704  2.46413e-019
33.726  2.46309e-019
34.748  2.46206e-019
35.77  2.46104e-019
36.792  2.46002e-019
37.814  2.459e-019
38.836  2.45798e-019
39.858  2.45696e-019
40.88  2.45594e-019
41.902  2.45492e-019
42.924  2.4539e-019
43.946  2.45288e-019
44.968  2.45185e-019
45.99  2.45081e-019
47.012  2.44977e-019
48.034  2.44871e-019
49.056  2.44765e-019
50.078  2.44658e-019
51.1  2.4455e-019
52.122  2.4444e-019
53.144  2.44329e-019
54.166  2.44217e-019
55.188  2.44103e-019
56.21  2.43987e-019
57.232  2.43869e-019
58.254  2.4375e-019
59.276  2.43628e-019
60.298  2.43505e-019
61.32  2.43379e-019
62.342  2.4325e-019
63.364  2.43119e-019
64.386  2.42986e-019
65.408  2.4285e-019
66.43  2.42711e-019
67.452  2.42569e-019
68.474  2.42425e-019
69.496  2.42277e-019
70.518  2.42126e-019
71.54  2.41972e-019
72.562  2.41814e-019
73.584  2.41653e-019
74.606  2.41489e-019
75.628  2.4132e-019
76.65  2.41148e-019
77.672  2.40973e-019
78.694  2.40793e-019
79.716  2.40609e-019
80.738  2.40422e-019
81.76  2.4023e-019
82.782  2.40034e-019
83.804  2.39834e-019
84.826  2.39629e-019
85.848  2.3942e-019
86.87  2.39206e-019
87.892  2.38987e-019
88.914  2.38764e-019
89.936  2.38536e-019
90.958  2.38304e-019
91.98  2.38066e-019
93.002  2.37823e-019
94.024  2.37575e-019
95.046  2.37322e-019
96.068  2.37064e-019
97.09  2.36801e-019
98.112  2.36532e-019
99.134  2.36258e-019
100.156  2.35978e-019
101.178  2.35693e-019
102.2  2.35402e-019
103.222  2.35106e-019
104.244  2.34804e-019
105.266  2.34495e-019
106.288  2.34182e-019
107.31  2.33862e-019
108.332  2.33536e-019
109.354  2.33204e-019
110.376  2.32866e-019
111.398  2.32522e-019
112.42  2.32172e-019
113.442  2.31815e-019
114.464  2.31452e-019
115.486  2.31083e-019
116.508  2.30707e-019
117.53  2.30324e-019
118.552  2.29936e-019
119.574  2.2954e-019
120.596  2.29138e-019
121.618  2.28729e-019
122.64  2.28313e-019
123.662  2.27891e-019
124.684  2.27461e-019
125.706  2.27025e-019
126.728  2.26582e-019
127.75  2.26131e-019
128.772  2.25674e-019
129.794  2.25209e-019
130.816  2.24737e-019
131.838  2.24258e-019
132.86  2.23772e-019
133.882  2.23278e-019
134.904  2.22777e-019
135.926  2.22269e-019
136.948  2.21752e-019
137.97  2.21229e-019
138.992  2.20697e-019
140.014  2.20158e-019
141.036  2.19612e-019
142.058  2.19057e-019
143.08  2.18495e-019
144.102  2.17925e-019
145.124  2.17347e-019
146.146  2.16761e-019
147.168  2.16166e-019
148.19  2.15564e-019
149.212  2.14954e-019
150.234  2.14335e-019
151.256  2.13708e-019
152.278  2.13073e-019
153.3  2.12429e-019
154.322  2.11778e-019
155.344  2.11117e-019
156.366  2.10448e-019
157.388  2.0977e-019
158.41  2.09084e-019
159.432  2.08389e-019
160.454  2.07685e-019
161.476  2.06973e-019
162.498  2.06251e-019
163.52  2.05521e-019
164.542  2.04782e-019
165.564  2.04033e-019
166.586  2.03275e-019
167.608  2.02508e-019
168.63  2.01732e-019
169.652  2.00947e-019
170.674  2.00152e-019
171.696  1.99348e-019
172.718  1.98534e-019
173.74  1.97711e-019
174.762  1.96878e-019
175.784  1.96035e-019
176.806  1.95182e-019
177.828  1.9432e-019
178.85  1.93447e-019
179.872  1.92565e-019
180.894  1.91673e-019
181.916  1.9077e-019
182.938  1.89858e-019
183.96  1.88935e-019
184.982  1.88001e-019
186.004  1.87058e-019
187.026  1.86103e-019
188.048  1.85139e-019
189.07  1.84163e-019
190.092  1.83177e-019
191.114  1.8218e-019
192.136  1.81173e-019
193.158  1.80154e-019
194.18  1.79125e-019
195.202  1.78084e-019
196.224  1.77033e-019
197.246  1.7597e-019
198.268  1.74896e-019
199.29  1.7381e-019
200.312  1.72714e-019
201.334  1.71605e-019
202.356  1.70486e-019
203.378  1.69354e-019
204.4  1.68211e-019
205.422  1.67057e-019
206.444  1.6589e-019
207.466  1.64712e-019
208.488  1.63522e-019
209.51  1.6232e-019
210.532  1.61105e-019
211.554  1.59879e-019
212.576  1.58641e-019
213.598  1.57391e-019
214.62  1.56128e-019
215.642  1.54853e-019
216.664  1.53566e-019
217.686  1.52267e-019
218.708  1.50955e-019
219.73  1.49631e-019
220.752  1.48294e-019
221.774  1.46945e-019
222.796  1.45584e-019
223.818  1.4421e-019
224.84  1.42824e-019
225.862  1.41425e-019
226.884  1.40014e-019
227.906  1.3859e-019
228.928  1.37154e-019
229.95  1.35705e-019
230.972  1.34244e-019
231.994  1.32771e-019
233.016  1.31285e-019
234.038  1.29787e-019
235.06  1.28276e-019
236.082  1.26754e-019
237.104  1.25219e-019
238.126  1.23673e-019
239.148  1.22114e-019
240.17  1.20544e-019
241.192  1.18961e-019
242.214  1.17368e-019
243.236  1.15762e-019
244.258  1.14145e-019
245.28  1.12517e-019
246.302  1.10878e-019
247.324  1.09228e-019
248.346  1.07568e-019
249.368  1.05896e-019
250.39  1.04215e-019
251.412  1.02523e-019
252.434  1.00822e-019
253.456  9.91106e-020
254.478  9.73903e-020
255.5  9.56609e-020
256.522  9.39228e-020
257.544  9.21763e-020
258.566  9.04218e-020
259.588  8.86596e-020
260.61  8.68901e-020
261.632  8.51137e-020
262.654  8.33309e-020
263.676  8.1542e-020
264.698  7.97475e-020
265.72  7.7948e-020
266.742  7.61439e-020
267.764  7.43359e-020
268.786  7.25243e-020
269.808  7.071e-020
270.83  6.88933e-020
271.852  6.70752e-020
272.874  6.52561e-020
273.896  6.34368e-020
274.918  6.1618e-020
275.94  5.98006e-020
276.962  5.79852e-020
277.984  5.61728e-020
279.006  5.43643e-020
280.028  5.25604e-020
281.05  5.07623e-020
282.072  4.89708e-020
283.094  4.71869e-020
284.116  4.54118e-020
285.138  4.36465e-020
286.16  4.18922e-020
287.182  4.015e-020
288.204  3.84213e-020
289.226  3.67072e-020
290.248  3.50091e-020
291.27  3.33284e-020
292.292  3.16665e-020
293.314  3.00248e-020
294.336  2.84049e-020
295.358  2.68084e-020
296.38  2.5237e-020
297.402  2.36922e-020
298.424  2.21758e-020
299.446  2.06897e-020
300.468  1.92357e-020
301.49  1.78158e-020
302.512  1.64319e-020
303.534  1.50862e-020
304.556  1.37807e-020
305.578  1.25176e-020
306.6  1.12993e-020
307.622  1.0128e-020
308.644  9.00611e-021
309.666  7.93621e-021
310.688  6.92084e-021
311.71  5.96263e-021
312.732  5.06432e-021
313.754  4.22871e-021
314.776  3.45869e-021
315.798  2.75725e-021
316.82  2.12745e-021
317.842  1.57244e-021
318.864  1.09547e-021
319.886  6.99883e-022
320.908  3.89092e-022
321.93  1.66612e-022
322.952  3.60339e-023
