1.022  2.25654e-019
2.044  2.2562e-019
3.066  2.25587e-019
4.088  2.25555e-019
5.11  2.25522e-019
6.132  2.2549e-019
7.154  2.25457e-019
8.176  2.25424e-019
9.198  2.25389e-019
10.22  2.25354e-019
11.242  2.25319e-019
12.264  2.25282e-019
13.286  2.25244e-019
14.308  2.25206e-019
15.33  2.25168e-019
16.352  2.25129e-019
17.374  2.2509e-019
18.396  2.2505e-019
19.418  2.25011e-019
20.44  2.24972e-019
21.462  2.24933e-019
22.484  2.24894e-019
23.506  2.24856e-019
24.528  2.24818e-019
25.55  2.2478e-019
26.572  2.24742e-019
27.594  2.24705e-019
28.616  2.24668e-019
29.638  2.24632e-019
30.66  2.24596e-019
31.682  2.2456e-019
32.704  2.24524e-019
33.726  2.24488e-019
34.748  2.24452e-019
35.77  2.24416e-019
36.792  2.2438e-019
37.814  2.24344e-019
38.836  2.24307e-019
39.858  2.2427e-019
40.88  2.24233e-019
41.902  2.24195e-019
42.924  2.24156e-019
43.946  2.24117e-019
44.968  2.24077e-019
45.99  2.24035e-019
47.012  2.23993e-019
48.034  2.23949e-019
49.056  2.23904e-019
50.078  2.23858e-019
51.1  2.2381e-019
52.122  2.23761e-019
53.144  2.2371e-019
54.166  2.23657e-019
55.188  2.23603e-019
56.21  2.23546e-019
57.232  2.23487e-019
58.254  2.23426e-019
59.276  2.23363e-019
60.298  2.23297e-019
61.32  2.23229e-019
62.342  2.23159e-019
63.364  2.23085e-019
64.386  2.23009e-019
65.408  2.2293e-019
66.43  2.22848e-019
67.452  2.22763e-019
68.474  2.22675e-019
69.496  2.22584e-019
70.518  2.2249e-019
71.54  2.22392e-019
72.562  2.2229e-019
73.584  2.22185e-019
74.606  2.22077e-019
75.628  2.21964e-019
76.65  2.21848e-019
77.672  2.21728e-019
78.694  2.21604e-019
79.716  2.21476e-019
80.738  2.21344e-019
81.76  2.21208e-019
82.782  2.21067e-019
83.804  2.20923e-019
84.826  2.20773e-019
85.848  2.20619e-019
86.87  2.20461e-019
87.892  2.20298e-019
88.914  2.2013e-019
89.936  2.19958e-019
90.958  2.19781e-019
91.98  2.19598e-019
93.002  2.19411e-019
94.024  2.19219e-019
95.046  2.19022e-019
96.068  2.18819e-019
97.09  2.18612e-019
98.112  2.18399e-019
99.134  2.18181e-019
100.156  2.17957e-019
101.178  2.17728e-019
102.2  2.17493e-019
103.222  2.17253e-019
104.244  2.17007e-019
105.266  2.16755e-019
106.288  2.16498e-019
107.31  2.16234e-019
108.332  2.15965e-019
109.354  2.1569e-019
110.376  2.15409e-019
111.398  2.15122e-019
112.42  2.14829e-019
113.442  2.1453e-019
114.464  2.14224e-019
115.486  2.13913e-019
116.508  2.13595e-019
117.53  2.1327e-019
118.552  2.1294e-019
119.574  2.12602e-019
120.596  2.12259e-019
121.618  2.11908e-019
122.64  2.11551e-019
123.662  2.11188e-019
124.684  2.10818e-019
125.706  2.10441e-019
126.728  2.10057e-019
127.75  2.09666e-019
128.772  2.09269e-019
129.794  2.08864e-019
130.816  2.08453e-019
131.838  2.08034e-019
132.86  2.07609e-019
133.882  2.07176e-019
134.904  2.06736e-019
135.926  2.06289e-019
136.948  2.05834e-019
137.97  2.05372e-019
138.992  2.04903e-019
140.014  2.04426e-019
141.036  2.03942e-019
142.058  2.03451e-019
143.08  2.02951e-019
144.102  2.02444e-019
145.124  2.0193e-019
146.146  2.01408e-019
147.168  2.00877e-019
148.19  2.0034e-019
149.212  1.99794e-019
150.234  1.9924e-019
151.256  1.98678e-019
152.278  1.98108e-019
153.3  1.97531e-019
154.322  1.96945e-019
155.344  1.9635e-019
156.366  1.95748e-019
157.388  1.95137e-019
158.41  1.94518e-019
159.432  1.9389e-019
160.454  1.93254e-019
161.476  1.9261e-019
162.498  1.91957e-019
163.52  1.91295e-019
164.542  1.90625e-019
165.564  1.89945e-019
166.586  1.89257e-019
167.608  1.88561e-019
168.63  1.87855e-019
169.652  1.8714e-019
170.674  1.86416e-019
171.696  1.85683e-019
172.718  1.84941e-019
173.74  1.8419e-019
174.762  1.83429e-019
175.784  1.82659e-019
176.806  1.81879e-019
177.828  1.81091e-019
178.85  1.80292e-019
179.872  1.79484e-019
180.894  1.78666e-019
181.916  1.77839e-019
182.938  1.77002e-019
183.96  1.76154e-019
184.982  1.75297e-019
186.004  1.7443e-019
187.026  1.73553e-019
188.048  1.72666e-019
189.07  1.71768e-019
190.092  1.70861e-019
191.114  1.69942e-019
192.136  1.69014e-019
193.158  1.68075e-019
194.18  1.67126e-019
195.202  1.66166e-019
196.224  1.65195e-019
197.246  1.64214e-019
198.268  1.63221e-019
199.29  1.62218e-019
200.312  1.61204e-019
201.334  1.60179e-019
202.356  1.59144e-019
203.378  1.58097e-019
204.4  1.57038e-019
205.422  1.55969e-019
206.444  1.54888e-019
207.466  1.53796e-019
208.488  1.52693e-019
209.51  1.51578e-019
210.532  1.50452e-019
211.554  1.49315e-019
212.576  1.48165e-019
213.598  1.47004e-019
214.62  1.45832e-019
215.642  1.44648e-019
216.664  1.43452e-019
217.686  1.42244e-019
218.708  1.41025e-019
219.73  1.39793e-019
220.752  1.3855e-019
221.774  1.37295e-019
222.796  1.36029e-019
223.818  1.3475e-019
224.84  1.33459e-019
225.862  1.32157e-019
226.884  1.30843e-019
227.906  1.29517e-019
228.928  1.28179e-019
229.95  1.26829e-019
230.972  1.25467e-019
231.994  1.24094e-019
233.016  1.22708e-019
234.038  1.21311e-019
235.06  1.19903e-019
236.082  1.18483e-019
237.104  1.17051e-019
238.126  1.15608e-019
239.148  1.14154e-019
240.17  1.12688e-019
241.192  1.11211e-019
242.214  1.09723e-019
243.236  1.08224e-019
244.258  1.06715e-019
245.28  1.05194e-019
246.302  1.03663e-019
247.324  1.02122e-019
248.346  1.00571e-019
249.368  9.90096e-020
250.39  9.74385e-020
251.412  9.58579e-020
252.434  9.42679e-020
253.456  9.26688e-020
254.478  9.1061e-020
255.5  8.94446e-020
256.522  8.78199e-020
257.544  8.61873e-020
258.566  8.45471e-020
259.588  8.28996e-020
260.61  8.12452e-020
261.632  7.95842e-020
262.654  7.79172e-020
263.676  7.62444e-020
264.698  7.45663e-020
265.72  7.28835e-020
266.742  7.11964e-020
267.764  6.95054e-020
268.786  6.78112e-020
269.808  6.61143e-020
270.83  6.44153e-020
271.852  6.27147e-020
272.874  6.10133e-020
273.896  5.93117e-020
274.918  5.76105e-020
275.94  5.59106e-020
276.962  5.42126e-020
277.984  5.25174e-020
279.006  5.08258e-020
280.028  4.91386e-020
281.05  4.74567e-020
282.072  4.57811e-020
283.094  4.41126e-020
284.116  4.24523e-020
285.138  4.08013e-020
286.16  3.91605e-020
287.182  3.75312e-020
288.204  3.59144e-020
289.226  3.43113e-020
290.248  3.27233e-020
291.27  3.11516e-020
292.292  2.95974e-020
293.314  2.80623e-020
294.336  2.65476e-020
295.358  2.50548e-020
296.38  2.35854e-020
297.402  2.21411e-020
298.424  2.07234e-020
299.446  1.9334e-020
300.468  1.79747e-020
301.49  1.66474e-020
302.512  1.53538e-020
303.534  1.40958e-020
304.556  1.28756e-020
305.578  1.16951e-020
306.6  1.05564e-020
307.622  9.46175e-021
308.644  8.41338e-021
309.666  7.41362e-021
310.688  6.46487e-021
311.71  5.56957e-021
312.732  4.73029e-021
313.754  3.94963e-021
314.776  3.2303e-021
315.798  2.57507e-021
316.82  1.9868e-021
317.842  1.46842e-021
318.864  1.02296e-021
319.886  6.53528e-022
320.908  3.63305e-022
321.93  1.55563e-022
322.952  3.36428e-023
