1.022  1.01292e-019
2.044  1.01612e-019
3.066  1.0193e-019
4.088  1.02246e-019
5.11  1.0256e-019
6.132  1.02872e-019
7.154  1.03181e-019
8.176  1.03488e-019
9.198  1.03793e-019
10.22  1.04095e-019
11.242  1.04395e-019
12.264  1.04692e-019
13.286  1.04987e-019
14.308  1.05279e-019
15.33  1.05569e-019
16.352  1.05857e-019
17.374  1.06142e-019
18.396  1.06426e-019
19.418  1.06707e-019
20.44  1.06987e-019
21.462  1.07264e-019
22.484  1.0754e-019
23.506  1.07814e-019
24.528  1.08086e-019
25.55  1.08356e-019
26.572  1.08624e-019
27.594  1.0889e-019
28.616  1.09155e-019
29.638  1.09417e-019
30.66  1.09678e-019
31.682  1.09937e-019
32.704  1.10194e-019
33.726  1.1045e-019
34.748  1.10703e-019
35.77  1.10954e-019
36.792  1.11204e-019
37.814  1.11451e-019
38.836  1.11696e-019
39.858  1.1194e-019
40.88  1.12181e-019
41.902  1.1242e-019
42.924  1.12656e-019
43.946  1.12891e-019
44.968  1.13123e-019
45.99  1.13353e-019
47.012  1.13581e-019
48.034  1.13806e-019
49.056  1.14028e-019
50.078  1.14248e-019
51.1  1.14466e-019
52.122  1.14681e-019
53.144  1.14893e-019
54.166  1.15103e-019
55.188  1.15309e-019
56.21  1.15513e-019
57.232  1.15715e-019
58.254  1.15913e-019
59.276  1.16108e-019
60.298  1.16301e-019
61.32  1.1649e-019
62.342  1.16676e-019
63.364  1.16859e-019
64.386  1.17039e-019
65.408  1.17216e-019
66.43  1.1739e-019
67.452  1.1756e-019
68.474  1.17727e-019
69.496  1.1789e-019
70.518  1.1805e-019
71.54  1.18207e-019
72.562  1.1836e-019
73.584  1.18509e-019
74.606  1.18655e-019
75.628  1.18797e-019
76.65  1.18936e-019
77.672  1.19071e-019
78.694  1.19202e-019
79.716  1.19329e-019
80.738  1.19452e-019
81.76  1.19572e-019
82.782  1.19688e-019
83.804  1.19799e-019
84.826  1.19907e-019
85.848  1.2001e-019
86.87  1.2011e-019
87.892  1.20205e-019
88.914  1.20296e-019
89.936  1.20383e-019
90.958  1.20466e-019
91.98  1.20544e-019
93.002  1.20619e-019
94.024  1.20688e-019
95.046  1.20754e-019
96.068  1.20815e-019
97.09  1.20871e-019
98.112  1.20923e-019
99.134  1.20971e-019
100.156  1.21014e-019
101.178  1.21052e-019
102.2  1.21086e-019
103.222  1.21115e-019
104.244  1.2114e-019
105.266  1.21159e-019
106.288  1.21174e-019
107.31  1.21184e-019
108.332  1.2119e-019
109.354  1.2119e-019
110.376  1.21186e-019
111.398  1.21176e-019
112.42  1.21162e-019
113.442  1.21143e-019
114.464  1.21118e-019
115.486  1.21089e-019
116.508  1.21055e-019
117.53  1.21015e-019
118.552  1.2097e-019
119.574  1.20921e-019
120.596  1.20866e-019
121.618  1.20805e-019
122.64  1.2074e-019
123.662  1.20669e-019
124.684  1.20593e-019
125.706  1.20511e-019
126.728  1.20424e-019
127.75  1.20332e-019
128.772  1.20234e-019
129.794  1.20131e-019
130.816  1.20022e-019
131.838  1.19908e-019
132.86  1.19788e-019
133.882  1.19662e-019
134.904  1.19531e-019
135.926  1.19394e-019
136.948  1.19252e-019
137.97  1.19103e-019
138.992  1.18949e-019
140.014  1.18789e-019
141.036  1.18624e-019
142.058  1.18452e-019
143.08  1.18275e-019
144.102  1.18091e-019
145.124  1.17902e-019
146.146  1.17707e-019
147.168  1.17505e-019
148.19  1.17298e-019
149.212  1.17084e-019
150.234  1.16865e-019
151.256  1.16639e-019
152.278  1.16407e-019
153.3  1.16168e-019
154.322  1.15924e-019
155.344  1.15673e-019
156.366  1.15416e-019
157.388  1.15152e-019
158.41  1.14882e-019
159.432  1.14606e-019
160.454  1.14323e-019
161.476  1.14033e-019
162.498  1.13737e-019
163.52  1.13435e-019
164.542  1.13126e-019
165.564  1.1281e-019
166.586  1.12487e-019
167.608  1.12158e-019
168.63  1.11822e-019
169.652  1.11479e-019
170.674  1.11129e-019
171.696  1.10772e-019
172.718  1.10408e-019
173.74  1.10038e-019
174.762  1.0966e-019
175.784  1.09275e-019
176.806  1.08883e-019
177.828  1.08484e-019
178.85  1.08078e-019
179.872  1.07664e-019
180.894  1.07244e-019
181.916  1.06816e-019
182.938  1.0638e-019
183.96  1.05938e-019
184.982  1.05487e-019
186.004  1.0503e-019
187.026  1.04565e-019
188.048  1.04092e-019
189.07  1.03612e-019
190.092  1.03124e-019
191.114  1.02628e-019
192.136  1.02125e-019
193.158  1.01614e-019
194.18  1.01095e-019
195.202  1.00568e-019
196.224  1.00034e-019
197.246  9.94912e-020
198.268  9.89408e-020
199.29  9.83825e-020
200.312  9.78162e-020
201.334  9.72418e-020
202.356  9.66593e-020
203.378  9.60687e-020
204.4  9.547e-020
205.422  9.48631e-020
206.444  9.42481e-020
207.466  9.36248e-020
208.488  9.29932e-020
209.51  9.23534e-020
210.532  9.17052e-020
211.554  9.10488e-020
212.576  9.03839e-020
213.598  8.97108e-020
214.62  8.90292e-020
215.642  8.83392e-020
216.664  8.76409e-020
217.686  8.69341e-020
218.708  8.62189e-020
219.73  8.54952e-020
220.752  8.47631e-020
221.774  8.40226e-020
222.796  8.32736e-020
223.818  8.25162e-020
224.84  8.17503e-020
225.862  8.09761e-020
226.884  8.01934e-020
227.906  7.94024e-020
228.928  7.8603e-020
229.95  7.77953e-020
230.972  7.69793e-020
231.994  7.6155e-020
233.016  7.53224e-020
234.038  7.44817e-020
235.06  7.36329e-020
236.082  7.2776e-020
237.104  7.1911e-020
238.126  7.10381e-020
239.148  7.01573e-020
240.17  6.92686e-020
241.192  6.83723e-020
242.214  6.74683e-020
243.236  6.65567e-020
244.258  6.56377e-020
245.28  6.47113e-020
246.302  6.37777e-020
247.324  6.2837e-020
248.346  6.18894e-020
249.368  6.09348e-020
250.39  5.99736e-020
251.412  5.90059e-020
252.434  5.80318e-020
253.456  5.70515e-020
254.478  5.60652e-020
255.5  5.50731e-020
256.522  5.40753e-020
257.544  5.30722e-020
258.566  5.20639e-020
259.588  5.10506e-020
260.61  5.00327e-020
261.632  4.90103e-020
262.654  4.79838e-020
263.676  4.69533e-020
264.698  4.59194e-020
265.72  4.48821e-020
266.742  4.38419e-020
267.764  4.27991e-020
268.786  4.17541e-020
269.808  4.07072e-020
270.83  3.96588e-020
271.852  3.86093e-020
272.874  3.75591e-020
273.896  3.65087e-020
274.918  3.54586e-020
275.94  3.44091e-020
276.962  3.33607e-020
277.984  3.23141e-020
279.006  3.12696e-020
280.028  3.02279e-020
281.05  2.91896e-020
282.072  2.81551e-020
283.094  2.71252e-020
284.116  2.61004e-020
285.138  2.50814e-020
286.16  2.40689e-020
287.182  2.30636e-020
288.204  2.20662e-020
289.226  2.10774e-020
290.248  2.00981e-020
291.27  1.91291e-020
292.292  1.81711e-020
293.314  1.7225e-020
294.336  1.62918e-020
295.358  1.53723e-020
296.38  1.44676e-020
297.402  1.35784e-020
298.424  1.2706e-020
299.446  1.18513e-020
300.468  1.10153e-020
301.49  1.01993e-020
302.512  9.4043e-021
303.534  8.63151e-021
304.556  7.88216e-021
305.578  7.15749e-021
306.6  6.45879e-021
307.622  5.78738e-021
308.644  5.14462e-021
309.666  4.53194e-021
310.688  3.95076e-021
311.71  3.40259e-021
312.732  2.88894e-021
313.754  2.4114e-021
314.776  1.97158e-021
315.798  1.57115e-021
316.82  1.21182e-021
317.842  8.95338e-022
318.864  6.23515e-022
319.886  3.98199e-022
320.908  2.21286e-022
321.93  9.47183e-023
322.952  2.04768e-023
