1.022  9.61479e-020
2.044  9.64775e-020
3.066  9.68052e-020
4.088  9.71309e-020
5.11  9.74545e-020
6.132  9.77759e-020
7.154  9.80951e-020
8.176  9.84118e-020
9.198  9.8726e-020
10.22  9.90377e-020
11.242  9.9347e-020
12.264  9.96537e-020
13.286  9.99579e-020
14.308  1.0026e-019
15.33  1.00559e-019
16.352  1.00857e-019
17.374  1.01152e-019
18.396  1.01445e-019
19.418  1.01735e-019
20.44  1.02024e-019
21.462  1.02311e-019
22.484  1.02596e-019
23.506  1.02879e-019
24.528  1.0316e-019
25.55  1.03439e-019
26.572  1.03716e-019
27.594  1.03991e-019
28.616  1.04265e-019
29.638  1.04537e-019
30.66  1.04806e-019
31.682  1.05074e-019
32.704  1.0534e-019
33.726  1.05604e-019
34.748  1.05866e-019
35.77  1.06126e-019
36.792  1.06384e-019
37.814  1.0664e-019
38.836  1.06894e-019
39.858  1.07145e-019
40.88  1.07395e-019
41.902  1.07642e-019
42.924  1.07888e-019
43.946  1.08131e-019
44.968  1.08371e-019
45.99  1.08609e-019
47.012  1.08845e-019
48.034  1.09079e-019
49.056  1.0931e-019
50.078  1.09538e-019
51.1  1.09764e-019
52.122  1.09987e-019
53.144  1.10207e-019
54.166  1.10425e-019
55.188  1.1064e-019
56.21  1.10853e-019
57.232  1.11062e-019
58.254  1.11269e-019
59.276  1.11472e-019
60.298  1.11673e-019
61.32  1.11871e-019
62.342  1.12065e-019
63.364  1.12257e-019
64.386  1.12445e-019
65.408  1.1263e-019
66.43  1.12812e-019
67.452  1.12991e-019
68.474  1.13166e-019
69.496  1.13338e-019
70.518  1.13507e-019
71.54  1.13672e-019
72.562  1.13833e-019
73.584  1.13991e-019
74.606  1.14146e-019
75.628  1.14297e-019
76.65  1.14444e-019
77.672  1.14588e-019
78.694  1.14727e-019
79.716  1.14863e-019
80.738  1.14996e-019
81.76  1.15124e-019
82.782  1.15248e-019
83.804  1.15369e-019
84.826  1.15486e-019
85.848  1.15598e-019
86.87  1.15707e-019
87.892  1.15811e-019
88.914  1.15912e-019
89.936  1.16008e-019
90.958  1.161e-019
91.98  1.16188e-019
93.002  1.16271e-019
94.024  1.16351e-019
95.046  1.16426e-019
96.068  1.16496e-019
97.09  1.16562e-019
98.112  1.16624e-019
99.134  1.16681e-019
100.156  1.16734e-019
101.178  1.16783e-019
102.2  1.16826e-019
103.222  1.16865e-019
104.244  1.169e-019
105.266  1.1693e-019
106.288  1.16955e-019
107.31  1.16975e-019
108.332  1.16991e-019
109.354  1.17002e-019
110.376  1.17008e-019
111.398  1.17009e-019
112.42  1.17006e-019
113.442  1.16997e-019
114.464  1.16984e-019
115.486  1.16965e-019
116.508  1.16942e-019
117.53  1.16913e-019
118.552  1.1688e-019
119.574  1.16841e-019
120.596  1.16797e-019
121.618  1.16749e-019
122.64  1.16694e-019
123.662  1.16635e-019
124.684  1.16571e-019
125.706  1.16501e-019
126.728  1.16426e-019
127.75  1.16345e-019
128.772  1.16259e-019
129.794  1.16168e-019
130.816  1.16071e-019
131.838  1.15969e-019
132.86  1.15862e-019
133.882  1.15748e-019
134.904  1.1563e-019
135.926  1.15506e-019
136.948  1.15376e-019
137.97  1.1524e-019
138.992  1.15099e-019
140.014  1.14952e-019
141.036  1.14799e-019
142.058  1.14641e-019
143.08  1.14477e-019
144.102  1.14307e-019
145.124  1.14131e-019
146.146  1.13949e-019
147.168  1.13761e-019
148.19  1.13567e-019
149.212  1.13368e-019
150.234  1.13162e-019
151.256  1.1295e-019
152.278  1.12732e-019
153.3  1.12508e-019
154.322  1.12278e-019
155.344  1.12041e-019
156.366  1.11799e-019
157.388  1.1155e-019
158.41  1.11295e-019
159.432  1.11033e-019
160.454  1.10765e-019
161.476  1.10491e-019
162.498  1.1021e-019
163.52  1.09922e-019
164.542  1.09629e-019
165.564  1.09328e-019
166.586  1.09021e-019
167.608  1.08708e-019
168.63  1.08387e-019
169.652  1.0806e-019
170.674  1.07726e-019
171.696  1.07386e-019
172.718  1.07038e-019
173.74  1.06684e-019
174.762  1.06323e-019
175.784  1.05955e-019
176.806  1.0558e-019
177.828  1.05198e-019
178.85  1.04808e-019
179.872  1.04412e-019
180.894  1.04009e-019
181.916  1.03598e-019
182.938  1.0318e-019
183.96  1.02755e-019
184.982  1.02323e-019
186.004  1.01883e-019
187.026  1.01436e-019
188.048  1.00981e-019
189.07  1.00519e-019
190.092  1.0005e-019
191.114  9.95729e-020
192.136  9.90883e-020
193.158  9.85961e-020
194.18  9.80963e-020
195.202  9.75888e-020
196.224  9.70735e-020
197.246  9.65505e-020
198.268  9.60197e-020
199.29  9.54811e-020
200.312  9.49346e-020
201.334  9.43802e-020
202.356  9.38179e-020
203.378  9.32477e-020
204.4  9.26694e-020
205.422  9.20832e-020
206.444  9.14889e-020
207.466  9.08865e-020
208.488  9.0276e-020
209.51  8.96574e-020
210.532  8.90306e-020
211.554  8.83957e-020
212.576  8.77526e-020
213.598  8.71013e-020
214.62  8.64418e-020
215.642  8.5774e-020
216.664  8.5098e-020
217.686  8.44137e-020
218.708  8.37212e-020
219.73  8.30204e-020
220.752  8.23113e-020
221.774  8.1594e-020
222.796  8.08684e-020
223.818  8.01345e-020
224.84  7.93923e-020
225.862  7.86419e-020
226.884  7.78833e-020
227.906  7.71165e-020
228.928  7.63415e-020
229.95  7.55583e-020
230.972  7.4767e-020
231.994  7.39676e-020
233.016  7.31601e-020
234.038  7.23446e-020
235.06  7.15212e-020
236.082  7.06898e-020
237.104  6.98506e-020
238.126  6.90036e-020
239.148  6.81488e-020
240.17  6.72865e-020
241.192  6.64165e-020
242.214  6.5539e-020
243.236  6.46542e-020
244.258  6.37621e-020
245.28  6.28628e-020
246.302  6.19564e-020
247.324  6.1043e-020
248.346  6.01229e-020
249.368  5.9196e-020
250.39  5.82626e-020
251.412  5.73229e-020
252.434  5.63769e-020
253.456  5.54248e-020
254.478  5.44668e-020
255.5  5.35032e-020
256.522  5.25341e-020
257.544  5.15597e-020
258.566  5.05802e-020
259.588  4.9596e-020
260.61  4.86071e-020
261.632  4.76139e-020
262.654  4.66166e-020
263.676  4.56156e-020
264.698  4.4611e-020
265.72  4.36033e-020
266.742  4.25927e-020
267.764  4.15795e-020
268.786  4.05641e-020
269.808  3.9547e-020
270.83  3.85283e-020
271.852  3.75086e-020
272.874  3.64882e-020
273.896  3.54676e-020
274.918  3.44472e-020
275.94  3.34274e-020
276.962  3.24088e-020
277.984  3.13918e-020
279.006  3.03769e-020
280.028  2.93648e-020
281.05  2.83558e-020
282.072  2.73507e-020
283.094  2.63499e-020
284.116  2.53542e-020
285.138  2.43641e-020
286.16  2.33803e-020
287.182  2.24035e-020
288.204  2.14344e-020
289.226  2.04737e-020
290.248  1.95222e-020
291.27  1.85807e-020
292.292  1.765e-020
293.314  1.67308e-020
294.336  1.58242e-020
295.358  1.49309e-020
296.38  1.40519e-020
297.402  1.31881e-020
298.424  1.23406e-020
299.446  1.15102e-020
300.468  1.06982e-020
301.49  9.90548e-021
302.512  9.13323e-021
303.534  8.38258e-021
304.556  7.6547e-021
305.578  6.95082e-021
306.6  6.27218e-021
307.622  5.62006e-021
308.644  4.9958e-021
309.666  4.40075e-021
310.688  3.83632e-021
311.71  3.30396e-021
312.732  2.80514e-021
313.754  2.34141e-021
314.776  1.91431e-021
315.798  1.52548e-021
316.82  1.17657e-021
317.842  8.69276e-022
318.864  6.05352e-022
319.886  3.86591e-022
320.908  2.1483e-022
321.93  9.19528e-023
322.952  1.98785e-023
