1.022  4.53416e-020
2.044  4.57209e-020
3.066  4.60984e-020
4.088  4.6474e-020
5.11  4.68477e-020
6.132  4.72193e-020
7.154  4.75889e-020
8.176  4.79564e-020
9.198  4.83217e-020
10.22  4.86849e-020
11.242  4.90458e-020
12.264  4.94046e-020
13.286  4.97612e-020
14.308  5.01157e-020
15.33  5.04681e-020
16.352  5.08184e-020
17.374  5.11667e-020
18.396  5.15129e-020
19.418  5.18571e-020
20.44  5.21993e-020
21.462  5.25396e-020
22.484  5.28779e-020
23.506  5.32143e-020
24.528  5.35488e-020
25.55  5.38814e-020
26.572  5.42121e-020
27.594  5.45408e-020
28.616  5.48677e-020
29.638  5.51927e-020
30.66  5.55157e-020
31.682  5.58368e-020
32.704  5.6156e-020
33.726  5.64733e-020
34.748  5.67886e-020
35.77  5.71019e-020
36.792  5.74132e-020
37.814  5.77226e-020
38.836  5.80299e-020
39.858  5.83351e-020
40.88  5.86384e-020
41.902  5.89395e-020
42.924  5.92385e-020
43.946  5.95354e-020
44.968  5.98301e-020
45.99  6.01226e-020
47.012  6.04129e-020
48.034  6.0701e-020
49.056  6.09869e-020
50.078  6.12705e-020
51.1  6.15517e-020
52.122  6.18306e-020
53.144  6.21072e-020
54.166  6.23813e-020
55.188  6.26531e-020
56.21  6.29223e-020
57.232  6.31892e-020
58.254  6.34535e-020
59.276  6.37152e-020
60.298  6.39745e-020
61.32  6.42311e-020
62.342  6.44851e-020
63.364  6.47365e-020
64.386  6.49852e-020
65.408  6.52312e-020
66.43  6.54745e-020
67.452  6.5715e-020
68.474  6.59528e-020
69.496  6.61877e-020
70.518  6.64198e-020
71.54  6.66491e-020
72.562  6.68754e-020
73.584  6.70988e-020
74.606  6.73193e-020
75.628  6.75368e-020
76.65  6.77513e-020
77.672  6.79627e-020
78.694  6.81712e-020
79.716  6.83765e-020
80.738  6.85787e-020
81.76  6.87778e-020
82.782  6.89737e-020
83.804  6.91664e-020
84.826  6.9356e-020
85.848  6.95422e-020
86.87  6.97253e-020
87.892  6.9905e-020
88.914  7.00814e-020
89.936  7.02544e-020
90.958  7.04241e-020
91.98  7.05904e-020
93.002  7.07533e-020
94.024  7.09127e-020
95.046  7.10687e-020
96.068  7.12211e-020
97.09  7.13701e-020
98.112  7.15155e-020
99.134  7.16573e-020
100.156  7.17956e-020
101.178  7.19302e-020
102.2  7.20612e-020
103.222  7.21885e-020
104.244  7.23121e-020
105.266  7.2432e-020
106.288  7.25482e-020
107.31  7.26606e-020
108.332  7.27692e-020
109.354  7.2874e-020
110.376  7.2975e-020
111.398  7.30721e-020
112.42  7.31653e-020
113.442  7.32546e-020
114.464  7.334e-020
115.486  7.34215e-020
116.508  7.34989e-020
117.53  7.35724e-020
118.552  7.36418e-020
119.574  7.37072e-020
120.596  7.37686e-020
121.618  7.38258e-020
122.64  7.38789e-020
123.662  7.39278e-020
124.684  7.39726e-020
125.706  7.40132e-020
126.728  7.40496e-020
127.75  7.40817e-020
128.772  7.41096e-020
129.794  7.41332e-020
130.816  7.41524e-020
131.838  7.41674e-020
132.86  7.41779e-020
133.882  7.41841e-020
134.904  7.41859e-020
135.926  7.41832e-020
136.948  7.41761e-020
137.97  7.41645e-020
138.992  7.41484e-020
140.014  7.41277e-020
141.036  7.41025e-020
142.058  7.40727e-020
143.08  7.40383e-020
144.102  7.39992e-020
145.124  7.39555e-020
146.146  7.39071e-020
147.168  7.3854e-020
148.19  7.37961e-020
149.212  7.37335e-020
150.234  7.36661e-020
151.256  7.35938e-020
152.278  7.35167e-020
153.3  7.34347e-020
154.322  7.33478e-020
155.344  7.3256e-020
156.366  7.31592e-020
157.388  7.30575e-020
158.41  7.29507e-020
159.432  7.28389e-020
160.454  7.2722e-020
161.476  7.26e-020
162.498  7.24729e-020
163.52  7.23407e-020
164.542  7.22032e-020
165.564  7.20606e-020
166.586  7.19127e-020
167.608  7.17595e-020
168.63  7.1601e-020
169.652  7.14372e-020
170.674  7.12681e-020
171.696  7.10935e-020
172.718  7.09136e-020
173.74  7.07282e-020
174.762  7.05373e-020
175.784  7.03409e-020
176.806  7.0139e-020
177.828  6.99316e-020
178.85  6.97185e-020
179.872  6.94998e-020
180.894  6.92755e-020
181.916  6.90455e-020
182.938  6.88098e-020
183.96  6.85683e-020
184.982  6.83211e-020
186.004  6.80681e-020
187.026  6.78093e-020
188.048  6.75446e-020
189.07  6.72741e-020
190.092  6.69976e-020
191.114  6.67152e-020
192.136  6.64269e-020
193.158  6.61326e-020
194.18  6.58322e-020
195.202  6.55259e-020
196.224  6.52135e-020
197.246  6.48949e-020
198.268  6.45703e-020
199.29  6.42396e-020
200.312  6.39027e-020
201.334  6.35597e-020
202.356  6.32104e-020
203.378  6.28549e-020
204.4  6.24932e-020
205.422  6.21253e-020
206.444  6.17511e-020
207.466  6.13706e-020
208.488  6.09838e-020
209.51  6.05907e-020
210.532  6.01912e-020
211.554  5.97855e-020
212.576  5.93733e-020
213.598  5.89549e-020
214.62  5.85301e-020
215.642  5.80989e-020
216.664  5.76613e-020
217.686  5.72174e-020
218.708  5.67671e-020
219.73  5.63104e-020
220.752  5.58474e-020
221.774  5.5378e-020
222.796  5.49023e-020
223.818  5.44202e-020
224.84  5.39318e-020
225.862  5.34371e-020
226.884  5.29361e-020
227.906  5.24288e-020
228.928  5.19153e-020
229.95  5.13955e-020
230.972  5.08696e-020
231.994  5.03375e-020
233.016  4.97992e-020
234.038  4.92549e-020
235.06  4.87046e-020
236.082  4.81482e-020
237.104  4.75859e-020
238.126  4.70177e-020
239.148  4.64437e-020
240.17  4.58638e-020
241.192  4.52783e-020
242.214  4.46872e-020
243.236  4.40905e-020
244.258  4.34883e-020
245.28  4.28807e-020
246.302  4.22678e-020
247.324  4.16496e-020
248.346  4.10264e-020
249.368  4.03982e-020
250.39  3.97651e-020
251.412  3.91272e-020
252.434  3.84846e-020
253.456  3.78376e-020
254.478  3.71861e-020
255.5  3.65304e-020
256.522  3.58707e-020
257.544  3.5207e-020
258.566  3.45395e-020
259.588  3.38685e-020
260.61  3.3194e-020
261.632  3.25163e-020
262.654  3.18356e-020
263.676  3.11521e-020
264.698  3.0466e-020
265.72  2.97774e-020
266.742  2.90868e-020
267.764  2.83942e-020
268.786  2.77e-020
269.808  2.70044e-020
270.83  2.63076e-020
271.852  2.56101e-020
272.874  2.49119e-020
273.896  2.42136e-020
274.918  2.35153e-020
275.94  2.28174e-020
276.962  2.21202e-020
277.984  2.14241e-020
279.006  2.07295e-020
280.028  2.00367e-020
281.05  1.93462e-020
282.072  1.86583e-020
283.094  1.79734e-020
284.116  1.7292e-020
285.138  1.66145e-020
286.16  1.59414e-020
287.182  1.52731e-020
288.204  1.46103e-020
289.226  1.39532e-020
290.248  1.33026e-020
291.27  1.26589e-020
292.292  1.20227e-020
293.314  1.13945e-020
294.336  1.0775e-020
295.358  1.01648e-020
296.38  9.5645e-021
297.402  8.97474e-021
298.424  8.39621e-021
299.446  7.8296e-021
300.468  7.27562e-021
301.49  6.735e-021
302.512  6.20849e-021
303.534  5.69688e-021
304.556  5.20096e-021
305.578  4.72154e-021
306.6  4.25949e-021
307.622  3.81565e-021
308.644  3.39093e-021
309.666  2.98624e-021
310.688  2.60253e-021
311.71  2.24076e-021
312.732  1.90193e-021
313.754  1.58706e-021
314.776  1.29719e-021
315.798  1.0334e-021
316.82  7.968e-022
317.842  5.88516e-022
318.864  4.09708e-022
319.886  2.61567e-022
320.908  1.45308e-022
321.93  6.21754e-023
322.952  1.34368e-023
