1.022  1.1564e-020
2.044  1.1842e-020
3.066  1.21196e-020
4.088  1.2397e-020
5.11  1.26739e-020
6.132  1.29505e-020
7.154  1.32266e-020
8.176  1.35023e-020
9.198  1.37775e-020
10.22  1.40521e-020
11.242  1.43262e-020
12.264  1.45998e-020
13.286  1.48728e-020
14.308  1.51452e-020
15.33  1.5417e-020
16.352  1.56882e-020
17.374  1.59588e-020
18.396  1.62287e-020
19.418  1.64981e-020
20.44  1.67668e-020
21.462  1.70349e-020
22.484  1.73023e-020
23.506  1.75691e-020
24.528  1.78351e-020
25.55  1.81005e-020
26.572  1.83653e-020
27.594  1.86293e-020
28.616  1.88925e-020
29.638  1.91551e-020
30.66  1.94169e-020
31.682  1.96779e-020
32.704  1.99381e-020
33.726  2.01976e-020
34.748  2.04562e-020
35.77  2.0714e-020
36.792  2.09709e-020
37.814  2.1227e-020
38.836  2.14821e-020
39.858  2.17364e-020
40.88  2.19897e-020
41.902  2.22421e-020
42.924  2.24935e-020
43.946  2.2744e-020
44.968  2.29934e-020
45.99  2.32417e-020
47.012  2.34891e-020
48.034  2.37353e-020
49.056  2.39804e-020
50.078  2.42245e-020
51.1  2.44673e-020
52.122  2.47091e-020
53.144  2.49496e-020
54.166  2.51889e-020
55.188  2.5427e-020
56.21  2.56638e-020
57.232  2.58994e-020
58.254  2.61336e-020
59.276  2.63665e-020
60.298  2.65981e-020
61.32  2.68283e-020
62.342  2.70572e-020
63.364  2.72846e-020
64.386  2.75105e-020
65.408  2.7735e-020
66.43  2.79581e-020
67.452  2.81796e-020
68.474  2.83996e-020
69.496  2.8618e-020
70.518  2.88349e-020
71.54  2.90502e-020
72.562  2.92638e-020
73.584  2.94759e-020
74.606  2.96862e-020
75.628  2.98949e-020
76.65  3.01018e-020
77.672  3.03071e-020
78.694  3.05105e-020
79.716  3.07122e-020
80.738  3.09121e-020
81.76  3.11102e-020
82.782  3.13064e-020
83.804  3.15008e-020
84.826  3.16933e-020
85.848  3.18839e-020
86.87  3.20725e-020
87.892  3.22592e-020
88.914  3.24439e-020
89.936  3.26266e-020
90.958  3.28073e-020
91.98  3.2986e-020
93.002  3.31626e-020
94.024  3.33371e-020
95.046  3.35095e-020
96.068  3.36798e-020
97.09  3.3848e-020
98.112  3.40139e-020
99.134  3.41777e-020
100.156  3.43393e-020
101.178  3.44986e-020
102.2  3.46557e-020
103.222  3.48105e-020
104.244  3.49631e-020
105.266  3.51133e-020
106.288  3.52611e-020
107.31  3.54066e-020
108.332  3.55497e-020
109.354  3.56905e-020
110.376  3.58287e-020
111.398  3.59646e-020
112.42  3.6098e-020
113.442  3.62289e-020
114.464  3.63573e-020
115.486  3.64831e-020
116.508  3.66064e-020
117.53  3.67272e-020
118.552  3.68453e-020
119.574  3.69609e-020
120.596  3.70738e-020
121.618  3.7184e-020
122.64  3.72916e-020
123.662  3.73965e-020
124.684  3.74986e-020
125.706  3.7598e-020
126.728  3.76947e-020
127.75  3.77886e-020
128.772  3.78796e-020
129.794  3.79679e-020
130.816  3.80532e-020
131.838  3.81358e-020
132.86  3.82154e-020
133.882  3.82921e-020
134.904  3.83659e-020
135.926  3.84367e-020
136.948  3.85046e-020
137.97  3.85695e-020
138.992  3.86313e-020
140.014  3.86901e-020
141.036  3.87458e-020
142.058  3.87984e-020
143.08  3.8848e-020
144.102  3.88944e-020
145.124  3.89376e-020
146.146  3.89777e-020
147.168  3.90146e-020
148.19  3.90482e-020
149.212  3.90787e-020
150.234  3.91058e-020
151.256  3.91297e-020
152.278  3.91502e-020
153.3  3.91675e-020
154.322  3.91813e-020
155.344  3.91918e-020
156.366  3.91989e-020
157.388  3.92026e-020
158.41  3.92028e-020
159.432  3.91996e-020
160.454  3.91928e-020
161.476  3.91826e-020
162.498  3.91688e-020
163.52  3.91515e-020
164.542  3.91306e-020
165.564  3.9106e-020
166.586  3.90779e-020
167.608  3.90461e-020
168.63  3.90106e-020
169.652  3.89715e-020
170.674  3.89286e-020
171.696  3.8882e-020
172.718  3.88316e-020
173.74  3.87775e-020
174.762  3.87195e-020
175.784  3.86577e-020
176.806  3.85921e-020
177.828  3.85226e-020
178.85  3.84492e-020
179.872  3.83719e-020
180.894  3.82907e-020
181.916  3.82055e-020
182.938  3.81163e-020
183.96  3.80231e-020
184.982  3.7926e-020
186.004  3.78248e-020
187.026  3.77195e-020
188.048  3.76102e-020
189.07  3.74968e-020
190.092  3.73792e-020
191.114  3.72576e-020
192.136  3.71317e-020
193.158  3.70018e-020
194.18  3.68676e-020
195.202  3.67293e-020
196.224  3.65867e-020
197.246  3.64399e-020
198.268  3.62889e-020
199.29  3.61336e-020
200.312  3.59741e-020
201.334  3.58103e-020
202.356  3.56421e-020
203.378  3.54697e-020
204.4  3.5293e-020
205.422  3.51119e-020
206.444  3.49265e-020
207.466  3.47368e-020
208.488  3.45427e-020
209.51  3.43442e-020
210.532  3.41414e-020
211.554  3.39342e-020
212.576  3.37227e-020
213.598  3.35068e-020
214.62  3.32865e-020
215.642  3.30619e-020
216.664  3.28328e-020
217.686  3.25995e-020
218.708  3.23617e-020
219.73  3.21196e-020
220.752  3.18732e-020
221.774  3.16224e-020
222.796  3.13672e-020
223.818  3.11078e-020
224.84  3.0844e-020
225.862  3.0576e-020
226.884  3.03037e-020
227.906  3.00271e-020
228.928  2.97463e-020
229.95  2.94613e-020
230.972  2.91721e-020
231.994  2.88788e-020
233.016  2.85813e-020
234.038  2.82797e-020
235.06  2.7974e-020
236.082  2.76643e-020
237.104  2.73506e-020
238.126  2.7033e-020
239.148  2.67115e-020
240.17  2.63861e-020
241.192  2.60568e-020
242.214  2.57239e-020
243.236  2.53872e-020
244.258  2.50468e-020
245.28  2.47029e-020
246.302  2.43554e-020
247.324  2.40045e-020
248.346  2.36502e-020
249.368  2.32925e-020
250.39  2.29317e-020
251.412  2.25677e-020
252.434  2.22006e-020
253.456  2.18305e-020
254.478  2.14575e-020
255.5  2.10817e-020
256.522  2.07033e-020
257.544  2.03222e-020
258.566  1.99387e-020
259.588  1.95528e-020
260.61  1.91647e-020
261.632  1.87744e-020
262.654  1.83821e-020
263.676  1.7988e-020
264.698  1.75922e-020
265.72  1.71947e-020
266.742  1.67959e-020
267.764  1.63957e-020
268.786  1.59944e-020
269.808  1.55922e-020
270.83  1.51892e-020
271.852  1.47856e-020
272.874  1.43816e-020
273.896  1.39773e-020
274.918  1.3573e-020
275.94  1.31689e-020
276.962  1.27651e-020
277.984  1.2362e-020
279.006  1.19596e-020
280.028  1.15583e-020
281.05  1.11583e-020
282.072  1.07598e-020
283.094  1.0363e-020
284.116  9.96836e-021
285.138  9.576e-021
286.16  9.18621e-021
287.182  8.7993e-021
288.204  8.41556e-021
289.226  8.03528e-021
290.248  7.65878e-021
291.27  7.28638e-021
292.292  6.91841e-021
293.314  6.55521e-021
294.336  6.19713e-021
295.358  5.84452e-021
296.38  5.49775e-021
297.402  5.15721e-021
298.424  4.82328e-021
299.446  4.49636e-021
300.468  4.17686e-021
301.49  3.8652e-021
302.512  3.56182e-021
303.534  3.26717e-021
304.556  2.98168e-021
305.578  2.70585e-021
306.6  2.44013e-021
307.622  2.18504e-021
308.644  1.94106e-021
309.666  1.70873e-021
310.688  1.48857e-021
311.71  1.28112e-021
312.732  1.08694e-021
313.754  9.06601e-022
314.776  7.40692e-022
315.798  5.89809e-022
316.82  4.54566e-022
317.842  3.35588e-022
318.864  2.33519e-022
319.886  1.49013e-022
320.908  8.27417e-023
321.93  3.53871e-023
322.952  7.64378e-024
