1.022  4.46581e-021
2.044  4.52026e-021
3.066  4.577e-021
4.088  4.63599e-021
5.11  4.69718e-021
6.132  4.76054e-021
7.154  4.826e-021
8.176  4.89353e-021
9.198  4.96308e-021
10.22  5.0346e-021
11.242  5.10807e-021
12.264  5.18343e-021
13.286  5.26066e-021
14.308  5.3397e-021
15.33  5.42054e-021
16.352  5.50313e-021
17.374  5.58743e-021
18.396  5.67341e-021
19.418  5.76104e-021
20.44  5.85029e-021
21.462  5.9411e-021
22.484  6.03347e-021
23.506  6.12733e-021
24.528  6.22268e-021
25.55  6.31945e-021
26.572  6.41764e-021
27.594  6.51719e-021
28.616  6.61808e-021
29.638  6.72026e-021
30.66  6.82371e-021
31.682  6.9284e-021
32.704  7.03427e-021
33.726  7.14132e-021
34.748  7.24949e-021
35.77  7.35875e-021
36.792  7.46907e-021
37.814  7.58042e-021
38.836  7.69276e-021
39.858  7.80607e-021
40.88  7.92029e-021
41.902  8.03541e-021
42.924  8.15139e-021
43.946  8.26819e-021
44.968  8.38579e-021
45.99  8.50414e-021
47.012  8.62322e-021
48.034  8.743e-021
49.056  8.86344e-021
50.078  8.98451e-021
51.1  9.10618e-021
52.122  9.22842e-021
53.144  9.35119e-021
54.166  9.47447e-021
55.188  9.59822e-021
56.21  9.72241e-021
57.232  9.84701e-021
58.254  9.97199e-021
59.276  1.00973e-020
60.298  1.0223e-020
61.32  1.03489e-020
62.342  1.04751e-020
63.364  1.06015e-020
64.386  1.07282e-020
65.408  1.0855e-020
66.43  1.09819e-020
67.452  1.11089e-020
68.474  1.12361e-020
69.496  1.13632e-020
70.518  1.14905e-020
71.54  1.16177e-020
72.562  1.17448e-020
73.584  1.1872e-020
74.606  1.1999e-020
75.628  1.21259e-020
76.65  1.22527e-020
77.672  1.23792e-020
78.694  1.25056e-020
79.716  1.26318e-020
80.738  1.27577e-020
81.76  1.28834e-020
82.782  1.30087e-020
83.804  1.31337e-020
84.826  1.32584e-020
85.848  1.33826e-020
86.87  1.35065e-020
87.892  1.36299e-020
88.914  1.37528e-020
89.936  1.38753e-020
90.958  1.39972e-020
91.98  1.41186e-020
93.002  1.42394e-020
94.024  1.43597e-020
95.046  1.44793e-020
96.068  1.45983e-020
97.09  1.47166e-020
98.112  1.48342e-020
99.134  1.49511e-020
100.156  1.50673e-020
101.178  1.51826e-020
102.2  1.52972e-020
103.222  1.5411e-020
104.244  1.5524e-020
105.266  1.56361e-020
106.288  1.57473e-020
107.31  1.58575e-020
108.332  1.59669e-020
109.354  1.60753e-020
110.376  1.61827e-020
111.398  1.62891e-020
112.42  1.63944e-020
113.442  1.64988e-020
114.464  1.6602e-020
115.486  1.67041e-020
116.508  1.68051e-020
117.53  1.6905e-020
118.552  1.70036e-020
119.574  1.71011e-020
120.596  1.71974e-020
121.618  1.72924e-020
122.64  1.73862e-020
123.662  1.74786e-020
124.684  1.75698e-020
125.706  1.76596e-020
126.728  1.77481e-020
127.75  1.78351e-020
128.772  1.79208e-020
129.794  1.80051e-020
130.816  1.80879e-020
131.838  1.81692e-020
132.86  1.8249e-020
133.882  1.83273e-020
134.904  1.84041e-020
135.926  1.84793e-020
136.948  1.85529e-020
137.97  1.86249e-020
138.992  1.86953e-020
140.014  1.8764e-020
141.036  1.88311e-020
142.058  1.88965e-020
143.08  1.89601e-020
144.102  1.9022e-020
145.124  1.90821e-020
146.146  1.91404e-020
147.168  1.9197e-020
148.19  1.92517e-020
149.212  1.93045e-020
150.234  1.93555e-020
151.256  1.94046e-020
152.278  1.94517e-020
153.3  1.94969e-020
154.322  1.95402e-020
155.344  1.95814e-020
156.366  1.96207e-020
157.388  1.96579e-020
158.41  1.96931e-020
159.432  1.97262e-020
160.454  1.97572e-020
161.476  1.97861e-020
162.498  1.98129e-020
163.52  1.98375e-020
164.542  1.986e-020
165.564  1.98802e-020
166.586  1.98983e-020
167.608  1.99141e-020
168.63  1.99276e-020
169.652  1.99389e-020
170.674  1.99478e-020
171.696  1.99545e-020
172.718  1.99588e-020
173.74  1.99608e-020
174.762  1.99604e-020
175.784  1.99576e-020
176.806  1.99524e-020
177.828  1.99447e-020
178.85  1.99346e-020
179.872  1.99221e-020
180.894  1.9907e-020
181.916  1.98895e-020
182.938  1.98694e-020
183.96  1.98468e-020
184.982  1.98217e-020
186.004  1.9794e-020
187.026  1.97637e-020
188.048  1.97308e-020
189.07  1.96953e-020
190.092  1.96572e-020
191.114  1.96164e-020
192.136  1.9573e-020
193.158  1.95269e-020
194.18  1.94781e-020
195.202  1.94266e-020
196.224  1.93724e-020
197.246  1.93155e-020
198.268  1.92559e-020
199.29  1.91935e-020
200.312  1.91284e-020
201.334  1.90605e-020
202.356  1.89898e-020
203.378  1.89164e-020
204.4  1.88402e-020
205.422  1.87611e-020
206.444  1.86793e-020
207.466  1.85947e-020
208.488  1.85073e-020
209.51  1.84171e-020
210.532  1.8324e-020
211.554  1.82281e-020
212.576  1.81294e-020
213.598  1.80279e-020
214.62  1.79236e-020
215.642  1.78164e-020
216.664  1.77064e-020
217.686  1.75936e-020
218.708  1.7478e-020
219.73  1.73596e-020
220.752  1.72384e-020
221.774  1.71144e-020
222.796  1.69875e-020
223.818  1.68579e-020
224.84  1.67256e-020
225.862  1.65905e-020
226.884  1.64526e-020
227.906  1.6312e-020
228.928  1.61687e-020
229.95  1.60226e-020
230.972  1.58739e-020
231.994  1.57225e-020
233.016  1.55685e-020
234.038  1.54118e-020
235.06  1.52526e-020
236.082  1.50907e-020
237.104  1.49264e-020
238.126  1.47594e-020
239.148  1.459e-020
240.17  1.44182e-020
241.192  1.42439e-020
242.214  1.40672e-020
243.236  1.38881e-020
244.258  1.37067e-020
245.28  1.35231e-020
246.302  1.33371e-020
247.324  1.3149e-020
248.346  1.29588e-020
249.368  1.27664e-020
250.39  1.2572e-020
251.412  1.23756e-020
252.434  1.21772e-020
253.456  1.1977e-020
254.478  1.17749e-020
255.5  1.1571e-020
256.522  1.13655e-020
257.544  1.11582e-020
258.566  1.09495e-020
259.588  1.07392e-020
260.61  1.05274e-020
261.632  1.03144e-020
262.654  1.01e-020
263.676  9.88449e-021
264.698  9.66784e-021
265.72  9.45017e-021
266.742  9.23157e-021
267.764  9.01213e-021
268.786  8.79194e-021
269.808  8.57112e-021
270.83  8.34976e-021
271.852  8.12796e-021
272.874  7.90584e-021
273.896  7.68351e-021
274.918  7.46108e-021
275.94  7.23867e-021
276.962  7.01641e-021
277.984  6.79443e-021
279.006  6.57285e-021
280.028  6.3518e-021
281.05  6.13143e-021
282.072  5.91188e-021
283.094  5.69329e-021
284.116  5.47582e-021
285.138  5.25961e-021
286.16  5.04484e-021
287.182  4.83165e-021
288.204  4.62022e-021
289.226  4.41071e-021
290.248  4.20331e-021
291.27  3.9982e-021
292.292  3.79555e-021
293.314  3.59557e-021
294.336  3.39845e-021
295.358  3.20438e-021
296.38  3.01357e-021
297.402  2.82624e-021
298.424  2.6426e-021
299.446  2.46286e-021
300.468  2.28726e-021
301.49  2.11603e-021
302.512  1.94941e-021
303.534  1.78764e-021
304.556  1.63096e-021
305.578  1.47964e-021
306.6  1.33393e-021
307.622  1.19411e-021
308.644  1.06044e-021
309.666  9.33207e-022
310.688  8.12696e-022
311.71  6.992e-022
312.732  5.93017e-022
313.754  4.94455e-022
314.776  4.03824e-022
315.798  3.21446e-022
316.82  2.47647e-022
317.842  1.82759e-022
318.864  1.27124e-022
319.886  8.10892e-023
320.908  4.50082e-023
321.93  1.92415e-023
322.952  4.15458e-024
