1.022  7.05954e-020
2.044  6.95889e-020
3.066  6.85959e-020
4.088  6.76161e-020
5.11  6.66494e-020
6.132  6.56955e-020
7.154  6.47543e-020
8.176  6.38255e-020
9.198  6.2909e-020
10.22  6.20046e-020
11.242  6.11123e-020
12.264  6.02319e-020
13.286  5.93632e-020
14.308  5.85064e-020
15.33  5.76611e-020
16.352  5.68275e-020
17.374  5.60053e-020
18.396  5.51945e-020
19.418  5.4395e-020
20.44  5.36067e-020
21.462  5.28295e-020
22.484  5.20633e-020
23.506  5.1308e-020
24.528  5.05634e-020
25.55  4.98295e-020
26.572  4.91061e-020
27.594  4.83931e-020
28.616  4.76904e-020
29.638  4.69979e-020
30.66  4.63153e-020
31.682  4.56427e-020
32.704  4.49799e-020
33.726  4.43267e-020
34.748  4.3683e-020
35.77  4.30488e-020
36.792  4.24237e-020
37.814  4.18079e-020
38.836  4.12011e-020
39.858  4.06031e-020
40.88  4.0014e-020
41.902  3.94334e-020
42.924  3.88615e-020
43.946  3.82979e-020
44.968  3.77427e-020
45.99  3.71956e-020
47.012  3.66566e-020
48.034  3.61256e-020
49.056  3.56024e-020
50.078  3.50869e-020
51.1  3.45791e-020
52.122  3.40788e-020
53.144  3.35859e-020
54.166  3.31003e-020
55.188  3.2622e-020
56.21  3.21507e-020
57.232  3.16865e-020
58.254  3.12292e-020
59.276  3.07787e-020
60.298  3.03349e-020
61.32  2.98978e-020
62.342  2.94672e-020
63.364  2.9043e-020
64.386  2.86252e-020
65.408  2.82137e-020
66.43  2.78084e-020
67.452  2.74092e-020
68.474  2.70159e-020
69.496  2.66287e-020
70.518  2.62472e-020
71.54  2.58716e-020
72.562  2.55016e-020
73.584  2.51372e-020
74.606  2.47784e-020
75.628  2.4425e-020
76.65  2.4077e-020
77.672  2.37343e-020
78.694  2.33969e-020
79.716  2.30646e-020
80.738  2.27374e-020
81.76  2.24152e-020
82.782  2.2098e-020
83.804  2.17857e-020
84.826  2.14782e-020
85.848  2.11754e-020
86.87  2.08773e-020
87.892  2.05838e-020
88.914  2.02949e-020
89.936  2.00105e-020
90.958  1.97304e-020
91.98  1.94548e-020
93.002  1.91835e-020
94.024  1.89164e-020
95.046  1.86534e-020
96.068  1.83947e-020
97.09  1.81399e-020
98.112  1.78892e-020
99.134  1.76424e-020
100.156  1.73996e-020
101.178  1.71605e-020
102.2  1.69253e-020
103.222  1.66938e-020
104.244  1.64659e-020
105.266  1.62417e-020
106.288  1.60211e-020
107.31  1.58039e-020
108.332  1.55903e-020
109.354  1.538e-020
110.376  1.51731e-020
111.398  1.49696e-020
112.42  1.47693e-020
113.442  1.45722e-020
114.464  1.43783e-020
115.486  1.41875e-020
116.508  1.39998e-020
117.53  1.38151e-020
118.552  1.36334e-020
119.574  1.34546e-020
120.596  1.32788e-020
121.618  1.31057e-020
122.64  1.29355e-020
123.662  1.2768e-020
124.684  1.26033e-020
125.706  1.24412e-020
126.728  1.22818e-020
127.75  1.21249e-020
128.772  1.19706e-020
129.794  1.18188e-020
130.816  1.16695e-020
131.838  1.15226e-020
132.86  1.1378e-020
133.882  1.12359e-020
134.904  1.1096e-020
135.926  1.09584e-020
136.948  1.0823e-020
137.97  1.06898e-020
138.992  1.05588e-020
140.014  1.04299e-020
141.036  1.03031e-020
142.058  1.01783e-020
143.08  1.00555e-020
144.102  9.93474e-021
145.124  9.81589e-021
146.146  9.69894e-021
147.168  9.58387e-021
148.19  9.47063e-021
149.212  9.35919e-021
150.234  9.24953e-021
151.256  9.14161e-021
152.278  9.03539e-021
153.3  8.93084e-021
154.322  8.82794e-021
155.344  8.72664e-021
156.366  8.62693e-021
157.388  8.52877e-021
158.41  8.43212e-021
159.432  8.33696e-021
160.454  8.24327e-021
161.476  8.151e-021
162.498  8.06013e-021
163.52  7.97064e-021
164.542  7.88249e-021
165.564  7.79566e-021
166.586  7.71012e-021
167.608  7.62584e-021
168.63  7.54279e-021
169.652  7.46095e-021
170.674  7.3803e-021
171.696  7.3008e-021
172.718  7.22243e-021
173.74  7.14517e-021
174.762  7.06899e-021
175.784  6.99386e-021
176.806  6.91977e-021
177.828  6.84669e-021
178.85  6.77459e-021
179.872  6.70344e-021
180.894  6.63324e-021
181.916  6.56395e-021
182.938  6.49556e-021
183.96  6.42803e-021
184.982  6.36135e-021
186.004  6.2955e-021
187.026  6.23045e-021
188.048  6.16619e-021
189.07  6.10269e-021
190.092  6.03993e-021
191.114  5.9779e-021
192.136  5.91657e-021
193.158  5.85592e-021
194.18  5.79593e-021
195.202  5.73659e-021
196.224  5.67787e-021
197.246  5.61976e-021
198.268  5.56223e-021
199.29  5.50528e-021
200.312  5.44887e-021
201.334  5.393e-021
202.356  5.33765e-021
203.378  5.28279e-021
204.4  5.22842e-021
205.422  5.17451e-021
206.444  5.12105e-021
207.466  5.06802e-021
208.488  5.01541e-021
209.51  4.9632e-021
210.532  4.91137e-021
211.554  4.85991e-021
212.576  4.8088e-021
213.598  4.75803e-021
214.62  4.70758e-021
215.642  4.65744e-021
216.664  4.60759e-021
217.686  4.55802e-021
218.708  4.50872e-021
219.73  4.45967e-021
220.752  4.41085e-021
221.774  4.36226e-021
222.796  4.31388e-021
223.818  4.26569e-021
224.84  4.21769e-021
225.862  4.16986e-021
226.884  4.12218e-021
227.906  4.07465e-021
228.928  4.02725e-021
229.95  3.97998e-021
230.972  3.93281e-021
231.994  3.88573e-021
233.016  3.83874e-021
234.038  3.79183e-021
235.06  3.74497e-021
236.082  3.69817e-021
237.104  3.65141e-021
238.126  3.60467e-021
239.148  3.55795e-021
240.17  3.51125e-021
241.192  3.46453e-021
242.214  3.41781e-021
243.236  3.37107e-021
244.258  3.32429e-021
245.28  3.27748e-021
246.302  3.23062e-021
247.324  3.1837e-021
248.346  3.13671e-021
249.368  3.08965e-021
250.39  3.04251e-021
251.412  2.99528e-021
252.434  2.94796e-021
253.456  2.90054e-021
254.478  2.853e-021
255.5  2.80536e-021
256.522  2.75759e-021
257.544  2.7097e-021
258.566  2.66168e-021
259.588  2.61353e-021
260.61  2.56525e-021
261.632  2.51682e-021
262.654  2.46826e-021
263.676  2.41955e-021
264.698  2.37071e-021
265.72  2.32171e-021
266.742  2.27258e-021
267.764  2.22331e-021
268.786  2.17389e-021
269.808  2.12434e-021
270.83  2.07466e-021
271.852  2.02486e-021
272.874  1.97493e-021
273.896  1.92489e-021
274.918  1.87474e-021
275.94  1.82449e-021
276.962  1.77416e-021
277.984  1.72376e-021
279.006  1.6733e-021
280.028  1.62279e-021
281.05  1.57224e-021
282.072  1.52169e-021
283.094  1.47115e-021
284.116  1.42063e-021
285.138  1.37016e-021
286.16  1.31977e-021
287.182  1.26949e-021
288.204  1.21933e-021
289.226  1.16934e-021
290.248  1.11955e-021
291.27  1.06999e-021
292.292  1.02071e-021
293.314  9.71731e-022
294.336  9.23114e-022
295.358  8.749e-022
296.38  8.27139e-022
297.402  7.79886e-022
298.424  7.33195e-022
299.446  6.87127e-022
300.468  6.41744e-022
301.49  5.97115e-022
302.512  5.53309e-022
303.534  5.10401e-022
304.556  4.68472e-022
305.578  4.27604e-022
306.6  3.87885e-022
307.622  3.49409e-022
308.644  3.12273e-022
309.666  2.76579e-022
310.688  2.42437e-022
311.71  2.0996e-022
312.732  1.79268e-022
313.754  1.50486e-022
314.776  1.23745e-022
315.798  9.91844e-023
316.82  7.69485e-023
317.842  5.71888e-023
318.864  4.00641e-023
319.886  2.57405e-023
320.908  1.43914e-023
321.93  6.19777e-024
322.952  1.34815e-024
