1.022  9.39047e-020
2.044  9.26409e-020
3.066  9.13931e-020
4.088  9.01611e-020
5.11  8.89448e-020
6.132  8.77438e-020
7.154  8.65578e-020
8.176  8.53867e-020
9.198  8.42303e-020
10.22  8.30883e-020
11.242  8.19607e-020
12.264  8.08473e-020
13.286  7.9748e-020
14.308  7.86627e-020
15.33  7.75914e-020
16.352  7.6534e-020
17.374  7.54902e-020
18.396  7.44602e-020
19.418  7.34437e-020
20.44  7.24407e-020
21.462  7.14509e-020
22.484  7.04744e-020
23.506  6.9511e-020
24.528  6.85605e-020
25.55  6.76229e-020
26.572  6.66979e-020
27.594  6.57855e-020
28.616  6.48854e-020
29.638  6.39976e-020
30.66  6.31219e-020
31.682  6.22582e-020
32.704  6.14062e-020
33.726  6.05659e-020
34.748  5.97371e-020
35.77  5.89197e-020
36.792  5.81134e-020
37.814  5.73182e-020
38.836  5.65339e-020
39.858  5.57603e-020
40.88  5.49974e-020
41.902  5.42449e-020
42.924  5.35028e-020
43.946  5.27708e-020
44.968  5.20489e-020
45.99  5.13369e-020
47.012  5.06346e-020
48.034  4.9942e-020
49.056  4.92589e-020
50.078  4.85852e-020
51.1  4.79207e-020
52.122  4.72654e-020
53.144  4.6619e-020
54.166  4.59815e-020
55.188  4.53527e-020
56.21  4.47326e-020
57.232  4.4121e-020
58.254  4.35178e-020
59.276  4.29229e-020
60.298  4.23361e-020
61.32  4.17574e-020
62.342  4.11867e-020
63.364  4.06238e-020
64.386  4.00686e-020
65.408  3.95211e-020
66.43  3.89811e-020
67.452  3.84485e-020
68.474  3.79233e-020
69.496  3.74052e-020
70.518  3.68944e-020
71.54  3.63905e-020
72.562  3.58937e-020
73.584  3.54036e-020
74.606  3.49203e-020
75.628  3.44437e-020
76.65  3.39737e-020
77.672  3.35102e-020
78.694  3.30531e-020
79.716  3.26023e-020
80.738  3.21578e-020
81.76  3.17194e-020
82.782  3.12871e-020
83.804  3.08608e-020
84.826  3.04404e-020
85.848  3.00259e-020
86.87  2.96171e-020
87.892  2.9214e-020
88.914  2.88165e-020
89.936  2.84246e-020
90.958  2.80381e-020
91.98  2.7657e-020
93.002  2.72813e-020
94.024  2.69108e-020
95.046  2.65454e-020
96.068  2.61852e-020
97.09  2.58301e-020
98.112  2.54799e-020
99.134  2.51346e-020
100.156  2.47942e-020
101.178  2.44586e-020
102.2  2.41277e-020
103.222  2.38014e-020
104.244  2.34798e-020
105.266  2.31627e-020
106.288  2.285e-020
107.31  2.25418e-020
108.332  2.22379e-020
109.354  2.19384e-020
110.376  2.1643e-020
111.398  2.13519e-020
112.42  2.10649e-020
113.442  2.07819e-020
114.464  2.0503e-020
115.486  2.0228e-020
116.508  1.99569e-020
117.53  1.96897e-020
118.552  1.94263e-020
119.574  1.91667e-020
120.596  1.89107e-020
121.618  1.86584e-020
122.64  1.84097e-020
123.662  1.81646e-020
124.684  1.79229e-020
125.706  1.76847e-020
126.728  1.74499e-020
127.75  1.72184e-020
128.772  1.69903e-020
129.794  1.67654e-020
130.816  1.65438e-020
131.838  1.63253e-020
132.86  1.61099e-020
133.882  1.58977e-020
134.904  1.56884e-020
135.926  1.54822e-020
136.948  1.52789e-020
137.97  1.50786e-020
138.992  1.48811e-020
140.014  1.46864e-020
141.036  1.44945e-020
142.058  1.43054e-020
143.08  1.41189e-020
144.102  1.39352e-020
145.124  1.37541e-020
146.146  1.35755e-020
147.168  1.33995e-020
148.19  1.32261e-020
149.212  1.30551e-020
150.234  1.28865e-020
151.256  1.27204e-020
152.278  1.25566e-020
153.3  1.23951e-020
154.322  1.2236e-020
155.344  1.20791e-020
156.366  1.19244e-020
157.388  1.1772e-020
158.41  1.16217e-020
159.432  1.14735e-020
160.454  1.13274e-020
161.476  1.11834e-020
162.498  1.10414e-020
163.52  1.09014e-020
164.542  1.07634e-020
165.564  1.06274e-020
166.586  1.04932e-020
167.608  1.03609e-020
168.63  1.02305e-020
169.652  1.01018e-020
170.674  9.975e-021
171.696  9.84993e-021
172.718  9.72658e-021
173.74  9.60494e-021
174.762  9.48498e-021
175.784  9.36667e-021
176.806  9.24997e-021
177.828  9.13487e-021
178.85  9.02134e-021
179.872  8.90935e-021
180.894  8.79888e-021
181.916  8.68989e-021
182.938  8.58237e-021
183.96  8.47629e-021
184.982  8.37162e-021
186.004  8.26835e-021
187.026  8.16644e-021
188.048  8.06587e-021
189.07  7.96661e-021
190.092  7.86866e-021
191.114  7.77197e-021
192.136  7.67652e-021
193.158  7.58231e-021
194.18  7.48929e-021
195.202  7.39745e-021
196.224  7.30677e-021
197.246  7.21722e-021
198.268  7.12879e-021
199.29  7.04144e-021
200.312  6.95516e-021
201.334  6.86993e-021
202.356  6.78573e-021
203.378  6.70253e-021
204.4  6.62031e-021
205.422  6.53906e-021
206.444  6.45875e-021
207.466  6.37936e-021
208.488  6.30087e-021
209.51  6.22326e-021
210.532  6.14651e-021
211.554  6.0706e-021
212.576  5.9955e-021
213.598  5.92121e-021
214.62  5.8477e-021
215.642  5.77495e-021
216.664  5.70294e-021
217.686  5.63165e-021
218.708  5.56106e-021
219.73  5.49115e-021
220.752  5.4219e-021
221.774  5.3533e-021
222.796  5.28531e-021
223.818  5.21794e-021
224.84  5.15114e-021
225.862  5.08492e-021
226.884  5.01924e-021
227.906  4.95408e-021
228.928  4.88944e-021
229.95  4.82528e-021
230.972  4.7616e-021
231.994  4.69837e-021
233.016  4.63557e-021
234.038  4.57318e-021
235.06  4.51119e-021
236.082  4.44958e-021
237.104  4.38833e-021
238.126  4.32742e-021
239.148  4.26683e-021
240.17  4.20654e-021
241.192  4.14655e-021
242.214  4.08682e-021
243.236  4.02734e-021
244.258  3.96809e-021
245.28  3.90906e-021
246.302  3.85023e-021
247.324  3.79158e-021
248.346  3.73309e-021
249.368  3.67476e-021
250.39  3.61655e-021
251.412  3.55846e-021
252.434  3.50048e-021
253.456  3.44257e-021
254.478  3.38474e-021
255.5  3.32697e-021
256.522  3.26923e-021
257.544  3.21152e-021
258.566  3.15383e-021
259.588  3.09614e-021
260.61  3.03844e-021
261.632  2.98072e-021
262.654  2.92297e-021
263.676  2.86518e-021
264.698  2.80733e-021
265.72  2.74943e-021
266.742  2.69146e-021
267.764  2.63341e-021
268.786  2.57529e-021
269.808  2.51708e-021
270.83  2.45878e-021
271.852  2.4004e-021
272.874  2.34192e-021
273.896  2.28336e-021
274.918  2.22471e-021
275.94  2.16597e-021
276.962  2.10715e-021
277.984  2.04826e-021
279.006  1.9893e-021
280.028  1.93029e-021
281.05  1.87123e-021
282.072  1.81215e-021
283.094  1.75305e-021
284.116  1.69396e-021
285.138  1.6349e-021
286.16  1.57589e-021
287.182  1.51695e-021
288.204  1.45813e-021
289.226  1.39944e-021
290.248  1.34093e-021
291.27  1.28263e-021
292.292  1.22458e-021
293.314  1.16684e-021
294.336  1.10944e-021
295.358  1.05245e-021
296.38  9.95912e-022
297.402  9.399e-022
298.424  8.84474e-022
299.446  8.29706e-022
300.468  7.7567e-022
301.49  7.22448e-022
302.512  6.70125e-022
303.534  6.18792e-022
304.556  5.68546e-022
305.578  5.19491e-022
306.6  4.71734e-022
307.622  4.25392e-022
308.644  3.80588e-022
309.666  3.3745e-022
310.688  2.96115e-022
311.71  2.56727e-022
312.732  2.19438e-022
313.754  1.84409e-022
314.776  1.51808e-022
315.798  1.21812e-022
316.82  9.46083e-023
317.842  7.03919e-023
318.864  4.93685e-023
319.886  3.17537e-023
320.908  1.77731e-023
321.93  7.66265e-024
322.952  1.66865e-024
