1.022  4.21665e-020
2.044  4.14992e-020
3.066  4.08421e-020
4.088  4.01949e-020
5.11  3.95575e-020
6.132  3.89298e-020
7.154  3.83115e-020
8.176  3.77027e-020
9.198  3.71031e-020
10.22  3.65127e-020
11.242  3.59313e-020
12.264  3.53588e-020
13.286  3.47952e-020
14.308  3.42404e-020
15.33  3.36943e-020
16.352  3.31569e-020
17.374  3.2628e-020
18.396  3.21076e-020
19.418  3.15956e-020
20.44  3.10919e-020
21.462  3.05964e-020
22.484  3.01091e-020
23.506  2.96298e-020
24.528  2.91584e-020
25.55  2.8695e-020
26.572  2.82392e-020
27.594  2.77912e-020
28.616  2.73507e-020
29.638  2.69177e-020
30.66  2.6492e-020
31.682  2.60736e-020
32.704  2.56624e-020
33.726  2.52583e-020
34.748  2.48611e-020
35.77  2.44708e-020
36.792  2.40873e-020
37.814  2.37105e-020
38.836  2.33403e-020
39.858  2.29766e-020
40.88  2.26192e-020
41.902  2.22682e-020
42.924  2.19234e-020
43.946  2.15847e-020
44.968  2.12521e-020
45.99  2.09253e-020
47.012  2.06045e-020
48.034  2.02894e-020
49.056  1.99801e-020
50.078  1.96763e-020
51.1  1.9378e-020
52.122  1.90852e-020
53.144  1.87977e-020
54.166  1.85156e-020
55.188  1.82386e-020
56.21  1.79667e-020
57.232  1.76999e-020
58.254  1.74381e-020
59.276  1.71811e-020
60.298  1.6929e-020
61.32  1.66816e-020
62.342  1.64389e-020
63.364  1.62008e-020
64.386  1.59672e-020
65.408  1.57382e-020
66.43  1.55135e-020
67.452  1.52931e-020
68.474  1.5077e-020
69.496  1.48651e-020
70.518  1.46574e-020
71.54  1.44537e-020
72.562  1.4254e-020
73.584  1.40583e-020
74.606  1.38665e-020
75.628  1.36785e-020
76.65  1.34943e-020
77.672  1.33137e-020
78.694  1.31369e-020
79.716  1.29636e-020
80.738  1.27938e-020
81.76  1.26276e-020
82.782  1.24647e-020
83.804  1.23052e-020
84.826  1.21491e-020
85.848  1.19962e-020
86.87  1.18465e-020
87.892  1.17e-020
88.914  1.15565e-020
89.936  1.14162e-020
90.958  1.12788e-020
91.98  1.11444e-020
93.002  1.10128e-020
94.024  1.08842e-020
95.046  1.07583e-020
96.068  1.06352e-020
97.09  1.05148e-020
98.112  1.03971e-020
99.134  1.02819e-020
100.156  1.01694e-020
101.178  1.00593e-020
102.2  9.95179e-021
103.222  9.84666e-021
104.244  9.74393e-021
105.266  9.64353e-021
106.288  9.54544e-021
107.31  9.4496e-021
108.332  9.35597e-021
109.354  9.26452e-021
110.376  9.1752e-021
111.398  9.08796e-021
112.42  9.00277e-021
113.442  8.91959e-021
114.464  8.83837e-021
115.486  8.75908e-021
116.508  8.68167e-021
117.53  8.60611e-021
118.552  8.53235e-021
119.574  8.46037e-021
120.596  8.39011e-021
121.618  8.32155e-021
122.64  8.25464e-021
123.662  8.18935e-021
124.684  8.12563e-021
125.706  8.06346e-021
126.728  8.0028e-021
127.75  7.9436e-021
128.772  7.88584e-021
129.794  7.82948e-021
130.816  7.77449e-021
131.838  7.72082e-021
132.86  7.66845e-021
133.882  7.61734e-021
134.904  7.56745e-021
135.926  7.51876e-021
136.948  7.47122e-021
137.97  7.42482e-021
138.992  7.3795e-021
140.014  7.33525e-021
141.036  7.29202e-021
142.058  7.24979e-021
143.08  7.20853e-021
144.102  7.1682e-021
145.124  7.12878e-021
146.146  7.09022e-021
147.168  7.05251e-021
148.19  7.01561e-021
149.212  6.97949e-021
150.234  6.94412e-021
151.256  6.90947e-021
152.278  6.87552e-021
153.3  6.84223e-021
154.322  6.80958e-021
155.344  6.77753e-021
156.366  6.74607e-021
157.388  6.71516e-021
158.41  6.68477e-021
159.432  6.65488e-021
160.454  6.62546e-021
161.476  6.59649e-021
162.498  6.56794e-021
163.52  6.53978e-021
164.542  6.51198e-021
165.564  6.48453e-021
166.586  6.4574e-021
167.608  6.43056e-021
168.63  6.40398e-021
169.652  6.37766e-021
170.674  6.35155e-021
171.696  6.32564e-021
172.718  6.2999e-021
173.74  6.27431e-021
174.762  6.24885e-021
175.784  6.2235e-021
176.806  6.19823e-021
177.828  6.17303e-021
178.85  6.14787e-021
179.872  6.12272e-021
180.894  6.09758e-021
181.916  6.07242e-021
182.938  6.04722e-021
183.96  6.02195e-021
184.982  5.99661e-021
186.004  5.97117e-021
187.026  5.94562e-021
188.048  5.91992e-021
189.07  5.89408e-021
190.092  5.86807e-021
191.114  5.84186e-021
192.136  5.81546e-021
193.158  5.78883e-021
194.18  5.76196e-021
195.202  5.73484e-021
196.224  5.70745e-021
197.246  5.67978e-021
198.268  5.65181e-021
199.29  5.62352e-021
200.312  5.59491e-021
201.334  5.56596e-021
202.356  5.53665e-021
203.378  5.50697e-021
204.4  5.47691e-021
205.422  5.44646e-021
206.444  5.41561e-021
207.466  5.38434e-021
208.488  5.35264e-021
209.51  5.3205e-021
210.532  5.28792e-021
211.554  5.25487e-021
212.576  5.22136e-021
213.598  5.18737e-021
214.62  5.1529e-021
215.642  5.11793e-021
216.664  5.08246e-021
217.686  5.04647e-021
218.708  5.00997e-021
219.73  4.97295e-021
220.752  4.93539e-021
221.774  4.8973e-021
222.796  4.85867e-021
223.818  4.81948e-021
224.84  4.77975e-021
225.862  4.73946e-021
226.884  4.69861e-021
227.906  4.65719e-021
228.928  4.61521e-021
229.95  4.57265e-021
230.972  4.52953e-021
231.994  4.48583e-021
233.016  4.44156e-021
234.038  4.39671e-021
235.06  4.35128e-021
236.082  4.30529e-021
237.104  4.25871e-021
238.126  4.21156e-021
239.148  4.16384e-021
240.17  4.11555e-021
241.192  4.06669e-021
242.214  4.01727e-021
243.236  3.96729e-021
244.258  3.91675e-021
245.28  3.86566e-021
246.302  3.81403e-021
247.324  3.76185e-021
248.346  3.70914e-021
249.368  3.6559e-021
250.39  3.60215e-021
251.412  3.54788e-021
252.434  3.49311e-021
253.456  3.43785e-021
254.478  3.3821e-021
255.5  3.32589e-021
256.522  3.26921e-021
257.544  3.21209e-021
258.566  3.15453e-021
259.588  3.09654e-021
260.61  3.03816e-021
261.632  2.97937e-021
262.654  2.92021e-021
263.676  2.8607e-021
264.698  2.80083e-021
265.72  2.74065e-021
266.742  2.68016e-021
267.764  2.61938e-021
268.786  2.55834e-021
269.808  2.49706e-021
270.83  2.43556e-021
271.852  2.37386e-021
272.874  2.31199e-021
273.896  2.24998e-021
274.918  2.18785e-021
275.94  2.12563e-021
276.962  2.06335e-021
277.984  2.00104e-021
279.006  1.93874e-021
280.028  1.87647e-021
281.05  1.81427e-021
282.072  1.75218e-021
283.094  1.69023e-021
284.116  1.62846e-021
285.138  1.56691e-021
286.16  1.50563e-021
287.182  1.44466e-021
288.204  1.38404e-021
289.226  1.32382e-021
290.248  1.26404e-021
291.27  1.20477e-021
292.292  1.14605e-021
293.314  1.08793e-021
294.336  1.03047e-021
295.358  9.73736e-022
296.38  9.17782e-022
297.402  8.62672e-022
298.424  8.08473e-022
299.446  7.55251e-022
300.468  7.03077e-022
301.49  6.52024e-022
302.512  6.02168e-022
303.534  5.53588e-022
304.556  5.06364e-022
305.578  4.60582e-022
306.6  4.16329e-022
307.622  3.73695e-022
308.644  3.32774e-022
309.666  2.93665e-022
310.688  2.56468e-022
311.71  2.21287e-022
312.732  1.88232e-022
313.754  1.57413e-022
314.776  1.28949e-022
315.798  1.02959e-022
316.82  7.95683e-023
317.842  5.89059e-023
318.864  4.11055e-023
319.886  2.63055e-023
320.908  1.4649e-023
321.93  6.28361e-024
322.952  1.36136e-024
