1.022  9.62724e-020
2.044  9.49694e-020
3.066  9.3683e-020
4.088  9.24129e-020
5.11  9.1159e-020
6.132  8.9921e-020
7.154  8.86985e-020
8.176  8.74914e-020
9.198  8.62995e-020
10.22  8.51225e-020
11.242  8.39604e-020
12.264  8.28129e-020
13.286  8.16801e-020
14.308  8.05618e-020
15.33  7.94579e-020
16.352  7.83684e-020
17.374  7.7293e-020
18.396  7.62318e-020
19.418  7.51846e-020
20.44  7.41513e-020
21.462  7.31318e-020
22.484  7.2126e-020
23.506  7.11336e-020
24.528  7.01547e-020
25.55  6.9189e-020
26.572  6.82364e-020
27.594  6.72968e-020
28.616  6.637e-020
29.638  6.54558e-020
30.66  6.45542e-020
31.682  6.36649e-020
32.704  6.27878e-020
33.726  6.19227e-020
34.748  6.10695e-020
35.77  6.0228e-020
36.792  5.93981e-020
37.814  5.85797e-020
38.836  5.77725e-020
39.858  5.69764e-020
40.88  5.61913e-020
41.902  5.5417e-020
42.924  5.46533e-020
43.946  5.39002e-020
44.968  5.31575e-020
45.99  5.2425e-020
47.012  5.17026e-020
48.034  5.09902e-020
49.056  5.02876e-020
50.078  4.95946e-020
51.1  4.89113e-020
52.122  4.82373e-020
53.144  4.75727e-020
54.166  4.69172e-020
55.188  4.62707e-020
56.21  4.56332e-020
57.232  4.50045e-020
58.254  4.43844e-020
59.276  4.37729e-020
60.298  4.31698e-020
61.32  4.25751e-020
62.342  4.19886e-020
63.364  4.14102e-020
64.386  4.08397e-020
65.408  4.02772e-020
66.43  3.97225e-020
67.452  3.91754e-020
68.474  3.86359e-020
69.496  3.81038e-020
70.518  3.75792e-020
71.54  3.70618e-020
72.562  3.65516e-020
73.584  3.60484e-020
74.606  3.55523e-020
75.628  3.5063e-020
76.65  3.45806e-020
77.672  3.41048e-020
78.694  3.36357e-020
79.716  3.31731e-020
80.738  3.2717e-020
81.76  3.22672e-020
82.782  3.18237e-020
83.804  3.13864e-020
84.826  3.09552e-020
85.848  3.053e-020
86.87  3.01108e-020
87.892  2.96975e-020
88.914  2.92899e-020
89.936  2.88881e-020
90.958  2.84919e-020
91.98  2.81013e-020
93.002  2.77162e-020
94.024  2.73365e-020
95.046  2.69622e-020
96.068  2.65931e-020
97.09  2.62293e-020
98.112  2.58706e-020
99.134  2.55169e-020
100.156  2.51683e-020
101.178  2.48246e-020
102.2  2.44858e-020
103.222  2.41518e-020
104.244  2.38225e-020
105.266  2.34979e-020
106.288  2.3178e-020
107.31  2.28626e-020
108.332  2.25517e-020
109.354  2.22452e-020
110.376  2.19431e-020
111.398  2.16453e-020
112.42  2.13517e-020
113.442  2.10624e-020
114.464  2.07772e-020
115.486  2.04961e-020
116.508  2.0219e-020
117.53  1.99459e-020
118.552  1.96767e-020
119.574  1.94114e-020
120.596  1.91499e-020
121.618  1.88922e-020
122.64  1.86381e-020
123.662  1.83878e-020
124.684  1.8141e-020
125.706  1.78978e-020
126.728  1.76581e-020
127.75  1.74219e-020
128.772  1.7189e-020
129.794  1.69595e-020
130.816  1.67334e-020
131.838  1.65105e-020
132.86  1.62908e-020
133.882  1.60743e-020
134.904  1.5861e-020
135.926  1.56507e-020
136.948  1.54434e-020
137.97  1.52392e-020
138.992  1.50379e-020
140.014  1.48395e-020
141.036  1.4644e-020
142.058  1.44513e-020
143.08  1.42614e-020
144.102  1.40742e-020
145.124  1.38898e-020
146.146  1.3708e-020
147.168  1.35288e-020
148.19  1.33522e-020
149.212  1.31782e-020
150.234  1.30067e-020
151.256  1.28376e-020
152.278  1.2671e-020
153.3  1.25067e-020
154.322  1.23449e-020
155.344  1.21853e-020
156.366  1.20281e-020
157.388  1.1873e-020
158.41  1.17203e-020
159.432  1.15696e-020
160.454  1.14212e-020
161.476  1.12748e-020
162.498  1.11306e-020
163.52  1.09884e-020
164.542  1.08482e-020
165.564  1.071e-020
166.586  1.05737e-020
167.608  1.04394e-020
168.63  1.0307e-020
169.652  1.01764e-020
170.674  1.00476e-020
171.696  9.92069e-021
172.718  9.79551e-021
173.74  9.67209e-021
174.762  9.55037e-021
175.784  9.43034e-021
176.806  9.31197e-021
177.828  9.19522e-021
178.85  9.08008e-021
179.872  8.96651e-021
180.894  8.8545e-021
181.916  8.744e-021
182.938  8.635e-021
183.96  8.52746e-021
184.982  8.42137e-021
186.004  8.3167e-021
187.026  8.21342e-021
188.048  8.11151e-021
189.07  8.01094e-021
190.092  7.91169e-021
191.114  7.81373e-021
192.136  7.71705e-021
193.158  7.62161e-021
194.18  7.5274e-021
195.202  7.43438e-021
196.224  7.34255e-021
197.246  7.25187e-021
198.268  7.16232e-021
199.29  7.07388e-021
200.312  6.98652e-021
201.334  6.90023e-021
202.356  6.81499e-021
203.378  6.73077e-021
204.4  6.64755e-021
205.422  6.5653e-021
206.444  6.48402e-021
207.466  6.40367e-021
208.488  6.32424e-021
209.51  6.2457e-021
210.532  6.16803e-021
211.554  6.09122e-021
212.576  6.01525e-021
213.598  5.94009e-021
214.62  5.86572e-021
215.642  5.79212e-021
216.664  5.71927e-021
217.686  5.64716e-021
218.708  5.57577e-021
219.73  5.50506e-021
220.752  5.43503e-021
221.774  5.36566e-021
222.796  5.29692e-021
223.818  5.22879e-021
224.84  5.16127e-021
225.862  5.09431e-021
226.884  5.02792e-021
227.906  4.96207e-021
228.928  4.89673e-021
229.95  4.8319e-021
230.972  4.76755e-021
231.994  4.70366e-021
233.016  4.64022e-021
234.038  4.57721e-021
235.06  4.5146e-021
236.082  4.45238e-021
237.104  4.39053e-021
238.126  4.32903e-021
239.148  4.26787e-021
240.17  4.20703e-021
241.192  4.14648e-021
242.214  4.08622e-021
243.236  4.02621e-021
244.258  3.96646e-021
245.28  3.90693e-021
246.302  3.84762e-021
247.324  3.7885e-021
248.346  3.72956e-021
249.368  3.67078e-021
250.39  3.61214e-021
251.412  3.55364e-021
252.434  3.49525e-021
253.456  3.43696e-021
254.478  3.37876e-021
255.5  3.32063e-021
256.522  3.26255e-021
257.544  3.20452e-021
258.566  3.14652e-021
259.588  3.08853e-021
260.61  3.03055e-021
261.632  2.97257e-021
262.654  2.91457e-021
263.676  2.85655e-021
264.698  2.79849e-021
265.72  2.74039e-021
266.742  2.68224e-021
267.764  2.62404e-021
268.786  2.56577e-021
269.808  2.50744e-021
270.83  2.44903e-021
271.852  2.39056e-021
272.874  2.33201e-021
273.896  2.27339e-021
274.918  2.2147e-021
275.94  2.15594e-021
276.962  2.09712e-021
277.984  2.03824e-021
279.006  1.97932e-021
280.028  1.92035e-021
281.05  1.86137e-021
282.072  1.80237e-021
283.094  1.74337e-021
284.116  1.6844e-021
285.138  1.62547e-021
286.16  1.56661e-021
287.182  1.50785e-021
288.204  1.4492e-021
289.226  1.39071e-021
290.248  1.33241e-021
291.27  1.27434e-021
292.292  1.21653e-021
293.314  1.15904e-021
294.336  1.1019e-021
295.358  1.04519e-021
296.38  9.88939e-022
297.402  9.33222e-022
298.424  8.78101e-022
299.446  8.23645e-022
300.468  7.69929e-022
301.49  7.17032e-022
302.512  6.65038e-022
303.534  6.14038e-022
304.556  5.64127e-022
305.578  5.15407e-022
306.6  4.67986e-022
307.622  4.21976e-022
308.644  3.775e-022
309.666  3.34685e-022
310.688  2.93666e-022
311.71  2.54584e-022
312.732  2.1759e-022
313.754  1.82843e-022
314.776  1.50508e-022
315.798  1.20761e-022
316.82  9.37854e-023
317.842  6.97751e-023
318.864  4.89329e-023
319.886  3.14716e-023
320.908  1.76141e-023
321.93  7.59369e-024
322.952  1.65354e-024
