1.022  1.2923e-019
2.044  1.27583e-019
3.066  1.25957e-019
4.088  1.2435e-019
5.11  1.22763e-019
6.132  1.21195e-019
7.154  1.19646e-019
8.176  1.18116e-019
9.198  1.16604e-019
10.22  1.15109e-019
11.242  1.13633e-019
12.264  1.12175e-019
13.286  1.10734e-019
14.308  1.0931e-019
15.33  1.07905e-019
16.352  1.06516e-019
17.374  1.05145e-019
18.396  1.03791e-019
19.418  1.02453e-019
20.44  1.01133e-019
21.462  9.98297e-020
22.484  9.85427e-020
23.506  9.72723e-020
24.528  9.60181e-020
25.55  9.478e-020
26.572  9.35579e-020
27.594  9.23516e-020
28.616  9.11609e-020
29.638  8.99857e-020
30.66  8.88257e-020
31.682  8.76807e-020
32.704  8.65506e-020
33.726  8.54352e-020
34.748  8.43343e-020
35.77  8.32478e-020
36.792  8.21753e-020
37.814  8.11168e-020
38.836  8.00721e-020
39.858  7.90409e-020
40.88  7.80232e-020
41.902  7.70186e-020
42.924  7.60271e-020
43.946  7.50485e-020
44.968  7.40825e-020
45.99  7.3129e-020
47.012  7.21879e-020
48.034  7.1259e-020
49.056  7.03421e-020
50.078  6.9437e-020
51.1  6.85436e-020
52.122  6.76617e-020
53.144  6.67912e-020
54.166  6.5932e-020
55.188  6.50838e-020
56.21  6.42465e-020
57.232  6.34199e-020
58.254  6.2604e-020
59.276  6.17986e-020
60.298  6.10035e-020
61.32  6.02187e-020
62.342  5.94439e-020
63.364  5.8679e-020
64.386  5.79239e-020
65.408  5.71785e-020
66.43  5.64427e-020
67.452  5.57162e-020
68.474  5.49991e-020
69.496  5.42911e-020
70.518  5.35922e-020
71.54  5.29022e-020
72.562  5.2221e-020
73.584  5.15485e-020
74.606  5.08847e-020
75.628  5.02293e-020
76.65  4.95822e-020
77.672  4.89434e-020
78.694  4.83128e-020
79.716  4.76902e-020
80.738  4.70756e-020
81.76  4.64688e-020
82.782  4.58698e-020
83.804  4.52784e-020
84.826  4.46945e-020
85.848  4.41181e-020
86.87  4.35491e-020
87.892  4.29873e-020
88.914  4.24327e-020
89.936  4.18852e-020
90.958  4.13446e-020
91.98  4.0811e-020
93.002  4.02841e-020
94.024  3.9764e-020
95.046  3.92506e-020
96.068  3.87437e-020
97.09  3.82432e-020
98.112  3.77492e-020
99.134  3.72615e-020
100.156  3.678e-020
101.178  3.63047e-020
102.2  3.58354e-020
103.222  3.53722e-020
104.244  3.49148e-020
105.266  3.44634e-020
106.288  3.40177e-020
107.31  3.35777e-020
108.332  3.31433e-020
109.354  3.27146e-020
110.376  3.22913e-020
111.398  3.18734e-020
112.42  3.14609e-020
113.442  3.10537e-020
114.464  3.06517e-020
115.486  3.02548e-020
116.508  2.98631e-020
117.53  2.94764e-020
118.552  2.90946e-020
119.574  2.87178e-020
120.596  2.83458e-020
121.618  2.79785e-020
122.64  2.7616e-020
123.662  2.72582e-020
124.684  2.6905e-020
125.706  2.65563e-020
126.728  2.62121e-020
127.75  2.58723e-020
128.772  2.55369e-020
129.794  2.52058e-020
130.816  2.4879e-020
131.838  2.45564e-020
132.86  2.4238e-020
133.882  2.39236e-020
134.904  2.36133e-020
135.926  2.33071e-020
136.948  2.30047e-020
137.97  2.27063e-020
138.992  2.24117e-020
140.014  2.2121e-020
141.036  2.18339e-020
142.058  2.15506e-020
143.08  2.1271e-020
144.102  2.0995e-020
145.124  2.07225e-020
146.146  2.04535e-020
147.168  2.01881e-020
148.19  1.99261e-020
149.212  1.96674e-020
150.234  1.94121e-020
151.256  1.91601e-020
152.278  1.89114e-020
153.3  1.86659e-020
154.322  1.84235e-020
155.344  1.81843e-020
156.366  1.79482e-020
157.388  1.77152e-020
158.41  1.74852e-020
159.432  1.72581e-020
160.454  1.7034e-020
161.476  1.68128e-020
162.498  1.65945e-020
163.52  1.6379e-020
164.542  1.61662e-020
165.564  1.59563e-020
166.586  1.5749e-020
167.608  1.55445e-020
168.63  1.53426e-020
169.652  1.51433e-020
170.674  1.49465e-020
171.696  1.47524e-020
172.718  1.45607e-020
173.74  1.43715e-020
174.762  1.41848e-020
175.784  1.40004e-020
176.806  1.38185e-020
177.828  1.36389e-020
178.85  1.34616e-020
179.872  1.32866e-020
180.894  1.31139e-020
181.916  1.29433e-020
182.938  1.2775e-020
183.96  1.26089e-020
184.982  1.24448e-020
186.004  1.22829e-020
187.026  1.2123e-020
188.048  1.19652e-020
189.07  1.18094e-020
190.092  1.16556e-020
191.114  1.15038e-020
192.136  1.13538e-020
193.158  1.12058e-020
194.18  1.10597e-020
195.202  1.09154e-020
196.224  1.07729e-020
197.246  1.06322e-020
198.268  1.04932e-020
199.29  1.0356e-020
200.312  1.02205e-020
201.334  1.00867e-020
202.356  9.95451e-021
203.378  9.82395e-021
204.4  9.695e-021
205.422  9.56761e-021
206.444  9.44176e-021
207.466  9.31743e-021
208.488  9.19459e-021
209.51  9.07321e-021
210.532  8.95326e-021
211.554  8.83472e-021
212.576  8.71756e-021
213.598  8.60176e-021
214.62  8.48728e-021
215.642  8.3741e-021
216.664  8.26219e-021
217.686  8.15152e-021
218.708  8.04208e-021
219.73  7.93382e-021
220.752  7.82673e-021
221.774  7.72078e-021
222.796  7.61593e-021
223.818  7.51217e-021
224.84  7.40946e-021
225.862  7.30778e-021
226.884  7.20709e-021
227.906  7.10738e-021
228.928  7.00861e-021
229.95  6.91076e-021
230.972  6.8138e-021
231.994  6.7177e-021
233.016  6.62243e-021
234.038  6.52797e-021
235.06  6.43428e-021
236.082  6.34135e-021
237.104  6.24914e-021
238.126  6.15762e-021
239.148  6.06676e-021
240.17  5.97655e-021
241.192  5.88695e-021
242.214  5.79793e-021
243.236  5.70946e-021
244.258  5.62153e-021
245.28  5.53409e-021
246.302  5.44713e-021
247.324  5.36061e-021
248.346  5.27452e-021
249.368  5.18882e-021
250.39  5.10349e-021
251.412  5.0185e-021
252.434  4.93382e-021
253.456  4.84944e-021
254.478  4.76533e-021
255.5  4.68146e-021
256.522  4.59781e-021
257.544  4.51435e-021
258.566  4.43107e-021
259.588  4.34794e-021
260.61  4.26494e-021
261.632  4.18206e-021
262.654  4.09927e-021
263.676  4.01655e-021
264.698  3.9339e-021
265.72  3.85128e-021
266.742  3.76869e-021
267.764  3.68611e-021
268.786  3.60354e-021
269.808  3.52096e-021
270.83  3.43836e-021
271.852  3.35573e-021
272.874  3.27308e-021
273.896  3.19038e-021
274.918  3.10766e-021
275.94  3.02489e-021
276.962  2.9421e-021
277.984  2.85927e-021
279.006  2.77643e-021
280.028  2.69358e-021
281.05  2.61073e-021
282.072  2.52789e-021
283.094  2.4451e-021
284.116  2.36237e-021
285.138  2.27972e-021
286.16  2.19719e-021
287.182  2.11481e-021
288.204  2.03261e-021
289.226  1.95065e-021
290.248  1.86895e-021
291.27  1.78759e-021
292.292  1.7066e-021
293.314  1.62605e-021
294.336  1.54602e-021
295.358  1.46656e-021
296.38  1.38775e-021
297.402  1.30968e-021
298.424  1.23245e-021
299.446  1.15613e-021
300.468  1.08085e-021
301.49  1.0067e-021
302.512  9.33806e-022
303.534  8.62296e-022
304.556  7.92301e-022
305.578  7.23964e-022
306.6  6.57436e-022
307.622  5.92877e-022
308.644  5.30456e-022
309.666  4.70355e-022
310.688  4.12762e-022
311.71  3.57878e-022
312.732  3.05915e-022
313.754  2.57097e-022
314.776  2.11659e-022
315.798  1.69848e-022
316.82  1.31925e-022
317.842  9.81637e-023
318.864  6.88507e-023
319.886  4.42877e-023
320.908  2.47903e-023
321.93  1.06888e-023
322.952  2.32779e-024
