1.022  8.36058e-020
2.044  8.39444e-020
3.066  8.42811e-020
4.088  8.46156e-020
5.11  8.4948e-020
6.132  8.52782e-020
7.154  8.5606e-020
8.176  8.59313e-020
9.198  8.62542e-020
10.22  8.65745e-020
11.242  8.68924e-020
12.264  8.72077e-020
13.286  8.75206e-020
14.308  8.78311e-020
15.33  8.81393e-020
16.352  8.84451e-020
17.374  8.87488e-020
18.396  8.90503e-020
19.418  8.93497e-020
20.44  8.9647e-020
21.462  8.99423e-020
22.484  9.02357e-020
23.506  9.05271e-020
24.528  9.08165e-020
25.55  9.11041e-020
26.572  9.13897e-020
27.594  9.16735e-020
28.616  9.19555e-020
29.638  9.22355e-020
30.66  9.25137e-020
31.682  9.27899e-020
32.704  9.30643e-020
33.726  9.33368e-020
34.748  9.36073e-020
35.77  9.38759e-020
36.792  9.41426e-020
37.814  9.44072e-020
38.836  9.46698e-020
39.858  9.49304e-020
40.88  9.51889e-020
41.902  9.54453e-020
42.924  9.56995e-020
43.946  9.59516e-020
44.968  9.62015e-020
45.99  9.64492e-020
47.012  9.66946e-020
48.034  9.69377e-020
49.056  9.71785e-020
50.078  9.74168e-020
51.1  9.76528e-020
52.122  9.78864e-020
53.144  9.81174e-020
54.166  9.8346e-020
55.188  9.85719e-020
56.21  9.87953e-020
57.232  9.90161e-020
58.254  9.92342e-020
59.276  9.94496e-020
60.298  9.96622e-020
61.32  9.98721e-020
62.342  1.00079e-019
63.364  1.00283e-019
64.386  1.00485e-019
65.408  1.00683e-019
66.43  1.00879e-019
67.452  1.01071e-019
68.474  1.0126e-019
69.496  1.01447e-019
70.518  1.0163e-019
71.54  1.0181e-019
72.562  1.01987e-019
73.584  1.02161e-019
74.606  1.02331e-019
75.628  1.02498e-019
76.65  1.02662e-019
77.672  1.02823e-019
78.694  1.0298e-019
79.716  1.03134e-019
80.738  1.03284e-019
81.76  1.03431e-019
82.782  1.03574e-019
83.804  1.03714e-019
84.826  1.0385e-019
85.848  1.03983e-019
86.87  1.04112e-019
87.892  1.04237e-019
88.914  1.04359e-019
89.936  1.04477e-019
90.958  1.04591e-019
91.98  1.04701e-019
93.002  1.04808e-019
94.024  1.04911e-019
95.046  1.05009e-019
96.068  1.05104e-019
97.09  1.05195e-019
98.112  1.05282e-019
99.134  1.05365e-019
100.156  1.05444e-019
101.178  1.05519e-019
102.2  1.0559e-019
103.222  1.05656e-019
104.244  1.05719e-019
105.266  1.05777e-019
106.288  1.05832e-019
107.31  1.05882e-019
108.332  1.05927e-019
109.354  1.05969e-019
110.376  1.06006e-019
111.398  1.06039e-019
112.42  1.06067e-019
113.442  1.06091e-019
114.464  1.06111e-019
115.486  1.06126e-019
116.508  1.06137e-019
117.53  1.06143e-019
118.552  1.06145e-019
119.574  1.06142e-019
120.596  1.06135e-019
121.618  1.06123e-019
122.64  1.06106e-019
123.662  1.06085e-019
124.684  1.06059e-019
125.706  1.06028e-019
126.728  1.05993e-019
127.75  1.05953e-019
128.772  1.05908e-019
129.794  1.05858e-019
130.816  1.05803e-019
131.838  1.05744e-019
132.86  1.05679e-019
133.882  1.0561e-019
134.904  1.05536e-019
135.926  1.05456e-019
136.948  1.05372e-019
137.97  1.05283e-019
138.992  1.05188e-019
140.014  1.05089e-019
141.036  1.04984e-019
142.058  1.04874e-019
143.08  1.04759e-019
144.102  1.04638e-019
145.124  1.04513e-019
146.146  1.04382e-019
147.168  1.04246e-019
148.19  1.04104e-019
149.212  1.03957e-019
150.234  1.03804e-019
151.256  1.03647e-019
152.278  1.03483e-019
153.3  1.03314e-019
154.322  1.0314e-019
155.344  1.0296e-019
156.366  1.02774e-019
157.388  1.02582e-019
158.41  1.02385e-019
159.432  1.02182e-019
160.454  1.01974e-019
161.476  1.01759e-019
162.498  1.01539e-019
163.52  1.01313e-019
164.542  1.0108e-019
165.564  1.00842e-019
166.586  1.00598e-019
167.608  1.00348e-019
168.63  1.00091e-019
169.652  9.9829e-020
170.674  9.95603e-020
171.696  9.92854e-020
172.718  9.90042e-020
173.74  9.87167e-020
174.762  9.84229e-020
175.784  9.81227e-020
176.806  9.7816e-020
177.828  9.75028e-020
178.85  9.71831e-020
179.872  9.68568e-020
180.894  9.65239e-020
181.916  9.61843e-020
182.938  9.58381e-020
183.96  9.5485e-020
184.982  9.51251e-020
186.004  9.47584e-020
187.026  9.43847e-020
188.048  9.40041e-020
189.07  9.36165e-020
190.092  9.32219e-020
191.114  9.28202e-020
192.136  9.24113e-020
193.158  9.19952e-020
194.18  9.15719e-020
195.202  9.11412e-020
196.224  9.07033e-020
197.246  9.02579e-020
198.268  8.98052e-020
199.29  8.93449e-020
200.312  8.88771e-020
201.334  8.84018e-020
202.356  8.79188e-020
203.378  8.74282e-020
204.4  8.69299e-020
205.422  8.64238e-020
206.444  8.59099e-020
207.466  8.53882e-020
208.488  8.48586e-020
209.51  8.4321e-020
210.532  8.37756e-020
211.554  8.32221e-020
212.576  8.26606e-020
213.598  8.2091e-020
214.62  8.15133e-020
215.642  8.09275e-020
216.664  8.03335e-020
217.686  7.97313e-020
218.708  7.91209e-020
219.73  7.85022e-020
220.752  7.78753e-020
221.774  7.72401e-020
222.796  7.65965e-020
223.818  7.59446e-020
224.84  7.52844e-020
225.862  7.46159e-020
226.884  7.39389e-020
227.906  7.32536e-020
228.928  7.256e-020
229.95  7.1858e-020
230.972  7.11476e-020
231.994  7.04289e-020
233.016  6.97018e-020
234.038  6.89665e-020
235.06  6.82228e-020
236.082  6.74709e-020
237.104  6.67107e-020
238.126  6.59424e-020
239.148  6.51658e-020
240.17  6.43812e-020
241.192  6.35886e-020
242.214  6.27879e-020
243.236  6.19793e-020
244.258  6.11629e-020
245.28  6.03387e-020
246.302  5.95068e-020
247.324  5.86673e-020
248.346  5.78203e-020
249.368  5.69659e-020
250.39  5.61042e-020
251.412  5.52354e-020
252.434  5.43596e-020
253.456  5.34769e-020
254.478  5.25875e-020
255.5  5.16915e-020
256.522  5.07891e-020
257.544  4.98806e-020
258.566  4.8966e-020
259.588  4.80456e-020
260.61  4.71196e-020
261.632  4.61883e-020
262.654  4.52518e-020
263.676  4.43105e-020
264.698  4.33645e-020
265.72  4.24143e-020
266.742  4.146e-020
267.764  4.05019e-020
268.786  3.95405e-020
269.808  3.8576e-020
270.83  3.76087e-020
271.852  3.66392e-020
272.874  3.56677e-020
273.896  3.46946e-020
274.918  3.37204e-020
275.94  3.27455e-020
276.962  3.17703e-020
277.984  3.07955e-020
279.006  2.98213e-020
280.028  2.88485e-020
281.05  2.78774e-020
282.072  2.69087e-020
283.094  2.5943e-020
284.116  2.49808e-020
285.138  2.40228e-020
286.16  2.30696e-020
287.182  2.2122e-020
288.204  2.11807e-020
289.226  2.02463e-020
290.248  1.93196e-020
291.27  1.84015e-020
292.292  1.74926e-020
293.314  1.6594e-020
294.336  1.57064e-020
295.358  1.48308e-020
296.38  1.39681e-020
297.402  1.31193e-020
298.424  1.22854e-020
299.446  1.14674e-020
300.468  1.06663e-020
301.49  9.88342e-021
302.512  9.11976e-021
303.534  8.37653e-021
304.556  7.65496e-021
305.578  6.95631e-021
306.6  6.28188e-021
307.622  5.63302e-021
308.644  5.01112e-021
309.666  4.4176e-021
310.688  3.85394e-021
311.71  3.32166e-021
312.732  2.82232e-021
313.754  2.35754e-021
314.776  1.92898e-021
315.798  1.53834e-021
316.82  1.18739e-021
317.842  8.77945e-022
318.864  6.11857e-022
319.886  3.91044e-022
320.908  2.17472e-022
321.93  9.31548e-023
322.952  2.01538e-023
