1.022  6.60544e-020
2.044  6.64179e-020
3.066  6.67792e-020
4.088  6.71385e-020
5.11  6.74955e-020
6.132  6.78504e-020
7.154  6.82029e-020
8.176  6.85531e-020
9.198  6.89008e-020
10.22  6.9246e-020
11.242  6.95888e-020
12.264  6.99292e-020
13.286  7.02672e-020
14.308  7.06028e-020
15.33  7.09361e-020
16.352  7.12672e-020
17.374  7.1596e-020
18.396  7.19226e-020
19.418  7.22472e-020
20.44  7.25696e-020
21.462  7.289e-020
22.484  7.32083e-020
23.506  7.35247e-020
24.528  7.38391e-020
25.55  7.41515e-020
26.572  7.4462e-020
27.594  7.47705e-020
28.616  7.50771e-020
29.638  7.53818e-020
30.66  7.56845e-020
31.682  7.59853e-020
32.704  7.62841e-020
33.726  7.65809e-020
34.748  7.68758e-020
35.77  7.71687e-020
36.792  7.74596e-020
37.814  7.77485e-020
38.836  7.80353e-020
39.858  7.832e-020
40.88  7.86027e-020
41.902  7.88832e-020
42.924  7.91616e-020
43.946  7.94378e-020
44.968  7.97118e-020
45.99  7.99836e-020
47.012  8.02532e-020
48.034  8.05205e-020
49.056  8.07854e-020
50.078  8.1048e-020
51.1  8.13083e-020
52.122  8.15661e-020
53.144  8.18216e-020
54.166  8.20745e-020
55.188  8.2325e-020
56.21  8.25729e-020
57.232  8.28183e-020
58.254  8.30611e-020
59.276  8.33013e-020
60.298  8.35388e-020
61.32  8.37737e-020
62.342  8.40058e-020
63.364  8.42352e-020
64.386  8.44618e-020
65.408  8.46856e-020
66.43  8.49066e-020
67.452  8.51247e-020
68.474  8.53399e-020
69.496  8.55522e-020
70.518  8.57616e-020
71.54  8.59679e-020
72.562  8.61712e-020
73.584  8.63715e-020
74.606  8.65686e-020
75.628  8.67627e-020
76.65  8.69537e-020
77.672  8.71414e-020
78.694  8.7326e-020
79.716  8.75073e-020
80.738  8.76854e-020
81.76  8.78602e-020
82.782  8.80317e-020
83.804  8.81998e-020
84.826  8.83646e-020
85.848  8.8526e-020
86.87  8.86839e-020
87.892  8.88384e-020
88.914  8.89894e-020
89.936  8.9137e-020
90.958  8.92809e-020
91.98  8.94213e-020
93.002  8.95582e-020
94.024  8.96914e-020
95.046  8.98209e-020
96.068  8.99468e-020
97.09  9.0069e-020
98.112  9.01875e-020
99.134  9.03022e-020
100.156  9.04132e-020
101.178  9.05204e-020
102.2  9.06237e-020
103.222  9.07232e-020
104.244  9.08188e-020
105.266  9.09105e-020
106.288  9.09983e-020
107.31  9.10822e-020
108.332  9.1162e-020
109.354  9.12379e-020
110.376  9.13097e-020
111.398  9.13775e-020
112.42  9.14413e-020
113.442  9.15009e-020
114.464  9.15564e-020
115.486  9.16077e-020
116.508  9.16549e-020
117.53  9.16979e-020
118.552  9.17366e-020
119.574  9.17711e-020
120.596  9.18013e-020
121.618  9.18272e-020
122.64  9.18488e-020
123.662  9.18661e-020
124.684  9.1879e-020
125.706  9.18874e-020
126.728  9.18915e-020
127.75  9.18911e-020
128.772  9.18862e-020
129.794  9.18768e-020
130.816  9.18629e-020
131.838  9.18445e-020
132.86  9.18214e-020
133.882  9.17938e-020
134.904  9.17615e-020
135.926  9.17245e-020
136.948  9.16829e-020
137.97  9.16365e-020
138.992  9.15854e-020
140.014  9.15296e-020
141.036  9.14689e-020
142.058  9.14034e-020
143.08  9.1333e-020
144.102  9.12578e-020
145.124  9.11776e-020
146.146  9.10925e-020
147.168  9.10024e-020
148.19  9.09074e-020
149.212  9.08072e-020
150.234  9.07021e-020
151.256  9.05918e-020
152.278  9.04764e-020
153.3  9.03558e-020
154.322  9.023e-020
155.344  9.0099e-020
156.366  8.99628e-020
157.388  8.98212e-020
158.41  8.96743e-020
159.432  8.95221e-020
160.454  8.93645e-020
161.476  8.92014e-020
162.498  8.90329e-020
163.52  8.88588e-020
164.542  8.86792e-020
165.564  8.84941e-020
166.586  8.83033e-020
167.608  8.81069e-020
168.63  8.79048e-020
169.652  8.7697e-020
170.674  8.74834e-020
171.696  8.7264e-020
172.718  8.70387e-020
173.74  8.68076e-020
174.762  8.65706e-020
175.784  8.63276e-020
176.806  8.60785e-020
177.828  8.58235e-020
178.85  8.55623e-020
179.872  8.5295e-020
180.894  8.50216e-020
181.916  8.47419e-020
182.938  8.4456e-020
183.96  8.41638e-020
184.982  8.38652e-020
186.004  8.35603e-020
187.026  8.32489e-020
188.048  8.29311e-020
189.07  8.26067e-020
190.092  8.22758e-020
191.114  8.19383e-020
192.136  8.15941e-020
193.158  8.12433e-020
194.18  8.08857e-020
195.202  8.05213e-020
196.224  8.01502e-020
197.246  7.97721e-020
198.268  7.93872e-020
199.29  7.89953e-020
200.312  7.85964e-020
201.334  7.81905e-020
202.356  7.77775e-020
203.378  7.73574e-020
204.4  7.69302e-020
205.422  7.64958e-020
206.444  7.60541e-020
207.466  7.56052e-020
208.488  7.51489e-020
209.51  7.46854e-020
210.532  7.42144e-020
211.554  7.37361e-020
212.576  7.32503e-020
213.598  7.2757e-020
214.62  7.22562e-020
215.642  7.17479e-020
216.664  7.1232e-020
217.686  7.07086e-020
218.708  7.01775e-020
219.73  6.96388e-020
220.752  6.90925e-020
221.774  6.85384e-020
222.796  6.79767e-020
223.818  6.74074e-020
224.84  6.68303e-020
225.862  6.62454e-020
226.884  6.56529e-020
227.906  6.50526e-020
228.928  6.44447e-020
229.95  6.3829e-020
230.972  6.32055e-020
231.994  6.25744e-020
233.016  6.19356e-020
234.038  6.12892e-020
235.06  6.06351e-020
236.082  5.99733e-020
237.104  5.9304e-020
238.126  5.86271e-020
239.148  5.79427e-020
240.17  5.72509e-020
241.192  5.65516e-020
242.214  5.58449e-020
243.236  5.5131e-020
244.258  5.44098e-020
245.28  5.36815e-020
246.302  5.2946e-020
247.324  5.22036e-020
248.346  5.14543e-020
249.368  5.06982e-020
250.39  4.99353e-020
251.412  4.91659e-020
252.434  4.839e-020
253.456  4.76078e-020
254.478  4.68195e-020
255.5  4.6025e-020
256.522  4.52247e-020
257.544  4.44186e-020
258.566  4.36071e-020
259.588  4.27901e-020
260.61  4.1968e-020
261.632  4.11409e-020
262.654  4.03091e-020
263.676  3.94728e-020
264.698  3.86322e-020
265.72  3.77876e-020
266.742  3.69393e-020
267.764  3.60875e-020
268.786  3.52325e-020
269.808  3.43746e-020
270.83  3.35142e-020
271.852  3.26515e-020
272.874  3.1787e-020
273.896  3.0921e-020
274.918  3.00538e-020
275.94  2.91859e-020
276.962  2.83178e-020
277.984  2.74497e-020
279.006  2.65822e-020
280.028  2.57157e-020
281.05  2.48508e-020
282.072  2.39878e-020
283.094  2.31275e-020
284.116  2.22702e-020
285.138  2.14166e-020
286.16  2.05673e-020
287.182  1.97228e-020
288.204  1.88838e-020
289.226  1.8051e-020
290.248  1.7225e-020
291.27  1.64066e-020
292.292  1.55965e-020
293.314  1.47954e-020
294.336  1.40041e-020
295.358  1.32235e-020
296.38  1.24544e-020
297.402  1.16976e-020
298.424  1.0954e-020
299.446  1.02247e-020
300.468  9.51046e-021
301.49  8.81237e-021
302.512  8.13143e-021
303.534  7.46872e-021
304.556  6.82531e-021
305.578  6.20234e-021
306.6  5.60097e-021
307.622  5.02239e-021
308.644  4.46786e-021
309.666  3.93864e-021
310.688  3.43605e-021
311.71  2.96145e-021
312.732  2.51622e-021
313.754  2.10182e-021
314.776  1.71971e-021
315.798  1.37143e-021
316.82  1.05854e-021
317.842  7.82657e-022
318.864  5.45437e-022
319.886  3.48587e-022
320.908  1.93856e-022
321.93  8.30368e-023
322.952  1.79644e-023
