1.022  5.96628e-020
2.044  6.00323e-020
3.066  6.03997e-020
4.088  6.07651e-020
5.11  6.11283e-020
6.132  6.14893e-020
7.154  6.18481e-020
8.176  6.22045e-020
9.198  6.25586e-020
10.22  6.29102e-020
11.242  6.32595e-020
12.264  6.36064e-020
13.286  6.39509e-020
14.308  6.42932e-020
15.33  6.46331e-020
16.352  6.49708e-020
17.374  6.53064e-020
18.396  6.56398e-020
19.418  6.59711e-020
20.44  6.63003e-020
21.462  6.66275e-020
22.484  6.69527e-020
23.506  6.72758e-020
24.528  6.75971e-020
25.55  6.79163e-020
26.572  6.82337e-020
27.594  6.8549e-020
28.616  6.88625e-020
29.638  6.9174e-020
30.66  6.94836e-020
31.682  6.97913e-020
32.704  7.0097e-020
33.726  7.04008e-020
34.748  7.07025e-020
35.77  7.10023e-020
36.792  7.13002e-020
37.814  7.1596e-020
38.836  7.18897e-020
39.858  7.21814e-020
40.88  7.24711e-020
41.902  7.27586e-020
42.924  7.3044e-020
43.946  7.33273e-020
44.968  7.36084e-020
45.99  7.38873e-020
47.012  7.41639e-020
48.034  7.44384e-020
49.056  7.47105e-020
50.078  7.49804e-020
51.1  7.52479e-020
52.122  7.5513e-020
53.144  7.57758e-020
54.166  7.60361e-020
55.188  7.6294e-020
56.21  7.65494e-020
57.232  7.68023e-020
58.254  7.70527e-020
59.276  7.73005e-020
60.298  7.75457e-020
61.32  7.77883e-020
62.342  7.80282e-020
63.364  7.82655e-020
64.386  7.85e-020
65.408  7.87318e-020
66.43  7.89608e-020
67.452  7.9187e-020
68.474  7.94104e-020
69.496  7.96309e-020
70.518  7.98486e-020
71.54  8.00633e-020
72.562  8.02751e-020
73.584  8.04839e-020
74.606  8.06897e-020
75.628  8.08924e-020
76.65  8.10922e-020
77.672  8.12888e-020
78.694  8.14823e-020
79.716  8.16727e-020
80.738  8.18599e-020
81.76  8.20439e-020
82.782  8.22246e-020
83.804  8.24022e-020
84.826  8.25764e-020
85.848  8.27474e-020
86.87  8.2915e-020
87.892  8.30792e-020
88.914  8.32401e-020
89.936  8.33976e-020
90.958  8.35516e-020
91.98  8.37021e-020
93.002  8.38492e-020
94.024  8.39928e-020
95.046  8.41328e-020
96.068  8.42693e-020
97.09  8.44021e-020
98.112  8.45314e-020
99.134  8.4657e-020
100.156  8.4779e-020
101.178  8.48972e-020
102.2  8.50118e-020
103.222  8.51226e-020
104.244  8.52297e-020
105.266  8.53329e-020
106.288  8.54324e-020
107.31  8.5528e-020
108.332  8.56198e-020
109.354  8.57077e-020
110.376  8.57916e-020
111.398  8.58717e-020
112.42  8.59478e-020
113.442  8.60199e-020
114.464  8.6088e-020
115.486  8.61521e-020
116.508  8.62121e-020
117.53  8.6268e-020
118.552  8.63199e-020
119.574  8.63676e-020
120.596  8.64112e-020
121.618  8.64506e-020
122.64  8.64858e-020
123.662  8.65168e-020
124.684  8.65435e-020
125.706  8.6566e-020
126.728  8.65841e-020
127.75  8.6598e-020
128.772  8.66075e-020
129.794  8.66126e-020
130.816  8.66133e-020
131.838  8.66096e-020
132.86  8.66015e-020
133.882  8.65889e-020
134.904  8.65718e-020
135.926  8.65502e-020
136.948  8.6524e-020
137.97  8.64932e-020
138.992  8.64578e-020
140.014  8.64178e-020
141.036  8.63732e-020
142.058  8.63238e-020
143.08  8.62697e-020
144.102  8.62109e-020
145.124  8.61473e-020
146.146  8.6079e-020
147.168  8.60057e-020
148.19  8.59277e-020
149.212  8.58447e-020
150.234  8.57568e-020
151.256  8.5664e-020
152.278  8.55661e-020
153.3  8.54633e-020
154.322  8.53554e-020
155.344  8.52425e-020
156.366  8.51244e-020
157.388  8.50012e-020
158.41  8.48728e-020
159.432  8.47392e-020
160.454  8.46004e-020
161.476  8.44563e-020
162.498  8.43069e-020
163.52  8.41521e-020
164.542  8.3992e-020
165.564  8.38265e-020
166.586  8.36555e-020
167.608  8.3479e-020
168.63  8.3297e-020
169.652  8.31094e-020
170.674  8.29162e-020
171.696  8.27174e-020
172.718  8.25129e-020
173.74  8.23027e-020
174.762  8.20868e-020
175.784  8.18651e-020
176.806  8.16375e-020
177.828  8.14041e-020
178.85  8.11647e-020
179.872  8.09194e-020
180.894  8.06681e-020
181.916  8.04108e-020
182.938  8.01474e-020
183.96  7.98779e-020
184.982  7.96023e-020
186.004  7.93204e-020
187.026  7.90323e-020
188.048  7.87379e-020
189.07  7.84372e-020
190.092  7.81302e-020
191.114  7.78167e-020
192.136  7.74968e-020
193.158  7.71704e-020
194.18  7.68374e-020
195.202  7.64979e-020
196.224  7.61518e-020
197.246  7.5799e-020
198.268  7.54395e-020
199.29  7.50733e-020
200.312  7.47003e-020
201.334  7.43205e-020
202.356  7.39338e-020
203.378  7.35403e-020
204.4  7.31398e-020
205.422  7.27323e-020
206.444  7.23178e-020
207.466  7.18963e-020
208.488  7.14677e-020
209.51  7.1032e-020
210.532  7.05891e-020
211.554  7.01391e-020
212.576  6.96818e-020
213.598  6.92173e-020
214.62  6.87456e-020
215.642  6.82665e-020
216.664  6.77801e-020
217.686  6.72864e-020
218.708  6.67853e-020
219.73  6.62768e-020
220.752  6.57609e-020
221.774  6.52376e-020
222.796  6.47068e-020
223.818  6.41686e-020
224.84  6.36229e-020
225.862  6.30698e-020
226.884  6.25092e-020
227.906  6.19411e-020
228.928  6.13655e-020
229.95  6.07825e-020
230.972  6.0192e-020
231.994  5.95941e-020
233.016  5.89887e-020
234.038  5.83759e-020
235.06  5.77557e-020
236.082  5.71281e-020
237.104  5.64932e-020
238.126  5.5851e-020
239.148  5.52016e-020
240.17  5.45449e-020
241.192  5.3881e-020
242.214  5.321e-020
243.236  5.25319e-020
244.258  5.18469e-020
245.28  5.11549e-020
246.302  5.04561e-020
247.324  4.97505e-020
248.346  4.90382e-020
249.368  4.83193e-020
250.39  4.7594e-020
251.412  4.68623e-020
252.434  4.61244e-020
253.456  4.53803e-020
254.478  4.46303e-020
255.5  4.38744e-020
256.522  4.31128e-020
257.544  4.23457e-020
258.566  4.15732e-020
259.588  4.07955e-020
260.61  4.00128e-020
261.632  3.92253e-020
262.654  3.84333e-020
263.676  3.76368e-020
264.698  3.68363e-020
265.72  3.60318e-020
266.742  3.52237e-020
267.764  3.44122e-020
268.786  3.35976e-020
269.808  3.27802e-020
270.83  3.19604e-020
271.852  3.11383e-020
272.874  3.03144e-020
273.896  2.94891e-020
274.918  2.86626e-020
275.94  2.78354e-020
276.962  2.70078e-020
277.984  2.61803e-020
279.006  2.53533e-020
280.028  2.45272e-020
281.05  2.37025e-020
282.072  2.28798e-020
283.094  2.20594e-020
284.116  2.1242e-020
285.138  2.0428e-020
286.16  1.96181e-020
287.182  1.88128e-020
288.204  1.80127e-020
289.226  1.72184e-020
290.248  1.64307e-020
291.27  1.56501e-020
292.292  1.48774e-020
293.314  1.41134e-020
294.336  1.33586e-020
295.358  1.26141e-020
296.38  1.18804e-020
297.402  1.11586e-020
298.424  1.04493e-020
299.446  9.75358e-021
300.468  9.07229e-021
301.49  8.40637e-021
302.512  7.75682e-021
303.534  7.12464e-021
304.556  6.51087e-021
305.578  5.9166e-021
306.6  5.34293e-021
307.622  4.79101e-021
308.644  4.26201e-021
309.666  3.75717e-021
310.688  3.27773e-021
311.71  2.82498e-021
312.732  2.40026e-021
313.754  2.00495e-021
314.776  1.64045e-021
315.798  1.30821e-021
316.82  1.00974e-021
317.842  7.46571e-022
318.864  5.20286e-022
319.886  3.32511e-022
320.908  1.84914e-022
321.93  7.92062e-023
322.952  1.71355e-023
