1.022  5.36304e-020
2.044  5.40038e-020
3.066  5.43752e-020
4.088  5.47445e-020
5.11  5.51117e-020
6.132  5.54768e-020
7.154  5.58397e-020
8.176  5.62004e-020
9.198  5.65587e-020
10.22  5.69147e-020
11.242  5.72685e-020
12.264  5.76199e-020
13.286  5.7969e-020
14.308  5.83158e-020
15.33  5.86605e-020
16.352  5.9003e-020
17.374  5.93433e-020
18.396  5.96816e-020
19.418  6.00178e-020
20.44  6.03519e-020
21.462  6.06841e-020
22.484  6.10142e-020
23.506  6.13425e-020
24.528  6.16687e-020
25.55  6.19931e-020
26.572  6.23155e-020
27.594  6.2636e-020
28.616  6.29546e-020
29.638  6.32713e-020
30.66  6.35861e-020
31.682  6.3899e-020
32.704  6.42099e-020
33.726  6.45189e-020
34.748  6.4826e-020
35.77  6.51311e-020
36.792  6.54343e-020
37.814  6.57354e-020
38.836  6.60346e-020
39.858  6.63317e-020
40.88  6.66268e-020
41.902  6.69198e-020
42.924  6.72107e-020
43.946  6.74996e-020
44.968  6.77863e-020
45.99  6.80708e-020
47.012  6.83532e-020
48.034  6.86333e-020
49.056  6.89112e-020
50.078  6.91869e-020
51.1  6.94602e-020
52.122  6.97313e-020
53.144  7e-020
54.166  7.02664e-020
55.188  7.05303e-020
56.21  7.07919e-020
57.232  7.1051e-020
58.254  7.13076e-020
59.276  7.15617e-020
60.298  7.18133e-020
61.32  7.20623e-020
62.342  7.23088e-020
63.364  7.25526e-020
64.386  7.27938e-020
65.408  7.30323e-020
66.43  7.32681e-020
67.452  7.35012e-020
68.474  7.37315e-020
69.496  7.39591e-020
70.518  7.41838e-020
71.54  7.44057e-020
72.562  7.46248e-020
73.584  7.48409e-020
74.606  7.50542e-020
75.628  7.52645e-020
76.65  7.54718e-020
77.672  7.56761e-020
78.694  7.58774e-020
79.716  7.60757e-020
80.738  7.62709e-020
81.76  7.64629e-020
82.782  7.66519e-020
83.804  7.68377e-020
84.826  7.70203e-020
85.848  7.71997e-020
86.87  7.73759e-020
87.892  7.75488e-020
88.914  7.77184e-020
89.936  7.78848e-020
90.958  7.80478e-020
91.98  7.82074e-020
93.002  7.83637e-020
94.024  7.85165e-020
95.046  7.8666e-020
96.068  7.88119e-020
97.09  7.89544e-020
98.112  7.90934e-020
99.134  7.92289e-020
100.156  7.93608e-020
101.178  7.94892e-020
102.2  7.96139e-020
103.222  7.9735e-020
104.244  7.98525e-020
105.266  7.99663e-020
106.288  8.00764e-020
107.31  8.01828e-020
108.332  8.02855e-020
109.354  8.03844e-020
110.376  8.04795e-020
111.398  8.05708e-020
112.42  8.06583e-020
113.442  8.07419e-020
114.464  8.08216e-020
115.486  8.08974e-020
116.508  8.09693e-020
117.53  8.10373e-020
118.552  8.11013e-020
119.574  8.11612e-020
120.596  8.12172e-020
121.618  8.12691e-020
122.64  8.1317e-020
123.662  8.13607e-020
124.684  8.14003e-020
125.706  8.14358e-020
126.728  8.14672e-020
127.75  8.14943e-020
128.772  8.15173e-020
129.794  8.1536e-020
130.816  8.15504e-020
131.838  8.15605e-020
132.86  8.15664e-020
133.882  8.15679e-020
134.904  8.1565e-020
135.926  8.15577e-020
136.948  8.15461e-020
137.97  8.153e-020
138.992  8.15094e-020
140.014  8.14843e-020
141.036  8.14547e-020
142.058  8.14206e-020
143.08  8.13819e-020
144.102  8.13386e-020
145.124  8.12906e-020
146.146  8.1238e-020
147.168  8.11808e-020
148.19  8.11188e-020
149.212  8.1052e-020
150.234  8.09805e-020
151.256  8.09042e-020
152.278  8.0823e-020
153.3  8.0737e-020
154.322  8.06461e-020
155.344  8.05503e-020
156.366  8.04495e-020
157.388  8.03437e-020
158.41  8.02329e-020
159.432  8.01171e-020
160.454  7.99961e-020
161.476  7.98701e-020
162.498  7.97389e-020
163.52  7.96025e-020
164.542  7.94609e-020
165.564  7.9314e-020
166.586  7.91619e-020
167.608  7.90044e-020
168.63  7.88416e-020
169.652  7.86733e-020
170.674  7.84997e-020
171.696  7.83206e-020
172.718  7.81359e-020
173.74  7.79457e-020
174.762  7.775e-020
175.784  7.75486e-020
176.806  7.73416e-020
177.828  7.71288e-020
178.85  7.69104e-020
179.872  7.66861e-020
180.894  7.64561e-020
181.916  7.62202e-020
182.938  7.59784e-020
183.96  7.57307e-020
184.982  7.5477e-020
186.004  7.52173e-020
187.026  7.49515e-020
188.048  7.46797e-020
189.07  7.44017e-020
190.092  7.41176e-020
191.114  7.38272e-020
192.136  7.35306e-020
193.158  7.32277e-020
194.18  7.29184e-020
195.202  7.26028e-020
196.224  7.22808e-020
197.246  7.19523e-020
198.268  7.16174e-020
199.29  7.12759e-020
200.312  7.09278e-020
201.334  7.05731e-020
202.356  7.02118e-020
203.378  6.98438e-020
204.4  6.94691e-020
205.422  6.90876e-020
206.444  6.86993e-020
207.466  6.83042e-020
208.488  6.79023e-020
209.51  6.74934e-020
210.532  6.70777e-020
211.554  6.6655e-020
212.576  6.62253e-020
213.598  6.57886e-020
214.62  6.53448e-020
215.642  6.4894e-020
216.664  6.44361e-020
217.686  6.39711e-020
218.708  6.34989e-020
219.73  6.30196e-020
220.752  6.25331e-020
221.774  6.20395e-020
222.796  6.15386e-020
223.818  6.10306e-020
224.84  6.05153e-020
225.862  5.99928e-020
226.884  5.9463e-020
227.906  5.89261e-020
228.928  5.83819e-020
229.95  5.78305e-020
230.972  5.72718e-020
231.994  5.6706e-020
233.016  5.61329e-020
234.038  5.55527e-020
235.06  5.49654e-020
236.082  5.43709e-020
237.104  5.37693e-020
238.126  5.31607e-020
239.148  5.2545e-020
240.17  5.19223e-020
241.192  5.12928e-020
242.214  5.06563e-020
243.236  5.0013e-020
244.258  4.93629e-020
245.28  4.87062e-020
246.302  4.80428e-020
247.324  4.73729e-020
248.346  4.66965e-020
249.368  4.60138e-020
250.39  4.53248e-020
251.412  4.46297e-020
252.434  4.39285e-020
253.456  4.32214e-020
254.478  4.25085e-020
255.5  4.179e-020
256.522  4.10659e-020
257.544  4.03365e-020
258.566  3.9602e-020
259.588  3.88623e-020
260.61  3.81179e-020
261.632  3.73688e-020
262.654  3.66153e-020
263.676  3.58575e-020
264.698  3.50957e-020
265.72  3.43301e-020
266.742  3.3561e-020
267.764  3.27887e-020
268.786  3.20133e-020
269.808  3.12352e-020
270.83  3.04546e-020
271.852  2.96719e-020
272.874  2.88875e-020
273.896  2.81015e-020
274.918  2.73144e-020
275.94  2.65266e-020
276.962  2.57384e-020
277.984  2.49502e-020
279.006  2.41625e-020
280.028  2.33756e-020
281.05  2.259e-020
282.072  2.18062e-020
283.094  2.10246e-020
284.116  2.02458e-020
285.138  1.94702e-020
286.16  1.86985e-020
287.182  1.79311e-020
288.204  1.71687e-020
289.226  1.64118e-020
290.248  1.56611e-020
291.27  1.49173e-020
292.292  1.41809e-020
293.314  1.34527e-020
294.336  1.27334e-020
295.358  1.20238e-020
296.38  1.13245e-020
297.402  1.06365e-020
298.424  9.96047e-021
299.446  9.29733e-021
300.468  8.64793e-021
301.49  8.0132e-021
302.512  7.39404e-021
303.534  6.79145e-021
304.556  6.2064e-021
305.578  5.63992e-021
306.6  5.09308e-021
307.622  4.56697e-021
308.644  4.06271e-021
309.666  3.58147e-021
310.688  3.12445e-021
311.71  2.69287e-021
312.732  2.28801e-021
313.754  1.91118e-021
314.776  1.56372e-021
315.798  1.24702e-021
316.82  9.62507e-022
317.842  7.11645e-022
318.864  4.95944e-022
319.886  3.16952e-022
320.908  1.76261e-022
321.93  7.54993e-023
322.952  1.63334e-023
