1.022  4.52557e-020
2.044  4.56308e-020
3.066  4.60039e-020
4.088  4.63752e-020
5.11  4.67445e-020
6.132  4.71117e-020
7.154  4.74769e-020
8.176  4.784e-020
9.198  4.82009e-020
10.22  4.85597e-020
11.242  4.89163e-020
12.264  4.92707e-020
13.286  4.96229e-020
14.308  4.99731e-020
15.33  5.03211e-020
16.352  5.06671e-020
17.374  5.10111e-020
18.396  5.13531e-020
19.418  5.16931e-020
20.44  5.20311e-020
21.462  5.23673e-020
22.484  5.27015e-020
23.506  5.30339e-020
24.528  5.33644e-020
25.55  5.3693e-020
26.572  5.40198e-020
27.594  5.43448e-020
28.616  5.46679e-020
29.638  5.49891e-020
30.66  5.53085e-020
31.682  5.56261e-020
32.704  5.59418e-020
33.726  5.62556e-020
34.748  5.65676e-020
35.77  5.68777e-020
36.792  5.71858e-020
37.814  5.74921e-020
38.836  5.77964e-020
39.858  5.80988e-020
40.88  5.83992e-020
41.902  5.86976e-020
42.924  5.8994e-020
43.946  5.92884e-020
44.968  5.95807e-020
45.99  5.98709e-020
47.012  6.01591e-020
48.034  6.04451e-020
49.056  6.0729e-020
50.078  6.10107e-020
51.1  6.12903e-020
52.122  6.15676e-020
53.144  6.18427e-020
54.166  6.21155e-020
55.188  6.23861e-020
56.21  6.26543e-020
57.232  6.29202e-020
58.254  6.31837e-020
59.276  6.34448e-020
60.298  6.37035e-020
61.32  6.39598e-020
62.342  6.42136e-020
63.364  6.44649e-020
64.386  6.47137e-020
65.408  6.49599e-020
66.43  6.52036e-020
67.452  6.54447e-020
68.474  6.56832e-020
69.496  6.5919e-020
70.518  6.61521e-020
71.54  6.63825e-020
72.562  6.66103e-020
73.584  6.68352e-020
74.606  6.70574e-020
75.628  6.72768e-020
76.65  6.74934e-020
77.672  6.77071e-020
78.694  6.79179e-020
79.716  6.81259e-020
80.738  6.83309e-020
81.76  6.8533e-020
82.782  6.87321e-020
83.804  6.89282e-020
84.826  6.91212e-020
85.848  6.93113e-020
86.87  6.94982e-020
87.892  6.96821e-020
88.914  6.98629e-020
89.936  7.00405e-020
90.958  7.02149e-020
91.98  7.03862e-020
93.002  7.05542e-020
94.024  7.07191e-020
95.046  7.08806e-020
96.068  7.10389e-020
97.09  7.11939e-020
98.112  7.13455e-020
99.134  7.14938e-020
100.156  7.16387e-020
101.178  7.17802e-020
102.2  7.19183e-020
103.222  7.2053e-020
104.244  7.21842e-020
105.266  7.23119e-020
106.288  7.24361e-020
107.31  7.25568e-020
108.332  7.26739e-020
109.354  7.27875e-020
110.376  7.28974e-020
111.398  7.30038e-020
112.42  7.31064e-020
113.442  7.32055e-020
114.464  7.33008e-020
115.486  7.33924e-020
116.508  7.34803e-020
117.53  7.35644e-020
118.552  7.36448e-020
119.574  7.37213e-020
120.596  7.37941e-020
121.618  7.38629e-020
122.64  7.39279e-020
123.662  7.39891e-020
124.684  7.40463e-020
125.706  7.40995e-020
126.728  7.41488e-020
127.75  7.41941e-020
128.772  7.42354e-020
129.794  7.42727e-020
130.816  7.43059e-020
131.838  7.4335e-020
132.86  7.43601e-020
133.882  7.43809e-020
134.904  7.43977e-020
135.926  7.44102e-020
136.948  7.44186e-020
137.97  7.44227e-020
138.992  7.44226e-020
140.014  7.44182e-020
141.036  7.44095e-020
142.058  7.43964e-020
143.08  7.4379e-020
144.102  7.43572e-020
145.124  7.4331e-020
146.146  7.43004e-020
147.168  7.42653e-020
148.19  7.42257e-020
149.212  7.41816e-020
150.234  7.41329e-020
151.256  7.40796e-020
152.278  7.40218e-020
153.3  7.39592e-020
154.322  7.38921e-020
155.344  7.38202e-020
156.366  7.37436e-020
157.388  7.36623e-020
158.41  7.35761e-020
159.432  7.34852e-020
160.454  7.33894e-020
161.476  7.32887e-020
162.498  7.31831e-020
163.52  7.30725e-020
164.542  7.2957e-020
165.564  7.28364e-020
166.586  7.27108e-020
167.608  7.25802e-020
168.63  7.24444e-020
169.652  7.23034e-020
170.674  7.21573e-020
171.696  7.2006e-020
172.718  7.18494e-020
173.74  7.16875e-020
174.762  7.15203e-020
175.784  7.13477e-020
176.806  7.11697e-020
177.828  7.09863e-020
178.85  7.07975e-020
179.872  7.06031e-020
180.894  7.04032e-020
181.916  7.01977e-020
182.938  6.99865e-020
183.96  6.97697e-020
184.982  6.95473e-020
186.004  6.9319e-020
187.026  6.9085e-020
188.048  6.88452e-020
189.07  6.85996e-020
190.092  6.83481e-020
191.114  6.80906e-020
192.136  6.78272e-020
193.158  6.75578e-020
194.18  6.72823e-020
195.202  6.70008e-020
196.224  6.67131e-020
197.246  6.64193e-020
198.268  6.61193e-020
199.29  6.58131e-020
200.312  6.55006e-020
201.334  6.51819e-020
202.356  6.48567e-020
203.378  6.45253e-020
204.4  6.41874e-020
205.422  6.38431e-020
206.444  6.34923e-020
207.466  6.3135e-020
208.488  6.27712e-020
209.51  6.24009e-020
210.532  6.20239e-020
211.554  6.16403e-020
212.576  6.12501e-020
213.598  6.08532e-020
214.62  6.04496e-020
215.642  6.00393e-020
216.664  5.96222e-020
217.686  5.91983e-020
218.708  5.87677e-020
219.73  5.83303e-020
220.752  5.7886e-020
221.774  5.7435e-020
222.796  5.6977e-020
223.818  5.65123e-020
224.84  5.60406e-020
225.862  5.55621e-020
226.884  5.50767e-020
227.906  5.45844e-020
228.928  5.40853e-020
229.95  5.35793e-020
230.972  5.30665e-020
231.994  5.25468e-020
233.016  5.20202e-020
234.038  5.14869e-020
235.06  5.09468e-020
236.082  5.03998e-020
237.104  4.98462e-020
238.126  4.92858e-020
239.148  4.87188e-020
240.17  4.81452e-020
241.192  4.75649e-020
242.214  4.69781e-020
243.236  4.63849e-020
244.258  4.57852e-020
245.28  4.51791e-020
246.302  4.45668e-020
247.324  4.39483e-020
248.346  4.33236e-020
249.368  4.26929e-020
250.39  4.20563e-020
251.412  4.14138e-020
252.434  4.07656e-020
253.456  4.01117e-020
254.478  3.94524e-020
255.5  3.87876e-020
256.522  3.81177e-020
257.544  3.74426e-020
258.566  3.67627e-020
259.588  3.60779e-020
260.61  3.53885e-020
261.632  3.46947e-020
262.654  3.39967e-020
263.676  3.32947e-020
264.698  3.25888e-020
265.72  3.18793e-020
266.742  3.11664e-020
267.764  3.04504e-020
268.786  2.97315e-020
269.808  2.90099e-020
270.83  2.82861e-020
271.852  2.75601e-020
272.874  2.68324e-020
273.896  2.61033e-020
274.918  2.5373e-020
275.94  2.46419e-020
276.962  2.39105e-020
277.984  2.3179e-020
279.006  2.24478e-020
280.028  2.17173e-020
281.05  2.0988e-020
282.072  2.02603e-020
283.094  1.95346e-020
284.116  1.88114e-020
285.138  1.80913e-020
286.16  1.73746e-020
287.182  1.66619e-020
288.204  1.59537e-020
289.226  1.52507e-020
290.248  1.45534e-020
291.27  1.38624e-020
292.292  1.31783e-020
293.314  1.25018e-020
294.336  1.18335e-020
295.358  1.11742e-020
296.38  1.05245e-020
297.402  9.88515e-021
298.424  9.25699e-021
299.446  8.64077e-021
300.468  8.03732e-021
301.49  7.44746e-021
302.512  6.87208e-021
303.534  6.31206e-021
304.556  5.76835e-021
305.578  5.24188e-021
306.6  4.73366e-021
307.622  4.2447e-021
308.644  3.77604e-021
309.666  3.32876e-021
310.688  2.90399e-021
311.71  2.50287e-021
312.732  2.12658e-021
313.754  1.77633e-021
314.776  1.45339e-021
315.798  1.15903e-021
316.82  8.94594e-022
317.842  6.61431e-022
318.864  4.60949e-022
319.886  2.94586e-022
320.908  1.63822e-022
321.93  7.0171e-023
322.952  1.51807e-023
