1.022  2.31794e-020
2.044  2.35245e-020
3.066  2.38684e-020
4.088  2.4211e-020
5.11  2.45525e-020
6.132  2.48927e-020
7.154  2.52315e-020
8.176  2.5569e-020
9.198  2.59052e-020
10.22  2.62399e-020
11.242  2.65732e-020
12.264  2.69052e-020
13.286  2.72357e-020
14.308  2.75648e-020
15.33  2.78925e-020
16.352  2.82189e-020
17.374  2.85438e-020
18.396  2.88674e-020
19.418  2.91897e-020
20.44  2.95105e-020
21.462  2.98301e-020
22.484  3.01483e-020
23.506  3.04651e-020
24.528  3.07806e-020
25.55  3.10948e-020
26.572  3.14077e-020
27.594  3.17192e-020
28.616  3.20294e-020
29.638  3.23382e-020
30.66  3.26456e-020
31.682  3.29517e-020
32.704  3.32564e-020
33.726  3.35598e-020
34.748  3.38617e-020
35.77  3.41622e-020
36.792  3.44613e-020
37.814  3.4759e-020
38.836  3.50552e-020
39.858  3.53499e-020
40.88  3.56432e-020
41.902  3.59349e-020
42.924  3.62252e-020
43.946  3.65138e-020
44.968  3.6801e-020
45.99  3.70865e-020
47.012  3.73705e-020
48.034  3.76528e-020
49.056  3.79336e-020
50.078  3.82126e-020
51.1  3.849e-020
52.122  3.87657e-020
53.144  3.90396e-020
54.166  3.93119e-020
55.188  3.95823e-020
56.21  3.9851e-020
57.232  4.01179e-020
58.254  4.0383e-020
59.276  4.06462e-020
60.298  4.09075e-020
61.32  4.1167e-020
62.342  4.14245e-020
63.364  4.16802e-020
64.386  4.19338e-020
65.408  4.21855e-020
66.43  4.24352e-020
67.452  4.26828e-020
68.474  4.29284e-020
69.496  4.3172e-020
70.518  4.34134e-020
71.54  4.36528e-020
72.562  4.389e-020
73.584  4.41251e-020
74.606  4.4358e-020
75.628  4.45886e-020
76.65  4.48171e-020
77.672  4.50433e-020
78.694  4.52673e-020
79.716  4.5489e-020
80.738  4.57083e-020
81.76  4.59254e-020
82.782  4.61401e-020
83.804  4.63524e-020
84.826  4.65623e-020
85.848  4.67698e-020
86.87  4.69749e-020
87.892  4.71775e-020
88.914  4.73776e-020
89.936  4.75753e-020
90.958  4.77704e-020
91.98  4.79629e-020
93.002  4.81529e-020
94.024  4.83404e-020
95.046  4.85252e-020
96.068  4.87074e-020
97.09  4.88869e-020
98.112  4.90638e-020
99.134  4.9238e-020
100.156  4.94095e-020
101.178  4.95782e-020
102.2  4.97442e-020
103.222  4.99074e-020
104.244  5.00679e-020
105.266  5.02255e-020
106.288  5.03803e-020
107.31  5.05322e-020
108.332  5.06812e-020
109.354  5.08274e-020
110.376  5.09706e-020
111.398  5.11109e-020
112.42  5.12483e-020
113.442  5.13826e-020
114.464  5.1514e-020
115.486  5.16423e-020
116.508  5.17676e-020
117.53  5.18899e-020
118.552  5.2009e-020
119.574  5.21251e-020
120.596  5.2238e-020
121.618  5.23477e-020
122.64  5.24543e-020
123.662  5.25578e-020
124.684  5.26579e-020
125.706  5.27549e-020
126.728  5.28486e-020
127.75  5.2939e-020
128.772  5.30262e-020
129.794  5.311e-020
130.816  5.31904e-020
131.838  5.32675e-020
132.86  5.33412e-020
133.882  5.34115e-020
134.904  5.34784e-020
135.926  5.35418e-020
136.948  5.36017e-020
137.97  5.36582e-020
138.992  5.37111e-020
140.014  5.37604e-020
141.036  5.38062e-020
142.058  5.38483e-020
143.08  5.38869e-020
144.102  5.39218e-020
145.124  5.3953e-020
146.146  5.39805e-020
147.168  5.40044e-020
148.19  5.40244e-020
149.212  5.40407e-020
150.234  5.40532e-020
151.256  5.40619e-020
152.278  5.40667e-020
153.3  5.40676e-020
154.322  5.40647e-020
155.344  5.40578e-020
156.366  5.40469e-020
157.388  5.40321e-020
158.41  5.40132e-020
159.432  5.39903e-020
160.454  5.39634e-020
161.476  5.39323e-020
162.498  5.38972e-020
163.52  5.38578e-020
164.542  5.38143e-020
165.564  5.37666e-020
166.586  5.37146e-020
167.608  5.36584e-020
168.63  5.35978e-020
169.652  5.3533e-020
170.674  5.34637e-020
171.696  5.33901e-020
172.718  5.3312e-020
173.74  5.32295e-020
174.762  5.31426e-020
175.784  5.30511e-020
176.806  5.2955e-020
177.828  5.28544e-020
178.85  5.27491e-020
179.872  5.26393e-020
180.894  5.25247e-020
181.916  5.24055e-020
182.938  5.22815e-020
183.96  5.21527e-020
184.982  5.20191e-020
186.004  5.18807e-020
187.026  5.17375e-020
188.048  5.15893e-020
189.07  5.14362e-020
190.092  5.12781e-020
191.114  5.11151e-020
192.136  5.0947e-020
193.158  5.07739e-020
194.18  5.05957e-020
195.202  5.04123e-020
196.224  5.02238e-020
197.246  5.00301e-020
198.268  4.98313e-020
199.29  4.96271e-020
200.312  4.94177e-020
201.334  4.9203e-020
202.356  4.8983e-020
203.378  4.87576e-020
204.4  4.85268e-020
205.422  4.82906e-020
206.444  4.8049e-020
207.466  4.78019e-020
208.488  4.75493e-020
209.51  4.72912e-020
210.532  4.70276e-020
211.554  4.67584e-020
212.576  4.64836e-020
213.598  4.62032e-020
214.62  4.59171e-020
215.642  4.56255e-020
216.664  4.53282e-020
217.686  4.50252e-020
218.708  4.47165e-020
219.73  4.44021e-020
220.752  4.4082e-020
221.774  4.37561e-020
222.796  4.34245e-020
223.818  4.30872e-020
224.84  4.27441e-020
225.862  4.23953e-020
226.884  4.20407e-020
227.906  4.16804e-020
228.928  4.13143e-020
229.95  4.09425e-020
230.972  4.0565e-020
231.994  4.01817e-020
233.016  3.97927e-020
234.038  3.9398e-020
235.06  3.89976e-020
236.082  3.85916e-020
237.104  3.818e-020
238.126  3.77627e-020
239.148  3.73399e-020
240.17  3.69115e-020
241.192  3.64776e-020
242.214  3.60383e-020
243.236  3.55935e-020
244.258  3.51434e-020
245.28  3.46879e-020
246.302  3.42272e-020
247.324  3.37614e-020
248.346  3.32904e-020
249.368  3.28143e-020
250.39  3.23333e-020
251.412  3.18473e-020
252.434  3.13566e-020
253.456  3.08611e-020
254.478  3.03611e-020
255.5  2.98565e-020
256.522  2.93475e-020
257.544  2.88343e-020
258.566  2.83168e-020
259.588  2.77954e-020
260.61  2.727e-020
261.632  2.67409e-020
262.654  2.62083e-020
263.676  2.56721e-020
264.698  2.51327e-020
265.72  2.45902e-020
266.742  2.40448e-020
267.764  2.34967e-020
268.786  2.2946e-020
269.808  2.23931e-020
270.83  2.1838e-020
271.852  2.12811e-020
272.874  2.07225e-020
273.896  2.01626e-020
274.918  1.96016e-020
275.94  1.90397e-020
276.962  1.84772e-020
277.984  1.79145e-020
279.006  1.73518e-020
280.028  1.67895e-020
281.05  1.62279e-020
282.072  1.56672e-020
283.094  1.5108e-020
284.116  1.45505e-020
285.138  1.39951e-020
286.16  1.34422e-020
287.182  1.28923e-020
288.204  1.23457e-020
289.226  1.1803e-020
290.248  1.12645e-020
291.27  1.07307e-020
292.292  1.02022e-020
293.314  9.67936e-021
294.336  9.16281e-021
295.358  8.65305e-021
296.38  8.15064e-021
297.402  7.65618e-021
298.424  7.17025e-021
299.446  6.69347e-021
300.468  6.22649e-021
301.49  5.76996e-021
302.512  5.32456e-021
303.534  4.89099e-021
304.556  4.46998e-021
305.578  4.06228e-021
306.6  3.66865e-021
307.622  3.28989e-021
308.644  2.92682e-021
309.666  2.58028e-021
310.688  2.25114e-021
311.71  1.9403e-021
312.732  1.64867e-021
313.754  1.3772e-021
314.776  1.12687e-021
315.798  8.98685e-022
316.82  6.93673e-022
317.842  5.12898e-022
318.864  3.5745e-022
319.886  2.2845e-022
320.908  1.27048e-022
321.93  5.4421e-023
322.952  1.17737e-023
