1.022  1.25176e-020
2.044  1.28043e-020
3.066  1.30906e-020
4.088  1.33766e-020
5.11  1.36622e-020
6.132  1.39475e-020
7.154  1.42323e-020
8.176  1.45166e-020
9.198  1.48004e-020
10.22  1.50837e-020
11.242  1.53665e-020
12.264  1.56488e-020
13.286  1.59304e-020
14.308  1.62115e-020
15.33  1.6492e-020
16.352  1.67719e-020
17.374  1.70512e-020
18.396  1.73299e-020
19.418  1.76081e-020
20.44  1.78856e-020
21.462  1.81624e-020
22.484  1.84387e-020
23.506  1.87143e-020
24.528  1.89892e-020
25.55  1.92636e-020
26.572  1.95372e-020
27.594  1.98102e-020
28.616  2.00824e-020
29.638  2.0354e-020
30.66  2.06249e-020
31.682  2.0895e-020
32.704  2.11644e-020
33.726  2.1433e-020
34.748  2.17008e-020
35.77  2.19679e-020
36.792  2.22341e-020
37.814  2.24995e-020
38.836  2.2764e-020
39.858  2.30277e-020
40.88  2.32905e-020
41.902  2.35524e-020
42.924  2.38134e-020
43.946  2.40734e-020
44.968  2.43324e-020
45.99  2.45905e-020
47.012  2.48476e-020
48.034  2.51036e-020
49.056  2.53586e-020
50.078  2.56125e-020
51.1  2.58653e-020
52.122  2.6117e-020
53.144  2.63676e-020
54.166  2.6617e-020
55.188  2.68652e-020
56.21  2.71122e-020
57.232  2.7358e-020
58.254  2.76026e-020
59.276  2.78459e-020
60.298  2.80879e-020
61.32  2.83286e-020
62.342  2.85679e-020
63.364  2.88059e-020
64.386  2.90425e-020
65.408  2.92777e-020
66.43  2.95115e-020
67.452  2.97438e-020
68.474  2.99747e-020
69.496  3.02041e-020
70.518  3.04319e-020
71.54  3.06582e-020
72.562  3.0883e-020
73.584  3.11062e-020
74.606  3.13278e-020
75.628  3.15477e-020
76.65  3.1766e-020
77.672  3.19827e-020
78.694  3.21976e-020
79.716  3.24108e-020
80.738  3.26223e-020
81.76  3.28321e-020
82.782  3.304e-020
83.804  3.32462e-020
84.826  3.34505e-020
85.848  3.3653e-020
86.87  3.38537e-020
87.892  3.40524e-020
88.914  3.42492e-020
89.936  3.44441e-020
90.958  3.46371e-020
91.98  3.48281e-020
93.002  3.50171e-020
94.024  3.5204e-020
95.046  3.5389e-020
96.068  3.55719e-020
97.09  3.57527e-020
98.112  3.59314e-020
99.134  3.61079e-020
100.156  3.62824e-020
101.178  3.64547e-020
102.2  3.66248e-020
103.222  3.67927e-020
104.244  3.69583e-020
105.266  3.71218e-020
106.288  3.72829e-020
107.31  3.74418e-020
108.332  3.75983e-020
109.354  3.77526e-020
110.376  3.79044e-020
111.398  3.80539e-020
112.42  3.82011e-020
113.442  3.83458e-020
114.464  3.8488e-020
115.486  3.86278e-020
116.508  3.87652e-020
117.53  3.89e-020
118.552  3.90323e-020
119.574  3.91621e-020
120.596  3.92893e-020
121.618  3.94139e-020
122.64  3.9536e-020
123.662  3.96554e-020
124.684  3.97721e-020
125.706  3.98862e-020
126.728  3.99976e-020
127.75  4.01063e-020
128.772  4.02122e-020
129.794  4.03154e-020
130.816  4.04158e-020
131.838  4.05135e-020
132.86  4.06082e-020
133.882  4.07002e-020
134.904  4.07893e-020
135.926  4.08755e-020
136.948  4.09587e-020
137.97  4.10391e-020
138.992  4.11165e-020
140.014  4.11908e-020
141.036  4.12622e-020
142.058  4.13306e-020
143.08  4.13959e-020
144.102  4.14581e-020
145.124  4.15173e-020
146.146  4.15733e-020
147.168  4.16262e-020
148.19  4.16758e-020
149.212  4.17223e-020
150.234  4.17656e-020
151.256  4.18056e-020
152.278  4.18424e-020
153.3  4.18758e-020
154.322  4.19059e-020
155.344  4.19327e-020
156.366  4.19561e-020
157.388  4.19761e-020
158.41  4.19927e-020
159.432  4.20059e-020
160.454  4.20155e-020
161.476  4.20216e-020
162.498  4.20243e-020
163.52  4.20233e-020
164.542  4.20188e-020
165.564  4.20106e-020
166.586  4.19989e-020
167.608  4.19834e-020
168.63  4.19642e-020
169.652  4.19414e-020
170.674  4.19147e-020
171.696  4.18843e-020
172.718  4.18501e-020
173.74  4.18121e-020
174.762  4.17702e-020
175.784  4.17244e-020
176.806  4.16746e-020
177.828  4.16209e-020
178.85  4.15633e-020
179.872  4.15016e-020
180.894  4.14359e-020
181.916  4.13661e-020
182.938  4.12923e-020
183.96  4.12143e-020
184.982  4.11322e-020
186.004  4.10458e-020
187.026  4.09553e-020
188.048  4.08605e-020
189.07  4.07615e-020
190.092  4.06582e-020
191.114  4.05505e-020
192.136  4.04385e-020
193.158  4.03221e-020
194.18  4.02013e-020
195.202  4.00761e-020
196.224  3.99464e-020
197.246  3.98122e-020
198.268  3.96735e-020
199.29  3.95303e-020
200.312  3.93825e-020
201.334  3.92301e-020
202.356  3.90731e-020
203.378  3.89114e-020
204.4  3.8745e-020
205.422  3.8574e-020
206.444  3.83983e-020
207.466  3.82178e-020
208.488  3.80325e-020
209.51  3.78425e-020
210.532  3.76477e-020
211.554  3.7448e-020
212.576  3.72435e-020
213.598  3.70341e-020
214.62  3.68199e-020
215.642  3.66008e-020
216.664  3.63768e-020
217.686  3.61478e-020
218.708  3.59139e-020
219.73  3.56751e-020
220.752  3.54313e-020
221.774  3.51826e-020
222.796  3.49288e-020
223.818  3.46702e-020
224.84  3.44065e-020
225.862  3.41378e-020
226.884  3.38642e-020
227.906  3.35855e-020
228.928  3.33019e-020
229.95  3.30133e-020
230.972  3.27198e-020
231.994  3.24212e-020
233.016  3.21178e-020
234.038  3.18094e-020
235.06  3.1496e-020
236.082  3.11778e-020
237.104  3.08547e-020
238.126  3.05267e-020
239.148  3.01939e-020
240.17  2.98562e-020
241.192  2.95138e-020
242.214  2.91667e-020
243.236  2.88149e-020
244.258  2.84584e-020
245.28  2.80973e-020
246.302  2.77316e-020
247.324  2.73614e-020
248.346  2.69868e-020
249.368  2.66078e-020
250.39  2.62244e-020
251.412  2.58368e-020
252.434  2.54449e-020
253.456  2.5049e-020
254.478  2.46491e-020
255.5  2.42452e-020
256.522  2.38374e-020
257.544  2.34259e-020
258.566  2.30108e-020
259.588  2.25921e-020
260.61  2.217e-020
261.632  2.17445e-020
262.654  2.13159e-020
263.676  2.08843e-020
264.698  2.04497e-020
265.72  2.00124e-020
266.742  1.95725e-020
267.764  1.91301e-020
268.786  1.86854e-020
269.808  1.82387e-020
270.83  1.779e-020
271.852  1.73395e-020
272.874  1.68876e-020
273.896  1.64342e-020
274.918  1.59798e-020
275.94  1.55245e-020
276.962  1.50685e-020
277.984  1.46121e-020
279.006  1.41555e-020
280.028  1.36991e-020
281.05  1.3243e-020
282.072  1.27875e-020
283.094  1.2333e-020
284.116  1.18798e-020
285.138  1.14281e-020
286.16  1.09784e-020
287.182  1.05308e-020
288.204  1.00859e-020
289.226  9.64388e-021
290.248  9.20522e-021
291.27  8.77029e-021
292.292  8.33948e-021
293.314  7.91322e-021
294.336  7.49195e-021
295.358  7.0761e-021
296.38  6.66615e-021
297.402  6.26257e-021
298.424  5.86586e-021
299.446  5.47652e-021
300.468  5.09509e-021
301.49  4.7221e-021
302.512  4.35813e-021
303.534  4.00375e-021
304.556  3.65956e-021
305.578  3.32617e-021
306.6  3.00423e-021
307.622  2.69439e-021
308.644  2.39732e-021
309.666  2.11371e-021
310.688  1.8443e-021
311.71  1.58981e-021
312.732  1.35101e-021
313.754  1.12868e-021
314.776  9.23626e-022
315.798  7.36676e-022
316.82  5.68684e-022
317.842  4.20527e-022
318.864  2.93106e-022
319.886  1.87347e-022
320.908  1.042e-022
321.93  4.46387e-023
322.952  9.65836e-024
