1.022  8.89762e-021
2.044  9.1405e-021
3.066  9.38366e-021
4.088  9.62705e-021
5.11  9.87066e-021
6.132  1.01145e-020
7.154  1.03584e-020
8.176  1.06024e-020
9.198  1.08466e-020
10.22  1.10907e-020
11.242  1.13349e-020
12.264  1.15791e-020
13.286  1.18233e-020
14.308  1.20675e-020
15.33  1.23116e-020
16.352  1.25557e-020
17.374  1.27996e-020
18.396  1.30435e-020
19.418  1.32873e-020
20.44  1.3531e-020
21.462  1.37745e-020
22.484  1.40179e-020
23.506  1.42611e-020
24.528  1.45042e-020
25.55  1.47471e-020
26.572  1.49897e-020
27.594  1.52321e-020
28.616  1.54743e-020
29.638  1.57162e-020
30.66  1.59579e-020
31.682  1.61992e-020
32.704  1.64403e-020
33.726  1.6681e-020
34.748  1.69213e-020
35.77  1.71613e-020
36.792  1.74008e-020
37.814  1.764e-020
38.836  1.78787e-020
39.858  1.81169e-020
40.88  1.83547e-020
41.902  1.85919e-020
42.924  1.88287e-020
43.946  1.90648e-020
44.968  1.93004e-020
45.99  1.95354e-020
47.012  1.97698e-020
48.034  2.00036e-020
49.056  2.02366e-020
50.078  2.0469e-020
51.1  2.07007e-020
52.122  2.09316e-020
53.144  2.11618e-020
54.166  2.13912e-020
55.188  2.16198e-020
56.21  2.18476e-020
57.232  2.20745e-020
58.254  2.23005e-020
59.276  2.25256e-020
60.298  2.27498e-020
61.32  2.29731e-020
62.342  2.31954e-020
63.364  2.34166e-020
64.386  2.36369e-020
65.408  2.38561e-020
66.43  2.40743e-020
67.452  2.42913e-020
68.474  2.45073e-020
69.496  2.47221e-020
70.518  2.49358e-020
71.54  2.51482e-020
72.562  2.53595e-020
73.584  2.55695e-020
74.606  2.57783e-020
75.628  2.59858e-020
76.65  2.6192e-020
77.672  2.63969e-020
78.694  2.66004e-020
79.716  2.68025e-020
80.738  2.70033e-020
81.76  2.72027e-020
82.782  2.74006e-020
83.804  2.7597e-020
84.826  2.7792e-020
85.848  2.79855e-020
86.87  2.81774e-020
87.892  2.83678e-020
88.914  2.85566e-020
89.936  2.87439e-020
90.958  2.89295e-020
91.98  2.91135e-020
93.002  2.92958e-020
94.024  2.94764e-020
95.046  2.96553e-020
96.068  2.98326e-020
97.09  3.0008e-020
98.112  3.01817e-020
99.134  3.03536e-020
100.156  3.05237e-020
101.178  3.06919e-020
102.2  3.08583e-020
103.222  3.10228e-020
104.244  3.11854e-020
105.266  3.13461e-020
106.288  3.15049e-020
107.31  3.16617e-020
108.332  3.18165e-020
109.354  3.19693e-020
110.376  3.212e-020
111.398  3.22688e-020
112.42  3.24154e-020
113.442  3.25599e-020
114.464  3.27024e-020
115.486  3.28427e-020
116.508  3.29808e-020
117.53  3.31168e-020
118.552  3.32505e-020
119.574  3.3382e-020
120.596  3.35113e-020
121.618  3.36384e-020
122.64  3.37631e-020
123.662  3.38855e-020
124.684  3.40056e-020
125.706  3.41233e-020
126.728  3.42387e-020
127.75  3.43516e-020
128.772  3.44622e-020
129.794  3.45703e-020
130.816  3.46759e-020
131.838  3.4779e-020
132.86  3.48796e-020
133.882  3.49777e-020
134.904  3.50733e-020
135.926  3.51662e-020
136.948  3.52566e-020
137.97  3.53443e-020
138.992  3.54294e-020
140.014  3.55118e-020
141.036  3.55915e-020
142.058  3.56685e-020
143.08  3.57428e-020
144.102  3.58143e-020
145.124  3.5883e-020
146.146  3.59489e-020
147.168  3.60119e-020
148.19  3.60721e-020
149.212  3.61294e-020
150.234  3.61838e-020
151.256  3.62352e-020
152.278  3.62837e-020
153.3  3.63292e-020
154.322  3.63717e-020
155.344  3.64112e-020
156.366  3.64476e-020
157.388  3.64809e-020
158.41  3.65111e-020
159.432  3.65382e-020
160.454  3.65621e-020
161.476  3.65828e-020
162.498  3.66003e-020
163.52  3.66146e-020
164.542  3.66256e-020
165.564  3.66333e-020
166.586  3.66376e-020
167.608  3.66387e-020
168.63  3.66363e-020
169.652  3.66306e-020
170.674  3.66214e-020
171.696  3.66088e-020
172.718  3.65926e-020
173.74  3.6573e-020
174.762  3.65498e-020
175.784  3.65231e-020
176.806  3.64928e-020
177.828  3.64588e-020
178.85  3.64213e-020
179.872  3.638e-020
180.894  3.6335e-020
181.916  3.62863e-020
182.938  3.62339e-020
183.96  3.61776e-020
184.982  3.61176e-020
186.004  3.60537e-020
187.026  3.59859e-020
188.048  3.59142e-020
189.07  3.58386e-020
190.092  3.57591e-020
191.114  3.56756e-020
192.136  3.55881e-020
193.158  3.54966e-020
194.18  3.5401e-020
195.202  3.53013e-020
196.224  3.51975e-020
197.246  3.50896e-020
198.268  3.49775e-020
199.29  3.48612e-020
200.312  3.47408e-020
201.334  3.4616e-020
202.356  3.44871e-020
203.378  3.43539e-020
204.4  3.42163e-020
205.422  3.40744e-020
206.444  3.39282e-020
207.466  3.37776e-020
208.488  3.36227e-020
209.51  3.34633e-020
210.532  3.32995e-020
211.554  3.31312e-020
212.576  3.29585e-020
213.598  3.27813e-020
214.62  3.25996e-020
215.642  3.24134e-020
216.664  3.22227e-020
217.686  3.20275e-020
218.708  3.18276e-020
219.73  3.16233e-020
220.752  3.14143e-020
221.774  3.12008e-020
222.796  3.09827e-020
223.818  3.07599e-020
224.84  3.05326e-020
225.862  3.03007e-020
226.884  3.00642e-020
227.906  2.98231e-020
228.928  2.95774e-020
229.95  2.93271e-020
230.972  2.90722e-020
231.994  2.88127e-020
233.016  2.85487e-020
234.038  2.82801e-020
235.06  2.80069e-020
236.082  2.77292e-020
237.104  2.74471e-020
238.126  2.71604e-020
239.148  2.68692e-020
240.17  2.65736e-020
241.192  2.62736e-020
242.214  2.59692e-020
243.236  2.56605e-020
244.258  2.53474e-020
245.28  2.50301e-020
246.302  2.47085e-020
247.324  2.43828e-020
248.346  2.40529e-020
249.368  2.3719e-020
250.39  2.33811e-020
251.412  2.30392e-020
252.434  2.26934e-020
253.456  2.23438e-020
254.478  2.19904e-020
255.5  2.16334e-020
256.522  2.12728e-020
257.544  2.09087e-020
258.566  2.05413e-020
259.588  2.01705e-020
260.61  1.97965e-020
261.632  1.94194e-020
262.654  1.90393e-020
263.676  1.86564e-020
264.698  1.82708e-020
265.72  1.78825e-020
266.742  1.74918e-020
267.764  1.70987e-020
268.786  1.67035e-020
269.808  1.63063e-020
270.83  1.59072e-020
271.852  1.55064e-020
272.874  1.51042e-020
273.896  1.47006e-020
274.918  1.42959e-020
275.94  1.38903e-020
276.962  1.3484e-020
277.984  1.30772e-020
279.006  1.26701e-020
280.028  1.2263e-020
281.05  1.18562e-020
282.072  1.14498e-020
283.094  1.10441e-020
284.116  1.06395e-020
285.138  1.02361e-020
286.16  9.83441e-021
287.182  9.43458e-021
288.204  9.03697e-021
289.226  8.64191e-021
290.248  8.24974e-021
291.27  7.86082e-021
292.292  7.47551e-021
293.314  7.09418e-021
294.336  6.71724e-021
295.358  6.34507e-021
296.38  5.97811e-021
297.402  5.61678e-021
298.424  5.26153e-021
299.446  4.91283e-021
300.468  4.57113e-021
301.49  4.23695e-021
302.512  3.91077e-021
303.534  3.59314e-021
304.556  3.28459e-021
305.578  2.98567e-021
306.6  2.69696e-021
307.622  2.41905e-021
308.644  2.15255e-021
309.666  1.8981e-021
310.688  1.65633e-021
311.71  1.42792e-021
312.732  1.21356e-021
313.754  1.01395e-021
314.776  8.29823e-022
315.798  6.61926e-022
316.82  5.1103e-022
317.842  3.77931e-022
318.864  2.63443e-022
319.886  1.68404e-022
320.908  9.36731e-023
321.93  4.01331e-023
322.952  8.68434e-024
