1.022  1.50984e-019
2.044  1.51334e-019
3.066  1.51681e-019
4.088  1.52026e-019
5.11  1.52369e-019
6.132  1.52709e-019
7.154  1.53047e-019
8.176  1.53382e-019
9.198  1.53714e-019
10.22  1.54044e-019
11.242  1.5437e-019
12.264  1.54693e-019
13.286  1.55014e-019
14.308  1.55332e-019
15.33  1.55647e-019
16.352  1.5596e-019
17.374  1.5627e-019
18.396  1.56577e-019
19.418  1.56883e-019
20.44  1.57186e-019
21.462  1.57487e-019
22.484  1.57786e-019
23.506  1.58083e-019
24.528  1.58378e-019
25.55  1.58671e-019
26.572  1.58962e-019
27.594  1.5925e-019
28.616  1.59537e-019
29.638  1.59822e-019
30.66  1.60105e-019
31.682  1.60386e-019
32.704  1.60665e-019
33.726  1.60941e-019
34.748  1.61216e-019
35.77  1.61488e-019
36.792  1.61758e-019
37.814  1.62026e-019
38.836  1.62291e-019
39.858  1.62554e-019
40.88  1.62815e-019
41.902  1.63073e-019
42.924  1.63329e-019
43.946  1.63581e-019
44.968  1.63832e-019
45.99  1.64079e-019
47.012  1.64323e-019
48.034  1.64565e-019
49.056  1.64804e-019
50.078  1.65039e-019
51.1  1.65272e-019
52.122  1.65501e-019
53.144  1.65727e-019
54.166  1.6595e-019
55.188  1.66169e-019
56.21  1.66385e-019
57.232  1.66598e-019
58.254  1.66806e-019
59.276  1.67011e-019
60.298  1.67213e-019
61.32  1.6741e-019
62.342  1.67604e-019
63.364  1.67794e-019
64.386  1.6798e-019
65.408  1.68162e-019
66.43  1.68339e-019
67.452  1.68513e-019
68.474  1.68682e-019
69.496  1.68847e-019
70.518  1.69007e-019
71.54  1.69163e-019
72.562  1.69315e-019
73.584  1.69462e-019
74.606  1.69604e-019
75.628  1.69741e-019
76.65  1.69874e-019
77.672  1.70002e-019
78.694  1.70126e-019
79.716  1.70244e-019
80.738  1.70357e-019
81.76  1.70465e-019
82.782  1.70568e-019
83.804  1.70666e-019
84.826  1.70759e-019
85.848  1.70846e-019
86.87  1.70929e-019
87.892  1.71005e-019
88.914  1.71077e-019
89.936  1.71143e-019
90.958  1.71203e-019
91.98  1.71258e-019
93.002  1.71307e-019
94.024  1.7135e-019
95.046  1.71388e-019
96.068  1.7142e-019
97.09  1.71446e-019
98.112  1.71466e-019
99.134  1.7148e-019
100.156  1.71488e-019
101.178  1.7149e-019
102.2  1.71486e-019
103.222  1.71476e-019
104.244  1.7146e-019
105.266  1.71438e-019
106.288  1.71409e-019
107.31  1.71374e-019
108.332  1.71333e-019
109.354  1.71285e-019
110.376  1.7123e-019
111.398  1.7117e-019
112.42  1.71102e-019
113.442  1.71029e-019
114.464  1.70948e-019
115.486  1.70861e-019
116.508  1.70767e-019
117.53  1.70666e-019
118.552  1.70559e-019
119.574  1.70445e-019
120.596  1.70323e-019
121.618  1.70195e-019
122.64  1.7006e-019
123.662  1.69918e-019
124.684  1.69769e-019
125.706  1.69612e-019
126.728  1.69449e-019
127.75  1.69278e-019
128.772  1.69101e-019
129.794  1.68915e-019
130.816  1.68723e-019
131.838  1.68523e-019
132.86  1.68316e-019
133.882  1.68101e-019
134.904  1.67879e-019
135.926  1.67649e-019
136.948  1.67412e-019
137.97  1.67167e-019
138.992  1.66915e-019
140.014  1.66655e-019
141.036  1.66387e-019
142.058  1.66111e-019
143.08  1.65827e-019
144.102  1.65536e-019
145.124  1.65236e-019
146.146  1.64929e-019
147.168  1.64613e-019
148.19  1.6429e-019
149.212  1.63958e-019
150.234  1.63619e-019
151.256  1.63271e-019
152.278  1.62914e-019
153.3  1.6255e-019
154.322  1.62177e-019
155.344  1.61796e-019
156.366  1.61406e-019
157.388  1.61008e-019
158.41  1.60601e-019
159.432  1.60186e-019
160.454  1.59762e-019
161.476  1.5933e-019
162.498  1.58888e-019
163.52  1.58438e-019
164.542  1.57979e-019
165.564  1.57511e-019
166.586  1.57035e-019
167.608  1.56549e-019
168.63  1.56054e-019
169.652  1.5555e-019
170.674  1.55037e-019
171.696  1.54515e-019
172.718  1.53983e-019
173.74  1.53443e-019
174.762  1.52892e-019
175.784  1.52333e-019
176.806  1.51764e-019
177.828  1.51185e-019
178.85  1.50597e-019
179.872  1.49999e-019
180.894  1.49392e-019
181.916  1.48774e-019
182.938  1.48147e-019
183.96  1.4751e-019
184.982  1.46863e-019
186.004  1.46207e-019
187.026  1.4554e-019
188.048  1.44863e-019
189.07  1.44176e-019
190.092  1.43478e-019
191.114  1.42771e-019
192.136  1.42053e-019
193.158  1.41325e-019
194.18  1.40586e-019
195.202  1.39837e-019
196.224  1.39078e-019
197.246  1.38308e-019
198.268  1.37527e-019
199.29  1.36736e-019
200.312  1.35933e-019
201.334  1.35121e-019
202.356  1.34297e-019
203.378  1.33462e-019
204.4  1.32617e-019
205.422  1.31761e-019
206.444  1.30893e-019
207.466  1.30015e-019
208.488  1.29126e-019
209.51  1.28225e-019
210.532  1.27313e-019
211.554  1.26391e-019
212.576  1.25457e-019
213.598  1.24511e-019
214.62  1.23555e-019
215.642  1.22587e-019
216.664  1.21608e-019
217.686  1.20618e-019
218.708  1.19616e-019
219.73  1.18603e-019
220.752  1.17579e-019
221.774  1.16543e-019
222.796  1.15496e-019
223.818  1.14438e-019
224.84  1.13368e-019
225.862  1.12287e-019
226.884  1.11195e-019
227.906  1.10091e-019
228.928  1.08976e-019
229.95  1.0785e-019
230.972  1.06713e-019
231.994  1.05564e-019
233.016  1.04405e-019
234.038  1.03234e-019
235.06  1.02053e-019
236.082  1.0086e-019
237.104  9.96572e-020
238.126  9.84432e-020
239.148  9.72186e-020
240.17  9.59834e-020
241.192  9.47378e-020
242.214  9.34818e-020
243.236  9.22157e-020
244.258  9.09394e-020
245.28  8.96533e-020
246.302  8.83573e-020
247.324  8.70518e-020
248.346  8.57368e-020
249.368  8.44126e-020
250.39  8.30793e-020
251.412  8.17371e-020
252.434  8.03864e-020
253.456  7.90272e-020
254.478  7.76599e-020
255.5  7.62848e-020
256.522  7.4902e-020
257.544  7.35119e-020
258.566  7.21148e-020
259.588  7.0711e-020
260.61  6.93008e-020
261.632  6.78847e-020
262.654  6.64629e-020
263.676  6.50358e-020
264.698  6.36039e-020
265.72  6.21676e-020
266.742  6.07273e-020
267.764  5.92835e-020
268.786  5.78366e-020
269.808  5.63872e-020
270.83  5.49359e-020
271.852  5.3483e-020
272.874  5.20293e-020
273.896  5.05752e-020
274.918  4.91215e-020
275.94  4.76688e-020
276.962  4.62177e-020
277.984  4.47689e-020
279.006  4.33231e-020
280.028  4.18812e-020
281.05  4.04439e-020
282.072  3.90119e-020
283.094  3.75862e-020
284.116  3.61675e-020
285.138  3.47569e-020
286.16  3.33552e-020
287.182  3.19634e-020
288.204  3.05824e-020
289.226  2.92135e-020
290.248  2.78575e-020
291.27  2.65156e-020
292.292  2.5189e-020
293.314  2.38789e-020
294.336  2.25864e-020
295.358  2.13129e-020
296.38  2.00596e-020
297.402  1.88279e-020
298.424  1.76193e-020
299.446  1.6435e-020
300.468  1.52768e-020
301.49  1.4146e-020
302.512  1.30442e-020
303.534  1.19732e-020
304.556  1.09345e-020
305.578  9.92988e-021
306.6  8.9612e-021
307.622  8.03025e-021
308.644  7.13895e-021
309.666  6.28925e-021
310.688  5.48315e-021
311.71  4.72273e-021
312.732  4.01013e-021
313.754  3.34754e-021
314.776  2.73721e-021
315.798  2.18147e-021
316.82  1.6827e-021
317.842  1.24335e-021
318.864  8.65953e-022
319.886  5.53079e-022
320.908  3.07384e-022
321.93  1.31584e-022
322.952  2.84494e-023
