1.022  9.4144e-021
2.044  9.698e-021
3.066  9.98215e-021
4.088  1.02668e-020
5.11  1.0552e-020
6.132  1.08376e-020
7.154  1.11235e-020
8.176  1.14098e-020
9.198  1.16964e-020
10.22  1.19833e-020
11.242  1.22703e-020
12.264  1.25576e-020
13.286  1.2845e-020
14.308  1.31326e-020
15.33  1.34203e-020
16.352  1.37081e-020
17.374  1.39959e-020
18.396  1.42838e-020
19.418  1.45717e-020
20.44  1.48596e-020
21.462  1.51475e-020
22.484  1.54353e-020
23.506  1.57231e-020
24.528  1.60108e-020
25.55  1.62983e-020
26.572  1.65858e-020
27.594  1.6873e-020
28.616  1.71601e-020
29.638  1.74469e-020
30.66  1.77335e-020
31.682  1.80199e-020
32.704  1.83059e-020
33.726  1.85916e-020
34.748  1.8877e-020
35.77  1.9162e-020
36.792  1.94465e-020
37.814  1.97307e-020
38.836  2.00143e-020
39.858  2.02975e-020
40.88  2.05801e-020
41.902  2.08622e-020
42.924  2.11437e-020
43.946  2.14245e-020
44.968  2.17048e-020
45.99  2.19843e-020
47.012  2.22631e-020
48.034  2.25412e-020
49.056  2.28185e-020
50.078  2.3095e-020
51.1  2.33707e-020
52.122  2.36455e-020
53.144  2.39194e-020
54.166  2.41924e-020
55.188  2.44644e-020
56.21  2.47354e-020
57.232  2.50054e-020
58.254  2.52743e-020
59.276  2.55422e-020
60.298  2.58089e-020
61.32  2.60745e-020
62.342  2.63389e-020
63.364  2.66021e-020
64.386  2.6864e-020
65.408  2.71247e-020
66.43  2.73841e-020
67.452  2.76421e-020
68.474  2.78988e-020
69.496  2.8154e-020
70.518  2.84079e-020
71.54  2.86602e-020
72.562  2.89111e-020
73.584  2.91605e-020
74.606  2.94083e-020
75.628  2.96545e-020
76.65  2.98992e-020
77.672  3.01421e-020
78.694  3.03834e-020
79.716  3.0623e-020
80.738  3.08609e-020
81.76  3.1097e-020
82.782  3.13313e-020
83.804  3.15638e-020
84.826  3.17945e-020
85.848  3.20232e-020
86.87  3.22501e-020
87.892  3.2475e-020
88.914  3.26979e-020
89.936  3.29189e-020
90.958  3.31378e-020
91.98  3.33547e-020
93.002  3.35695e-020
94.024  3.37821e-020
95.046  3.39927e-020
96.068  3.4201e-020
97.09  3.44072e-020
98.112  3.46111e-020
99.134  3.48128e-020
100.156  3.50122e-020
101.178  3.52092e-020
102.2  3.5404e-020
103.222  3.55964e-020
104.244  3.57863e-020
105.266  3.59739e-020
106.288  3.6159e-020
107.31  3.63416e-020
108.332  3.65217e-020
109.354  3.66992e-020
110.376  3.68742e-020
111.398  3.70466e-020
112.42  3.72164e-020
113.442  3.73835e-020
114.464  3.7548e-020
115.486  3.77097e-020
116.508  3.78688e-020
117.53  3.8025e-020
118.552  3.81785e-020
119.574  3.83291e-020
120.596  3.84769e-020
121.618  3.86219e-020
122.64  3.87639e-020
123.662  3.8903e-020
124.684  3.90392e-020
125.706  3.91724e-020
126.728  3.93025e-020
127.75  3.94297e-020
128.772  3.95537e-020
129.794  3.96747e-020
130.816  3.97925e-020
131.838  3.99072e-020
132.86  4.00187e-020
133.882  4.01271e-020
134.904  4.02321e-020
135.926  4.03339e-020
136.948  4.04325e-020
137.97  4.05277e-020
138.992  4.06195e-020
140.014  4.0708e-020
141.036  4.07931e-020
142.058  4.08748e-020
143.08  4.0953e-020
144.102  4.10277e-020
145.124  4.10989e-020
146.146  4.11666e-020
147.168  4.12307e-020
148.19  4.12911e-020
149.212  4.1348e-020
150.234  4.14012e-020
151.256  4.14507e-020
152.278  4.14965e-020
153.3  4.15386e-020
154.322  4.15769e-020
155.344  4.16114e-020
156.366  4.16421e-020
157.388  4.16689e-020
158.41  4.16918e-020
159.432  4.17109e-020
160.454  4.1726e-020
161.476  4.17371e-020
162.498  4.17442e-020
163.52  4.17473e-020
164.542  4.17464e-020
165.564  4.17413e-020
166.586  4.17322e-020
167.608  4.1719e-020
168.63  4.17015e-020
169.652  4.16799e-020
170.674  4.16541e-020
171.696  4.1624e-020
172.718  4.15896e-020
173.74  4.1551e-020
174.762  4.1508e-020
175.784  4.14607e-020
176.806  4.1409e-020
177.828  4.13529e-020
178.85  4.12923e-020
179.872  4.12273e-020
180.894  4.11579e-020
181.916  4.10839e-020
182.938  4.10054e-020
183.96  4.09223e-020
184.982  4.08346e-020
186.004  4.07424e-020
187.026  4.06455e-020
188.048  4.05439e-020
189.07  4.04377e-020
190.092  4.03268e-020
191.114  4.02112e-020
192.136  4.00909e-020
193.158  3.99657e-020
194.18  3.98358e-020
195.202  3.97011e-020
196.224  3.95616e-020
197.246  3.94173e-020
198.268  3.92681e-020
199.29  3.9114e-020
200.312  3.89551e-020
201.334  3.87912e-020
202.356  3.86224e-020
203.378  3.84487e-020
204.4  3.82701e-020
205.422  3.80865e-020
206.444  3.7898e-020
207.466  3.77044e-020
208.488  3.75059e-020
209.51  3.73024e-020
210.532  3.70939e-020
211.554  3.68804e-020
212.576  3.66619e-020
213.598  3.64384e-020
214.62  3.62098e-020
215.642  3.59763e-020
216.664  3.57378e-020
217.686  3.54942e-020
218.708  3.52456e-020
219.73  3.49921e-020
220.752  3.47335e-020
221.774  3.447e-020
222.796  3.42015e-020
223.818  3.3928e-020
224.84  3.36496e-020
225.862  3.33663e-020
226.884  3.3078e-020
227.906  3.27849e-020
228.928  3.24869e-020
229.95  3.21841e-020
230.972  3.18764e-020
231.994  3.1564e-020
233.016  3.12468e-020
234.038  3.09249e-020
235.06  3.05983e-020
236.082  3.02671e-020
237.104  2.99312e-020
238.126  2.95908e-020
239.148  2.92459e-020
240.17  2.88966e-020
241.192  2.85428e-020
242.214  2.81847e-020
243.236  2.78223e-020
244.258  2.74557e-020
245.28  2.70849e-020
246.302  2.671e-020
247.324  2.63312e-020
248.346  2.59484e-020
249.368  2.55617e-020
250.39  2.51713e-020
251.412  2.47772e-020
252.434  2.43795e-020
253.456  2.39783e-020
254.478  2.35738e-020
255.5  2.31659e-020
256.522  2.27549e-020
257.544  2.23409e-020
258.566  2.19239e-020
259.588  2.15041e-020
260.61  2.10817e-020
261.632  2.06567e-020
262.654  2.02293e-020
263.676  1.97997e-020
264.698  1.9368e-020
265.72  1.89343e-020
266.742  1.84989e-020
267.764  1.80619e-020
268.786  1.76234e-020
269.808  1.71837e-020
270.83  1.6743e-020
271.852  1.63014e-020
272.874  1.58592e-020
273.896  1.54165e-020
274.918  1.49736e-020
275.94  1.45307e-020
276.962  1.4088e-020
277.984  1.36458e-020
279.006  1.32043e-020
280.028  1.27638e-020
281.05  1.23246e-020
282.072  1.18868e-020
283.094  1.14508e-020
284.116  1.1017e-020
285.138  1.05855e-020
286.16  1.01567e-020
287.182  9.73085e-021
288.204  9.30837e-021
289.226  8.88957e-021
290.248  8.47478e-021
291.27  8.06436e-021
292.292  7.65868e-021
293.314  7.25812e-021
294.336  6.86306e-021
295.358  6.47391e-021
296.38  6.09107e-021
297.402  5.71498e-021
298.424  5.34606e-021
299.446  4.98476e-021
300.468  4.63155e-021
301.49  4.28689e-021
302.512  3.95126e-021
303.534  3.62517e-021
304.556  3.30913e-021
305.578  3.00366e-021
306.6  2.7093e-021
307.622  2.4266e-021
308.644  2.15614e-021
309.666  1.89849e-021
310.688  1.65425e-021
311.71  1.42404e-021
312.732  1.20847e-021
313.754  1.00821e-021
314.776  8.23897e-022
315.798  6.5622e-022
316.82  5.05868e-022
317.842  3.73553e-022
318.864  2.59999e-022
319.886  1.65951e-022
320.908  9.21693e-023
321.93  3.94289e-023
322.952  8.51897e-024
