1.022  3.07452e-020
2.044  3.02594e-020
3.066  2.97827e-020
4.088  2.9315e-020
5.11  2.8856e-020
6.132  2.84057e-020
7.154  2.79639e-020
8.176  2.75304e-020
9.198  2.71053e-020
10.22  2.66883e-020
11.242  2.62794e-020
12.264  2.58784e-020
13.286  2.54853e-020
14.308  2.51001e-020
15.33  2.47225e-020
16.352  2.43526e-020
17.374  2.39903e-020
18.396  2.36354e-020
19.418  2.32879e-020
20.44  2.29478e-020
21.462  2.26148e-020
22.484  2.2289e-020
23.506  2.19702e-020
24.528  2.16583e-020
25.55  2.13533e-020
26.572  2.10551e-020
27.594  2.07636e-020
28.616  2.04786e-020
29.638  2.02001e-020
30.66  1.99279e-020
31.682  1.96621e-020
32.704  1.94024e-020
33.726  1.91489e-020
34.748  1.89014e-020
35.77  1.86598e-020
36.792  1.8424e-020
37.814  1.81939e-020
38.836  1.79695e-020
39.858  1.77507e-020
40.88  1.75373e-020
41.902  1.73293e-020
42.924  1.71266e-020
43.946  1.69291e-020
44.968  1.67367e-020
45.99  1.65493e-020
47.012  1.63669e-020
48.034  1.61894e-020
49.056  1.60167e-020
50.078  1.58486e-020
51.1  1.56852e-020
52.122  1.55264e-020
53.144  1.5372e-020
54.166  1.5222e-020
55.188  1.50763e-020
56.21  1.49349e-020
57.232  1.47977e-020
58.254  1.46645e-020
59.276  1.45354e-020
60.298  1.44102e-020
61.32  1.42889e-020
62.342  1.41715e-020
63.364  1.40578e-020
64.386  1.39477e-020
65.408  1.38413e-020
66.43  1.37384e-020
67.452  1.3639e-020
68.474  1.3543e-020
69.496  1.34504e-020
70.518  1.3361e-020
71.54  1.32749e-020
72.562  1.31919e-020
73.584  1.3112e-020
74.606  1.30352e-020
75.628  1.29613e-020
76.65  1.28904e-020
77.672  1.28223e-020
78.694  1.27571e-020
79.716  1.26945e-020
80.738  1.26347e-020
81.76  1.25775e-020
82.782  1.25229e-020
83.804  1.24708e-020
84.826  1.24211e-020
85.848  1.23739e-020
86.87  1.2329e-020
87.892  1.22865e-020
88.914  1.22461e-020
89.936  1.2208e-020
90.958  1.21721e-020
91.98  1.21382e-020
93.002  1.21064e-020
94.024  1.20765e-020
95.046  1.20486e-020
96.068  1.20226e-020
97.09  1.19985e-020
98.112  1.19762e-020
99.134  1.19556e-020
100.156  1.19367e-020
101.178  1.19194e-020
102.2  1.19038e-020
103.222  1.18897e-020
104.244  1.18772e-020
105.266  1.18661e-020
106.288  1.18565e-020
107.31  1.18482e-020
108.332  1.18412e-020
109.354  1.18356e-020
110.376  1.18312e-020
111.398  1.18279e-020
112.42  1.18259e-020
113.442  1.1825e-020
114.464  1.18251e-020
115.486  1.18262e-020
116.508  1.18284e-020
117.53  1.18315e-020
118.552  1.18355e-020
119.574  1.18403e-020
120.596  1.1846e-020
121.618  1.18525e-020
122.64  1.18597e-020
123.662  1.18676e-020
124.684  1.18761e-020
125.706  1.18853e-020
126.728  1.18951e-020
127.75  1.19054e-020
128.772  1.19162e-020
129.794  1.19274e-020
130.816  1.19391e-020
131.838  1.19512e-020
132.86  1.19636e-020
133.882  1.19764e-020
134.904  1.19894e-020
135.926  1.20027e-020
136.948  1.20161e-020
137.97  1.20297e-020
138.992  1.20435e-020
140.014  1.20573e-020
141.036  1.20712e-020
142.058  1.20851e-020
143.08  1.2099e-020
144.102  1.21129e-020
145.124  1.21267e-020
146.146  1.21403e-020
147.168  1.21538e-020
148.19  1.21671e-020
149.212  1.21802e-020
150.234  1.21931e-020
151.256  1.22056e-020
152.278  1.22178e-020
153.3  1.22297e-020
154.322  1.22412e-020
155.344  1.22523e-020
156.366  1.22629e-020
157.388  1.22731e-020
158.41  1.22827e-020
159.432  1.22918e-020
160.454  1.23003e-020
161.476  1.23082e-020
162.498  1.23155e-020
163.52  1.23221e-020
164.542  1.2328e-020
165.564  1.23332e-020
166.586  1.23377e-020
167.608  1.23413e-020
168.63  1.23442e-020
169.652  1.23462e-020
170.674  1.23473e-020
171.696  1.23476e-020
172.718  1.23469e-020
173.74  1.23453e-020
174.762  1.23427e-020
175.784  1.23391e-020
176.806  1.23345e-020
177.828  1.23288e-020
178.85  1.23221e-020
179.872  1.23143e-020
180.894  1.23053e-020
181.916  1.22952e-020
182.938  1.22839e-020
183.96  1.22714e-020
184.982  1.22576e-020
186.004  1.22427e-020
187.026  1.22264e-020
188.048  1.22089e-020
189.07  1.21901e-020
190.092  1.21699e-020
191.114  1.21484e-020
192.136  1.21255e-020
193.158  1.21013e-020
194.18  1.20756e-020
195.202  1.20485e-020
196.224  1.20199e-020
197.246  1.19899e-020
198.268  1.19584e-020
199.29  1.19254e-020
200.312  1.18909e-020
201.334  1.18548e-020
202.356  1.18172e-020
203.378  1.1778e-020
204.4  1.17373e-020
205.422  1.16949e-020
206.444  1.1651e-020
207.466  1.16054e-020
208.488  1.15582e-020
209.51  1.15094e-020
210.532  1.14589e-020
211.554  1.14067e-020
212.576  1.13529e-020
213.598  1.12973e-020
214.62  1.12401e-020
215.642  1.11812e-020
216.664  1.11206e-020
217.686  1.10582e-020
218.708  1.09942e-020
219.73  1.09284e-020
220.752  1.08608e-020
221.774  1.07915e-020
222.796  1.07205e-020
223.818  1.06478e-020
224.84  1.05733e-020
225.862  1.0497e-020
226.884  1.0419e-020
227.906  1.03393e-020
228.928  1.02578e-020
229.95  1.01745e-020
230.972  1.00896e-020
231.994  1.00028e-020
233.016  9.9144e-021
234.038  9.82422e-021
235.06  9.73232e-021
236.082  9.6387e-021
237.104  9.54338e-021
238.126  9.44636e-021
239.148  9.34766e-021
240.17  9.24728e-021
241.192  9.14524e-021
242.214  9.04155e-021
243.236  8.93623e-021
244.258  8.82929e-021
245.28  8.72075e-021
246.302  8.61062e-021
247.324  8.49893e-021
248.346  8.3857e-021
249.368  8.27095e-021
250.39  8.15471e-021
251.412  8.03699e-021
252.434  7.91782e-021
253.456  7.79724e-021
254.478  7.67526e-021
255.5  7.55193e-021
256.522  7.42727e-021
257.544  7.30132e-021
258.566  7.17411e-021
259.588  7.04568e-021
260.61  6.91607e-021
261.632  6.78532e-021
262.654  6.65347e-021
263.676  6.52056e-021
264.698  6.38665e-021
265.72  6.25178e-021
266.742  6.116e-021
267.764  5.97937e-021
268.786  5.84193e-021
269.808  5.70375e-021
270.83  5.56488e-021
271.852  5.42539e-021
272.874  5.28534e-021
273.896  5.14479e-021
274.918  5.00383e-021
275.94  4.86251e-021
276.962  4.72091e-021
277.984  4.57911e-021
279.006  4.43719e-021
280.028  4.29524e-021
281.05  4.15333e-021
282.072  4.01157e-021
283.094  3.87003e-021
284.116  3.72883e-021
285.138  3.58805e-021
286.16  3.4478e-021
287.182  3.30819e-021
288.204  3.16933e-021
289.226  3.03134e-021
290.248  2.89432e-021
291.27  2.75841e-021
292.292  2.62374e-021
293.314  2.49042e-021
294.336  2.35861e-021
295.358  2.22843e-021
296.38  2.10004e-021
297.402  1.97359e-021
298.424  1.84923e-021
299.446  1.72712e-021
300.468  1.60743e-021
301.49  1.49033e-021
302.512  1.376e-021
303.534  1.26463e-021
304.556  1.15639e-021
305.578  1.05149e-021
306.6  9.5013e-022
307.622  8.52519e-022
308.644  7.58874e-022
309.666  6.69416e-022
310.688  5.84375e-022
311.71  5.03991e-022
312.732  4.28507e-022
313.754  3.58177e-022
314.776  2.93262e-022
315.798  2.34033e-022
316.82  1.80766e-022
317.842  1.3375e-022
318.864  9.32788e-023
319.886  5.96583e-023
320.908  3.3202e-023
321.93  1.42327e-023
322.952  3.08153e-024
