1.022  6.92229e-021
2.044  7.10507e-021
3.066  7.29045e-021
4.088  7.47839e-021
5.11  7.66883e-021
6.132  7.86174e-021
7.154  8.05704e-021
8.176  8.2547e-021
9.198  8.45466e-021
10.22  8.65688e-021
11.242  8.86131e-021
12.264  9.06791e-021
13.286  9.27663e-021
14.308  9.48745e-021
15.33  9.70032e-021
16.352  9.91521e-021
17.374  1.01321e-020
18.396  1.03509e-020
19.418  1.05716e-020
20.44  1.07942e-020
21.462  1.10186e-020
22.484  1.12449e-020
23.506  1.14729e-020
24.528  1.17026e-020
25.55  1.1934e-020
26.572  1.21671e-020
27.594  1.24018e-020
28.616  1.26381e-020
29.638  1.28759e-020
30.66  1.31153e-020
31.682  1.33561e-020
32.704  1.35983e-020
33.726  1.3842e-020
34.748  1.4087e-020
35.77  1.43333e-020
36.792  1.45809e-020
37.814  1.48297e-020
38.836  1.50798e-020
39.858  1.5331e-020
40.88  1.55833e-020
41.902  1.58367e-020
42.924  1.60912e-020
43.946  1.63466e-020
44.968  1.66031e-020
45.99  1.68604e-020
47.012  1.71187e-020
48.034  1.73778e-020
49.056  1.76377e-020
50.078  1.78984e-020
51.1  1.81599e-020
52.122  1.8422e-020
53.144  1.86848e-020
54.166  1.89482e-020
55.188  1.92122e-020
56.21  1.94768e-020
57.232  1.97418e-020
58.254  2.00073e-020
59.276  2.02733e-020
60.298  2.05396e-020
61.32  2.08063e-020
62.342  2.10733e-020
63.364  2.13406e-020
64.386  2.16082e-020
65.408  2.18759e-020
66.43  2.21438e-020
67.452  2.24119e-020
68.474  2.268e-020
69.496  2.29483e-020
70.518  2.32165e-020
71.54  2.34847e-020
72.562  2.37529e-020
73.584  2.4021e-020
74.606  2.4289e-020
75.628  2.45569e-020
76.65  2.48245e-020
77.672  2.5092e-020
78.694  2.53592e-020
79.716  2.56261e-020
80.738  2.58926e-020
81.76  2.61589e-020
82.782  2.64247e-020
83.804  2.66901e-020
84.826  2.6955e-020
85.848  2.72195e-020
86.87  2.74834e-020
87.892  2.77468e-020
88.914  2.80096e-020
89.936  2.82717e-020
90.958  2.85332e-020
91.98  2.8794e-020
93.002  2.90541e-020
94.024  2.93135e-020
95.046  2.9572e-020
96.068  2.98298e-020
97.09  3.00867e-020
98.112  3.03427e-020
99.134  3.05978e-020
100.156  3.08519e-020
101.178  3.11051e-020
102.2  3.13572e-020
103.222  3.16084e-020
104.244  3.18584e-020
105.266  3.21074e-020
106.288  3.23552e-020
107.31  3.26018e-020
108.332  3.28472e-020
109.354  3.30914e-020
110.376  3.33344e-020
111.398  3.3576e-020
112.42  3.38163e-020
113.442  3.40553e-020
114.464  3.42929e-020
115.486  3.4529e-020
116.508  3.47637e-020
117.53  3.49969e-020
118.552  3.52285e-020
119.574  3.54587e-020
120.596  3.56872e-020
121.618  3.59141e-020
122.64  3.61393e-020
123.662  3.63628e-020
124.684  3.65847e-020
125.706  3.68047e-020
126.728  3.7023e-020
127.75  3.72394e-020
128.772  3.7454e-020
129.794  3.76666e-020
130.816  3.78773e-020
131.838  3.80861e-020
132.86  3.82928e-020
133.882  3.84975e-020
134.904  3.87001e-020
135.926  3.89006e-020
136.948  3.90989e-020
137.97  3.9295e-020
138.992  3.94889e-020
140.014  3.96804e-020
141.036  3.98697e-020
142.058  4.00566e-020
143.08  4.02411e-020
144.102  4.04231e-020
145.124  4.06026e-020
146.146  4.07796e-020
147.168  4.09541e-020
148.19  4.11259e-020
149.212  4.1295e-020
150.234  4.14614e-020
151.256  4.16251e-020
152.278  4.17859e-020
153.3  4.19439e-020
154.322  4.2099e-020
155.344  4.22511e-020
156.366  4.24002e-020
157.388  4.25463e-020
158.41  4.26893e-020
159.432  4.28291e-020
160.454  4.29656e-020
161.476  4.3099e-020
162.498  4.32289e-020
163.52  4.33556e-020
164.542  4.34787e-020
165.564  4.35984e-020
166.586  4.37146e-020
167.608  4.38271e-020
168.63  4.3936e-020
169.652  4.40411e-020
170.674  4.41424e-020
171.696  4.42399e-020
172.718  4.43335e-020
173.74  4.44231e-020
174.762  4.45087e-020
175.784  4.45901e-020
176.806  4.46674e-020
177.828  4.47405e-020
178.85  4.48092e-020
179.872  4.48736e-020
180.894  4.49335e-020
181.916  4.49889e-020
182.938  4.50397e-020
183.96  4.50858e-020
184.982  4.51273e-020
186.004  4.51639e-020
187.026  4.51956e-020
188.048  4.52224e-020
189.07  4.52442e-020
190.092  4.52608e-020
191.114  4.52723e-020
192.136  4.52786e-020
193.158  4.52795e-020
194.18  4.5275e-020
195.202  4.5265e-020
196.224  4.52494e-020
197.246  4.52282e-020
198.268  4.52012e-020
199.29  4.51685e-020
200.312  4.51299e-020
201.334  4.50853e-020
202.356  4.50346e-020
203.378  4.49779e-020
204.4  4.49149e-020
205.422  4.48456e-020
206.444  4.477e-020
207.466  4.46879e-020
208.488  4.45993e-020
209.51  4.45041e-020
210.532  4.44022e-020
211.554  4.42935e-020
212.576  4.4178e-020
213.598  4.40555e-020
214.62  4.39261e-020
215.642  4.37895e-020
216.664  4.36458e-020
217.686  4.34949e-020
218.708  4.33367e-020
219.73  4.3171e-020
220.752  4.2998e-020
221.774  4.28174e-020
222.796  4.26292e-020
223.818  4.24333e-020
224.84  4.22298e-020
225.862  4.20184e-020
226.884  4.17992e-020
227.906  4.15721e-020
228.928  4.1337e-020
229.95  4.10939e-020
230.972  4.08427e-020
231.994  4.05834e-020
233.016  4.03159e-020
234.038  4.00401e-020
235.06  3.97562e-020
236.082  3.94639e-020
237.104  3.91633e-020
238.126  3.88543e-020
239.148  3.8537e-020
240.17  3.82112e-020
241.192  3.7877e-020
242.214  3.75344e-020
243.236  3.71833e-020
244.258  3.68238e-020
245.28  3.64558e-020
246.302  3.60794e-020
247.324  3.56945e-020
248.346  3.53013e-020
249.368  3.48996e-020
250.39  3.44896e-020
251.412  3.40713e-020
252.434  3.36447e-020
253.456  3.32099e-020
254.478  3.27669e-020
255.5  3.23159e-020
256.522  3.18568e-020
257.544  3.13898e-020
258.566  3.0915e-020
259.588  3.04325e-020
260.61  2.99423e-020
261.632  2.94447e-020
262.654  2.89396e-020
263.676  2.84274e-020
264.698  2.79082e-020
265.72  2.7382e-020
266.742  2.68491e-020
267.764  2.63097e-020
268.786  2.5764e-020
269.808  2.52122e-020
270.83  2.46545e-020
271.852  2.40912e-020
272.874  2.35225e-020
273.896  2.29487e-020
274.918  2.23702e-020
275.94  2.17871e-020
276.962  2.11998e-020
277.984  2.06087e-020
279.006  2.00142e-020
280.028  1.94165e-020
281.05  1.88161e-020
282.072  1.82134e-020
283.094  1.76088e-020
284.116  1.70028e-020
285.138  1.63958e-020
286.16  1.57884e-020
287.182  1.5181e-020
288.204  1.45743e-020
289.226  1.39687e-020
290.248  1.33648e-020
291.27  1.27633e-020
292.292  1.21648e-020
293.314  1.15699e-020
294.336  1.09794e-020
295.358  1.0394e-020
296.38  9.81435e-021
297.402  9.24129e-021
298.424  8.67562e-021
299.446  8.11818e-021
300.468  7.56982e-021
301.49  7.03144e-021
302.512  6.50399e-021
303.534  5.98842e-021
304.556  5.48573e-021
305.578  4.99697e-021
306.6  4.52321e-021
307.622  4.06556e-021
308.644  3.62516e-021
309.666  3.20321e-021
310.688  2.80093e-021
311.71  2.4196e-021
312.732  2.06053e-021
313.754  1.72508e-021
314.776  1.41464e-021
315.798  1.13067e-021
316.82  8.74644e-022
317.842  6.48114e-022
318.864  4.52663e-022
319.886  2.89924e-022
320.908  1.6158e-022
321.93  6.93603e-023
322.952  1.50375e-023
