1.022  9.71837e-020
2.044  9.78574e-020
3.066  9.85271e-020
4.088  9.91928e-020
5.11  9.98543e-020
6.132  1.00512e-019
7.154  1.01165e-019
8.176  1.01813e-019
9.198  1.02458e-019
10.22  1.03097e-019
11.242  1.03733e-019
12.264  1.04364e-019
13.286  1.04991e-019
14.308  1.05613e-019
15.33  1.06231e-019
16.352  1.06846e-019
17.374  1.07456e-019
18.396  1.08063e-019
19.418  1.08665e-019
20.44  1.09264e-019
21.462  1.0986e-019
22.484  1.10452e-019
23.506  1.1104e-019
24.528  1.11625e-019
25.55  1.12206e-019
26.572  1.12784e-019
27.594  1.13359e-019
28.616  1.1393e-019
29.638  1.14498e-019
30.66  1.15063e-019
31.682  1.15624e-019
32.704  1.16183e-019
33.726  1.16737e-019
34.748  1.17289e-019
35.77  1.17837e-019
36.792  1.18382e-019
37.814  1.18924e-019
38.836  1.19463e-019
39.858  1.19998e-019
40.88  1.20529e-019
41.902  1.21058e-019
42.924  1.21582e-019
43.946  1.22104e-019
44.968  1.22622e-019
45.99  1.23136e-019
47.012  1.23647e-019
48.034  1.24155e-019
49.056  1.24658e-019
50.078  1.25158e-019
51.1  1.25655e-019
52.122  1.26148e-019
53.144  1.26637e-019
54.166  1.27122e-019
55.188  1.27604e-019
56.21  1.28082e-019
57.232  1.28555e-019
58.254  1.29025e-019
59.276  1.29491e-019
60.298  1.29953e-019
61.32  1.30411e-019
62.342  1.30865e-019
63.364  1.31315e-019
64.386  1.31761e-019
65.408  1.32203e-019
66.43  1.3264e-019
67.452  1.33073e-019
68.474  1.33502e-019
69.496  1.33927e-019
70.518  1.34347e-019
71.54  1.34763e-019
72.562  1.35174e-019
73.584  1.35581e-019
74.606  1.35983e-019
75.628  1.36381e-019
76.65  1.36774e-019
77.672  1.37163e-019
78.694  1.37547e-019
79.716  1.37926e-019
80.738  1.38301e-019
81.76  1.38671e-019
82.782  1.39036e-019
83.804  1.39396e-019
84.826  1.39752e-019
85.848  1.40102e-019
86.87  1.40447e-019
87.892  1.40788e-019
88.914  1.41124e-019
89.936  1.41454e-019
90.958  1.41779e-019
91.98  1.421e-019
93.002  1.42415e-019
94.024  1.42725e-019
95.046  1.4303e-019
96.068  1.43329e-019
97.09  1.43623e-019
98.112  1.43912e-019
99.134  1.44196e-019
100.156  1.44474e-019
101.178  1.44747e-019
102.2  1.45014e-019
103.222  1.45276e-019
104.244  1.45532e-019
105.266  1.45783e-019
106.288  1.46028e-019
107.31  1.46267e-019
108.332  1.46501e-019
109.354  1.46729e-019
110.376  1.46951e-019
111.398  1.47168e-019
112.42  1.47379e-019
113.442  1.47584e-019
114.464  1.47783e-019
115.486  1.47976e-019
116.508  1.48163e-019
117.53  1.48345e-019
118.552  1.4852e-019
119.574  1.48689e-019
120.596  1.48852e-019
121.618  1.49009e-019
122.64  1.4916e-019
123.662  1.49305e-019
124.684  1.49443e-019
125.706  1.49576e-019
126.728  1.49701e-019
127.75  1.49821e-019
128.772  1.49934e-019
129.794  1.50041e-019
130.816  1.50141e-019
131.838  1.50234e-019
132.86  1.50321e-019
133.882  1.50402e-019
134.904  1.50475e-019
135.926  1.50542e-019
136.948  1.50603e-019
137.97  1.50656e-019
138.992  1.50703e-019
140.014  1.50742e-019
141.036  1.50775e-019
142.058  1.50801e-019
143.08  1.50819e-019
144.102  1.50831e-019
145.124  1.50835e-019
146.146  1.50832e-019
147.168  1.50822e-019
148.19  1.50804e-019
149.212  1.50779e-019
150.234  1.50747e-019
151.256  1.50707e-019
152.278  1.50659e-019
153.3  1.50604e-019
154.322  1.50541e-019
155.344  1.5047e-019
156.366  1.50391e-019
157.388  1.50305e-019
158.41  1.5021e-019
159.432  1.50107e-019
160.454  1.49996e-019
161.476  1.49877e-019
162.498  1.49749e-019
163.52  1.49613e-019
164.542  1.49468e-019
165.564  1.49315e-019
166.586  1.49153e-019
167.608  1.48982e-019
168.63  1.48802e-019
169.652  1.48614e-019
170.674  1.48416e-019
171.696  1.48209e-019
172.718  1.47993e-019
173.74  1.47768e-019
174.762  1.47533e-019
175.784  1.47288e-019
176.806  1.47034e-019
177.828  1.4677e-019
178.85  1.46496e-019
179.872  1.46212e-019
180.894  1.45917e-019
181.916  1.45613e-019
182.938  1.45298e-019
183.96  1.44973e-019
184.982  1.44637e-019
186.004  1.4429e-019
187.026  1.43933e-019
188.048  1.43564e-019
189.07  1.43184e-019
190.092  1.42794e-019
191.114  1.42391e-019
192.136  1.41977e-019
193.158  1.41552e-019
194.18  1.41114e-019
195.202  1.40665e-019
196.224  1.40204e-019
197.246  1.3973e-019
198.268  1.39244e-019
199.29  1.38746e-019
200.312  1.38234e-019
201.334  1.3771e-019
202.356  1.37173e-019
203.378  1.36623e-019
204.4  1.3606e-019
205.422  1.35484e-019
206.444  1.34893e-019
207.466  1.34289e-019
208.488  1.33672e-019
209.51  1.3304e-019
210.532  1.32394e-019
211.554  1.31734e-019
212.576  1.31059e-019
213.598  1.3037e-019
214.62  1.29666e-019
215.642  1.28948e-019
216.664  1.28214e-019
217.686  1.27465e-019
218.708  1.26701e-019
219.73  1.25921e-019
220.752  1.25126e-019
221.774  1.24315e-019
222.796  1.23489e-019
223.818  1.22646e-019
224.84  1.21787e-019
225.862  1.20913e-019
226.884  1.20021e-019
227.906  1.19114e-019
228.928  1.1819e-019
229.95  1.17249e-019
230.972  1.16292e-019
231.994  1.15317e-019
233.016  1.14326e-019
234.038  1.13318e-019
235.06  1.12293e-019
236.082  1.11251e-019
237.104  1.10192e-019
238.126  1.09115e-019
239.148  1.08021e-019
240.17  1.0691e-019
241.192  1.05782e-019
242.214  1.04636e-019
243.236  1.03473e-019
244.258  1.02293e-019
245.28  1.01096e-019
246.302  9.98811e-020
247.324  9.86493e-020
248.346  9.74004e-020
249.368  9.61345e-020
250.39  9.48516e-020
251.412  9.35519e-020
252.434  9.22356e-020
253.456  9.09027e-020
254.478  8.95534e-020
255.5  8.81879e-020
256.522  8.68065e-020
257.544  8.54092e-020
258.566  8.39964e-020
259.588  8.25682e-020
260.61  8.11251e-020
261.632  7.96673e-020
262.654  7.81952e-020
263.676  7.6709e-020
264.698  7.52092e-020
265.72  7.36962e-020
266.742  7.21704e-020
267.764  7.06323e-020
268.786  6.90825e-020
269.808  6.75213e-020
270.83  6.59495e-020
271.852  6.43675e-020
272.874  6.27761e-020
273.896  6.11758e-020
274.918  5.95675e-020
275.94  5.79518e-020
276.962  5.63295e-020
277.984  5.47015e-020
279.006  5.30686e-020
280.028  5.14317e-020
281.05  4.97918e-020
282.072  4.815e-020
283.094  4.65071e-020
284.116  4.48645e-020
285.138  4.32231e-020
286.16  4.15843e-020
287.182  3.99492e-020
288.204  3.83193e-020
289.226  3.66958e-020
290.248  3.50803e-020
291.27  3.34741e-020
292.292  3.1879e-020
293.314  3.02964e-020
294.336  2.87281e-020
295.358  2.71759e-020
296.38  2.56416e-020
297.402  2.41271e-020
298.424  2.26344e-020
299.446  2.11656e-020
300.468  1.97227e-020
301.49  1.8308e-020
302.512  1.69238e-020
303.534  1.55726e-020
304.556  1.42567e-020
305.578  1.29788e-020
306.6  1.17414e-020
307.622  1.05475e-020
308.644  9.39976e-021
309.666  8.30122e-021
310.688  7.25491e-021
311.71  6.26402e-021
312.732  5.33179e-021
313.754  4.46163e-021
314.776  3.65702e-021
315.798  2.92158e-021
316.82  2.25903e-021
317.842  1.67323e-021
318.864  1.16815e-021
319.886  7.47882e-022
320.908  4.16645e-022
321.93  1.78782e-022
322.952  3.87462e-023
