1.022  1.32429e-019
2.044  1.33079e-019
3.066  1.33726e-019
4.088  1.34369e-019
5.11  1.35007e-019
6.132  1.3564e-019
7.154  1.3627e-019
8.176  1.36894e-019
9.198  1.37514e-019
10.22  1.38129e-019
11.242  1.38739e-019
12.264  1.39344e-019
13.286  1.39945e-019
14.308  1.40541e-019
15.33  1.41133e-019
16.352  1.41721e-019
17.374  1.42305e-019
18.396  1.42884e-019
19.418  1.4346e-019
20.44  1.44031e-019
21.462  1.44599e-019
22.484  1.45164e-019
23.506  1.45725e-019
24.528  1.46282e-019
25.55  1.46836e-019
26.572  1.47386e-019
27.594  1.47933e-019
28.616  1.48477e-019
29.638  1.49017e-019
30.66  1.49554e-019
31.682  1.50087e-019
32.704  1.50618e-019
33.726  1.51144e-019
34.748  1.51668e-019
35.77  1.52188e-019
36.792  1.52705e-019
37.814  1.53219e-019
38.836  1.53729e-019
39.858  1.54235e-019
40.88  1.54739e-019
41.902  1.55238e-019
42.924  1.55734e-019
43.946  1.56227e-019
44.968  1.56716e-019
45.99  1.57201e-019
47.012  1.57683e-019
48.034  1.58161e-019
49.056  1.58635e-019
50.078  1.59105e-019
51.1  1.59572e-019
52.122  1.60035e-019
53.144  1.60493e-019
54.166  1.60948e-019
55.188  1.61399e-019
56.21  1.61845e-019
57.232  1.62288e-019
58.254  1.62726e-019
59.276  1.6316e-019
60.298  1.6359e-019
61.32  1.64015e-019
62.342  1.64436e-019
63.364  1.64853e-019
64.386  1.65265e-019
65.408  1.65673e-019
66.43  1.66076e-019
67.452  1.66475e-019
68.474  1.66869e-019
69.496  1.67258e-019
70.518  1.67642e-019
71.54  1.68022e-019
72.562  1.68397e-019
73.584  1.68767e-019
74.606  1.69132e-019
75.628  1.69492e-019
76.65  1.69847e-019
77.672  1.70197e-019
78.694  1.70542e-019
79.716  1.70882e-019
80.738  1.71216e-019
81.76  1.71546e-019
82.782  1.7187e-019
83.804  1.72189e-019
84.826  1.72502e-019
85.848  1.7281e-019
86.87  1.73112e-019
87.892  1.73409e-019
88.914  1.73701e-019
89.936  1.73987e-019
90.958  1.74267e-019
91.98  1.74542e-019
93.002  1.74811e-019
94.024  1.75074e-019
95.046  1.75331e-019
96.068  1.75583e-019
97.09  1.75829e-019
98.112  1.76068e-019
99.134  1.76302e-019
100.156  1.7653e-019
101.178  1.76752e-019
102.2  1.76968e-019
103.222  1.77178e-019
104.244  1.77381e-019
105.266  1.77579e-019
106.288  1.7777e-019
107.31  1.77955e-019
108.332  1.78133e-019
109.354  1.78306e-019
110.376  1.78472e-019
111.398  1.78631e-019
112.42  1.78784e-019
113.442  1.78931e-019
114.464  1.79071e-019
115.486  1.79204e-019
116.508  1.79331e-019
117.53  1.79451e-019
118.552  1.79565e-019
119.574  1.79672e-019
120.596  1.79772e-019
121.618  1.79865e-019
122.64  1.79951e-019
123.662  1.8003e-019
124.684  1.80103e-019
125.706  1.80168e-019
126.728  1.80227e-019
127.75  1.80278e-019
128.772  1.80322e-019
129.794  1.80359e-019
130.816  1.80389e-019
131.838  1.80412e-019
132.86  1.80427e-019
133.882  1.80435e-019
134.904  1.80435e-019
135.926  1.80428e-019
136.948  1.80414e-019
137.97  1.80392e-019
138.992  1.80362e-019
140.014  1.80324e-019
141.036  1.80279e-019
142.058  1.80226e-019
143.08  1.80165e-019
144.102  1.80097e-019
145.124  1.8002e-019
146.146  1.79935e-019
147.168  1.79842e-019
148.19  1.79741e-019
149.212  1.79632e-019
150.234  1.79514e-019
151.256  1.79388e-019
152.278  1.79254e-019
153.3  1.79111e-019
154.322  1.78959e-019
155.344  1.78799e-019
156.366  1.7863e-019
157.388  1.78452e-019
158.41  1.78265e-019
159.432  1.78069e-019
160.454  1.77864e-019
161.476  1.7765e-019
162.498  1.77427e-019
163.52  1.77194e-019
164.542  1.76952e-019
165.564  1.767e-019
166.586  1.76439e-019
167.608  1.76168e-019
168.63  1.75887e-019
169.652  1.75596e-019
170.674  1.75295e-019
171.696  1.74984e-019
172.718  1.74663e-019
173.74  1.74331e-019
174.762  1.73989e-019
175.784  1.73636e-019
176.806  1.73272e-019
177.828  1.72898e-019
178.85  1.72513e-019
179.872  1.72116e-019
180.894  1.71708e-019
181.916  1.71289e-019
182.938  1.70859e-019
183.96  1.70416e-019
184.982  1.69962e-019
186.004  1.69496e-019
187.026  1.69018e-019
188.048  1.68528e-019
189.07  1.68026e-019
190.092  1.67511e-019
191.114  1.66983e-019
192.136  1.66443e-019
193.158  1.6589e-019
194.18  1.65324e-019
195.202  1.64744e-019
196.224  1.64151e-019
197.246  1.63545e-019
198.268  1.62925e-019
199.29  1.62291e-019
200.312  1.61643e-019
201.334  1.60981e-019
202.356  1.60304e-019
203.378  1.59613e-019
204.4  1.58908e-019
205.422  1.58187e-019
206.444  1.57452e-019
207.466  1.56701e-019
208.488  1.55935e-019
209.51  1.55154e-019
210.532  1.54357e-019
211.554  1.53544e-019
212.576  1.52715e-019
213.598  1.5187e-019
214.62  1.51009e-019
215.642  1.50131e-019
216.664  1.49237e-019
217.686  1.48326e-019
218.708  1.47398e-019
219.73  1.46453e-019
220.752  1.4549e-019
221.774  1.4451e-019
222.796  1.43513e-019
223.818  1.42498e-019
224.84  1.41465e-019
225.862  1.40415e-019
226.884  1.39346e-019
227.906  1.38259e-019
228.928  1.37154e-019
229.95  1.3603e-019
230.972  1.34888e-019
231.994  1.33727e-019
233.016  1.32548e-019
234.038  1.3135e-019
235.06  1.30133e-019
236.082  1.28896e-019
237.104  1.27641e-019
238.126  1.26367e-019
239.148  1.25074e-019
240.17  1.23762e-019
241.192  1.2243e-019
242.214  1.21079e-019
243.236  1.1971e-019
244.258  1.18321e-019
245.28  1.16913e-019
246.302  1.15485e-019
247.324  1.14039e-019
248.346  1.12574e-019
249.368  1.1109e-019
250.39  1.09588e-019
251.412  1.08066e-019
252.434  1.06527e-019
253.456  1.04969e-019
254.478  1.03393e-019
255.5  1.01799e-019
256.522  1.00187e-019
257.544  9.85579e-020
258.566  9.69116e-020
259.588  9.52485e-020
260.61  9.35688e-020
261.632  9.18729e-020
262.654  9.01613e-020
263.676  8.84342e-020
264.698  8.66921e-020
265.72  8.49355e-020
266.742  8.3165e-020
267.764  8.13809e-020
268.786  7.9584e-020
269.808  7.77748e-020
270.83  7.59539e-020
271.852  7.4122e-020
272.874  7.22799e-020
273.896  7.04282e-020
274.918  6.85679e-020
275.94  6.66998e-020
276.962  6.48246e-020
277.984  6.29435e-020
279.006  6.10573e-020
280.028  5.91672e-020
281.05  5.72742e-020
282.072  5.53794e-020
283.094  5.3484e-020
284.116  5.15894e-020
285.138  4.96968e-020
286.16  4.78075e-020
287.182  4.59231e-020
288.204  4.40451e-020
289.226  4.21749e-020
290.248  4.03143e-020
291.27  3.84649e-020
292.292  3.66286e-020
293.314  3.48071e-020
294.336  3.30025e-020
295.358  3.12167e-020
296.38  2.94518e-020
297.402  2.771e-020
298.424  2.59935e-020
299.446  2.43048e-020
300.468  2.26462e-020
301.49  2.10202e-020
302.512  1.94296e-020
303.534  1.7877e-020
304.556  1.63653e-020
305.578  1.48974e-020
306.6  1.34762e-020
307.622  1.21051e-020
308.644  1.07872e-020
309.666  9.52596e-021
310.688  8.3248e-021
311.71  7.18736e-021
312.732  6.11739e-021
313.754  5.11874e-021
314.776  4.19541e-021
315.798  3.35153e-021
316.82  2.59135e-021
317.842  1.91929e-021
318.864  1.33987e-021
319.886  8.57783e-022
320.908  4.77851e-022
321.93  2.05037e-022
322.952  4.44344e-023
