1.022  1.66219e-019
2.044  1.66823e-019
3.066  1.67423e-019
4.088  1.68019e-019
5.11  1.68611e-019
6.132  1.69198e-019
7.154  1.69781e-019
8.176  1.70359e-019
9.198  1.70932e-019
10.22  1.715e-019
11.242  1.72064e-019
12.264  1.72622e-019
13.286  1.73177e-019
14.308  1.73726e-019
15.33  1.74271e-019
16.352  1.74812e-019
17.374  1.75349e-019
18.396  1.75882e-019
19.418  1.76412e-019
20.44  1.76937e-019
21.462  1.77459e-019
22.484  1.77977e-019
23.506  1.78492e-019
24.528  1.79004e-019
25.55  1.79512e-019
26.572  1.80017e-019
27.594  1.80519e-019
28.616  1.81017e-019
29.638  1.81513e-019
30.66  1.82005e-019
31.682  1.82494e-019
32.704  1.8298e-019
33.726  1.83463e-019
34.748  1.83942e-019
35.77  1.84419e-019
36.792  1.84892e-019
37.814  1.85362e-019
38.836  1.85829e-019
39.858  1.86292e-019
40.88  1.86752e-019
41.902  1.87208e-019
42.924  1.87661e-019
43.946  1.88111e-019
44.968  1.88557e-019
45.99  1.88999e-019
47.012  1.89438e-019
48.034  1.89873e-019
49.056  1.90305e-019
50.078  1.90732e-019
51.1  1.91156e-019
52.122  1.91575e-019
53.144  1.91991e-019
54.166  1.92403e-019
55.188  1.9281e-019
56.21  1.93214e-019
57.232  1.93613e-019
58.254  1.94008e-019
59.276  1.94399e-019
60.298  1.94785e-019
61.32  1.95167e-019
62.342  1.95544e-019
63.364  1.95917e-019
64.386  1.96285e-019
65.408  1.96649e-019
66.43  1.97007e-019
67.452  1.97361e-019
68.474  1.9771e-019
69.496  1.98055e-019
70.518  1.98394e-019
71.54  1.98728e-019
72.562  1.99057e-019
73.584  1.99381e-019
74.606  1.997e-019
75.628  2.00014e-019
76.65  2.00322e-019
77.672  2.00625e-019
78.694  2.00923e-019
79.716  2.01215e-019
80.738  2.01502e-019
81.76  2.01783e-019
82.782  2.02058e-019
83.804  2.02328e-019
84.826  2.02592e-019
85.848  2.02851e-019
86.87  2.03103e-019
87.892  2.0335e-019
88.914  2.03591e-019
89.936  2.03826e-019
90.958  2.04055e-019
91.98  2.04278e-019
93.002  2.04495e-019
94.024  2.04705e-019
95.046  2.0491e-019
96.068  2.05108e-019
97.09  2.053e-019
98.112  2.05485e-019
99.134  2.05665e-019
100.156  2.05837e-019
101.178  2.06004e-019
102.2  2.06164e-019
103.222  2.06317e-019
104.244  2.06464e-019
105.266  2.06604e-019
106.288  2.06737e-019
107.31  2.06864e-019
108.332  2.06984e-019
109.354  2.07097e-019
110.376  2.07203e-019
111.398  2.07302e-019
112.42  2.07394e-019
113.442  2.0748e-019
114.464  2.07558e-019
115.486  2.07629e-019
116.508  2.07693e-019
117.53  2.0775e-019
118.552  2.078e-019
119.574  2.07842e-019
120.596  2.07877e-019
121.618  2.07905e-019
122.64  2.07925e-019
123.662  2.07938e-019
124.684  2.07944e-019
125.706  2.07941e-019
126.728  2.07932e-019
127.75  2.07914e-019
128.772  2.07889e-019
129.794  2.07856e-019
130.816  2.07815e-019
131.838  2.07767e-019
132.86  2.0771e-019
133.882  2.07646e-019
134.904  2.07573e-019
135.926  2.07493e-019
136.948  2.07404e-019
137.97  2.07307e-019
138.992  2.07202e-019
140.014  2.07089e-019
141.036  2.06967e-019
142.058  2.06837e-019
143.08  2.06698e-019
144.102  2.06551e-019
145.124  2.06395e-019
146.146  2.0623e-019
147.168  2.06057e-019
148.19  2.05874e-019
149.212  2.05683e-019
150.234  2.05483e-019
151.256  2.05274e-019
152.278  2.05056e-019
153.3  2.04828e-019
154.322  2.04591e-019
155.344  2.04345e-019
156.366  2.04089e-019
157.388  2.03824e-019
158.41  2.03549e-019
159.432  2.03264e-019
160.454  2.0297e-019
161.476  2.02665e-019
162.498  2.02351e-019
163.52  2.02026e-019
164.542  2.01692e-019
165.564  2.01347e-019
166.586  2.00991e-019
167.608  2.00625e-019
168.63  2.00248e-019
169.652  1.99861e-019
170.674  1.99462e-019
171.696  1.99053e-019
172.718  1.98633e-019
173.74  1.98201e-019
174.762  1.97758e-019
175.784  1.97304e-019
176.806  1.96838e-019
177.828  1.9636e-019
178.85  1.9587e-019
179.872  1.95368e-019
180.894  1.94855e-019
181.916  1.94328e-019
182.938  1.9379e-019
183.96  1.93239e-019
184.982  1.92675e-019
186.004  1.92098e-019
187.026  1.91509e-019
188.048  1.90906e-019
189.07  1.9029e-019
190.092  1.8966e-019
191.114  1.89017e-019
192.136  1.88359e-019
193.158  1.87688e-019
194.18  1.87003e-019
195.202  1.86304e-019
196.224  1.8559e-019
197.246  1.84861e-019
198.268  1.84118e-019
199.29  1.83359e-019
200.312  1.82586e-019
201.334  1.81797e-019
202.356  1.80992e-019
203.378  1.80172e-019
204.4  1.79336e-019
205.422  1.78484e-019
206.444  1.77616e-019
207.466  1.76731e-019
208.488  1.7583e-019
209.51  1.74912e-019
210.532  1.73977e-019
211.554  1.73025e-019
212.576  1.72056e-019
213.598  1.71069e-019
214.62  1.70065e-019
215.642  1.69043e-019
216.664  1.68002e-019
217.686  1.66944e-019
218.708  1.65867e-019
219.73  1.64772e-019
220.752  1.63658e-019
221.774  1.62525e-019
222.796  1.61373e-019
223.818  1.60202e-019
224.84  1.59012e-019
225.862  1.57803e-019
226.884  1.56574e-019
227.906  1.55325e-019
228.928  1.54056e-019
229.95  1.52767e-019
230.972  1.51459e-019
231.994  1.5013e-019
233.016  1.48781e-019
234.038  1.47411e-019
235.06  1.46021e-019
236.082  1.44611e-019
237.104  1.43179e-019
238.126  1.41728e-019
239.148  1.40255e-019
240.17  1.38762e-019
241.192  1.37248e-019
242.214  1.35713e-019
243.236  1.34158e-019
244.258  1.32582e-019
245.28  1.30985e-019
246.302  1.29367e-019
247.324  1.27729e-019
248.346  1.26071e-019
249.368  1.24392e-019
250.39  1.22692e-019
251.412  1.20973e-019
252.434  1.19233e-019
253.456  1.17474e-019
254.478  1.15695e-019
255.5  1.13897e-019
256.522  1.1208e-019
257.544  1.10244e-019
258.566  1.08389e-019
259.588  1.06516e-019
260.61  1.04625e-019
261.632  1.02717e-019
262.654  1.00792e-019
263.676  9.88498e-020
264.698  9.68918e-020
265.72  9.49181e-020
266.742  9.29294e-020
267.764  9.09262e-020
268.786  8.89092e-020
269.808  8.68791e-020
270.83  8.48364e-020
271.852  8.27821e-020
272.874  8.07168e-020
273.896  7.86415e-020
274.918  7.6557e-020
275.94  7.44643e-020
276.962  7.23643e-020
277.984  7.02581e-020
279.006  6.81467e-020
280.028  6.60314e-020
281.05  6.39133e-020
282.072  6.17938e-020
283.094  5.9674e-020
284.116  5.75555e-020
285.138  5.54397e-020
286.16  5.3328e-020
287.182  5.12222e-020
288.204  4.91238e-020
289.226  4.70346e-020
290.248  4.49564e-020
291.27  4.28911e-020
292.292  4.08407e-020
293.314  3.88072e-020
294.336  3.67928e-020
295.358  3.47997e-020
296.38  3.28302e-020
297.402  3.08867e-020
298.424  2.89718e-020
299.446  2.70879e-020
300.468  2.5238e-020
301.49  2.34247e-020
302.512  2.16509e-020
303.534  1.99198e-020
304.556  1.82344e-020
305.578  1.6598e-020
306.6  1.50139e-020
307.622  1.34857e-020
308.644  1.2017e-020
309.666  1.06114e-020
310.688  9.273e-021
311.71  8.00568e-021
312.732  6.8136e-021
313.754  5.70107e-021
314.776  4.67252e-021
315.798  3.73253e-021
316.82  2.88584e-021
317.842  2.13732e-021
318.864  1.49203e-021
319.886  9.55165e-022
320.908  5.32083e-022
321.93  2.283e-022
322.952  4.94744e-023
