1.022  2.04027e-019
2.044  2.04559e-019
3.066  2.05088e-019
4.088  2.05612e-019
5.11  2.06133e-019
6.132  2.0665e-019
7.154  2.07162e-019
8.176  2.07669e-019
9.198  2.08172e-019
10.22  2.08671e-019
11.242  2.09164e-019
12.264  2.09653e-019
13.286  2.10138e-019
14.308  2.10618e-019
15.33  2.11094e-019
16.352  2.11566e-019
17.374  2.12035e-019
18.396  2.12499e-019
19.418  2.1296e-019
20.44  2.13418e-019
21.462  2.13872e-019
22.484  2.14324e-019
23.506  2.14772e-019
24.528  2.15217e-019
25.55  2.15659e-019
26.572  2.16099e-019
27.594  2.16535e-019
28.616  2.16969e-019
29.638  2.174e-019
30.66  2.17828e-019
31.682  2.18253e-019
32.704  2.18676e-019
33.726  2.19096e-019
34.748  2.19513e-019
35.77  2.19927e-019
36.792  2.20338e-019
37.814  2.20746e-019
38.836  2.21151e-019
39.858  2.21553e-019
40.88  2.21952e-019
41.902  2.22348e-019
42.924  2.2274e-019
43.946  2.23129e-019
44.968  2.23515e-019
45.99  2.23898e-019
47.012  2.24277e-019
48.034  2.24653e-019
49.056  2.25025e-019
50.078  2.25393e-019
51.1  2.25757e-019
52.122  2.26118e-019
53.144  2.26475e-019
54.166  2.26828e-019
55.188  2.27177e-019
56.21  2.27521e-019
57.232  2.27862e-019
58.254  2.28198e-019
59.276  2.2853e-019
60.298  2.28858e-019
61.32  2.29181e-019
62.342  2.295e-019
63.364  2.29814e-019
64.386  2.30123e-019
65.408  2.30428e-019
66.43  2.30728e-019
67.452  2.31023e-019
68.474  2.31313e-019
69.496  2.31598e-019
70.518  2.31878e-019
71.54  2.32152e-019
72.562  2.32422e-019
73.584  2.32686e-019
74.606  2.32945e-019
75.628  2.33199e-019
76.65  2.33447e-019
77.672  2.33689e-019
78.694  2.33926e-019
79.716  2.34158e-019
80.738  2.34383e-019
81.76  2.34603e-019
82.782  2.34817e-019
83.804  2.35025e-019
84.826  2.35227e-019
85.848  2.35423e-019
86.87  2.35613e-019
87.892  2.35797e-019
88.914  2.35974e-019
89.936  2.36146e-019
90.958  2.36311e-019
91.98  2.36469e-019
93.002  2.36621e-019
94.024  2.36767e-019
95.046  2.36906e-019
96.068  2.37039e-019
97.09  2.37165e-019
98.112  2.37284e-019
99.134  2.37397e-019
100.156  2.37503e-019
101.178  2.37602e-019
102.2  2.37694e-019
103.222  2.37779e-019
104.244  2.37857e-019
105.266  2.37928e-019
106.288  2.37991e-019
107.31  2.38048e-019
108.332  2.38098e-019
109.354  2.3814e-019
110.376  2.38175e-019
111.398  2.38202e-019
112.42  2.38222e-019
113.442  2.38235e-019
114.464  2.3824e-019
115.486  2.38238e-019
116.508  2.38228e-019
117.53  2.3821e-019
118.552  2.38185e-019
119.574  2.38152e-019
120.596  2.38111e-019
121.618  2.38062e-019
122.64  2.38005e-019
123.662  2.3794e-019
124.684  2.37867e-019
125.706  2.37787e-019
126.728  2.37698e-019
127.75  2.376e-019
128.772  2.37495e-019
129.794  2.37381e-019
130.816  2.37259e-019
131.838  2.37129e-019
132.86  2.3699e-019
133.882  2.36842e-019
134.904  2.36686e-019
135.926  2.36521e-019
136.948  2.36347e-019
137.97  2.36165e-019
138.992  2.35974e-019
140.014  2.35774e-019
141.036  2.35565e-019
142.058  2.35347e-019
143.08  2.35119e-019
144.102  2.34883e-019
145.124  2.34637e-019
146.146  2.34382e-019
147.168  2.34118e-019
148.19  2.33844e-019
149.212  2.3356e-019
150.234  2.33267e-019
151.256  2.32964e-019
152.278  2.32652e-019
153.3  2.32329e-019
154.322  2.31996e-019
155.344  2.31654e-019
156.366  2.31301e-019
157.388  2.30938e-019
158.41  2.30564e-019
159.432  2.3018e-019
160.454  2.29786e-019
161.476  2.29381e-019
162.498  2.28965e-019
163.52  2.28538e-019
164.542  2.281e-019
165.564  2.27651e-019
166.586  2.27191e-019
167.608  2.2672e-019
168.63  2.26237e-019
169.652  2.25743e-019
170.674  2.25237e-019
171.696  2.24719e-019
172.718  2.24189e-019
173.74  2.23647e-019
174.762  2.23093e-019
175.784  2.22527e-019
176.806  2.21948e-019
177.828  2.21356e-019
178.85  2.20752e-019
179.872  2.20135e-019
180.894  2.19504e-019
181.916  2.18861e-019
182.938  2.18204e-019
183.96  2.17534e-019
184.982  2.1685e-019
186.004  2.16152e-019
187.026  2.1544e-019
188.048  2.14714e-019
189.07  2.13974e-019
190.092  2.13219e-019
191.114  2.12449e-019
192.136  2.11665e-019
193.158  2.10866e-019
194.18  2.10051e-019
195.202  2.09221e-019
196.224  2.08375e-019
197.246  2.07514e-019
198.268  2.06637e-019
199.29  2.05743e-019
200.312  2.04834e-019
201.334  2.03907e-019
202.356  2.02964e-019
203.378  2.02005e-019
204.4  2.01028e-019
205.422  2.00033e-019
206.444  1.99022e-019
207.466  1.97992e-019
208.488  1.96945e-019
209.51  1.9588e-019
210.532  1.94796e-019
211.554  1.93694e-019
212.576  1.92573e-019
213.598  1.91434e-019
214.62  1.90275e-019
215.642  1.89098e-019
216.664  1.87901e-019
217.686  1.86684e-019
218.708  1.85447e-019
219.73  1.84191e-019
220.752  1.82914e-019
221.774  1.81617e-019
222.796  1.803e-019
223.818  1.78962e-019
224.84  1.77603e-019
225.862  1.76223e-019
226.884  1.74823e-019
227.906  1.734e-019
228.928  1.71957e-019
229.95  1.70492e-019
230.972  1.69005e-019
231.994  1.67496e-019
233.016  1.65966e-019
234.038  1.64414e-019
235.06  1.62839e-019
236.082  1.61243e-019
237.104  1.59624e-019
238.126  1.57983e-019
239.148  1.56319e-019
240.17  1.54633e-019
241.192  1.52925e-019
242.214  1.51194e-019
243.236  1.49441e-019
244.258  1.47666e-019
245.28  1.45868e-019
246.302  1.44048e-019
247.324  1.42206e-019
248.346  1.40341e-019
249.368  1.38455e-019
250.39  1.36547e-019
251.412  1.34617e-019
252.434  1.32665e-019
253.456  1.30692e-019
254.478  1.28698e-019
255.5  1.26683e-019
256.522  1.24648e-019
257.544  1.22592e-019
258.566  1.20516e-019
259.588  1.18421e-019
260.61  1.16306e-019
261.632  1.14173e-019
262.654  1.12021e-019
263.676  1.09852e-019
264.698  1.07665e-019
265.72  1.05461e-019
266.742  1.03241e-019
267.764  1.01006e-019
268.786  9.87562e-020
269.808  9.64922e-020
270.83  9.42149e-020
271.852  9.19252e-020
272.874  8.96239e-020
273.896  8.7312e-020
274.918  8.49904e-020
275.94  8.26602e-020
276.962  8.03224e-020
277.984  7.79782e-020
279.006  7.56289e-020
280.028  7.32756e-020
281.05  7.09197e-020
282.072  6.85626e-020
283.094  6.62058e-020
284.116  6.38508e-020
285.138  6.14991e-020
286.16  5.91526e-020
287.182  5.68128e-020
288.204  5.44818e-020
289.226  5.21613e-020
290.248  4.98534e-020
291.27  4.75602e-020
292.292  4.52838e-020
293.314  4.30265e-020
294.336  4.07906e-020
295.358  3.85787e-020
296.38  3.63933e-020
297.402  3.4237e-020
298.424  3.21126e-020
299.446  3.0023e-020
300.468  2.79712e-020
301.49  2.59602e-020
302.512  2.39933e-020
303.534  2.20739e-020
304.556  2.02053e-020
305.578  1.83912e-020
306.6  1.66352e-020
307.622  1.49414e-020
308.644  1.33135e-020
309.666  1.17559e-020
310.688  1.02727e-020
311.71  8.8684e-021
312.732  7.54758e-021
313.754  6.31498e-021
314.776  5.17549e-021
315.798  4.13418e-021
316.82  3.19627e-021
317.842  2.36716e-021
318.864  1.65243e-021
319.886  1.05782e-021
320.908  5.8925e-022
321.93  2.52822e-022
322.952  5.4787e-023
