1.022  5.28112e-019
2.044  5.27636e-019
3.066  5.27164e-019
4.088  5.26695e-019
5.11  5.26229e-019
6.132  5.25765e-019
7.154  5.25303e-019
8.176  5.24842e-019
9.198  5.24382e-019
10.22  5.23923e-019
11.242  5.23464e-019
12.264  5.23006e-019
13.286  5.22549e-019
14.308  5.22093e-019
15.33  5.21639e-019
16.352  5.21187e-019
17.374  5.20737e-019
18.396  5.2029e-019
19.418  5.19845e-019
20.44  5.19404e-019
21.462  5.18966e-019
22.484  5.18531e-019
23.506  5.18101e-019
24.528  5.17674e-019
25.55  5.1725e-019
26.572  5.16831e-019
27.594  5.16415e-019
28.616  5.16003e-019
29.638  5.15595e-019
30.66  5.15191e-019
31.682  5.1479e-019
32.704  5.14393e-019
33.726  5.13999e-019
34.748  5.13608e-019
35.77  5.1322e-019
36.792  5.12836e-019
37.814  5.12453e-019
38.836  5.12074e-019
39.858  5.11697e-019
40.88  5.11322e-019
41.902  5.10949e-019
42.924  5.10578e-019
43.946  5.10208e-019
44.968  5.0984e-019
45.99  5.09473e-019
47.012  5.09107e-019
48.034  5.08741e-019
49.056  5.08376e-019
50.078  5.08012e-019
51.1  5.07647e-019
52.122  5.07282e-019
53.144  5.06917e-019
54.166  5.06552e-019
55.188  5.06185e-019
56.21  5.05818e-019
57.232  5.05449e-019
58.254  5.05079e-019
59.276  5.04708e-019
60.298  5.04334e-019
61.32  5.03959e-019
62.342  5.03582e-019
63.364  5.03202e-019
64.386  5.02819e-019
65.408  5.02434e-019
66.43  5.02045e-019
67.452  5.01654e-019
68.474  5.01259e-019
69.496  5.00861e-019
70.518  5.00459e-019
71.54  5.00053e-019
72.562  4.99643e-019
73.584  4.99229e-019
74.606  4.9881e-019
75.628  4.98387e-019
76.65  4.97959e-019
77.672  4.97526e-019
78.694  4.97088e-019
79.716  4.96645e-019
80.738  4.96196e-019
81.76  4.95742e-019
82.782  4.95282e-019
83.804  4.94817e-019
84.826  4.94345e-019
85.848  4.93867e-019
86.87  4.93383e-019
87.892  4.92893e-019
88.914  4.92396e-019
89.936  4.91892e-019
90.958  4.91381e-019
91.98  4.90864e-019
93.002  4.90339e-019
94.024  4.89807e-019
95.046  4.89268e-019
96.068  4.88721e-019
97.09  4.88167e-019
98.112  4.87604e-019
99.134  4.87034e-019
100.156  4.86456e-019
101.178  4.8587e-019
102.2  4.85276e-019
103.222  4.84673e-019
104.244  4.84061e-019
105.266  4.83442e-019
106.288  4.82813e-019
107.31  4.82176e-019
108.332  4.81529e-019
109.354  4.80874e-019
110.376  4.8021e-019
111.398  4.79536e-019
112.42  4.78853e-019
113.442  4.7816e-019
114.464  4.77458e-019
115.486  4.76746e-019
116.508  4.76025e-019
117.53  4.75293e-019
118.552  4.74552e-019
119.574  4.738e-019
120.596  4.73038e-019
121.618  4.72266e-019
122.64  4.71484e-019
123.662  4.70691e-019
124.684  4.69887e-019
125.706  4.69073e-019
126.728  4.68248e-019
127.75  4.67412e-019
128.772  4.66565e-019
129.794  4.65707e-019
130.816  4.64837e-019
131.838  4.63956e-019
132.86  4.63064e-019
133.882  4.6216e-019
134.904  4.61245e-019
135.926  4.60318e-019
136.948  4.59379e-019
137.97  4.58428e-019
138.992  4.57464e-019
140.014  4.56489e-019
141.036  4.55501e-019
142.058  4.54501e-019
143.08  4.53488e-019
144.102  4.52463e-019
145.124  4.51425e-019
146.146  4.50374e-019
147.168  4.49309e-019
148.19  4.48232e-019
149.212  4.47141e-019
150.234  4.46037e-019
151.256  4.44919e-019
152.278  4.43788e-019
153.3  4.42643e-019
154.322  4.41483e-019
155.344  4.4031e-019
156.366  4.39122e-019
157.388  4.3792e-019
158.41  4.36703e-019
159.432  4.35472e-019
160.454  4.34226e-019
161.476  4.32964e-019
162.498  4.31687e-019
163.52  4.30395e-019
164.542  4.29088e-019
165.564  4.27764e-019
166.586  4.26425e-019
167.608  4.2507e-019
168.63  4.23698e-019
169.652  4.2231e-019
170.674  4.20905e-019
171.696  4.19483e-019
172.718  4.18044e-019
173.74  4.16588e-019
174.762  4.15115e-019
175.784  4.13623e-019
176.806  4.12114e-019
177.828  4.10587e-019
178.85  4.09041e-019
179.872  4.07477e-019
180.894  4.05894e-019
181.916  4.04292e-019
182.938  4.0267e-019
183.96  4.01029e-019
184.982  3.99368e-019
186.004  3.97687e-019
187.026  3.95986e-019
188.048  3.94265e-019
189.07  3.92522e-019
190.092  3.90759e-019
191.114  3.88974e-019
192.136  3.87167e-019
193.158  3.85338e-019
194.18  3.83488e-019
195.202  3.81615e-019
196.224  3.79719e-019
197.246  3.778e-019
198.268  3.75857e-019
199.29  3.73891e-019
200.312  3.71901e-019
201.334  3.69887e-019
202.356  3.67849e-019
203.378  3.65785e-019
204.4  3.63696e-019
205.422  3.61582e-019
206.444  3.59442e-019
207.466  3.57276e-019
208.488  3.55084e-019
209.51  3.52865e-019
210.532  3.50619e-019
211.554  3.48345e-019
212.576  3.46044e-019
213.598  3.43715e-019
214.62  3.41358e-019
215.642  3.38973e-019
216.664  3.36558e-019
217.686  3.34115e-019
218.708  3.31642e-019
219.73  3.29139e-019
220.752  3.26606e-019
221.774  3.24043e-019
222.796  3.2145e-019
223.818  3.18826e-019
224.84  3.1617e-019
225.862  3.13484e-019
226.884  3.10766e-019
227.906  3.08016e-019
228.928  3.05234e-019
229.95  3.02419e-019
230.972  2.99573e-019
231.994  2.96694e-019
233.016  2.93782e-019
234.038  2.90837e-019
235.06  2.87859e-019
236.082  2.84847e-019
237.104  2.81803e-019
238.126  2.78725e-019
239.148  2.75613e-019
240.17  2.72468e-019
241.192  2.69289e-019
242.214  2.66077e-019
243.236  2.62831e-019
244.258  2.59551e-019
245.28  2.56238e-019
246.302  2.52892e-019
247.324  2.49512e-019
248.346  2.46099e-019
249.368  2.42653e-019
250.39  2.39174e-019
251.412  2.35663e-019
252.434  2.3212e-019
253.456  2.28545e-019
254.478  2.24938e-019
255.5  2.213e-019
256.522  2.17632e-019
257.544  2.13933e-019
258.566  2.10205e-019
259.588  2.06448e-019
260.61  2.02662e-019
261.632  1.98849e-019
262.654  1.95009e-019
263.676  1.91143e-019
264.698  1.87251e-019
265.72  1.83336e-019
266.742  1.79397e-019
267.764  1.75436e-019
268.786  1.71454e-019
269.808  1.67452e-019
270.83  1.63432e-019
271.852  1.59394e-019
272.874  1.55341e-019
273.896  1.51274e-019
274.918  1.47194e-019
275.94  1.43103e-019
276.962  1.39004e-019
277.984  1.34897e-019
279.006  1.30785e-019
280.028  1.2667e-019
281.05  1.22555e-019
282.072  1.18441e-019
283.094  1.14331e-019
284.116  1.10227e-019
285.138  1.06133e-019
286.16  1.02051e-019
287.182  9.79842e-020
288.204  9.39352e-020
289.226  8.99074e-020
290.248  8.59043e-020
291.27  8.19293e-020
292.292  7.7986e-020
293.314  7.40783e-020
294.336  7.02101e-020
295.358  6.63855e-020
296.38  6.26088e-020
297.402  5.88845e-020
298.424  5.52173e-020
299.446  5.1612e-020
300.468  4.80735e-020
301.49  4.46072e-020
302.512  4.12184e-020
303.534  3.79127e-020
304.556  3.46961e-020
305.578  3.15744e-020
306.6  2.85541e-020
307.622  2.56417e-020
308.644  2.28438e-020
309.666  2.01674e-020
310.688  1.76199e-020
311.71  1.52086e-020
312.732  1.29413e-020
313.754  1.08261e-020
314.776  8.87124e-021
315.798  7.08526e-021
316.82  5.47704e-021
317.842  4.05573e-021
318.864  2.83077e-021
319.886  1.8119e-021
320.908  1.00918e-021
321.93  4.32941e-022
322.952  9.38082e-023
