1.022  2.72954e-020
2.044  2.68792e-020
3.066  2.64685e-020
4.088  2.60632e-020
5.11  2.56632e-020
6.132  2.52685e-020
7.154  2.48789e-020
8.176  2.44945e-020
9.198  2.41151e-020
10.22  2.37407e-020
11.242  2.33712e-020
12.264  2.30066e-020
13.286  2.26468e-020
14.308  2.22919e-020
15.33  2.19418e-020
16.352  2.15964e-020
17.374  2.12557e-020
18.396  2.09197e-020
19.418  2.05884e-020
20.44  2.02616e-020
21.462  1.99394e-020
22.484  1.96218e-020
23.506  1.93086e-020
24.528  1.89998e-020
25.55  1.86955e-020
26.572  1.83954e-020
27.594  1.80997e-020
28.616  1.78081e-020
29.638  1.75208e-020
30.66  1.72376e-020
31.682  1.69585e-020
32.704  1.66834e-020
33.726  1.64123e-020
34.748  1.61451e-020
35.77  1.58818e-020
36.792  1.56224e-020
37.814  1.53667e-020
38.836  1.51148e-020
39.858  1.48665e-020
40.88  1.46219e-020
41.902  1.43809e-020
42.924  1.41434e-020
43.946  1.39094e-020
44.968  1.36788e-020
45.99  1.34517e-020
47.012  1.32279e-020
48.034  1.30074e-020
49.056  1.27902e-020
50.078  1.25762e-020
51.1  1.23654e-020
52.122  1.21578e-020
53.144  1.19532e-020
54.166  1.17517e-020
55.188  1.15532e-020
56.21  1.13577e-020
57.232  1.11652e-020
58.254  1.09755e-020
59.276  1.07888e-020
60.298  1.06048e-020
61.32  1.04236e-020
62.342  1.02452e-020
63.364  1.00696e-020
64.386  9.89656e-021
65.408  9.72622e-021
66.43  9.5585e-021
67.452  9.39336e-021
68.474  9.23078e-021
69.496  9.07072e-021
70.518  8.91316e-021
71.54  8.75805e-021
72.562  8.60537e-021
73.584  8.45508e-021
74.606  8.30717e-021
75.628  8.1616e-021
76.65  8.01834e-021
77.672  7.87736e-021
78.694  7.73864e-021
79.716  7.60214e-021
80.738  7.46784e-021
81.76  7.33572e-021
82.782  7.20575e-021
83.804  7.07789e-021
84.826  6.95213e-021
85.848  6.82845e-021
86.87  6.7068e-021
87.892  6.58718e-021
88.914  6.46956e-021
89.936  6.35391e-021
90.958  6.24021e-021
91.98  6.12844e-021
93.002  6.01857e-021
94.024  5.91058e-021
95.046  5.80445e-021
96.068  5.70016e-021
97.09  5.59768e-021
98.112  5.497e-021
99.134  5.39809e-021
100.156  5.30093e-021
101.178  5.2055e-021
102.2  5.11179e-021
103.222  5.01976e-021
104.244  4.92941e-021
105.266  4.84071e-021
106.288  4.75364e-021
107.31  4.66818e-021
108.332  4.58432e-021
109.354  4.50203e-021
110.376  4.4213e-021
111.398  4.34211e-021
112.42  4.26443e-021
113.442  4.18826e-021
114.464  4.11358e-021
115.486  4.04036e-021
116.508  3.96859e-021
117.53  3.89825e-021
118.552  3.82933e-021
119.574  3.76181e-021
120.596  3.69566e-021
121.618  3.63089e-021
122.64  3.56746e-021
123.662  3.50536e-021
124.684  3.44458e-021
125.706  3.3851e-021
126.728  3.3269e-021
127.75  3.26997e-021
128.772  3.21429e-021
129.794  3.15985e-021
130.816  3.10663e-021
131.838  3.05462e-021
132.86  3.0038e-021
133.882  2.95415e-021
134.904  2.90566e-021
135.926  2.85832e-021
136.948  2.81211e-021
137.97  2.76702e-021
138.992  2.72302e-021
140.014  2.68012e-021
141.036  2.63828e-021
142.058  2.5975e-021
143.08  2.55776e-021
144.102  2.51906e-021
145.124  2.48136e-021
146.146  2.44467e-021
147.168  2.40896e-021
148.19  2.37422e-021
149.212  2.34044e-021
150.234  2.3076e-021
151.256  2.27569e-021
152.278  2.2447e-021
153.3  2.21461e-021
154.322  2.1854e-021
155.344  2.15707e-021
156.366  2.12959e-021
157.388  2.10296e-021
158.41  2.07716e-021
159.432  2.05218e-021
160.454  2.028e-021
161.476  2.0046e-021
162.498  1.98199e-021
163.52  1.96013e-021
164.542  1.93903e-021
165.564  1.91865e-021
166.586  1.899e-021
167.608  1.88005e-021
168.63  1.86179e-021
169.652  1.84421e-021
170.674  1.8273e-021
171.696  1.81103e-021
172.718  1.7954e-021
173.74  1.78039e-021
174.762  1.76599e-021
175.784  1.75219e-021
176.806  1.73896e-021
177.828  1.7263e-021
178.85  1.71419e-021
179.872  1.70261e-021
180.894  1.69156e-021
181.916  1.68102e-021
182.938  1.67097e-021
183.96  1.6614e-021
184.982  1.6523e-021
186.004  1.64365e-021
187.026  1.63544e-021
188.048  1.62765e-021
189.07  1.62026e-021
190.092  1.61327e-021
191.114  1.60666e-021
192.136  1.60042e-021
193.158  1.59452e-021
194.18  1.58896e-021
195.202  1.58372e-021
196.224  1.57879e-021
197.246  1.57414e-021
198.268  1.56977e-021
199.29  1.56567e-021
200.312  1.56181e-021
201.334  1.55818e-021
202.356  1.55477e-021
203.378  1.55157e-021
204.4  1.54855e-021
205.422  1.5457e-021
206.444  1.54301e-021
207.466  1.54046e-021
208.488  1.53804e-021
209.51  1.53573e-021
210.532  1.53352e-021
211.554  1.53139e-021
212.576  1.52933e-021
213.598  1.52733e-021
214.62  1.52536e-021
215.642  1.52341e-021
216.664  1.52147e-021
217.686  1.51953e-021
218.708  1.51756e-021
219.73  1.51556e-021
220.752  1.5135e-021
221.774  1.51138e-021
222.796  1.50918e-021
223.818  1.50688e-021
224.84  1.50448e-021
225.862  1.50195e-021
226.884  1.49928e-021
227.906  1.49646e-021
228.928  1.49347e-021
229.95  1.4903e-021
230.972  1.48694e-021
231.994  1.48337e-021
233.016  1.47958e-021
234.038  1.47555e-021
235.06  1.47128e-021
236.082  1.46674e-021
237.104  1.46193e-021
238.126  1.45683e-021
239.148  1.45144e-021
240.17  1.44573e-021
241.192  1.4397e-021
242.214  1.43333e-021
243.236  1.42661e-021
244.258  1.41954e-021
245.28  1.4121e-021
246.302  1.40428e-021
247.324  1.39607e-021
248.346  1.38746e-021
249.368  1.37844e-021
250.39  1.369e-021
251.412  1.35913e-021
252.434  1.34883e-021
253.456  1.33809e-021
254.478  1.3269e-021
255.5  1.31524e-021
256.522  1.30313e-021
257.544  1.29055e-021
258.566  1.27749e-021
259.588  1.26395e-021
260.61  1.24993e-021
261.632  1.23542e-021
262.654  1.22043e-021
263.676  1.20494e-021
264.698  1.18896e-021
265.72  1.17248e-021
266.742  1.15551e-021
267.764  1.13805e-021
268.786  1.1201e-021
269.808  1.10166e-021
270.83  1.08274e-021
271.852  1.06334e-021
272.874  1.04346e-021
273.896  1.02312e-021
274.918  1.00232e-021
275.94  9.81063e-022
276.962  9.59368e-022
277.984  9.37243e-022
279.006  9.147e-022
280.028  8.91752e-022
281.05  8.68415e-022
282.072  8.44705e-022
283.094  8.20639e-022
284.116  7.96236e-022
285.138  7.71516e-022
286.16  7.46502e-022
287.182  7.21217e-022
288.204  6.95686e-022
289.226  6.69936e-022
290.248  6.43996e-022
291.27  6.17897e-022
292.292  5.9167e-022
293.314  5.65351e-022
294.336  5.38974e-022
295.358  5.12579e-022
296.38  4.86206e-022
297.402  4.59898e-022
298.424  4.33699e-022
299.446  4.07656e-022
300.468  3.81819e-022
301.49  3.5624e-022
302.512  3.30973e-022
303.534  3.06076e-022
304.556  2.81608e-022
305.578  2.57632e-022
306.6  2.34213e-022
307.622  2.11419e-022
308.644  1.89321e-022
309.666  1.67995e-022
310.688  1.47516e-022
311.71  1.27967e-022
312.732  1.0943e-022
313.754  9.1994e-023
314.776  7.57495e-023
315.798  6.0791e-023
316.82  4.72168e-023
317.842  3.51291e-023
318.864  2.46337e-023
319.886  1.58404e-023
320.908  8.86315e-024
321.93  3.8196e-024
322.952  8.31338e-025
