1.022  1.1945e-020
2.044  1.17292e-020
3.066  1.15169e-020
4.088  1.13079e-020
5.11  1.11023e-020
6.132  1.08999e-020
7.154  1.07007e-020
8.176  1.05048e-020
9.198  1.0312e-020
10.22  1.01223e-020
11.242  9.93565e-021
12.264  9.75208e-021
13.286  9.57154e-021
14.308  9.39399e-021
15.33  9.21942e-021
16.352  9.0478e-021
17.374  8.87909e-021
18.396  8.71329e-021
19.418  8.55034e-021
20.44  8.39024e-021
21.462  8.23294e-021
22.484  8.07842e-021
23.506  7.92665e-021
24.528  7.7776e-021
25.55  7.63124e-021
26.572  7.48753e-021
27.594  7.34644e-021
28.616  7.20795e-021
29.638  7.07202e-021
30.66  6.93861e-021
31.682  6.80771e-021
32.704  6.67926e-021
33.726  6.55325e-021
34.748  6.42964e-021
35.77  6.3084e-021
36.792  6.1895e-021
37.814  6.0729e-021
38.836  5.95858e-021
39.858  5.84651e-021
40.88  5.73665e-021
41.902  5.62899e-021
42.924  5.52347e-021
43.946  5.42009e-021
44.968  5.31881e-021
45.99  5.2196e-021
47.012  5.12243e-021
48.034  5.02728e-021
49.056  4.93411e-021
50.078  4.84291e-021
51.1  4.75365e-021
52.122  4.66629e-021
53.144  4.58082e-021
54.166  4.49721e-021
55.188  4.41543e-021
56.21  4.33546e-021
57.232  4.25727e-021
58.254  4.18085e-021
59.276  4.10616e-021
60.298  4.03319e-021
61.32  3.96191e-021
62.342  3.8923e-021
63.364  3.82433e-021
64.386  3.75799e-021
65.408  3.69325e-021
66.43  3.63009e-021
67.452  3.56849e-021
68.474  3.50843e-021
69.496  3.4499e-021
70.518  3.39286e-021
71.54  3.3373e-021
72.562  3.2832e-021
73.584  3.23053e-021
74.606  3.1793e-021
75.628  3.12946e-021
76.65  3.08101e-021
77.672  3.03392e-021
78.694  2.98818e-021
79.716  2.94377e-021
80.738  2.90067e-021
81.76  2.85886e-021
82.782  2.81834e-021
83.804  2.77907e-021
84.826  2.74105e-021
85.848  2.70425e-021
86.87  2.66867e-021
87.892  2.63428e-021
88.914  2.60107e-021
89.936  2.56902e-021
90.958  2.53812e-021
91.98  2.50835e-021
93.002  2.4797e-021
94.024  2.45215e-021
95.046  2.42568e-021
96.068  2.40029e-021
97.09  2.37596e-021
98.112  2.35267e-021
99.134  2.33041e-021
100.156  2.30916e-021
101.178  2.28892e-021
102.2  2.26966e-021
103.222  2.25137e-021
104.244  2.23405e-021
105.266  2.21767e-021
106.288  2.20222e-021
107.31  2.1877e-021
108.332  2.17408e-021
109.354  2.16135e-021
110.376  2.14951e-021
111.398  2.13853e-021
112.42  2.1284e-021
113.442  2.11912e-021
114.464  2.11067e-021
115.486  2.10304e-021
116.508  2.09621e-021
117.53  2.09017e-021
118.552  2.08491e-021
119.574  2.08042e-021
120.596  2.07669e-021
121.618  2.07369e-021
122.64  2.07143e-021
123.662  2.06989e-021
124.684  2.06906e-021
125.706  2.06892e-021
126.728  2.06946e-021
127.75  2.07068e-021
128.772  2.07255e-021
129.794  2.07507e-021
130.816  2.07823e-021
131.838  2.08201e-021
132.86  2.0864e-021
133.882  2.09139e-021
134.904  2.09697e-021
135.926  2.10313e-021
136.948  2.10985e-021
137.97  2.11712e-021
138.992  2.12493e-021
140.014  2.13327e-021
141.036  2.14213e-021
142.058  2.15149e-021
143.08  2.16134e-021
144.102  2.17167e-021
145.124  2.18247e-021
146.146  2.19373e-021
147.168  2.20543e-021
148.19  2.21756e-021
149.212  2.23011e-021
150.234  2.24306e-021
151.256  2.25641e-021
152.278  2.27014e-021
153.3  2.28424e-021
154.322  2.29869e-021
155.344  2.31349e-021
156.366  2.32861e-021
157.388  2.34406e-021
158.41  2.3598e-021
159.432  2.37584e-021
160.454  2.39216e-021
161.476  2.40874e-021
162.498  2.42557e-021
163.52  2.44264e-021
164.542  2.45993e-021
165.564  2.47743e-021
166.586  2.49513e-021
167.608  2.51301e-021
168.63  2.53106e-021
169.652  2.54926e-021
170.674  2.5676e-021
171.696  2.58607e-021
172.718  2.60464e-021
173.74  2.62332e-021
174.762  2.64207e-021
175.784  2.66089e-021
176.806  2.67976e-021
177.828  2.69866e-021
178.85  2.71759e-021
179.872  2.73652e-021
180.894  2.75544e-021
181.916  2.77433e-021
182.938  2.79318e-021
183.96  2.81197e-021
184.982  2.83069e-021
186.004  2.84931e-021
187.026  2.86783e-021
188.048  2.88622e-021
189.07  2.90448e-021
190.092  2.92258e-021
191.114  2.9405e-021
192.136  2.95823e-021
193.158  2.97575e-021
194.18  2.99305e-021
195.202  3.01011e-021
196.224  3.0269e-021
197.246  3.04342e-021
198.268  3.05964e-021
199.29  3.07555e-021
200.312  3.09113e-021
201.334  3.10636e-021
202.356  3.12122e-021
203.378  3.13569e-021
204.4  3.14977e-021
205.422  3.16342e-021
206.444  3.17663e-021
207.466  3.18938e-021
208.488  3.20165e-021
209.51  3.21343e-021
210.532  3.2247e-021
211.554  3.23543e-021
212.576  3.24561e-021
213.598  3.25523e-021
214.62  3.26425e-021
215.642  3.27267e-021
216.664  3.28046e-021
217.686  3.28761e-021
218.708  3.2941e-021
219.73  3.2999e-021
220.752  3.30501e-021
221.774  3.3094e-021
222.796  3.31306e-021
223.818  3.31596e-021
224.84  3.3181e-021
225.862  3.31944e-021
226.884  3.31998e-021
227.906  3.31969e-021
228.928  3.31857e-021
229.95  3.31658e-021
230.972  3.31373e-021
231.994  3.30998e-021
233.016  3.30532e-021
234.038  3.29975e-021
235.06  3.29323e-021
236.082  3.28576e-021
237.104  3.27733e-021
238.126  3.26791e-021
239.148  3.2575e-021
240.17  3.24607e-021
241.192  3.23362e-021
242.214  3.22014e-021
243.236  3.20561e-021
244.258  3.19002e-021
245.28  3.17336e-021
246.302  3.15562e-021
247.324  3.13679e-021
248.346  3.11687e-021
249.368  3.09583e-021
250.39  3.07369e-021
251.412  3.05042e-021
252.434  3.02602e-021
253.456  3.0005e-021
254.478  2.97383e-021
255.5  2.94603e-021
256.522  2.91709e-021
257.544  2.88701e-021
258.566  2.85579e-021
259.588  2.82343e-021
260.61  2.78993e-021
261.632  2.7553e-021
262.654  2.71954e-021
263.676  2.68266e-021
264.698  2.64466e-021
265.72  2.60556e-021
266.742  2.56537e-021
267.764  2.52409e-021
268.786  2.48175e-021
269.808  2.43835e-021
270.83  2.39392e-021
271.852  2.34848e-021
272.874  2.30204e-021
273.896  2.25463e-021
274.918  2.20627e-021
275.94  2.157e-021
276.962  2.10683e-021
277.984  2.05581e-021
279.006  2.00397e-021
280.028  1.95133e-021
281.05  1.89795e-021
282.072  1.84386e-021
283.094  1.78911e-021
284.116  1.73375e-021
285.138  1.67781e-021
286.16  1.62136e-021
287.182  1.56446e-021
288.204  1.50715e-021
289.226  1.44951e-021
290.248  1.3916e-021
291.27  1.33348e-021
292.292  1.27523e-021
293.314  1.21692e-021
294.336  1.15864e-021
295.358  1.10046e-021
296.38  1.04248e-021
297.402  9.84789e-022
298.424  9.27476e-022
299.446  8.70644e-022
300.468  8.14399e-022
301.49  7.58848e-022
302.512  7.04106e-022
303.534  6.50291e-022
304.556  5.97526e-022
305.578  5.45941e-022
306.6  4.95668e-022
307.622  4.46848e-022
308.644  3.99625e-022
309.666  3.54149e-022
310.688  3.10576e-022
311.71  2.6907e-022
312.732  2.29798e-022
313.754  1.92935e-022
314.776  1.58663e-022
315.798  1.27169e-022
316.82  9.86474e-023
317.842  7.33001e-023
318.864  5.13354e-023
319.886  3.29691e-023
320.908  1.84239e-023
321.93  7.92988e-024
322.952  1.72379e-024
