1.022  8.38952e-021
2.044  8.52438e-021
3.066  8.65872e-021
4.088  8.79255e-021
5.11  8.92586e-021
6.132  9.05864e-021
7.154  9.19089e-021
8.176  9.3226e-021
9.198  9.45376e-021
10.22  9.58437e-021
11.242  9.71444e-021
12.264  9.84397e-021
13.286  9.97296e-021
14.308  1.01014e-020
15.33  1.02294e-020
16.352  1.03568e-020
17.374  1.04837e-020
18.396  1.06101e-020
19.418  1.07361e-020
20.44  1.08615e-020
21.462  1.09865e-020
22.484  1.11111e-020
23.506  1.12351e-020
24.528  1.13587e-020
25.55  1.14819e-020
26.572  1.16046e-020
27.594  1.17269e-020
28.616  1.18487e-020
29.638  1.19702e-020
30.66  1.20911e-020
31.682  1.22117e-020
32.704  1.23318e-020
33.726  1.24515e-020
34.748  1.25707e-020
35.77  1.26895e-020
36.792  1.28079e-020
37.814  1.29259e-020
38.836  1.30434e-020
39.858  1.31605e-020
40.88  1.32771e-020
41.902  1.33933e-020
42.924  1.35091e-020
43.946  1.36244e-020
44.968  1.37393e-020
45.99  1.38537e-020
47.012  1.39676e-020
48.034  1.40811e-020
49.056  1.41942e-020
50.078  1.43067e-020
51.1  1.44188e-020
52.122  1.45305e-020
53.144  1.46416e-020
54.166  1.47522e-020
55.188  1.48624e-020
56.21  1.49721e-020
57.232  1.50813e-020
58.254  1.51899e-020
59.276  1.52981e-020
60.298  1.54058e-020
61.32  1.55129e-020
62.342  1.56195e-020
63.364  1.57256e-020
64.386  1.58312e-020
65.408  1.59362e-020
66.43  1.60406e-020
67.452  1.61446e-020
68.474  1.62479e-020
69.496  1.63507e-020
70.518  1.6453e-020
71.54  1.65547e-020
72.562  1.66558e-020
73.584  1.67563e-020
74.606  1.68562e-020
75.628  1.69556e-020
76.65  1.70543e-020
77.672  1.71525e-020
78.694  1.725e-020
79.716  1.7347e-020
80.738  1.74433e-020
81.76  1.7539e-020
82.782  1.76341e-020
83.804  1.77285e-020
84.826  1.78223e-020
85.848  1.79154e-020
86.87  1.80079e-020
87.892  1.80998e-020
88.914  1.8191e-020
89.936  1.82815e-020
90.958  1.83714e-020
91.98  1.84605e-020
93.002  1.8549e-020
94.024  1.86368e-020
95.046  1.87239e-020
96.068  1.88104e-020
97.09  1.88961e-020
98.112  1.89811e-020
99.134  1.90654e-020
100.156  1.91489e-020
101.178  1.92318e-020
102.2  1.93139e-020
103.222  1.93953e-020
104.244  1.94759e-020
105.266  1.95558e-020
106.288  1.9635e-020
107.31  1.97133e-020
108.332  1.9791e-020
109.354  1.98678e-020
110.376  1.99439e-020
111.398  2.00191e-020
112.42  2.00936e-020
113.442  2.01673e-020
114.464  2.02402e-020
115.486  2.03123e-020
116.508  2.03836e-020
117.53  2.04541e-020
118.552  2.05237e-020
119.574  2.05925e-020
120.596  2.06605e-020
121.618  2.07276e-020
122.64  2.07938e-020
123.662  2.08592e-020
124.684  2.09237e-020
125.706  2.09874e-020
126.728  2.10501e-020
127.75  2.1112e-020
128.772  2.1173e-020
129.794  2.1233e-020
130.816  2.12922e-020
131.838  2.13504e-020
132.86  2.14077e-020
133.882  2.1464e-020
134.904  2.15194e-020
135.926  2.15738e-020
136.948  2.16273e-020
137.97  2.16797e-020
138.992  2.17312e-020
140.014  2.17817e-020
141.036  2.18311e-020
142.058  2.18796e-020
143.08  2.1927e-020
144.102  2.19733e-020
145.124  2.20186e-020
146.146  2.20628e-020
147.168  2.2106e-020
148.19  2.2148e-020
149.212  2.21889e-020
150.234  2.22287e-020
151.256  2.22674e-020
152.278  2.23049e-020
153.3  2.23412e-020
154.322  2.23763e-020
155.344  2.24103e-020
156.366  2.2443e-020
157.388  2.24745e-020
158.41  2.25048e-020
159.432  2.25338e-020
160.454  2.25615e-020
161.476  2.25879e-020
162.498  2.2613e-020
163.52  2.26368e-020
164.542  2.26592e-020
165.564  2.26802e-020
166.586  2.26999e-020
167.608  2.27181e-020
168.63  2.27348e-020
169.652  2.27501e-020
170.674  2.2764e-020
171.696  2.27763e-020
172.718  2.27871e-020
173.74  2.27963e-020
174.762  2.2804e-020
175.784  2.28101e-020
176.806  2.28145e-020
177.828  2.28173e-020
178.85  2.28184e-020
179.872  2.28178e-020
180.894  2.28155e-020
181.916  2.28114e-020
182.938  2.28055e-020
183.96  2.27978e-020
184.982  2.27882e-020
186.004  2.27768e-020
187.026  2.27635e-020
188.048  2.27482e-020
189.07  2.2731e-020
190.092  2.27118e-020
191.114  2.26905e-020
192.136  2.26672e-020
193.158  2.26417e-020
194.18  2.26141e-020
195.202  2.25844e-020
196.224  2.25525e-020
197.246  2.25183e-020
198.268  2.24819e-020
199.29  2.24431e-020
200.312  2.2402e-020
201.334  2.23585e-020
202.356  2.23126e-020
203.378  2.22643e-020
204.4  2.22135e-020
205.422  2.21601e-020
206.444  2.21042e-020
207.466  2.20456e-020
208.488  2.19844e-020
209.51  2.19206e-020
210.532  2.1854e-020
211.554  2.17847e-020
212.576  2.17125e-020
213.598  2.16375e-020
214.62  2.15597e-020
215.642  2.14789e-020
216.664  2.13952e-020
217.686  2.13085e-020
218.708  2.12188e-020
219.73  2.11259e-020
220.752  2.103e-020
221.774  2.0931e-020
222.796  2.08287e-020
223.818  2.07233e-020
224.84  2.06146e-020
225.862  2.05026e-020
226.884  2.03873e-020
227.906  2.02686e-020
228.928  2.01465e-020
229.95  2.0021e-020
230.972  1.98921e-020
231.994  1.97596e-020
233.016  1.96236e-020
234.038  1.94841e-020
235.06  1.93411e-020
236.082  1.91944e-020
237.104  1.90441e-020
238.126  1.88901e-020
239.148  1.87325e-020
240.17  1.85711e-020
241.192  1.84061e-020
242.214  1.82373e-020
243.236  1.80648e-020
244.258  1.78886e-020
245.28  1.77085e-020
246.302  1.75247e-020
247.324  1.73372e-020
248.346  1.71458e-020
249.368  1.69507e-020
250.39  1.67518e-020
251.412  1.65491e-020
252.434  1.63426e-020
253.456  1.61324e-020
254.478  1.59185e-020
255.5  1.57008e-020
256.522  1.54795e-020
257.544  1.52545e-020
258.566  1.50259e-020
259.588  1.47936e-020
260.61  1.45578e-020
261.632  1.43185e-020
262.654  1.40758e-020
263.676  1.38296e-020
264.698  1.35801e-020
265.72  1.33273e-020
266.742  1.30712e-020
267.764  1.28121e-020
268.786  1.25499e-020
269.808  1.22847e-020
270.83  1.20167e-020
271.852  1.1746e-020
272.874  1.14725e-020
273.896  1.11966e-020
274.918  1.09182e-020
275.94  1.06376e-020
276.962  1.03549e-020
277.984  1.00701e-020
279.006  9.78361e-021
280.028  9.49543e-021
281.05  9.20578e-021
282.072  8.91485e-021
283.094  8.62283e-021
284.116  8.32995e-021
285.138  8.03641e-021
286.16  7.74244e-021
287.182  7.4483e-021
288.204  7.15422e-021
289.226  6.86049e-021
290.248  6.56737e-021
291.27  6.27516e-021
292.292  5.98417e-021
293.314  5.69471e-021
294.336  5.40711e-021
295.358  5.12173e-021
296.38  4.83893e-021
297.402  4.55908e-021
298.424  4.28258e-021
299.446  4.00985e-021
300.468  3.7413e-021
301.49  3.47739e-021
302.512  3.21857e-021
303.534  2.96534e-021
304.556  2.71818e-021
305.578  2.47763e-021
306.6  2.24421e-021
307.622  2.0185e-021
308.644  1.80107e-021
309.666  1.59252e-021
310.688  1.39349e-021
311.71  1.20462e-021
312.732  1.02657e-021
313.754  8.60061e-022
314.776  7.05795e-022
315.798  5.64522e-022
316.82  4.37014e-022
317.842  3.24068e-022
318.864  2.26507e-022
319.886  1.45183e-022
320.908  8.09742e-023
321.93  3.47856e-023
322.952  7.54736e-024
