1.022  3.8159e-020
2.044  3.83018e-020
3.066  3.84436e-020
4.088  3.85844e-020
5.11  3.87242e-020
6.132  3.8863e-020
7.154  3.90006e-020
8.176  3.91372e-020
9.198  3.92726e-020
10.22  3.94069e-020
11.242  3.954e-020
12.264  3.96721e-020
13.286  3.98031e-020
14.308  3.9933e-020
15.33  4.00619e-020
16.352  4.01899e-020
17.374  4.03169e-020
18.396  4.0443e-020
19.418  4.05682e-020
20.44  4.06926e-020
21.462  4.08161e-020
22.484  4.09389e-020
23.506  4.10609e-020
24.528  4.11821e-020
25.55  4.13026e-020
26.572  4.14224e-020
27.594  4.15414e-020
28.616  4.16597e-020
29.638  4.17774e-020
30.66  4.18943e-020
31.682  4.20106e-020
32.704  4.21262e-020
33.726  4.2241e-020
34.748  4.23552e-020
35.77  4.24687e-020
36.792  4.25815e-020
37.814  4.26936e-020
38.836  4.2805e-020
39.858  4.29157e-020
40.88  4.30257e-020
41.902  4.31349e-020
42.924  4.32434e-020
43.946  4.33512e-020
44.968  4.34582e-020
45.99  4.35644e-020
47.012  4.36699e-020
48.034  4.37746e-020
49.056  4.38785e-020
50.078  4.39816e-020
51.1  4.40838e-020
52.122  4.41853e-020
53.144  4.42859e-020
54.166  4.43857e-020
55.188  4.44846e-020
56.21  4.45827e-020
57.232  4.46798e-020
58.254  4.47761e-020
59.276  4.48715e-020
60.298  4.49659e-020
61.32  4.50595e-020
62.342  4.5152e-020
63.364  4.52437e-020
64.386  4.53343e-020
65.408  4.5424e-020
66.43  4.55127e-020
67.452  4.56005e-020
68.474  4.56872e-020
69.496  4.57728e-020
70.518  4.58575e-020
71.54  4.59411e-020
72.562  4.60236e-020
73.584  4.61051e-020
74.606  4.61855e-020
75.628  4.62649e-020
76.65  4.63431e-020
77.672  4.64202e-020
78.694  4.64962e-020
79.716  4.6571e-020
80.738  4.66448e-020
81.76  4.67173e-020
82.782  4.67887e-020
83.804  4.6859e-020
84.826  4.6928e-020
85.848  4.69959e-020
86.87  4.70625e-020
87.892  4.7128e-020
88.914  4.71922e-020
89.936  4.72551e-020
90.958  4.73169e-020
91.98  4.73774e-020
93.002  4.74366e-020
94.024  4.74945e-020
95.046  4.75512e-020
96.068  4.76066e-020
97.09  4.76607e-020
98.112  4.77134e-020
99.134  4.77649e-020
100.156  4.7815e-020
101.178  4.78638e-020
102.2  4.79112e-020
103.222  4.79573e-020
104.244  4.8002e-020
105.266  4.80453e-020
106.288  4.80872e-020
107.31  4.81278e-020
108.332  4.81669e-020
109.354  4.82047e-020
110.376  4.8241e-020
111.398  4.82759e-020
112.42  4.83093e-020
113.442  4.83413e-020
114.464  4.83718e-020
115.486  4.84009e-020
116.508  4.84285e-020
117.53  4.84546e-020
118.552  4.84792e-020
119.574  4.85023e-020
120.596  4.85238e-020
121.618  4.85439e-020
122.64  4.85624e-020
123.662  4.85793e-020
124.684  4.85947e-020
125.706  4.86085e-020
126.728  4.86208e-020
127.75  4.86314e-020
128.772  4.86405e-020
129.794  4.86479e-020
130.816  4.86537e-020
131.838  4.86578e-020
132.86  4.86603e-020
133.882  4.86611e-020
134.904  4.86603e-020
135.926  4.86578e-020
136.948  4.86535e-020
137.97  4.86475e-020
138.992  4.86398e-020
140.014  4.86304e-020
141.036  4.86192e-020
142.058  4.86062e-020
143.08  4.85914e-020
144.102  4.85748e-020
145.124  4.85563e-020
146.146  4.85361e-020
147.168  4.85139e-020
148.19  4.84899e-020
149.212  4.8464e-020
150.234  4.84361e-020
151.256  4.84064e-020
152.278  4.83746e-020
153.3  4.83409e-020
154.322  4.83052e-020
155.344  4.82675e-020
156.366  4.82277e-020
157.388  4.81858e-020
158.41  4.81419e-020
159.432  4.80959e-020
160.454  4.80477e-020
161.476  4.79973e-020
162.498  4.79448e-020
163.52  4.789e-020
164.542  4.7833e-020
165.564  4.77737e-020
166.586  4.77122e-020
167.608  4.76483e-020
168.63  4.7582e-020
169.652  4.75133e-020
170.674  4.74423e-020
171.696  4.73687e-020
172.718  4.72927e-020
173.74  4.72142e-020
174.762  4.71331e-020
175.784  4.70494e-020
176.806  4.6963e-020
177.828  4.6874e-020
178.85  4.67824e-020
179.872  4.66879e-020
180.894  4.65907e-020
181.916  4.64907e-020
182.938  4.63878e-020
183.96  4.6282e-020
184.982  4.61732e-020
186.004  4.60615e-020
187.026  4.59467e-020
188.048  4.58288e-020
189.07  4.57078e-020
190.092  4.55837e-020
191.114  4.54563e-020
192.136  4.53257e-020
193.158  4.51917e-020
194.18  4.50544e-020
195.202  4.49137e-020
196.224  4.47695e-020
197.246  4.46218e-020
198.268  4.44705e-020
199.29  4.43156e-020
200.312  4.41571e-020
201.334  4.39948e-020
202.356  4.38287e-020
203.378  4.36588e-020
204.4  4.3485e-020
205.422  4.33073e-020
206.444  4.31255e-020
207.466  4.29397e-020
208.488  4.27498e-020
209.51  4.25557e-020
210.532  4.23574e-020
211.554  4.21548e-020
212.576  4.19479e-020
213.598  4.17366e-020
214.62  4.15208e-020
215.642  4.13005e-020
216.664  4.10756e-020
217.686  4.08461e-020
218.708  4.0612e-020
219.73  4.0373e-020
220.752  4.01293e-020
221.774  3.98808e-020
222.796  3.96273e-020
223.818  3.93689e-020
224.84  3.91055e-020
225.862  3.8837e-020
226.884  3.85634e-020
227.906  3.82846e-020
228.928  3.80007e-020
229.95  3.77115e-020
230.972  3.74169e-020
231.994  3.7117e-020
233.016  3.68118e-020
234.038  3.65011e-020
235.06  3.61849e-020
236.082  3.58633e-020
237.104  3.55361e-020
238.126  3.52033e-020
239.148  3.48649e-020
240.17  3.45209e-020
241.192  3.41713e-020
242.214  3.38159e-020
243.236  3.34549e-020
244.258  3.30882e-020
245.28  3.27158e-020
246.302  3.23377e-020
247.324  3.19539e-020
248.346  3.15643e-020
249.368  3.11691e-020
250.39  3.07682e-020
251.412  3.03615e-020
252.434  2.99493e-020
253.456  2.95314e-020
254.478  2.91079e-020
255.5  2.86789e-020
256.522  2.82443e-020
257.544  2.78043e-020
258.566  2.7359e-020
259.588  2.69083e-020
260.61  2.64523e-020
261.632  2.59912e-020
262.654  2.5525e-020
263.676  2.50539e-020
264.698  2.45778e-020
265.72  2.40971e-020
266.742  2.36117e-020
267.764  2.31218e-020
268.786  2.26275e-020
269.808  2.21291e-020
270.83  2.16267e-020
271.852  2.11205e-020
272.874  2.06106e-020
273.896  2.00973e-020
274.918  1.95808e-020
275.94  1.90613e-020
276.962  1.8539e-020
277.984  1.80143e-020
279.006  1.74874e-020
280.028  1.69586e-020
281.05  1.64282e-020
282.072  1.58964e-020
283.094  1.53638e-020
284.116  1.48306e-020
285.138  1.42971e-020
286.16  1.37639e-020
287.182  1.32312e-020
288.204  1.26996e-020
289.226  1.21695e-020
290.248  1.16413e-020
291.27  1.11156e-020
292.292  1.05929e-020
293.314  1.00737e-020
294.336  9.55854e-021
295.358  9.04809e-021
296.38  8.54295e-021
297.402  8.04375e-021
298.424  7.55115e-021
299.446  7.06587e-021
300.468  6.58863e-021
301.49  6.12017e-021
302.512  5.6613e-021
303.534  5.21282e-021
304.556  4.77559e-021
305.578  4.35048e-021
306.6  3.93843e-021
307.622  3.54037e-021
308.644  3.15729e-021
309.666  2.79022e-021
310.688  2.44021e-021
311.71  2.10837e-021
312.732  1.79584e-021
313.754  1.50379e-021
314.776  1.23346e-021
315.798  9.86086e-022
316.82  7.62995e-022
317.842  5.65532e-022
318.864  3.95095e-022
319.886  2.53127e-022
320.908  1.41115e-022
321.93  6.05947e-023
322.952  1.31414e-023
