1.022  6.39951e-020
2.044  6.40808e-020
3.066  6.41659e-020
4.088  6.42503e-020
5.11  6.43339e-020
6.132  6.44168e-020
7.154  6.44988e-020
8.176  6.45798e-020
9.198  6.466e-020
10.22  6.47391e-020
11.242  6.48173e-020
12.264  6.48946e-020
13.286  6.4971e-020
14.308  6.50465e-020
15.33  6.51213e-020
16.352  6.51953e-020
17.374  6.52686e-020
18.396  6.53413e-020
19.418  6.54134e-020
20.44  6.54849e-020
21.462  6.55559e-020
22.484  6.56265e-020
23.506  6.56965e-020
24.528  6.57662e-020
25.55  6.58354e-020
26.572  6.59042e-020
27.594  6.59726e-020
28.616  6.60407e-020
29.638  6.61083e-020
30.66  6.61756e-020
31.682  6.62425e-020
32.704  6.63091e-020
33.726  6.63752e-020
34.748  6.64409e-020
35.77  6.65063e-020
36.792  6.65712e-020
37.814  6.66357e-020
38.836  6.66998e-020
39.858  6.67634e-020
40.88  6.68265e-020
41.902  6.68891e-020
42.924  6.69513e-020
43.946  6.70129e-020
44.968  6.70739e-020
45.99  6.71344e-020
47.012  6.71943e-020
48.034  6.72536e-020
49.056  6.73123e-020
50.078  6.73703e-020
51.1  6.74277e-020
52.122  6.74844e-020
53.144  6.75404e-020
54.166  6.75956e-020
55.188  6.76501e-020
56.21  6.77038e-020
57.232  6.77568e-020
58.254  6.78089e-020
59.276  6.78602e-020
60.298  6.79106e-020
61.32  6.79602e-020
62.342  6.80089e-020
63.364  6.80566e-020
64.386  6.81035e-020
65.408  6.81493e-020
66.43  6.81942e-020
67.452  6.82381e-020
68.474  6.8281e-020
69.496  6.83228e-020
70.518  6.83636e-020
71.54  6.84034e-020
72.562  6.8442e-020
73.584  6.84795e-020
74.606  6.85159e-020
75.628  6.85512e-020
76.65  6.85852e-020
77.672  6.86181e-020
78.694  6.86498e-020
79.716  6.86803e-020
80.738  6.87096e-020
81.76  6.87376e-020
82.782  6.87643e-020
83.804  6.87897e-020
84.826  6.88139e-020
85.848  6.88367e-020
86.87  6.88582e-020
87.892  6.88783e-020
88.914  6.88971e-020
89.936  6.89145e-020
90.958  6.89305e-020
91.98  6.89451e-020
93.002  6.89582e-020
94.024  6.89699e-020
95.046  6.89802e-020
96.068  6.8989e-020
97.09  6.89963e-020
98.112  6.9002e-020
99.134  6.90063e-020
100.156  6.90091e-020
101.178  6.90103e-020
102.2  6.90099e-020
103.222  6.9008e-020
104.244  6.90045e-020
105.266  6.89994e-020
106.288  6.89927e-020
107.31  6.89843e-020
108.332  6.89743e-020
109.354  6.89627e-020
110.376  6.89494e-020
111.398  6.89344e-020
112.42  6.89177e-020
113.442  6.88993e-020
114.464  6.88792e-020
115.486  6.88574e-020
116.508  6.88338e-020
117.53  6.88084e-020
118.552  6.87813e-020
119.574  6.87524e-020
120.596  6.87217e-020
121.618  6.86892e-020
122.64  6.86548e-020
123.662  6.86186e-020
124.684  6.85805e-020
125.706  6.85406e-020
126.728  6.84988e-020
127.75  6.8455e-020
128.772  6.84094e-020
129.794  6.83618e-020
130.816  6.83123e-020
131.838  6.82608e-020
132.86  6.82073e-020
133.882  6.81518e-020
134.904  6.80943e-020
135.926  6.80348e-020
136.948  6.79732e-020
137.97  6.79096e-020
138.992  6.78439e-020
140.014  6.77761e-020
141.036  6.77061e-020
142.058  6.76341e-020
143.08  6.75598e-020
144.102  6.74834e-020
145.124  6.74048e-020
146.146  6.73239e-020
147.168  6.72409e-020
148.19  6.71555e-020
149.212  6.70679e-020
150.234  6.69779e-020
151.256  6.68856e-020
152.278  6.6791e-020
153.3  6.6694e-020
154.322  6.65945e-020
155.344  6.64926e-020
156.366  6.63883e-020
157.388  6.62815e-020
158.41  6.61721e-020
159.432  6.60602e-020
160.454  6.59457e-020
161.476  6.58286e-020
162.498  6.57089e-020
163.52  6.55865e-020
164.542  6.54613e-020
165.564  6.53335e-020
166.586  6.52029e-020
167.608  6.50694e-020
168.63  6.49331e-020
169.652  6.47939e-020
170.674  6.46518e-020
171.696  6.45068e-020
172.718  6.43587e-020
173.74  6.42076e-020
174.762  6.40534e-020
175.784  6.3896e-020
176.806  6.37355e-020
177.828  6.35718e-020
178.85  6.34049e-020
179.872  6.32346e-020
180.894  6.30609e-020
181.916  6.28839e-020
182.938  6.27034e-020
183.96  6.25194e-020
184.982  6.23318e-020
186.004  6.21407e-020
187.026  6.19458e-020
188.048  6.17473e-020
189.07  6.1545e-020
190.092  6.13388e-020
191.114  6.11288e-020
192.136  6.09149e-020
193.158  6.06969e-020
194.18  6.04749e-020
195.202  6.02487e-020
196.224  6.00184e-020
197.246  5.97839e-020
198.268  5.9545e-020
199.29  5.93018e-020
200.312  5.90541e-020
201.334  5.8802e-020
202.356  5.85453e-020
203.378  5.82839e-020
204.4  5.80179e-020
205.422  5.77471e-020
206.444  5.74715e-020
207.466  5.7191e-020
208.488  5.69055e-020
209.51  5.6615e-020
210.532  5.63194e-020
211.554  5.60186e-020
212.576  5.57125e-020
213.598  5.54012e-020
214.62  5.50845e-020
215.642  5.47624e-020
216.664  5.44347e-020
217.686  5.41015e-020
218.708  5.37626e-020
219.73  5.34179e-020
220.752  5.30676e-020
221.774  5.27113e-020
222.796  5.23491e-020
223.818  5.1981e-020
224.84  5.16068e-020
225.862  5.12265e-020
226.884  5.08401e-020
227.906  5.04474e-020
228.928  5.00484e-020
229.95  4.96431e-020
230.972  4.92314e-020
231.994  4.88133e-020
233.016  4.83886e-020
234.038  4.79574e-020
235.06  4.75197e-020
236.082  4.70752e-020
237.104  4.66242e-020
238.126  4.61664e-020
239.148  4.57018e-020
240.17  4.52305e-020
241.192  4.47524e-020
242.214  4.42675e-020
243.236  4.37757e-020
244.258  4.32771e-020
245.28  4.27716e-020
246.302  4.22592e-020
247.324  4.174e-020
248.346  4.12139e-020
249.368  4.0681e-020
250.39  4.01413e-020
251.412  3.95947e-020
252.434  3.90414e-020
253.456  3.84813e-020
254.478  3.79146e-020
255.5  3.73412e-020
256.522  3.67613e-020
257.544  3.61748e-020
258.566  3.55819e-020
259.588  3.49827e-020
260.61  3.43773e-020
261.632  3.37657e-020
262.654  3.31481e-020
263.676  3.25246e-020
264.698  3.18954e-020
265.72  3.12606e-020
266.742  3.06203e-020
267.764  2.99748e-020
268.786  2.93242e-020
269.808  2.86688e-020
270.83  2.80087e-020
271.852  2.73441e-020
272.874  2.66754e-020
273.896  2.60028e-020
274.918  2.53266e-020
275.94  2.4647e-020
276.962  2.39644e-020
277.984  2.32791e-020
279.006  2.25915e-020
280.028  2.19019e-020
281.05  2.12107e-020
282.072  2.05183e-020
283.094  1.98252e-020
284.116  1.91318e-020
285.138  1.84386e-020
286.16  1.7746e-020
287.182  1.70547e-020
288.204  1.63651e-020
289.226  1.56779e-020
290.248  1.49936e-020
291.27  1.43129e-020
292.292  1.36364e-020
293.314  1.29648e-020
294.336  1.22988e-020
295.358  1.16393e-020
296.38  1.09869e-020
297.402  1.03424e-020
298.424  9.70685e-021
299.446  9.08097e-021
300.468  8.46574e-021
301.49  7.86209e-021
302.512  7.27104e-021
303.534  6.69362e-021
304.556  6.13089e-021
305.578  5.58399e-021
306.6  5.05407e-021
307.622  4.54234e-021
308.644  4.05005e-021
309.666  3.57849e-021
310.688  3.129e-021
311.71  2.70299e-021
312.732  2.30189e-021
313.754  1.9272e-021
314.776  1.58046e-021
315.798  1.26328e-021
316.82  9.77303e-022
317.842  7.24254e-022
318.864  5.05897e-022
319.886  3.24061e-022
320.908  1.80631e-022
321.93  7.75503e-023
322.952  1.6816e-023
