1.022  1.89883e-019
2.044  1.8951e-019
3.066  1.8914e-019
4.088  1.88773e-019
5.11  1.88408e-019
6.132  1.88046e-019
7.154  1.87686e-019
8.176  1.87328e-019
9.198  1.86972e-019
10.22  1.86617e-019
11.242  1.86265e-019
12.264  1.85914e-019
13.286  1.85565e-019
14.308  1.85218e-019
15.33  1.84874e-019
16.352  1.84531e-019
17.374  1.84191e-019
18.396  1.83853e-019
19.418  1.83518e-019
20.44  1.83185e-019
21.462  1.82855e-019
22.484  1.82528e-019
23.506  1.82203e-019
24.528  1.81881e-019
25.55  1.81562e-019
26.572  1.81246e-019
27.594  1.80933e-019
28.616  1.80622e-019
29.638  1.80314e-019
30.66  1.80009e-019
31.682  1.79706e-019
32.704  1.79407e-019
33.726  1.79109e-019
34.748  1.78814e-019
35.77  1.78522e-019
36.792  1.78232e-019
37.814  1.77944e-019
38.836  1.77659e-019
39.858  1.77376e-019
40.88  1.77095e-019
41.902  1.76816e-019
42.924  1.76538e-019
43.946  1.76263e-019
44.968  1.7599e-019
45.99  1.75718e-019
47.012  1.75448e-019
48.034  1.75179e-019
49.056  1.74912e-019
50.078  1.74646e-019
51.1  1.74382e-019
52.122  1.74119e-019
53.144  1.73857e-019
54.166  1.73596e-019
55.188  1.73336e-019
56.21  1.73077e-019
57.232  1.72819e-019
58.254  1.72562e-019
59.276  1.72305e-019
60.298  1.72049e-019
61.32  1.71793e-019
62.342  1.71538e-019
63.364  1.71284e-019
64.386  1.71029e-019
65.408  1.70775e-019
66.43  1.70522e-019
67.452  1.70268e-019
68.474  1.70014e-019
69.496  1.69761e-019
70.518  1.69507e-019
71.54  1.69253e-019
72.562  1.68999e-019
73.584  1.68745e-019
74.606  1.6849e-019
75.628  1.68235e-019
76.65  1.6798e-019
77.672  1.67724e-019
78.694  1.67468e-019
79.716  1.6721e-019
80.738  1.66953e-019
81.76  1.66694e-019
82.782  1.66435e-019
83.804  1.66175e-019
84.826  1.65914e-019
85.848  1.65652e-019
86.87  1.65389e-019
87.892  1.65126e-019
88.914  1.64861e-019
89.936  1.64595e-019
90.958  1.64327e-019
91.98  1.64059e-019
93.002  1.63789e-019
94.024  1.63518e-019
95.046  1.63246e-019
96.068  1.62972e-019
97.09  1.62697e-019
98.112  1.6242e-019
99.134  1.62141e-019
100.156  1.61862e-019
101.178  1.6158e-019
102.2  1.61297e-019
103.222  1.61012e-019
104.244  1.60725e-019
105.266  1.60437e-019
106.288  1.60147e-019
107.31  1.59855e-019
108.332  1.59561e-019
109.354  1.59265e-019
110.376  1.58967e-019
111.398  1.58667e-019
112.42  1.58365e-019
113.442  1.58061e-019
114.464  1.57755e-019
115.486  1.57447e-019
116.508  1.57137e-019
117.53  1.56824e-019
118.552  1.56509e-019
119.574  1.56192e-019
120.596  1.55873e-019
121.618  1.55551e-019
122.64  1.55227e-019
123.662  1.549e-019
124.684  1.54571e-019
125.706  1.54239e-019
126.728  1.53905e-019
127.75  1.53568e-019
128.772  1.53229e-019
129.794  1.52887e-019
130.816  1.52542e-019
131.838  1.52195e-019
132.86  1.51845e-019
133.882  1.51492e-019
134.904  1.51137e-019
135.926  1.50778e-019
136.948  1.50417e-019
137.97  1.50053e-019
138.992  1.49685e-019
140.014  1.49315e-019
141.036  1.48942e-019
142.058  1.48566e-019
143.08  1.48186e-019
144.102  1.47804e-019
145.124  1.47418e-019
146.146  1.47029e-019
147.168  1.46637e-019
148.19  1.46242e-019
149.212  1.45843e-019
150.234  1.45441e-019
151.256  1.45035e-019
152.278  1.44626e-019
153.3  1.44213e-019
154.322  1.43797e-019
155.344  1.43377e-019
156.366  1.42953e-019
157.388  1.42526e-019
158.41  1.42095e-019
159.432  1.4166e-019
160.454  1.41222e-019
161.476  1.40779e-019
162.498  1.40332e-019
163.52  1.39882e-019
164.542  1.39427e-019
165.564  1.38968e-019
166.586  1.38505e-019
167.608  1.38037e-019
168.63  1.37566e-019
169.652  1.37089e-019
170.674  1.36609e-019
171.696  1.36124e-019
172.718  1.35634e-019
173.74  1.35139e-019
174.762  1.3464e-019
175.784  1.34136e-019
176.806  1.33627e-019
177.828  1.33113e-019
178.85  1.32594e-019
179.872  1.3207e-019
180.894  1.31541e-019
181.916  1.31006e-019
182.938  1.30466e-019
183.96  1.29921e-019
184.982  1.2937e-019
186.004  1.28814e-019
187.026  1.28251e-019
188.048  1.27683e-019
189.07  1.27109e-019
190.092  1.26529e-019
191.114  1.25943e-019
192.136  1.25351e-019
193.158  1.24752e-019
194.18  1.24147e-019
195.202  1.23536e-019
196.224  1.22918e-019
197.246  1.22293e-019
198.268  1.21662e-019
199.29  1.21023e-019
200.312  1.20378e-019
201.334  1.19725e-019
202.356  1.19066e-019
203.378  1.18399e-019
204.4  1.17724e-019
205.422  1.17042e-019
206.444  1.16352e-019
207.466  1.15654e-019
208.488  1.14949e-019
209.51  1.14235e-019
210.532  1.13514e-019
211.554  1.12784e-019
212.576  1.12046e-019
213.598  1.11299e-019
214.62  1.10544e-019
215.642  1.0978e-019
216.664  1.09007e-019
217.686  1.08225e-019
218.708  1.07434e-019
219.73  1.06634e-019
220.752  1.05825e-019
221.774  1.05006e-019
222.796  1.04178e-019
223.818  1.03341e-019
224.84  1.02493e-019
225.862  1.01636e-019
226.884  1.00769e-019
227.906  9.98919e-020
228.928  9.90047e-020
229.95  9.81073e-020
230.972  9.71997e-020
231.994  9.62817e-020
233.016  9.53533e-020
234.038  9.44143e-020
235.06  9.34648e-020
236.082  9.25046e-020
237.104  9.15336e-020
238.126  9.0552e-020
239.148  8.95594e-020
240.17  8.85561e-020
241.192  8.75418e-020
242.214  8.65165e-020
243.236  8.54804e-020
244.258  8.44332e-020
245.28  8.33751e-020
246.302  8.23059e-020
247.324  8.12259e-020
248.346  8.01348e-020
249.368  7.90329e-020
250.39  7.792e-020
251.412  7.67964e-020
252.434  7.5662e-020
253.456  7.4517e-020
254.478  7.33613e-020
255.5  7.21952e-020
256.522  7.10187e-020
257.544  6.9832e-020
258.566  6.86352e-020
259.588  6.74286e-020
260.61  6.62122e-020
261.632  6.49863e-020
262.654  6.37511e-020
263.676  6.25068e-020
264.698  6.12537e-020
265.72  5.99922e-020
266.742  5.87224e-020
267.764  5.74447e-020
268.786  5.61596e-020
269.808  5.48672e-020
270.83  5.35681e-020
271.852  5.22627e-020
272.874  5.09513e-020
273.896  4.96346e-020
274.918  4.83131e-020
275.94  4.69871e-020
276.962  4.56574e-020
277.984  4.43246e-020
279.006  4.29892e-020
280.028  4.1652e-020
281.05  4.03137e-020
282.072  3.8975e-020
283.094  3.76367e-020
284.116  3.62997e-020
285.138  3.49647e-020
286.16  3.36329e-020
287.182  3.2305e-020
288.204  3.09821e-020
289.226  2.96652e-020
290.248  2.83555e-020
291.27  2.70542e-020
292.292  2.57623e-020
293.314  2.44812e-020
294.336  2.32121e-020
295.358  2.19566e-020
296.38  2.07159e-020
297.402  1.94915e-020
298.424  1.82851e-020
299.446  1.70982e-020
300.468  1.59326e-020
301.49  1.47899e-020
302.512  1.3672e-020
303.534  1.25808e-020
304.556  1.15182e-020
305.578  1.04863e-020
306.6  9.48722e-021
307.622  8.52315e-021
308.644  7.59636e-021
309.666  6.70924e-021
310.688  5.86422e-021
311.71  5.06387e-021
312.732  4.31081e-021
313.754  3.60777e-021
314.776  2.95759e-021
315.798  2.36318e-021
316.82  1.82757e-021
317.842  1.3539e-021
318.864  9.45385e-022
319.886  6.05379e-022
320.908  3.37326e-022
321.93  1.44777e-022
322.952  3.13835e-023
