1.022  1.10886e-019
2.044  1.11133e-019
3.066  1.1138e-019
4.088  1.11624e-019
5.11  1.11867e-019
6.132  1.12108e-019
7.154  1.12348e-019
8.176  1.12585e-019
9.198  1.1282e-019
10.22  1.13053e-019
11.242  1.13284e-019
12.264  1.13513e-019
13.286  1.1374e-019
14.308  1.13964e-019
15.33  1.14187e-019
16.352  1.14408e-019
17.374  1.14628e-019
18.396  1.14845e-019
19.418  1.15061e-019
20.44  1.15275e-019
21.462  1.15488e-019
22.484  1.15699e-019
23.506  1.15909e-019
24.528  1.16117e-019
25.55  1.16324e-019
26.572  1.16529e-019
27.594  1.16733e-019
28.616  1.16935e-019
29.638  1.17136e-019
30.66  1.17336e-019
31.682  1.17534e-019
32.704  1.17731e-019
33.726  1.17926e-019
34.748  1.1812e-019
35.77  1.18312e-019
36.792  1.18502e-019
37.814  1.18691e-019
38.836  1.18878e-019
39.858  1.19063e-019
40.88  1.19247e-019
41.902  1.19428e-019
42.924  1.19608e-019
43.946  1.19786e-019
44.968  1.19962e-019
45.99  1.20136e-019
47.012  1.20308e-019
48.034  1.20478e-019
49.056  1.20645e-019
50.078  1.20811e-019
51.1  1.20974e-019
52.122  1.21135e-019
53.144  1.21294e-019
54.166  1.2145e-019
55.188  1.21604e-019
56.21  1.21755e-019
57.232  1.21903e-019
58.254  1.2205e-019
59.276  1.22193e-019
60.298  1.22334e-019
61.32  1.22472e-019
62.342  1.22607e-019
63.364  1.22739e-019
64.386  1.22868e-019
65.408  1.22995e-019
66.43  1.23118e-019
67.452  1.23239e-019
68.474  1.23356e-019
69.496  1.2347e-019
70.518  1.23581e-019
71.54  1.23689e-019
72.562  1.23794e-019
73.584  1.23895e-019
74.606  1.23993e-019
75.628  1.24087e-019
76.65  1.24178e-019
77.672  1.24266e-019
78.694  1.24349e-019
79.716  1.2443e-019
80.738  1.24507e-019
81.76  1.2458e-019
82.782  1.24649e-019
83.804  1.24715e-019
84.826  1.24777e-019
85.848  1.24835e-019
86.87  1.24889e-019
87.892  1.24939e-019
88.914  1.24985e-019
89.936  1.25028e-019
90.958  1.25066e-019
91.98  1.251e-019
93.002  1.2513e-019
94.024  1.25156e-019
95.046  1.25178e-019
96.068  1.25196e-019
97.09  1.25209e-019
98.112  1.25218e-019
99.134  1.25223e-019
100.156  1.25224e-019
101.178  1.2522e-019
102.2  1.25211e-019
103.222  1.25199e-019
104.244  1.25181e-019
105.266  1.25159e-019
106.288  1.25133e-019
107.31  1.25102e-019
108.332  1.25067e-019
109.354  1.25026e-019
110.376  1.24981e-019
111.398  1.24932e-019
112.42  1.24877e-019
113.442  1.24818e-019
114.464  1.24754e-019
115.486  1.24685e-019
116.508  1.24612e-019
117.53  1.24533e-019
118.552  1.2445e-019
119.574  1.24361e-019
120.596  1.24267e-019
121.618  1.24169e-019
122.64  1.24065e-019
123.662  1.23956e-019
124.684  1.23843e-019
125.706  1.23724e-019
126.728  1.23599e-019
127.75  1.2347e-019
128.772  1.23335e-019
129.794  1.23195e-019
130.816  1.2305e-019
131.838  1.22899e-019
132.86  1.22743e-019
133.882  1.22582e-019
134.904  1.22415e-019
135.926  1.22243e-019
136.948  1.22065e-019
137.97  1.21882e-019
138.992  1.21693e-019
140.014  1.21498e-019
141.036  1.21298e-019
142.058  1.21092e-019
143.08  1.20881e-019
144.102  1.20664e-019
145.124  1.20441e-019
146.146  1.20212e-019
147.168  1.19977e-019
148.19  1.19737e-019
149.212  1.19491e-019
150.234  1.19238e-019
151.256  1.1898e-019
152.278  1.18716e-019
153.3  1.18446e-019
154.322  1.1817e-019
155.344  1.17887e-019
156.366  1.17599e-019
157.388  1.17304e-019
158.41  1.17003e-019
159.432  1.16696e-019
160.454  1.16383e-019
161.476  1.16063e-019
162.498  1.15737e-019
163.52  1.15405e-019
164.542  1.15066e-019
165.564  1.14721e-019
166.586  1.14369e-019
167.608  1.14011e-019
168.63  1.13647e-019
169.652  1.13275e-019
170.674  1.12897e-019
171.696  1.12513e-019
172.718  1.12121e-019
173.74  1.11723e-019
174.762  1.11318e-019
175.784  1.10906e-019
176.806  1.10488e-019
177.828  1.10062e-019
178.85  1.0963e-019
179.872  1.0919e-019
180.894  1.08744e-019
181.916  1.0829e-019
182.938  1.07829e-019
183.96  1.07362e-019
184.982  1.06887e-019
186.004  1.06404e-019
187.026  1.05915e-019
188.048  1.05418e-019
189.07  1.04914e-019
190.092  1.04402e-019
191.114  1.03883e-019
192.136  1.03357e-019
193.158  1.02823e-019
194.18  1.02282e-019
195.202  1.01733e-019
196.224  1.01176e-019
197.246  1.00612e-019
198.268  1.0004e-019
199.29  9.946e-020
200.312  9.88725e-020
201.334  9.82772e-020
202.356  9.76742e-020
203.378  9.70632e-020
204.4  9.64444e-020
205.422  9.58177e-020
206.444  9.5183e-020
207.466  9.45403e-020
208.488  9.38897e-020
209.51  9.3231e-020
210.532  9.25642e-020
211.554  9.18894e-020
212.576  9.12065e-020
213.598  9.05155e-020
214.62  8.98163e-020
215.642  8.9109e-020
216.664  8.83936e-020
217.686  8.767e-020
218.708  8.69381e-020
219.73  8.61981e-020
220.752  8.54499e-020
221.774  8.46936e-020
222.796  8.3929e-020
223.818  8.31562e-020
224.84  8.23753e-020
225.862  8.15862e-020
226.884  8.07889e-020
227.906  7.99835e-020
228.928  7.91699e-020
229.95  7.83483e-020
230.972  7.75186e-020
231.994  7.66809e-020
233.016  7.58352e-020
234.038  7.49815e-020
235.06  7.412e-020
236.082  7.32505e-020
237.104  7.23733e-020
238.126  7.14884e-020
239.148  7.05957e-020
240.17  6.96955e-020
241.192  6.87878e-020
242.214  6.78726e-020
243.236  6.69501e-020
244.258  6.60204e-020
245.28  6.50835e-020
246.302  6.41396e-020
247.324  6.31888e-020
248.346  6.22312e-020
249.368  6.12671e-020
250.39  6.02964e-020
251.412  5.93193e-020
252.434  5.83361e-020
253.456  5.73469e-020
254.478  5.63519e-020
255.5  5.53513e-020
256.522  5.43452e-020
257.544  5.33339e-020
258.566  5.23176e-020
259.588  5.12965e-020
260.61  5.02709e-020
261.632  4.92411e-020
262.654  4.82072e-020
263.676  4.71697e-020
264.698  4.61287e-020
265.72  4.50846e-020
266.742  4.40377e-020
267.764  4.29884e-020
268.786  4.1937e-020
269.808  4.08839e-020
270.83  3.98294e-020
271.852  3.87739e-020
272.874  3.77179e-020
273.896  3.66618e-020
274.918  3.5606e-020
275.94  3.45511e-020
276.962  3.34974e-020
277.984  3.24456e-020
279.006  3.1396e-020
280.028  3.03493e-020
281.05  2.93061e-020
282.072  2.82669e-020
283.094  2.72322e-020
284.116  2.62029e-020
285.138  2.51794e-020
286.16  2.41626e-020
287.182  2.3153e-020
288.204  2.21514e-020
289.226  2.11585e-020
290.248  2.01752e-020
291.27  1.92023e-020
292.292  1.82405e-020
293.314  1.72907e-020
294.336  1.63538e-020
295.358  1.54308e-020
296.38  1.45225e-020
297.402  1.363e-020
298.424  1.27542e-020
299.446  1.18963e-020
300.468  1.10572e-020
301.49  1.02381e-020
302.512  9.44008e-021
303.534  8.6644e-021
304.556  7.91225e-021
305.578  7.18487e-021
306.6  6.48356e-021
307.622  5.80963e-021
308.644  5.16447e-021
309.666  4.54948e-021
310.688  3.96611e-021
311.71  3.41586e-021
312.732  2.90026e-021
313.754  2.42089e-021
314.776  1.97938e-021
315.798  1.57739e-021
316.82  1.21666e-021
317.842  8.98936e-022
318.864  6.26035e-022
319.886  3.99818e-022
320.908  2.22191e-022
321.93  9.51084e-023
322.952  2.05617e-023
