1.022  5.91302e-020
2.044  5.9468e-020
3.066  5.98039e-020
4.088  6.0138e-020
5.11  6.04701e-020
6.132  6.08003e-020
7.154  6.11283e-020
8.176  6.14543e-020
9.198  6.1778e-020
10.22  6.20996e-020
11.242  6.24189e-020
12.264  6.27361e-020
13.286  6.3051e-020
14.308  6.33639e-020
15.33  6.36746e-020
16.352  6.39833e-020
17.374  6.42899e-020
18.396  6.45946e-020
19.418  6.48973e-020
20.44  6.51981e-020
21.462  6.54969e-020
22.484  6.5794e-020
23.506  6.60891e-020
24.528  6.63824e-020
25.55  6.66739e-020
26.572  6.69636e-020
27.594  6.72515e-020
28.616  6.75375e-020
29.638  6.78217e-020
30.66  6.81041e-020
31.682  6.83847e-020
32.704  6.86634e-020
33.726  6.89403e-020
34.748  6.92153e-020
35.77  6.94884e-020
36.792  6.97596e-020
37.814  7.00288e-020
38.836  7.02961e-020
39.858  7.05615e-020
40.88  7.08248e-020
41.902  7.10862e-020
42.924  7.13454e-020
43.946  7.16026e-020
44.968  7.18577e-020
45.99  7.21107e-020
47.012  7.23615e-020
48.034  7.26101e-020
49.056  7.28565e-020
50.078  7.31007e-020
51.1  7.33426e-020
52.122  7.35821e-020
53.144  7.38194e-020
54.166  7.40542e-020
55.188  7.42867e-020
56.21  7.45167e-020
57.232  7.47443e-020
58.254  7.49694e-020
59.276  7.5192e-020
60.298  7.5412e-020
61.32  7.56294e-020
62.342  7.58442e-020
63.364  7.60563e-020
64.386  7.62658e-020
65.408  7.64726e-020
66.43  7.66766e-020
67.452  7.68779e-020
68.474  7.70764e-020
69.496  7.7272e-020
70.518  7.74648e-020
71.54  7.76546e-020
72.562  7.78416e-020
73.584  7.80256e-020
74.606  7.82067e-020
75.628  7.83847e-020
76.65  7.85597e-020
77.672  7.87316e-020
78.694  7.89004e-020
79.716  7.90661e-020
80.738  7.92287e-020
81.76  7.93881e-020
82.782  7.95442e-020
83.804  7.96972e-020
84.826  7.98468e-020
85.848  7.99932e-020
86.87  8.01363e-020
87.892  8.0276e-020
88.914  8.04123e-020
89.936  8.05452e-020
90.958  8.06747e-020
91.98  8.08008e-020
93.002  8.09234e-020
94.024  8.10424e-020
95.046  8.1158e-020
96.068  8.127e-020
97.09  8.13784e-020
98.112  8.14832e-020
99.134  8.15843e-020
100.156  8.16818e-020
101.178  8.17756e-020
102.2  8.18657e-020
103.222  8.19521e-020
104.244  8.20347e-020
105.266  8.21135e-020
106.288  8.21885e-020
107.31  8.22597e-020
108.332  8.2327e-020
109.354  8.23904e-020
110.376  8.245e-020
111.398  8.25056e-020
112.42  8.25572e-020
113.442  8.26049e-020
114.464  8.26485e-020
115.486  8.26882e-020
116.508  8.27237e-020
117.53  8.27553e-020
118.552  8.27827e-020
119.574  8.28059e-020
120.596  8.28251e-020
121.618  8.284e-020
122.64  8.28508e-020
123.662  8.28574e-020
124.684  8.28597e-020
125.706  8.28577e-020
126.728  8.28514e-020
127.75  8.28409e-020
128.772  8.2826e-020
129.794  8.28067e-020
130.816  8.2783e-020
131.838  8.2755e-020
132.86  8.27225e-020
133.882  8.26855e-020
134.904  8.26441e-020
135.926  8.25981e-020
136.948  8.25476e-020
137.97  8.24926e-020
138.992  8.24329e-020
140.014  8.23687e-020
141.036  8.22998e-020
142.058  8.22263e-020
143.08  8.2148e-020
144.102  8.20651e-020
145.124  8.19775e-020
146.146  8.1885e-020
147.168  8.17878e-020
148.19  8.16858e-020
149.212  8.15789e-020
150.234  8.14672e-020
151.256  8.13506e-020
152.278  8.1229e-020
153.3  8.11025e-020
154.322  8.09711e-020
155.344  8.08346e-020
156.366  8.06931e-020
157.388  8.05466e-020
158.41  8.0395e-020
159.432  8.02382e-020
160.454  8.00763e-020
161.476  7.99093e-020
162.498  7.97371e-020
163.52  7.95596e-020
164.542  7.93769e-020
165.564  7.91889e-020
166.586  7.89956e-020
167.608  7.8797e-020
168.63  7.8593e-020
169.652  7.83836e-020
170.674  7.81688e-020
171.696  7.79485e-020
172.718  7.77227e-020
173.74  7.74915e-020
174.762  7.72546e-020
175.784  7.70122e-020
176.806  7.67643e-020
177.828  7.65106e-020
178.85  7.62514e-020
179.872  7.59864e-020
180.894  7.57157e-020
181.916  7.54392e-020
182.938  7.5157e-020
183.96  7.4869e-020
184.982  7.45751e-020
186.004  7.42754e-020
187.026  7.39698e-020
188.048  7.36582e-020
189.07  7.33407e-020
190.092  7.30172e-020
191.114  7.26877e-020
192.136  7.23522e-020
193.158  7.20106e-020
194.18  7.16629e-020
195.202  7.13092e-020
196.224  7.09492e-020
197.246  7.05831e-020
198.268  7.02108e-020
199.29  6.98323e-020
200.312  6.94476e-020
201.334  6.90566e-020
202.356  6.86593e-020
203.378  6.82558e-020
204.4  6.78458e-020
205.422  6.74296e-020
206.444  6.7007e-020
207.466  6.6578e-020
208.488  6.61426e-020
209.51  6.57009e-020
210.532  6.52526e-020
211.554  6.4798e-020
212.576  6.43369e-020
213.598  6.38694e-020
214.62  6.33954e-020
215.642  6.29149e-020
216.664  6.24279e-020
217.686  6.19345e-020
218.708  6.14346e-020
219.73  6.09282e-020
220.752  6.04153e-020
221.774  5.9896e-020
222.796  5.93702e-020
223.818  5.8838e-020
224.84  5.82993e-020
225.862  5.77541e-020
226.884  5.72026e-020
227.906  5.66447e-020
228.928  5.60804e-020
229.95  5.55098e-020
230.972  5.49328e-020
231.994  5.43496e-020
233.016  5.37601e-020
234.038  5.31644e-020
235.06  5.25626e-020
236.082  5.19546e-020
237.104  5.13405e-020
238.126  5.07205e-020
239.148  5.00945e-020
240.17  4.94626e-020
241.192  4.88248e-020
242.214  4.81813e-020
243.236  4.75322e-020
244.258  4.68774e-020
245.28  4.62171e-020
246.302  4.55514e-020
247.324  4.48804e-020
248.346  4.42042e-020
249.368  4.35229e-020
250.39  4.28365e-020
251.412  4.21453e-020
252.434  4.14494e-020
253.456  4.07488e-020
254.478  4.00438e-020
255.5  3.93345e-020
256.522  3.8621e-020
257.544  3.79035e-020
258.566  3.71822e-020
259.588  3.64572e-020
260.61  3.57288e-020
261.632  3.49971e-020
262.654  3.42624e-020
263.676  3.35248e-020
264.698  3.27846e-020
265.72  3.20421e-020
266.742  3.12974e-020
267.764  3.05508e-020
268.786  2.98025e-020
269.808  2.9053e-020
270.83  2.83023e-020
271.852  2.75509e-020
272.874  2.67991e-020
273.896  2.6047e-020
274.918  2.52952e-020
275.94  2.4544e-020
276.962  2.37936e-020
277.984  2.30445e-020
279.006  2.22971e-020
280.028  2.15517e-020
281.05  2.08087e-020
282.072  2.00687e-020
283.094  1.9332e-020
284.116  1.85991e-020
285.138  1.78704e-020
286.16  1.71465e-020
287.182  1.64279e-020
288.204  1.57151e-020
289.226  1.50086e-020
290.248  1.4309e-020
291.27  1.36168e-020
292.292  1.29328e-020
293.314  1.22574e-020
294.336  1.15913e-020
295.358  1.09352e-020
296.38  1.02897e-020
297.402  9.65554e-021
298.424  9.03346e-021
299.446  8.42418e-021
300.468  7.82846e-021
301.49  7.24708e-021
302.512  6.68086e-021
303.534  6.13062e-021
304.556  5.59723e-021
305.578  5.08156e-021
306.6  4.58453e-021
307.622  4.10707e-021
308.644  3.65013e-021
309.666  3.21471e-021
310.688  2.80183e-021
311.71  2.41252e-021
312.732  2.04786e-021
313.754  1.70895e-021
314.776  1.39692e-021
315.798  1.11294e-021
316.82  8.58194e-022
317.842  6.33912e-022
318.864  4.41348e-022
319.886  2.8179e-022
320.908  1.56556e-022
321.93  6.69944e-023
322.952  1.44796e-023
