1.022  3.95965e-021
2.044  4.06957e-021
3.066  4.18091e-021
4.088  4.29362e-021
5.11  4.40767e-021
6.132  4.52302e-021
7.154  4.63964e-021
8.176  4.75749e-021
9.198  4.87654e-021
10.22  4.99674e-021
11.242  5.11807e-021
12.264  5.24051e-021
13.286  5.364e-021
14.308  5.48854e-021
15.33  5.6141e-021
16.352  5.74063e-021
17.374  5.86813e-021
18.396  5.99656e-021
19.418  6.1259e-021
20.44  6.25611e-021
21.462  6.38718e-021
22.484  6.51909e-021
23.506  6.65179e-021
24.528  6.78527e-021
25.55  6.91951e-021
26.572  7.05447e-021
27.594  7.19013e-021
28.616  7.32646e-021
29.638  7.46344e-021
30.66  7.60105e-021
31.682  7.73924e-021
32.704  7.87801e-021
33.726  8.01732e-021
34.748  8.15714e-021
35.77  8.29746e-021
36.792  8.43823e-021
37.814  8.57945e-021
38.836  8.72107e-021
39.858  8.86308e-021
40.88  9.00544e-021
41.902  9.14814e-021
42.924  9.29114e-021
43.946  9.43442e-021
44.968  9.57795e-021
45.99  9.72171e-021
47.012  9.86567e-021
48.034  1.00098e-020
49.056  1.01541e-020
50.078  1.02985e-020
51.1  1.0443e-020
52.122  1.05875e-020
53.144  1.07322e-020
54.166  1.08768e-020
55.188  1.10214e-020
56.21  1.1166e-020
57.232  1.13105e-020
58.254  1.1455e-020
59.276  1.15993e-020
60.298  1.17435e-020
61.32  1.18876e-020
62.342  1.20315e-020
63.364  1.21751e-020
64.386  1.23185e-020
65.408  1.24617e-020
66.43  1.26046e-020
67.452  1.27472e-020
68.474  1.28894e-020
69.496  1.30313e-020
70.518  1.31729e-020
71.54  1.3314e-020
72.562  1.34547e-020
73.584  1.35949e-020
74.606  1.37347e-020
75.628  1.3874e-020
76.65  1.40127e-020
77.672  1.41509e-020
78.694  1.42886e-020
79.716  1.44256e-020
80.738  1.45621e-020
81.76  1.46979e-020
82.782  1.4833e-020
83.804  1.49675e-020
84.826  1.51013e-020
85.848  1.52343e-020
86.87  1.53666e-020
87.892  1.54981e-020
88.914  1.56289e-020
89.936  1.57588e-020
90.958  1.58879e-020
91.98  1.60161e-020
93.002  1.61434e-020
94.024  1.62699e-020
95.046  1.63954e-020
96.068  1.652e-020
97.09  1.66436e-020
98.112  1.67662e-020
99.134  1.68878e-020
100.156  1.70084e-020
101.178  1.71279e-020
102.2  1.72464e-020
103.222  1.73637e-020
104.244  1.74799e-020
105.266  1.7595e-020
106.288  1.7709e-020
107.31  1.78218e-020
108.332  1.79333e-020
109.354  1.80437e-020
110.376  1.81528e-020
111.398  1.82606e-020
112.42  1.83672e-020
113.442  1.84724e-020
114.464  1.85764e-020
115.486  1.8679e-020
116.508  1.87802e-020
117.53  1.888e-020
118.552  1.89785e-020
119.574  1.90755e-020
120.596  1.91711e-020
121.618  1.92651e-020
122.64  1.93578e-020
123.662  1.94489e-020
124.684  1.95384e-020
125.706  1.96265e-020
126.728  1.97129e-020
127.75  1.97978e-020
128.772  1.9881e-020
129.794  1.99627e-020
130.816  2.00427e-020
131.838  2.0121e-020
132.86  2.01976e-020
133.882  2.02725e-020
134.904  2.03457e-020
135.926  2.04171e-020
136.948  2.04868e-020
137.97  2.05547e-020
138.992  2.06208e-020
140.014  2.0685e-020
141.036  2.07474e-020
142.058  2.08079e-020
143.08  2.08665e-020
144.102  2.09232e-020
145.124  2.0978e-020
146.146  2.10309e-020
147.168  2.10817e-020
148.19  2.11306e-020
149.212  2.11775e-020
150.234  2.12223e-020
151.256  2.12651e-020
152.278  2.13059e-020
153.3  2.13445e-020
154.322  2.13811e-020
155.344  2.14155e-020
156.366  2.14477e-020
157.388  2.14778e-020
158.41  2.15057e-020
159.432  2.15315e-020
160.454  2.15549e-020
161.476  2.15762e-020
162.498  2.15952e-020
163.52  2.16119e-020
164.542  2.16263e-020
165.564  2.16384e-020
166.586  2.16481e-020
167.608  2.16555e-020
168.63  2.16606e-020
169.652  2.16632e-020
170.674  2.16634e-020
171.696  2.16612e-020
172.718  2.16566e-020
173.74  2.16495e-020
174.762  2.16399e-020
175.784  2.16278e-020
176.806  2.16132e-020
177.828  2.15961e-020
178.85  2.15764e-020
179.872  2.15542e-020
180.894  2.15294e-020
181.916  2.15019e-020
182.938  2.14719e-020
183.96  2.14393e-020
184.982  2.1404e-020
186.004  2.1366e-020
187.026  2.13254e-020
188.048  2.12821e-020
189.07  2.12361e-020
190.092  2.11874e-020
191.114  2.11359e-020
192.136  2.10817e-020
193.158  2.10248e-020
194.18  2.09651e-020
195.202  2.09026e-020
196.224  2.08373e-020
197.246  2.07693e-020
198.268  2.06984e-020
199.29  2.06247e-020
200.312  2.05482e-020
201.334  2.04689e-020
202.356  2.03867e-020
203.378  2.03017e-020
204.4  2.02138e-020
205.422  2.01231e-020
206.444  2.00295e-020
207.466  1.9933e-020
208.488  1.98336e-020
209.51  1.97314e-020
210.532  1.96263e-020
211.554  1.95183e-020
212.576  1.94074e-020
213.598  1.92936e-020
214.62  1.9177e-020
215.642  1.90574e-020
216.664  1.8935e-020
217.686  1.88097e-020
218.708  1.86815e-020
219.73  1.85505e-020
220.752  1.84166e-020
221.774  1.82799e-020
222.796  1.81403e-020
223.818  1.79978e-020
224.84  1.78526e-020
225.862  1.77045e-020
226.884  1.75536e-020
227.906  1.73999e-020
228.928  1.72435e-020
229.95  1.70843e-020
230.972  1.69224e-020
231.994  1.67578e-020
233.016  1.65904e-020
234.038  1.64204e-020
235.06  1.62477e-020
236.082  1.60725e-020
237.104  1.58946e-020
238.126  1.57141e-020
239.148  1.55311e-020
240.17  1.53456e-020
241.192  1.51577e-020
242.214  1.49673e-020
243.236  1.47745e-020
244.258  1.45793e-020
245.28  1.43818e-020
246.302  1.4182e-020
247.324  1.39801e-020
248.346  1.37759e-020
249.368  1.35696e-020
250.39  1.33612e-020
251.412  1.31508e-020
252.434  1.29384e-020
253.456  1.2724e-020
254.478  1.25079e-020
255.5  1.22899e-020
256.522  1.20702e-020
257.544  1.18489e-020
258.566  1.1626e-020
259.588  1.14015e-020
260.61  1.11756e-020
261.632  1.09484e-020
262.654  1.07199e-020
263.676  1.04902e-020
264.698  1.02594e-020
265.72  1.00276e-020
266.742  9.79482e-021
267.764  9.56125e-021
268.786  9.32696e-021
269.808  9.09205e-021
270.83  8.85662e-021
271.852  8.6208e-021
272.874  8.38468e-021
273.896  8.14839e-021
274.918  7.91205e-021
275.94  7.67578e-021
276.962  7.43971e-021
277.984  7.20398e-021
279.006  6.96871e-021
280.028  6.73406e-021
281.05  6.50016e-021
282.072  6.26716e-021
283.094  6.03522e-021
284.116  5.80449e-021
285.138  5.57513e-021
286.16  5.34731e-021
287.182  5.12121e-021
288.204  4.89699e-021
289.226  4.67483e-021
290.248  4.45493e-021
291.27  4.23746e-021
292.292  4.02263e-021
293.314  3.81064e-021
294.336  3.60169e-021
295.358  3.39598e-021
296.38  3.19375e-021
297.402  2.99521e-021
298.424  2.80058e-021
299.446  2.6101e-021
300.468  2.42401e-021
301.49  2.24255e-021
302.512  2.06598e-021
303.534  1.89455e-021
304.556  1.72852e-021
305.578  1.56817e-021
306.6  1.41376e-021
307.622  1.26559e-021
308.644  1.12394e-021
309.666  9.89107e-022
310.688  8.61395e-022
311.71  7.41115e-022
312.732  6.28582e-022
313.754  5.24122e-022
314.776  4.28066e-022
315.798  3.40752e-022
316.82  2.62529e-022
317.842  1.93748e-022
318.864  1.34773e-022
319.886  8.5971e-023
320.908  4.77195e-023
321.93  2.04014e-023
322.952  4.4052e-024
