1.022  1.07616e-020
2.044  1.05956e-020
3.066  1.04341e-020
4.088  1.02769e-020
5.11  1.01241e-020
6.132  9.97546e-021
7.154  9.83101e-021
8.176  9.69066e-021
9.198  9.55434e-021
10.22  9.42201e-021
11.242  9.2936e-021
12.264  9.16906e-021
13.286  9.04835e-021
14.308  8.93141e-021
15.33  8.8182e-021
16.352  8.70867e-021
17.374  8.60278e-021
18.396  8.50046e-021
19.418  8.40168e-021
20.44  8.30639e-021
21.462  8.21453e-021
22.484  8.12606e-021
23.506  8.04092e-021
24.528  7.95908e-021
25.55  7.88047e-021
26.572  7.80505e-021
27.594  7.73276e-021
28.616  7.66356e-021
29.638  7.5974e-021
30.66  7.53422e-021
31.682  7.47398e-021
32.704  7.41662e-021
33.726  7.3621e-021
34.748  7.31037e-021
35.77  7.26137e-021
36.792  7.21507e-021
37.814  7.17141e-021
38.836  7.13034e-021
39.858  7.09182e-021
40.88  7.0558e-021
41.902  7.02224e-021
42.924  6.99108e-021
43.946  6.96228e-021
44.968  6.9358e-021
45.99  6.91159e-021
47.012  6.88961e-021
48.034  6.86982e-021
49.056  6.85216e-021
50.078  6.83661e-021
51.1  6.8231e-021
52.122  6.81161e-021
53.144  6.80209e-021
54.166  6.79451e-021
55.188  6.78881e-021
56.21  6.78495e-021
57.232  6.78291e-021
58.254  6.78264e-021
59.276  6.78409e-021
60.298  6.78724e-021
61.32  6.79204e-021
62.342  6.79845e-021
63.364  6.80644e-021
64.386  6.81597e-021
65.408  6.827e-021
66.43  6.8395e-021
67.452  6.85343e-021
68.474  6.86875e-021
69.496  6.88543e-021
70.518  6.90343e-021
71.54  6.92272e-021
72.562  6.94327e-021
73.584  6.96503e-021
74.606  6.98798e-021
75.628  7.01208e-021
76.65  7.0373e-021
77.672  7.0636e-021
78.694  7.09096e-021
79.716  7.11933e-021
80.738  7.1487e-021
81.76  7.17902e-021
82.782  7.21026e-021
83.804  7.2424e-021
84.826  7.2754e-021
85.848  7.30922e-021
86.87  7.34385e-021
87.892  7.37925e-021
88.914  7.41539e-021
89.936  7.45224e-021
90.958  7.48977e-021
91.98  7.52794e-021
93.002  7.56674e-021
94.024  7.60613e-021
95.046  7.64608e-021
96.068  7.68657e-021
97.09  7.72757e-021
98.112  7.76904e-021
99.134  7.81096e-021
100.156  7.8533e-021
101.178  7.89603e-021
102.2  7.93914e-021
103.222  7.98258e-021
104.244  8.02633e-021
105.266  8.07036e-021
106.288  8.11466e-021
107.31  8.15919e-021
108.332  8.20392e-021
109.354  8.24882e-021
110.376  8.29388e-021
111.398  8.33907e-021
112.42  8.38436e-021
113.442  8.42972e-021
114.464  8.47512e-021
115.486  8.52055e-021
116.508  8.56598e-021
117.53  8.61138e-021
118.552  8.65673e-021
119.574  8.702e-021
120.596  8.74717e-021
121.618  8.79221e-021
122.64  8.8371e-021
123.662  8.88181e-021
124.684  8.92632e-021
125.706  8.97061e-021
126.728  9.01464e-021
127.75  9.05841e-021
128.772  9.10187e-021
129.794  9.14502e-021
130.816  9.18782e-021
131.838  9.23026e-021
132.86  9.2723e-021
133.882  9.31393e-021
134.904  9.35512e-021
135.926  9.39585e-021
136.948  9.4361e-021
137.97  9.47584e-021
138.992  9.51505e-021
140.014  9.55371e-021
141.036  9.59179e-021
142.058  9.62928e-021
143.08  9.66615e-021
144.102  9.70238e-021
145.124  9.73795e-021
146.146  9.77284e-021
147.168  9.80701e-021
148.19  9.84046e-021
149.212  9.87316e-021
150.234  9.9051e-021
151.256  9.93623e-021
152.278  9.96656e-021
153.3  9.99605e-021
154.322  1.00247e-020
155.344  1.00525e-020
156.366  1.00793e-020
157.388  1.01053e-020
158.41  1.01303e-020
159.432  1.01544e-020
160.454  1.01775e-020
161.476  1.01995e-020
162.498  1.02206e-020
163.52  1.02407e-020
164.542  1.02597e-020
165.564  1.02776e-020
166.586  1.02944e-020
167.608  1.03101e-020
168.63  1.03247e-020
169.652  1.03382e-020
170.674  1.03505e-020
171.696  1.03616e-020
172.718  1.03715e-020
173.74  1.03802e-020
174.762  1.03876e-020
175.784  1.03938e-020
176.806  1.03988e-020
177.828  1.04025e-020
178.85  1.04048e-020
179.872  1.04059e-020
180.894  1.04056e-020
181.916  1.0404e-020
182.938  1.0401e-020
183.96  1.03966e-020
184.982  1.03909e-020
186.004  1.03837e-020
187.026  1.03751e-020
188.048  1.03651e-020
189.07  1.03537e-020
190.092  1.03408e-020
191.114  1.03264e-020
192.136  1.03106e-020
193.158  1.02933e-020
194.18  1.02744e-020
195.202  1.02541e-020
196.224  1.02322e-020
197.246  1.02088e-020
198.268  1.01838e-020
199.29  1.01573e-020
200.312  1.01292e-020
201.334  1.00996e-020
202.356  1.00683e-020
203.378  1.00355e-020
204.4  1.00011e-020
205.422  9.96509e-021
206.444  9.92747e-021
207.466  9.88824e-021
208.488  9.8474e-021
209.51  9.80493e-021
210.532  9.76084e-021
211.554  9.71512e-021
212.576  9.66776e-021
213.598  9.61877e-021
214.62  9.56815e-021
215.642  9.51589e-021
216.664  9.46199e-021
217.686  9.40645e-021
218.708  9.34928e-021
219.73  9.29048e-021
220.752  9.23003e-021
221.774  9.16796e-021
222.796  9.10427e-021
223.818  9.03895e-021
224.84  8.97201e-021
225.862  8.90346e-021
226.884  8.83331e-021
227.906  8.76155e-021
228.928  8.68821e-021
229.95  8.61328e-021
230.972  8.53679e-021
231.994  8.45873e-021
233.016  8.37912e-021
234.038  8.29798e-021
235.06  8.2153e-021
236.082  8.13112e-021
237.104  8.04544e-021
238.126  7.95829e-021
239.148  7.86966e-021
240.17  7.7796e-021
241.192  7.6881e-021
242.214  7.5952e-021
243.236  7.50091e-021
244.258  7.40526e-021
245.28  7.30826e-021
246.302  7.20995e-021
247.324  7.11035e-021
248.346  7.00948e-021
249.368  6.90737e-021
250.39  6.80405e-021
251.412  6.69955e-021
252.434  6.5939e-021
253.456  6.48713e-021
254.478  6.37928e-021
255.5  6.27038e-021
256.522  6.16047e-021
257.544  6.04958e-021
258.566  5.93776e-021
259.588  5.82504e-021
260.61  5.71147e-021
261.632  5.59709e-021
262.654  5.48194e-021
263.676  5.36607e-021
264.698  5.24953e-021
265.72  5.13236e-021
266.742  5.01462e-021
267.764  4.89636e-021
268.786  4.77764e-021
269.808  4.65851e-021
270.83  4.53902e-021
271.852  4.41924e-021
272.874  4.29923e-021
273.896  4.17905e-021
274.918  4.05876e-021
275.94  3.93843e-021
276.962  3.81814e-021
277.984  3.69794e-021
279.006  3.57792e-021
280.028  3.45815e-021
281.05  3.3387e-021
282.072  3.21965e-021
283.094  3.10109e-021
284.116  2.98309e-021
285.138  2.86575e-021
286.16  2.74914e-021
287.182  2.63336e-021
288.204  2.51851e-021
289.226  2.40467e-021
290.248  2.29194e-021
291.27  2.18042e-021
292.292  2.07022e-021
293.314  1.96144e-021
294.336  1.85419e-021
295.358  1.74857e-021
296.38  1.6447e-021
297.402  1.5427e-021
298.424  1.44269e-021
299.446  1.34477e-021
300.468  1.24909e-021
301.49  1.15577e-021
302.512  1.06493e-021
303.534  9.76718e-022
304.556  8.91264e-022
305.578  8.0871e-022
306.6  7.29198e-022
307.622  6.52878e-022
308.644  5.79898e-022
309.666  5.10415e-022
310.688  4.44584e-022
311.71  3.82569e-022
312.732  3.24533e-022
313.754  2.70648e-022
314.776  2.21084e-022
315.798  1.76021e-022
316.82  1.35637e-022
317.842  1.0012e-022
318.864  6.96571e-023
319.886  4.44425e-023
320.908  2.46733e-023
321.93  1.05506e-023
322.952  2.27862e-024
