1.022  1.55585e-020
2.044  1.52989e-020
3.066  1.50448e-020
4.088  1.4796e-020
5.11  1.45524e-020
6.132  1.43141e-020
7.154  1.40809e-020
8.176  1.38527e-020
9.198  1.36294e-020
10.22  1.34111e-020
11.242  1.31976e-020
12.264  1.29888e-020
13.286  1.27848e-020
14.308  1.25855e-020
15.33  1.23907e-020
16.352  1.22006e-020
17.374  1.20149e-020
18.396  1.18337e-020
19.418  1.16569e-020
20.44  1.14844e-020
21.462  1.13162e-020
22.484  1.11522e-020
23.506  1.09925e-020
24.528  1.08368e-020
25.55  1.06852e-020
26.572  1.05376e-020
27.594  1.03939e-020
28.616  1.02541e-020
29.638  1.01182e-020
30.66  9.98601e-021
31.682  9.85754e-021
32.704  9.73272e-021
33.726  9.61149e-021
34.748  9.4938e-021
35.77  9.37959e-021
36.792  9.26881e-021
37.814  9.16139e-021
38.836  9.05729e-021
39.858  8.95644e-021
40.88  8.8588e-021
41.902  8.76431e-021
42.924  8.67291e-021
43.946  8.58456e-021
44.968  8.4992e-021
45.99  8.41678e-021
47.012  8.33724e-021
48.034  8.26055e-021
49.056  8.18664e-021
50.078  8.11546e-021
51.1  8.04698e-021
52.122  7.98114e-021
53.144  7.91789e-021
54.166  7.85719e-021
55.188  7.79898e-021
56.21  7.74323e-021
57.232  7.68988e-021
58.254  7.6389e-021
59.276  7.59023e-021
60.298  7.54383e-021
61.32  7.49966e-021
62.342  7.45768e-021
63.364  7.41784e-021
64.386  7.38011e-021
65.408  7.34443e-021
66.43  7.31076e-021
67.452  7.27908e-021
68.474  7.24933e-021
69.496  7.22147e-021
70.518  7.19548e-021
71.54  7.1713e-021
72.562  7.14889e-021
73.584  7.12823e-021
74.606  7.10927e-021
75.628  7.09197e-021
76.65  7.0763e-021
77.672  7.06222e-021
78.694  7.04969e-021
79.716  7.03868e-021
80.738  7.02915e-021
81.76  7.02106e-021
82.782  7.01439e-021
83.804  7.00909e-021
84.826  7.00513e-021
85.848  7.00248e-021
86.87  7.0011e-021
87.892  7.00096e-021
88.914  7.00202e-021
89.936  7.00426e-021
90.958  7.00763e-021
91.98  7.01212e-021
93.002  7.01768e-021
94.024  7.02428e-021
95.046  7.03189e-021
96.068  7.04048e-021
97.09  7.05002e-021
98.112  7.06048e-021
99.134  7.07182e-021
100.156  7.08402e-021
101.178  7.09705e-021
102.2  7.11087e-021
103.222  7.12545e-021
104.244  7.14078e-021
105.266  7.1568e-021
106.288  7.17351e-021
107.31  7.19087e-021
108.332  7.20884e-021
109.354  7.22741e-021
110.376  7.24654e-021
111.398  7.2662e-021
112.42  7.28637e-021
113.442  7.30701e-021
114.464  7.32811e-021
115.486  7.34963e-021
116.508  7.37155e-021
117.53  7.39384e-021
118.552  7.41646e-021
119.574  7.43941e-021
120.596  7.46264e-021
121.618  7.48613e-021
122.64  7.50986e-021
123.662  7.5338e-021
124.684  7.55792e-021
125.706  7.58219e-021
126.728  7.6066e-021
127.75  7.63112e-021
128.772  7.65572e-021
129.794  7.68037e-021
130.816  7.70505e-021
131.838  7.72974e-021
132.86  7.75441e-021
133.882  7.77904e-021
134.904  7.80359e-021
135.926  7.82806e-021
136.948  7.85241e-021
137.97  7.87661e-021
138.992  7.90066e-021
140.014  7.92451e-021
141.036  7.94816e-021
142.058  7.97156e-021
143.08  7.99471e-021
144.102  8.01758e-021
145.124  8.04014e-021
146.146  8.06238e-021
147.168  8.08426e-021
148.19  8.10577e-021
149.212  8.12689e-021
150.234  8.14759e-021
151.256  8.16786e-021
152.278  8.18766e-021
153.3  8.20698e-021
154.322  8.22579e-021
155.344  8.24408e-021
156.366  8.26183e-021
157.388  8.279e-021
158.41  8.29559e-021
159.432  8.31157e-021
160.454  8.32692e-021
161.476  8.34163e-021
162.498  8.35566e-021
163.52  8.369e-021
164.542  8.38164e-021
165.564  8.39355e-021
166.586  8.40471e-021
167.608  8.4151e-021
168.63  8.42471e-021
169.652  8.43352e-021
170.674  8.4415e-021
171.696  8.44864e-021
172.718  8.45493e-021
173.74  8.46034e-021
174.762  8.46486e-021
175.784  8.46847e-021
176.806  8.47115e-021
177.828  8.47289e-021
178.85  8.47367e-021
179.872  8.47347e-021
180.894  8.47228e-021
181.916  8.47009e-021
182.938  8.46687e-021
183.96  8.46261e-021
184.982  8.45731e-021
186.004  8.45093e-021
187.026  8.44348e-021
188.048  8.43493e-021
189.07  8.42527e-021
190.092  8.4145e-021
191.114  8.40259e-021
192.136  8.38953e-021
193.158  8.37532e-021
194.18  8.35994e-021
195.202  8.34338e-021
196.224  8.32562e-021
197.246  8.30666e-021
198.268  8.2865e-021
199.29  8.2651e-021
200.312  8.24248e-021
201.334  8.21862e-021
202.356  8.1935e-021
203.378  8.16713e-021
204.4  8.1395e-021
205.422  8.11059e-021
206.444  8.0804e-021
207.466  8.04893e-021
208.488  8.01617e-021
209.51  7.98211e-021
210.532  7.94674e-021
211.554  7.91007e-021
212.576  7.8721e-021
213.598  7.8328e-021
214.62  7.79219e-021
215.642  7.75027e-021
216.664  7.70702e-021
217.686  7.66245e-021
218.708  7.61655e-021
219.73  7.56934e-021
220.752  7.5208e-021
221.774  7.47094e-021
222.796  7.41976e-021
223.818  7.36726e-021
224.84  7.31345e-021
225.862  7.25833e-021
226.884  7.2019e-021
227.906  7.14416e-021
228.928  7.08513e-021
229.95  7.02481e-021
230.972  6.96321e-021
231.994  6.90033e-021
233.016  6.83618e-021
234.038  6.77078e-021
235.06  6.70412e-021
236.082  6.63623e-021
237.104  6.56711e-021
238.126  6.49677e-021
239.148  6.42523e-021
240.17  6.3525e-021
241.192  6.2786e-021
242.214  6.20354e-021
243.236  6.12734e-021
244.258  6.05001e-021
245.28  5.97158e-021
246.302  5.89205e-021
247.324  5.81146e-021
248.346  5.72982e-021
249.368  5.64715e-021
250.39  5.56348e-021
251.412  5.47883e-021
252.434  5.39323e-021
253.456  5.30669e-021
254.478  5.21926e-021
255.5  5.13094e-021
256.522  5.04178e-021
257.544  4.95181e-021
258.566  4.86105e-021
259.588  4.76954e-021
260.61  4.67731e-021
261.632  4.58439e-021
262.654  4.49083e-021
263.676  4.39665e-021
264.698  4.3019e-021
265.72  4.20662e-021
266.742  4.11085e-021
267.764  4.01462e-021
268.786  3.91799e-021
269.808  3.821e-021
270.83  3.72369e-021
271.852  3.62611e-021
272.874  3.52832e-021
273.896  3.43036e-021
274.918  3.33228e-021
275.94  3.23415e-021
276.962  3.136e-021
277.984  3.03791e-021
279.006  2.93994e-021
280.028  2.84213e-021
281.05  2.74455e-021
282.072  2.64728e-021
283.094  2.55037e-021
284.116  2.45388e-021
285.138  2.3579e-021
286.16  2.26249e-021
287.182  2.16773e-021
288.204  2.07369e-021
289.226  1.98045e-021
290.248  1.88808e-021
291.27  1.79668e-021
292.292  1.70632e-021
293.314  1.61709e-021
294.336  1.52907e-021
295.358  1.44237e-021
296.38  1.35707e-021
297.402  1.27327e-021
298.424  1.19106e-021
299.446  1.11055e-021
300.468  1.03184e-021
301.49  9.55037e-022
302.512  8.80248e-022
303.534  8.07586e-022
304.556  7.37164e-022
305.578  6.691e-022
306.6  6.03513e-022
307.622  5.40528e-022
308.644  4.80271e-022
309.666  4.22871e-022
310.688  3.68461e-022
311.71  3.17177e-022
312.732  2.6916e-022
313.754  2.24551e-022
314.776  1.83498e-022
315.798  1.46152e-022
316.82  1.12665e-022
317.842  8.31956e-023
318.864  5.79055e-023
319.886  3.69598e-023
320.908  2.05276e-023
321.93  8.78156e-024
322.952  1.89737e-024
