1.022  4.06542e-020
2.044  4.00256e-020
3.066  3.94062e-020
4.088  3.8796e-020
5.11  3.81949e-020
6.132  3.76026e-020
7.154  3.7019e-020
8.176  3.64441e-020
9.198  3.58776e-020
10.22  3.53195e-020
11.242  3.47698e-020
12.264  3.42283e-020
13.286  3.36949e-020
14.308  3.31696e-020
15.33  3.26523e-020
16.352  3.2143e-020
17.374  3.16415e-020
18.396  3.11478e-020
19.418  3.06619e-020
20.44  3.01837e-020
21.462  2.9713e-020
22.484  2.92498e-020
23.506  2.8794e-020
24.528  2.83456e-020
25.55  2.79044e-020
26.572  2.74703e-020
27.594  2.70433e-020
28.616  2.66234e-020
29.638  2.62103e-020
30.66  2.5804e-020
31.682  2.54044e-020
32.704  2.50114e-020
33.726  2.4625e-020
34.748  2.4245e-020
35.77  2.38713e-020
36.792  2.3504e-020
37.814  2.31427e-020
38.836  2.27876e-020
39.858  2.24385e-020
40.88  2.20953e-020
41.902  2.1758e-020
42.924  2.14263e-020
43.946  2.11004e-020
44.968  2.078e-020
45.99  2.04651e-020
47.012  2.01557e-020
48.034  1.98516e-020
49.056  1.95527e-020
50.078  1.92591e-020
51.1  1.89705e-020
52.122  1.8687e-020
53.144  1.84084e-020
54.166  1.81348e-020
55.188  1.78659e-020
56.21  1.76018e-020
57.232  1.73424e-020
58.254  1.70876e-020
59.276  1.68373e-020
60.298  1.65915e-020
61.32  1.63501e-020
62.342  1.61131e-020
63.364  1.58803e-020
64.386  1.56517e-020
65.408  1.54273e-020
66.43  1.5207e-020
67.452  1.49906e-020
68.474  1.47783e-020
69.496  1.45699e-020
70.518  1.43653e-020
71.54  1.41645e-020
72.562  1.39674e-020
73.584  1.3774e-020
74.606  1.35843e-020
75.628  1.33981e-020
76.65  1.32154e-020
77.672  1.30361e-020
78.694  1.28603e-020
79.716  1.26878e-020
80.738  1.25187e-020
81.76  1.23528e-020
82.782  1.219e-020
83.804  1.20305e-020
84.826  1.1874e-020
85.848  1.17206e-020
86.87  1.15701e-020
87.892  1.14227e-020
88.914  1.12781e-020
89.936  1.11364e-020
90.958  1.09975e-020
91.98  1.08614e-020
93.002  1.0728e-020
94.024  1.05973e-020
95.046  1.04693e-020
96.068  1.03438e-020
97.09  1.02209e-020
98.112  1.01005e-020
99.134  9.9825e-021
100.156  9.86697e-021
101.178  9.75382e-021
102.2  9.64302e-021
103.222  9.53451e-021
104.244  9.42826e-021
105.266  9.32423e-021
106.288  9.22238e-021
107.31  9.12268e-021
108.332  9.02508e-021
109.354  8.92954e-021
110.376  8.83603e-021
111.398  8.7445e-021
112.42  8.65493e-021
113.442  8.56728e-021
114.464  8.48151e-021
115.486  8.39757e-021
116.508  8.31545e-021
117.53  8.23509e-021
118.552  8.15648e-021
119.574  8.07956e-021
120.596  8.00431e-021
121.618  7.93069e-021
122.64  7.85868e-021
123.662  7.78823e-021
124.684  7.71931e-021
125.706  7.65189e-021
126.728  7.58593e-021
127.75  7.52141e-021
128.772  7.45829e-021
129.794  7.39655e-021
130.816  7.33614e-021
131.838  7.27704e-021
132.86  7.21921e-021
133.882  7.16264e-021
134.904  7.10727e-021
135.926  7.0531e-021
136.948  7.00008e-021
137.97  6.94818e-021
138.992  6.89738e-021
140.014  6.84765e-021
141.036  6.79896e-021
142.058  6.75128e-021
143.08  6.70458e-021
144.102  6.65884e-021
145.124  6.61402e-021
146.146  6.57011e-021
147.168  6.52706e-021
148.19  6.48487e-021
149.212  6.44349e-021
150.234  6.4029e-021
151.256  6.36308e-021
152.278  6.324e-021
153.3  6.28564e-021
154.322  6.24796e-021
155.344  6.21095e-021
156.366  6.17458e-021
157.388  6.13883e-021
158.41  6.10367e-021
159.432  6.06907e-021
160.454  6.03502e-021
161.476  6.00149e-021
162.498  5.96846e-021
163.52  5.9359e-021
164.542  5.90379e-021
165.564  5.87212e-021
166.586  5.84085e-021
167.608  5.80996e-021
168.63  5.77944e-021
169.652  5.74926e-021
170.674  5.71941e-021
171.696  5.68985e-021
172.718  5.66058e-021
173.74  5.63156e-021
174.762  5.60279e-021
175.784  5.57424e-021
176.806  5.54588e-021
177.828  5.51771e-021
178.85  5.48971e-021
179.872  5.46184e-021
180.894  5.43411e-021
181.916  5.40648e-021
182.938  5.37894e-021
183.96  5.35148e-021
184.982  5.32407e-021
186.004  5.2967e-021
187.026  5.26936e-021
188.048  5.24202e-021
189.07  5.21467e-021
190.092  5.18729e-021
191.114  5.15988e-021
192.136  5.1324e-021
193.158  5.10486e-021
194.18  5.07723e-021
195.202  5.0495e-021
196.224  5.02166e-021
197.246  4.99369e-021
198.268  4.96557e-021
199.29  4.93731e-021
200.312  4.90887e-021
201.334  4.88026e-021
202.356  4.85145e-021
203.378  4.82244e-021
204.4  4.79321e-021
205.422  4.76375e-021
206.444  4.73406e-021
207.466  4.70412e-021
208.488  4.67391e-021
209.51  4.64344e-021
210.532  4.61268e-021
211.554  4.58164e-021
212.576  4.5503e-021
213.598  4.51864e-021
214.62  4.48668e-021
215.642  4.45438e-021
216.664  4.42175e-021
217.686  4.38878e-021
218.708  4.35547e-021
219.73  4.32179e-021
220.752  4.28775e-021
221.774  4.25335e-021
222.796  4.21856e-021
223.818  4.1834e-021
224.84  4.14785e-021
225.862  4.1119e-021
226.884  4.07556e-021
227.906  4.03881e-021
228.928  4.00166e-021
229.95  3.9641e-021
230.972  3.92612e-021
231.994  3.88773e-021
233.016  3.84891e-021
234.038  3.80968e-021
235.06  3.77001e-021
236.082  3.72992e-021
237.104  3.6894e-021
238.126  3.64846e-021
239.148  3.60708e-021
240.17  3.56527e-021
241.192  3.52302e-021
242.214  3.48035e-021
243.236  3.43725e-021
244.258  3.39372e-021
245.28  3.34976e-021
246.302  3.30538e-021
247.324  3.26058e-021
248.346  3.21536e-021
249.368  3.16972e-021
250.39  3.12367e-021
251.412  3.07721e-021
252.434  3.03035e-021
253.456  2.98309e-021
254.478  2.93544e-021
255.5  2.88741e-021
256.522  2.839e-021
257.544  2.79022e-021
258.566  2.74107e-021
259.588  2.69158e-021
260.61  2.64174e-021
261.632  2.59156e-021
262.654  2.54107e-021
263.676  2.49026e-021
264.698  2.43915e-021
265.72  2.38776e-021
266.742  2.33609e-021
267.764  2.28417e-021
268.786  2.232e-021
269.808  2.1796e-021
270.83  2.127e-021
271.852  2.0742e-021
272.874  2.02123e-021
273.896  1.96811e-021
274.918  1.91485e-021
275.94  1.86148e-021
276.962  1.80803e-021
277.984  1.75451e-021
279.006  1.70095e-021
280.028  1.64737e-021
281.05  1.59382e-021
282.072  1.54031e-021
283.094  1.48687e-021
284.116  1.43354e-021
285.138  1.38035e-021
286.16  1.32733e-021
287.182  1.27453e-021
288.204  1.22197e-021
289.226  1.1697e-021
290.248  1.11776e-021
291.27  1.0662e-021
292.292  1.01505e-021
293.314  9.64366e-022
294.336  9.14199e-022
295.358  8.64598e-022
296.38  8.15616e-022
297.402  7.6731e-022
298.424  7.19738e-022
299.446  6.7296e-022
300.468  6.27039e-022
301.49  5.82042e-022
302.512  5.38037e-022
303.534  4.95096e-022
304.556  4.53293e-022
305.578  4.12705e-022
306.6  3.73415e-022
307.622  3.35504e-022
308.644  2.99062e-022
309.666  2.64179e-022
310.688  2.3095e-022
311.71  1.99473e-022
312.732  1.6985e-022
313.754  1.42189e-022
314.776  1.16599e-022
315.798  9.31963e-023
316.82  7.20999e-023
317.842  5.34339e-023
318.864  3.73271e-023
319.886  2.39134e-023
320.908  1.33314e-023
321.93  5.72469e-024
322.952  1.24163e-024
