1.022  7.52181e-020
2.044  7.41824e-020
3.066  7.31602e-020
4.088  7.21512e-020
5.11  7.11553e-020
6.132  7.01723e-020
7.154  6.92019e-020
8.176  6.82439e-020
9.198  6.72982e-020
10.22  6.63646e-020
11.242  6.54431e-020
12.264  6.45335e-020
13.286  6.36357e-020
14.308  6.27496e-020
15.33  6.18752e-020
16.352  6.10124e-020
17.374  6.01611e-020
18.396  5.93212e-020
19.418  5.84927e-020
20.44  5.76754e-020
21.462  5.68692e-020
22.484  5.60741e-020
23.506  5.52899e-020
24.528  5.45165e-020
25.55  5.37538e-020
26.572  5.30017e-020
27.594  5.226e-020
28.616  5.15287e-020
29.638  5.08076e-020
30.66  5.00966e-020
31.682  4.93956e-020
32.704  4.87044e-020
33.726  4.80229e-020
34.748  4.7351e-020
35.77  4.66885e-020
36.792  4.60354e-020
37.814  4.53915e-020
38.836  4.47567e-020
39.858  4.41308e-020
40.88  4.35138e-020
41.902  4.29055e-020
42.924  4.23059e-020
43.946  4.17146e-020
44.968  4.11318e-020
45.99  4.05572e-020
47.012  3.99908e-020
48.034  3.94323e-020
49.056  3.88818e-020
50.078  3.83391e-020
51.1  3.78041e-020
52.122  3.72767e-020
53.144  3.67567e-020
54.166  3.62442e-020
55.188  3.57389e-020
56.21  3.52408e-020
57.232  3.47498e-020
58.254  3.42658e-020
59.276  3.37886e-020
60.298  3.33183e-020
61.32  3.28546e-020
62.342  3.23976e-020
63.364  3.19471e-020
64.386  3.1503e-020
65.408  3.10652e-020
66.43  3.06337e-020
67.452  3.02084e-020
68.474  2.97892e-020
69.496  2.9376e-020
70.518  2.89687e-020
71.54  2.85672e-020
72.562  2.81715e-020
73.584  2.77815e-020
74.606  2.73971e-020
75.628  2.70182e-020
76.65  2.66448e-020
77.672  2.62768e-020
78.694  2.5914e-020
79.716  2.55566e-020
80.738  2.52043e-020
81.76  2.48571e-020
82.782  2.45149e-020
83.804  2.41777e-020
84.826  2.38454e-020
85.848  2.35179e-020
86.87  2.31952e-020
87.892  2.28771e-020
88.914  2.25638e-020
89.936  2.2255e-020
90.958  2.19507e-020
91.98  2.16508e-020
93.002  2.13554e-020
94.024  2.10643e-020
95.046  2.07774e-020
96.068  2.04948e-020
97.09  2.02163e-020
98.112  1.99419e-020
99.134  1.96716e-020
100.156  1.94053e-020
101.178  1.91429e-020
102.2  1.88843e-020
103.222  1.86297e-020
104.244  1.83787e-020
105.266  1.81315e-020
106.288  1.7888e-020
107.31  1.76481e-020
108.332  1.74118e-020
109.354  1.71789e-020
110.376  1.69496e-020
111.398  1.67237e-020
112.42  1.65011e-020
113.442  1.62819e-020
114.464  1.60659e-020
115.486  1.58532e-020
116.508  1.56437e-020
117.53  1.54373e-020
118.552  1.5234e-020
119.574  1.50337e-020
120.596  1.48365e-020
121.618  1.46422e-020
122.64  1.44509e-020
123.662  1.42624e-020
124.684  1.40768e-020
125.706  1.38939e-020
126.728  1.37138e-020
127.75  1.35365e-020
128.772  1.33618e-020
129.794  1.31897e-020
130.816  1.30202e-020
131.838  1.28533e-020
132.86  1.26889e-020
133.882  1.2527e-020
134.904  1.23675e-020
135.926  1.22104e-020
136.948  1.20557e-020
137.97  1.19033e-020
138.992  1.17532e-020
140.014  1.16054e-020
141.036  1.14598e-020
142.058  1.13164e-020
143.08  1.11751e-020
144.102  1.10359e-020
145.124  1.08989e-020
146.146  1.07639e-020
147.168  1.06309e-020
148.19  1.04999e-020
149.212  1.03708e-020
150.234  1.02437e-020
151.256  1.01185e-020
152.278  9.99509e-021
153.3  9.87354e-021
154.322  9.7538e-021
155.344  9.63582e-021
156.366  9.51958e-021
157.388  9.40506e-021
158.41  9.29221e-021
159.432  9.18102e-021
160.454  9.07145e-021
161.476  8.96348e-021
162.498  8.85707e-021
163.52  8.75221e-021
164.542  8.64885e-021
165.564  8.54699e-021
166.586  8.44659e-021
167.608  8.34762e-021
168.63  8.25006e-021
169.652  8.15388e-021
170.674  8.05906e-021
171.696  7.96557e-021
172.718  7.87339e-021
173.74  7.78249e-021
174.762  7.69285e-021
175.784  7.60445e-021
176.806  7.51726e-021
177.828  7.43126e-021
178.85  7.34643e-021
179.872  7.26274e-021
180.894  7.18017e-021
181.916  7.0987e-021
182.938  7.0183e-021
183.96  6.93896e-021
184.982  6.86066e-021
186.004  6.78336e-021
187.026  6.70706e-021
188.048  6.63173e-021
189.07  6.55735e-021
190.092  6.48389e-021
191.114  6.41135e-021
192.136  6.3397e-021
193.158  6.26891e-021
194.18  6.19898e-021
195.202  6.12988e-021
196.224  6.06159e-021
197.246  5.99409e-021
198.268  5.92737e-021
199.29  5.86141e-021
200.312  5.79618e-021
201.334  5.73167e-021
202.356  5.66787e-021
203.378  5.60474e-021
204.4  5.54229e-021
205.422  5.48048e-021
206.444  5.4193e-021
207.466  5.35874e-021
208.488  5.29877e-021
209.51  5.23939e-021
210.532  5.18056e-021
211.554  5.12228e-021
212.576  5.06454e-021
213.598  5.0073e-021
214.62  4.95056e-021
215.642  4.8943e-021
216.664  4.83851e-021
217.686  4.78316e-021
218.708  4.72825e-021
219.73  4.67375e-021
220.752  4.61966e-021
221.774  4.56594e-021
222.796  4.5126e-021
223.818  4.45961e-021
224.84  4.40697e-021
225.862  4.35464e-021
226.884  4.30262e-021
227.906  4.2509e-021
228.928  4.19945e-021
229.95  4.14827e-021
230.972  4.09733e-021
231.994  4.04663e-021
233.016  3.99615e-021
234.038  3.94587e-021
235.06  3.89578e-021
236.082  3.84587e-021
237.104  3.79612e-021
238.126  3.74652e-021
239.148  3.69705e-021
240.17  3.64771e-021
241.192  3.59846e-021
242.214  3.54932e-021
243.236  3.50025e-021
244.258  3.45125e-021
245.28  3.4023e-021
246.302  3.35339e-021
247.324  3.30451e-021
248.346  3.25565e-021
249.368  3.2068e-021
250.39  3.15793e-021
251.412  3.10905e-021
252.434  3.06014e-021
253.456  3.01119e-021
254.478  2.96218e-021
255.5  2.91312e-021
256.522  2.86399e-021
257.544  2.81477e-021
258.566  2.76547e-021
259.588  2.71607e-021
260.61  2.66657e-021
261.632  2.61696e-021
262.654  2.56723e-021
263.676  2.51738e-021
264.698  2.4674e-021
265.72  2.41728e-021
266.742  2.36704e-021
267.764  2.31665e-021
268.786  2.26612e-021
269.808  2.21545e-021
270.83  2.16464e-021
271.852  2.11368e-021
272.874  2.06259e-021
273.896  2.01137e-021
274.918  1.96002e-021
275.94  1.90854e-021
276.962  1.85694e-021
277.984  1.80524e-021
279.006  1.75344e-021
280.028  1.70155e-021
281.05  1.64959e-021
282.072  1.59758e-021
283.094  1.54552e-021
284.116  1.49345e-021
285.138  1.44138e-021
286.16  1.38933e-021
287.182  1.33734e-021
288.204  1.28542e-021
289.226  1.23362e-021
290.248  1.18196e-021
291.27  1.13048e-021
292.292  1.07922e-021
293.314  1.02822e-021
294.336  9.77526e-022
295.358  9.27191e-022
296.38  8.77263e-022
297.402  8.278e-022
298.424  7.7886e-022
299.446  7.30508e-022
300.468  6.82811e-022
301.49  6.3584e-022
302.512  5.89673e-022
303.534  5.44391e-022
304.556  5.0008e-022
305.578  4.5683e-022
306.6  4.14739e-022
307.622  3.73908e-022
308.644  3.34445e-022
309.666  2.96463e-022
310.688  2.60082e-022
311.71  2.25428e-022
312.732  1.92634e-022
313.754  1.61839e-022
314.776  1.33191e-022
315.798  1.06844e-022
316.82  8.2959e-023
317.842  6.17065e-023
318.864  4.32644e-023
319.886  2.78193e-023
320.908  1.55662e-023
321.93  6.70915e-024
322.952  1.46056e-024
