1.022  4.38561e-021
2.044  4.50943e-021
3.066  4.63332e-021
4.088  4.75728e-021
5.11  4.88129e-021
6.132  5.00533e-021
7.154  5.1294e-021
8.176  5.25347e-021
9.198  5.37755e-021
10.22  5.50161e-021
11.242  5.62565e-021
12.264  5.74966e-021
13.286  5.87363e-021
14.308  5.99757e-021
15.33  6.12146e-021
16.352  6.2453e-021
17.374  6.36909e-021
18.396  6.49282e-021
19.418  6.61649e-021
20.44  6.7401e-021
21.462  6.86364e-021
22.484  6.98711e-021
23.506  7.1105e-021
24.528  7.23381e-021
25.55  7.35704e-021
26.572  7.48017e-021
27.594  7.60321e-021
28.616  7.72614e-021
29.638  7.84896e-021
30.66  7.97167e-021
31.682  8.09425e-021
32.704  8.21671e-021
33.726  8.33903e-021
34.748  8.4612e-021
35.77  8.58322e-021
36.792  8.70508e-021
37.814  8.82678e-021
38.836  8.94829e-021
39.858  9.06963e-021
40.88  9.19077e-021
41.902  9.3117e-021
42.924  9.43243e-021
43.946  9.55293e-021
44.968  9.67321e-021
45.99  9.79325e-021
47.012  9.91304e-021
48.034  1.00326e-020
49.056  1.01518e-020
50.078  1.02708e-020
51.1  1.03895e-020
52.122  1.05079e-020
53.144  1.0626e-020
54.166  1.07438e-020
55.188  1.08613e-020
56.21  1.09784e-020
57.232  1.10952e-020
58.254  1.12116e-020
59.276  1.13277e-020
60.298  1.14434e-020
61.32  1.15587e-020
62.342  1.16736e-020
63.364  1.17881e-020
64.386  1.19022e-020
65.408  1.20159e-020
66.43  1.21291e-020
67.452  1.22419e-020
68.474  1.23542e-020
69.496  1.24661e-020
70.518  1.25775e-020
71.54  1.26884e-020
72.562  1.27988e-020
73.584  1.29087e-020
74.606  1.30181e-020
75.628  1.3127e-020
76.65  1.32354e-020
77.672  1.33431e-020
78.694  1.34504e-020
79.716  1.35571e-020
80.738  1.36632e-020
81.76  1.37687e-020
82.782  1.38736e-020
83.804  1.3978e-020
84.826  1.40817e-020
85.848  1.41848e-020
86.87  1.42873e-020
87.892  1.43891e-020
88.914  1.44903e-020
89.936  1.45908e-020
90.958  1.46906e-020
91.98  1.47898e-020
93.002  1.48883e-020
94.024  1.49861e-020
95.046  1.50832e-020
96.068  1.51795e-020
97.09  1.52752e-020
98.112  1.53701e-020
99.134  1.54642e-020
100.156  1.55576e-020
101.178  1.56503e-020
102.2  1.57422e-020
103.222  1.58332e-020
104.244  1.59235e-020
105.266  1.6013e-020
106.288  1.61017e-020
107.31  1.61896e-020
108.332  1.62766e-020
109.354  1.63628e-020
110.376  1.64481e-020
111.398  1.65326e-020
112.42  1.66162e-020
113.442  1.6699e-020
114.464  1.67808e-020
115.486  1.68618e-020
116.508  1.69418e-020
117.53  1.70209e-020
118.552  1.70991e-020
119.574  1.71764e-020
120.596  1.72527e-020
121.618  1.73281e-020
122.64  1.74024e-020
123.662  1.74759e-020
124.684  1.75483e-020
125.706  1.76197e-020
126.728  1.76901e-020
127.75  1.77595e-020
128.772  1.78278e-020
129.794  1.78951e-020
130.816  1.79614e-020
131.838  1.80266e-020
132.86  1.80907e-020
133.882  1.81537e-020
134.904  1.82156e-020
135.926  1.82764e-020
136.948  1.83361e-020
137.97  1.83946e-020
138.992  1.8452e-020
140.014  1.85083e-020
141.036  1.85633e-020
142.058  1.86172e-020
143.08  1.86699e-020
144.102  1.87214e-020
145.124  1.87716e-020
146.146  1.88206e-020
147.168  1.88683e-020
148.19  1.89148e-020
149.212  1.896e-020
150.234  1.90039e-020
151.256  1.90465e-020
152.278  1.90877e-020
153.3  1.91277e-020
154.322  1.91662e-020
155.344  1.92034e-020
156.366  1.92392e-020
157.388  1.92736e-020
158.41  1.93066e-020
159.432  1.93382e-020
160.454  1.93683e-020
161.476  1.93969e-020
162.498  1.94241e-020
163.52  1.94497e-020
164.542  1.94738e-020
165.564  1.94964e-020
166.586  1.95174e-020
167.608  1.95369e-020
168.63  1.95547e-020
169.652  1.9571e-020
170.674  1.95856e-020
171.696  1.95985e-020
172.718  1.96098e-020
173.74  1.96194e-020
174.762  1.96273e-020
175.784  1.96334e-020
176.806  1.96378e-020
177.828  1.96404e-020
178.85  1.96412e-020
179.872  1.96402e-020
180.894  1.96374e-020
181.916  1.96327e-020
182.938  1.96261e-020
183.96  1.96176e-020
184.982  1.96072e-020
186.004  1.95948e-020
187.026  1.95805e-020
188.048  1.95641e-020
189.07  1.95458e-020
190.092  1.95254e-020
191.114  1.95029e-020
192.136  1.94783e-020
193.158  1.94516e-020
194.18  1.94228e-020
195.202  1.93918e-020
196.224  1.93586e-020
197.246  1.93232e-020
198.268  1.92855e-020
199.29  1.92456e-020
200.312  1.92034e-020
201.334  1.91589e-020
202.356  1.91121e-020
203.378  1.90628e-020
204.4  1.90112e-020
205.422  1.89572e-020
206.444  1.89007e-020
207.466  1.88418e-020
208.488  1.87804e-020
209.51  1.87165e-020
210.532  1.865e-020
211.554  1.8581e-020
212.576  1.85093e-020
213.598  1.84351e-020
214.62  1.83583e-020
215.642  1.82788e-020
216.664  1.81966e-020
217.686  1.81117e-020
218.708  1.80241e-020
219.73  1.79337e-020
220.752  1.78406e-020
221.774  1.77447e-020
222.796  1.7646e-020
223.818  1.75444e-020
224.84  1.744e-020
225.862  1.73328e-020
226.884  1.72227e-020
227.906  1.71097e-020
228.928  1.69938e-020
229.95  1.68749e-020
230.972  1.67531e-020
231.994  1.66284e-020
233.016  1.65007e-020
234.038  1.637e-020
235.06  1.62364e-020
236.082  1.60997e-020
237.104  1.59601e-020
238.126  1.58175e-020
239.148  1.56718e-020
240.17  1.55232e-020
241.192  1.53715e-020
242.214  1.52169e-020
243.236  1.50592e-020
244.258  1.48986e-020
245.28  1.47349e-020
246.302  1.45683e-020
247.324  1.43987e-020
248.346  1.42261e-020
249.368  1.40506e-020
250.39  1.38722e-020
251.412  1.36909e-020
252.434  1.35067e-020
253.456  1.33196e-020
254.478  1.31297e-020
255.5  1.2937e-020
256.522  1.27416e-020
257.544  1.25434e-020
258.566  1.23426e-020
259.588  1.21391e-020
260.61  1.19331e-020
261.632  1.17245e-020
262.654  1.15134e-020
263.676  1.12999e-020
264.698  1.1084e-020
265.72  1.08659e-020
266.742  1.06455e-020
267.764  1.0423e-020
268.786  1.01984e-020
269.808  9.97186e-021
270.83  9.74343e-021
271.852  9.51322e-021
272.874  9.28132e-021
273.896  9.04784e-021
274.918  8.81289e-021
275.94  8.5766e-021
276.962  8.33908e-021
277.984  8.10047e-021
279.006  7.86091e-021
280.028  7.62053e-021
281.05  7.3795e-021
282.072  7.13796e-021
283.094  6.89608e-021
284.116  6.65404e-021
285.138  6.41202e-021
286.16  6.17019e-021
287.182  5.92877e-021
288.204  5.68794e-021
289.226  5.44793e-021
290.248  5.20896e-021
291.27  4.97126e-021
292.292  4.73507e-021
293.314  4.50064e-021
294.336  4.26822e-021
295.358  4.03809e-021
296.38  3.81053e-021
297.402  3.58584e-021
298.424  3.3643e-021
299.446  3.14624e-021
300.468  2.93198e-021
301.49  2.72186e-021
302.512  2.51622e-021
303.534  2.31544e-021
304.556  2.11987e-021
305.578  1.92992e-021
306.6  1.74598e-021
307.622  1.56847e-021
308.644  1.39781e-021
309.666  1.23445e-021
310.688  1.07886e-021
311.71  9.31494e-022
312.732  7.92853e-022
313.754  6.63441e-022
314.776  5.43779e-022
315.798  4.34406e-022
316.82  3.35878e-022
317.842  2.48767e-022
318.864  1.73664e-022
319.886  1.11177e-022
320.908  6.19326e-023
321.93  2.65732e-023
322.952  5.75854e-024
