1.022  3.59531e-020
2.044  3.61682e-020
3.066  3.63821e-020
4.088  3.65949e-020
5.11  3.68063e-020
6.132  3.70166e-020
7.154  3.72255e-020
8.176  3.7433e-020
9.198  3.76392e-020
10.22  3.78441e-020
11.242  3.80475e-020
12.264  3.82496e-020
13.286  3.84504e-020
14.308  3.86498e-020
15.33  3.8848e-020
16.352  3.90449e-020
17.374  3.92406e-020
18.396  3.94351e-020
19.418  3.96284e-020
20.44  3.98206e-020
21.462  4.00117e-020
22.484  4.02017e-020
23.506  4.03906e-020
24.528  4.05784e-020
25.55  4.07651e-020
26.572  4.09509e-020
27.594  4.11355e-020
28.616  4.13192e-020
29.638  4.15018e-020
30.66  4.16834e-020
31.682  4.18639e-020
32.704  4.20434e-020
33.726  4.22219e-020
34.748  4.23994e-020
35.77  4.25758e-020
36.792  4.27511e-020
37.814  4.29254e-020
38.836  4.30987e-020
39.858  4.32708e-020
40.88  4.34419e-020
41.902  4.36119e-020
42.924  4.37807e-020
43.946  4.39485e-020
44.968  4.41151e-020
45.99  4.42806e-020
47.012  4.44449e-020
48.034  4.46081e-020
49.056  4.477e-020
50.078  4.49308e-020
51.1  4.50903e-020
52.122  4.52487e-020
53.144  4.54057e-020
54.166  4.55616e-020
55.188  4.57161e-020
56.21  4.58694e-020
57.232  4.60213e-020
58.254  4.6172e-020
59.276  4.63213e-020
60.298  4.64693e-020
61.32  4.66159e-020
62.342  4.67611e-020
63.364  4.69049e-020
64.386  4.70473e-020
65.408  4.71883e-020
66.43  4.73279e-020
67.452  4.7466e-020
68.474  4.76026e-020
69.496  4.77378e-020
70.518  4.78714e-020
71.54  4.80035e-020
72.562  4.81341e-020
73.584  4.82632e-020
74.606  4.83907e-020
75.628  4.85166e-020
76.65  4.86409e-020
77.672  4.87637e-020
78.694  4.88848e-020
79.716  4.90042e-020
80.738  4.91221e-020
81.76  4.92382e-020
82.782  4.93527e-020
83.804  4.94655e-020
84.826  4.95766e-020
85.848  4.9686e-020
86.87  4.97936e-020
87.892  4.98995e-020
88.914  5.00036e-020
89.936  5.0106e-020
90.958  5.02065e-020
91.98  5.03053e-020
93.002  5.04023e-020
94.024  5.04974e-020
95.046  5.05907e-020
96.068  5.06821e-020
97.09  5.07716e-020
98.112  5.08593e-020
99.134  5.09451e-020
100.156  5.1029e-020
101.178  5.11109e-020
102.2  5.1191e-020
103.222  5.1269e-020
104.244  5.13451e-020
105.266  5.14193e-020
106.288  5.14914e-020
107.31  5.15616e-020
108.332  5.16297e-020
109.354  5.16959e-020
110.376  5.17599e-020
111.398  5.1822e-020
112.42  5.18819e-020
113.442  5.19398e-020
114.464  5.19956e-020
115.486  5.20493e-020
116.508  5.21009e-020
117.53  5.21503e-020
118.552  5.21976e-020
119.574  5.22428e-020
120.596  5.22857e-020
121.618  5.23265e-020
122.64  5.23651e-020
123.662  5.24015e-020
124.684  5.24356e-020
125.706  5.24676e-020
126.728  5.24972e-020
127.75  5.25246e-020
128.772  5.25497e-020
129.794  5.25725e-020
130.816  5.2593e-020
131.838  5.26112e-020
132.86  5.2627e-020
133.882  5.26404e-020
134.904  5.26515e-020
135.926  5.26602e-020
136.948  5.26665e-020
137.97  5.26703e-020
138.992  5.26717e-020
140.014  5.26707e-020
141.036  5.26672e-020
142.058  5.26612e-020
143.08  5.26526e-020
144.102  5.26416e-020
145.124  5.26279e-020
146.146  5.26118e-020
147.168  5.2593e-020
148.19  5.25716e-020
149.212  5.25476e-020
150.234  5.2521e-020
151.256  5.24916e-020
152.278  5.24596e-020
153.3  5.24249e-020
154.322  5.23874e-020
155.344  5.23472e-020
156.366  5.23042e-020
157.388  5.22584e-020
158.41  5.22098e-020
159.432  5.21583e-020
160.454  5.21039e-020
161.476  5.20466e-020
162.498  5.19864e-020
163.52  5.19233e-020
164.542  5.18571e-020
165.564  5.1788e-020
166.586  5.17158e-020
167.608  5.16405e-020
168.63  5.15622e-020
169.652  5.14807e-020
170.674  5.13961e-020
171.696  5.13082e-020
172.718  5.12172e-020
173.74  5.11229e-020
174.762  5.10253e-020
175.784  5.09245e-020
176.806  5.08202e-020
177.828  5.07126e-020
178.85  5.06016e-020
179.872  5.04871e-020
180.894  5.03691e-020
181.916  5.02476e-020
182.938  5.01226e-020
183.96  4.99939e-020
184.982  4.98616e-020
186.004  4.97257e-020
187.026  4.9586e-020
188.048  4.94426e-020
189.07  4.92954e-020
190.092  4.91444e-020
191.114  4.89894e-020
192.136  4.88306e-020
193.158  4.86679e-020
194.18  4.85011e-020
195.202  4.83303e-020
196.224  4.81554e-020
197.246  4.79764e-020
198.268  4.77932e-020
199.29  4.76059e-020
200.312  4.74142e-020
201.334  4.72183e-020
202.356  4.7018e-020
203.378  4.68134e-020
204.4  4.66043e-020
205.422  4.63908e-020
206.444  4.61727e-020
207.466  4.59501e-020
208.488  4.57229e-020
209.51  4.5491e-020
210.532  4.52545e-020
211.554  4.50132e-020
212.576  4.47671e-020
213.598  4.45162e-020
214.62  4.42605e-020
215.642  4.39998e-020
216.664  4.37342e-020
217.686  4.34637e-020
218.708  4.3188e-020
219.73  4.29074e-020
220.752  4.26216e-020
221.774  4.23306e-020
222.796  4.20345e-020
223.818  4.17332e-020
224.84  4.14266e-020
225.862  4.11148e-020
226.884  4.07976e-020
227.906  4.04751e-020
228.928  4.01472e-020
229.95  3.98139e-020
230.972  3.94752e-020
231.994  3.9131e-020
233.016  3.87813e-020
234.038  3.84262e-020
235.06  3.80656e-020
236.082  3.76994e-020
237.104  3.73277e-020
238.126  3.69504e-020
239.148  3.65676e-020
240.17  3.61793e-020
241.192  3.57854e-020
242.214  3.53859e-020
243.236  3.49809e-020
244.258  3.45704e-020
245.28  3.41544e-020
246.302  3.37328e-020
247.324  3.33058e-020
248.346  3.28733e-020
249.368  3.24354e-020
250.39  3.19922e-020
251.412  3.15436e-020
252.434  3.10897e-020
253.456  3.06305e-020
254.478  3.01662e-020
255.5  2.96968e-020
256.522  2.92223e-020
257.544  2.87429e-020
258.566  2.82585e-020
259.588  2.77694e-020
260.61  2.72756e-020
261.632  2.67772e-020
262.654  2.62743e-020
263.676  2.57671e-020
264.698  2.52557e-020
265.72  2.47402e-020
266.742  2.42207e-020
267.764  2.36975e-020
268.786  2.31707e-020
269.808  2.26404e-020
270.83  2.2107e-020
271.852  2.15704e-020
272.874  2.10311e-020
273.896  2.04892e-020
274.918  1.99449e-020
275.94  1.93985e-020
276.962  1.88502e-020
277.984  1.83004e-020
279.006  1.77493e-020
280.028  1.71972e-020
281.05  1.66444e-020
282.072  1.60913e-020
283.094  1.55382e-020
284.116  1.49855e-020
285.138  1.44335e-020
286.16  1.38827e-020
287.182  1.33335e-020
288.204  1.27863e-020
289.226  1.22416e-020
290.248  1.16998e-020
291.27  1.11614e-020
292.292  1.0627e-020
293.314  1.0097e-020
294.336  9.57212e-021
295.358  9.05284e-021
296.38  8.53978e-021
297.402  8.03357e-021
298.424  7.53486e-021
299.446  7.04433e-021
300.468  6.56269e-021
301.49  6.09065e-021
302.512  5.62898e-021
303.534  5.17846e-021
304.556  4.7399e-021
305.578  4.31415e-021
306.6  3.90208e-021
307.622  3.5046e-021
308.644  3.12264e-021
309.666  2.75717e-021
310.688  2.40919e-021
311.71  2.07975e-021
312.732  1.76991e-021
313.754  1.48079e-021
314.776  1.21353e-021
315.798  9.69315e-022
316.82  7.49368e-022
317.842  5.54953e-022
318.864  3.87371e-022
319.886  2.47965e-022
320.908  1.38119e-022
321.93  5.92575e-023
322.952  1.28405e-023
