1.022  5.6935e-020
2.044  5.7126e-020
3.066  5.73159e-020
4.088  5.75046e-020
5.11  5.76922e-020
6.132  5.78786e-020
7.154  5.80636e-020
8.176  5.82473e-020
9.198  5.84296e-020
10.22  5.86105e-020
11.242  5.879e-020
12.264  5.89681e-020
13.286  5.91449e-020
14.308  5.93204e-020
15.33  5.94946e-020
16.352  5.96676e-020
17.374  5.98394e-020
18.396  6.001e-020
19.418  6.01796e-020
20.44  6.0348e-020
21.462  6.05155e-020
22.484  6.06819e-020
23.506  6.08474e-020
24.528  6.10119e-020
25.55  6.11754e-020
26.572  6.1338e-020
27.594  6.14997e-020
28.616  6.16604e-020
29.638  6.18202e-020
30.66  6.19791e-020
31.682  6.21371e-020
32.704  6.22941e-020
33.726  6.24503e-020
34.748  6.26054e-020
35.77  6.27596e-020
36.792  6.29128e-020
37.814  6.30651e-020
38.836  6.32163e-020
39.858  6.33665e-020
40.88  6.35157e-020
41.902  6.36639e-020
42.924  6.38109e-020
43.946  6.39569e-020
44.968  6.41018e-020
45.99  6.42455e-020
47.012  6.43881e-020
48.034  6.45296e-020
49.056  6.46698e-020
50.078  6.48088e-020
51.1  6.49466e-020
52.122  6.50831e-020
53.144  6.52184e-020
54.166  6.53523e-020
55.188  6.54849e-020
56.21  6.56162e-020
57.232  6.57461e-020
58.254  6.58746e-020
59.276  6.60017e-020
60.298  6.61273e-020
61.32  6.62515e-020
62.342  6.63742e-020
63.364  6.64954e-020
64.386  6.66151e-020
65.408  6.67332e-020
66.43  6.68498e-020
67.452  6.69647e-020
68.474  6.7078e-020
69.496  6.71897e-020
70.518  6.72998e-020
71.54  6.74081e-020
72.562  6.75148e-020
73.584  6.76197e-020
74.606  6.77229e-020
75.628  6.78244e-020
76.65  6.7924e-020
77.672  6.80218e-020
78.694  6.81178e-020
79.716  6.8212e-020
80.738  6.83043e-020
81.76  6.83947e-020
82.782  6.84832e-020
83.804  6.85698e-020
84.826  6.86544e-020
85.848  6.87371e-020
86.87  6.88178e-020
87.892  6.88965e-020
88.914  6.89732e-020
89.936  6.90478e-020
90.958  6.91204e-020
91.98  6.91909e-020
93.002  6.92593e-020
94.024  6.93256e-020
95.046  6.93898e-020
96.068  6.94518e-020
97.09  6.95117e-020
98.112  6.95693e-020
99.134  6.96248e-020
100.156  6.96781e-020
101.178  6.97291e-020
102.2  6.97779e-020
103.222  6.98244e-020
104.244  6.98687e-020
105.266  6.99106e-020
106.288  6.99502e-020
107.31  6.99875e-020
108.332  7.00224e-020
109.354  7.0055e-020
110.376  7.00851e-020
111.398  7.01129e-020
112.42  7.01383e-020
113.442  7.01612e-020
114.464  7.01817e-020
115.486  7.01997e-020
116.508  7.02152e-020
117.53  7.02282e-020
118.552  7.02387e-020
119.574  7.02467e-020
120.596  7.02521e-020
121.618  7.0255e-020
122.64  7.02553e-020
123.662  7.02529e-020
124.684  7.0248e-020
125.706  7.02404e-020
126.728  7.02301e-020
127.75  7.02172e-020
128.772  7.02016e-020
129.794  7.01833e-020
130.816  7.01623e-020
131.838  7.01385e-020
132.86  7.0112e-020
133.882  7.00826e-020
134.904  7.00505e-020
135.926  7.00156e-020
136.948  6.99778e-020
137.97  6.99371e-020
138.992  6.98936e-020
140.014  6.98472e-020
141.036  6.97979e-020
142.058  6.97456e-020
143.08  6.96903e-020
144.102  6.96321e-020
145.124  6.95709e-020
146.146  6.95066e-020
147.168  6.94393e-020
148.19  6.93689e-020
149.212  6.92954e-020
150.234  6.92187e-020
151.256  6.9139e-020
152.278  6.9056e-020
153.3  6.89699e-020
154.322  6.88805e-020
155.344  6.87878e-020
156.366  6.86919e-020
157.388  6.85927e-020
158.41  6.84901e-020
159.432  6.83842e-020
160.454  6.82749e-020
161.476  6.81622e-020
162.498  6.80459e-020
163.52  6.79263e-020
164.542  6.7803e-020
165.564  6.76763e-020
166.586  6.75459e-020
167.608  6.7412e-020
168.63  6.72743e-020
169.652  6.7133e-020
170.674  6.6988e-020
171.696  6.68392e-020
172.718  6.66866e-020
173.74  6.65302e-020
174.762  6.63699e-020
175.784  6.62057e-020
176.806  6.60375e-020
177.828  6.58654e-020
178.85  6.56892e-020
179.872  6.55089e-020
180.894  6.53245e-020
181.916  6.5136e-020
182.938  6.49432e-020
183.96  6.47463e-020
184.982  6.4545e-020
186.004  6.43393e-020
187.026  6.41293e-020
188.048  6.39149e-020
189.07  6.3696e-020
190.092  6.34726e-020
191.114  6.32445e-020
192.136  6.30119e-020
193.158  6.27746e-020
194.18  6.25326e-020
195.202  6.22858e-020
196.224  6.20341e-020
197.246  6.17776e-020
198.268  6.15162e-020
199.29  6.12498e-020
200.312  6.09783e-020
201.334  6.07018e-020
202.356  6.04202e-020
203.378  6.01333e-020
204.4  5.98412e-020
205.422  5.95438e-020
206.444  5.92411e-020
207.466  5.8933e-020
208.488  5.86194e-020
209.51  5.83003e-020
210.532  5.79756e-020
211.554  5.76453e-020
212.576  5.73094e-020
213.598  5.69677e-020
214.62  5.66203e-020
215.642  5.6267e-020
216.664  5.59079e-020
217.686  5.55429e-020
218.708  5.51718e-020
219.73  5.47948e-020
220.752  5.44117e-020
221.774  5.40225e-020
222.796  5.36271e-020
223.818  5.32255e-020
224.84  5.28177e-020
225.862  5.24036e-020
226.884  5.19832e-020
227.906  5.15564e-020
228.928  5.11232e-020
229.95  5.06836e-020
230.972  5.02376e-020
231.994  4.9785e-020
233.016  4.93259e-020
234.038  4.88603e-020
235.06  4.83882e-020
236.082  4.79094e-020
237.104  4.74241e-020
238.126  4.69321e-020
239.148  4.64336e-020
240.17  4.59284e-020
241.192  4.54166e-020
242.214  4.48982e-020
243.236  4.43732e-020
244.258  4.38416e-020
245.28  4.33034e-020
246.302  4.27587e-020
247.324  4.22075e-020
248.346  4.16497e-020
249.368  4.10855e-020
250.39  4.05149e-020
251.412  3.99379e-020
252.434  3.93546e-020
253.456  3.87651e-020
254.478  3.81694e-020
255.5  3.75676e-020
256.522  3.69599e-020
257.544  3.63462e-020
258.566  3.57267e-020
259.588  3.51015e-020
260.61  3.44708e-020
261.632  3.38346e-020
262.654  3.31932e-020
263.676  3.25465e-020
264.698  3.18949e-020
265.72  3.12385e-020
266.742  3.05774e-020
267.764  2.9912e-020
268.786  2.92422e-020
269.808  2.85685e-020
270.83  2.7891e-020
271.852  2.721e-020
272.874  2.65257e-020
273.896  2.58384e-020
274.918  2.51485e-020
275.94  2.44561e-020
276.962  2.37617e-020
277.984  2.30655e-020
279.006  2.2368e-020
280.028  2.16695e-020
281.05  2.09704e-020
282.072  2.02711e-020
283.094  1.95721e-020
284.116  1.88737e-020
285.138  1.81765e-020
286.16  1.7481e-020
287.182  1.67877e-020
288.204  1.60971e-020
289.226  1.54098e-020
290.248  1.47263e-020
291.27  1.40474e-020
292.292  1.33736e-020
293.314  1.27055e-020
294.336  1.2044e-020
295.358  1.13897e-020
296.38  1.07434e-020
297.402  1.01058e-020
298.424  9.47774e-021
299.446  8.8601e-021
300.468  8.25374e-021
301.49  7.65957e-021
302.512  7.07854e-021
303.534  6.51161e-021
304.556  5.95981e-021
305.578  5.42419e-021
306.6  4.90584e-021
307.622  4.40589e-021
308.644  3.92551e-021
309.666  3.46592e-021
310.688  3.02836e-021
311.71  2.61415e-021
312.732  2.22462e-021
313.754  1.86115e-021
314.776  1.52519e-021
315.798  1.21822e-021
316.82  9.41767e-022
317.842  6.97418e-022
318.864  4.86803e-022
319.886  3.11607e-022
320.908  1.73565e-022
321.93  7.44636e-023
322.952  1.61352e-023
