1.022  8.68234e-020
2.044  8.69498e-020
3.066  8.70755e-020
4.088  8.72006e-020
5.11  8.73248e-020
6.132  8.74483e-020
7.154  8.75707e-020
8.176  8.76921e-020
9.198  8.78124e-020
10.22  8.79316e-020
11.242  8.80496e-020
12.264  8.81665e-020
13.286  8.82824e-020
14.308  8.83973e-020
15.33  8.85112e-020
16.352  8.86242e-020
17.374  8.87364e-020
18.396  8.88478e-020
19.418  8.89584e-020
20.44  8.90685e-020
21.462  8.91778e-020
22.484  8.92866e-020
23.506  8.93948e-020
24.528  8.95025e-020
25.55  8.96096e-020
26.572  8.97162e-020
27.594  8.98223e-020
28.616  8.99279e-020
29.638  9.0033e-020
30.66  9.01375e-020
31.682  9.02415e-020
32.704  9.0345e-020
33.726  9.04479e-020
34.748  9.05503e-020
35.77  9.0652e-020
36.792  9.07532e-020
37.814  9.08537e-020
38.836  9.09535e-020
39.858  9.10526e-020
40.88  9.1151e-020
41.902  9.12486e-020
42.924  9.13455e-020
43.946  9.14415e-020
44.968  9.15367e-020
45.99  9.16309e-020
47.012  9.17243e-020
48.034  9.18167e-020
49.056  9.19081e-020
50.078  9.19985e-020
51.1  9.20879e-020
52.122  9.21761e-020
53.144  9.22632e-020
54.166  9.23492e-020
55.188  9.24339e-020
56.21  9.25175e-020
57.232  9.25997e-020
58.254  9.26807e-020
59.276  9.27603e-020
60.298  9.28386e-020
61.32  9.29154e-020
62.342  9.29909e-020
63.364  9.30648e-020
64.386  9.31372e-020
65.408  9.32081e-020
66.43  9.32775e-020
67.452  9.33452e-020
68.474  9.34113e-020
69.496  9.34757e-020
70.518  9.35385e-020
71.54  9.35995e-020
72.562  9.36587e-020
73.584  9.37162e-020
74.606  9.37718e-020
75.628  9.38255e-020
76.65  9.38774e-020
77.672  9.39274e-020
78.694  9.39754e-020
79.716  9.40215e-020
80.738  9.40656e-020
81.76  9.41076e-020
82.782  9.41476e-020
83.804  9.41855e-020
84.826  9.42213e-020
85.848  9.42549e-020
86.87  9.42864e-020
87.892  9.43157e-020
88.914  9.43428e-020
89.936  9.43676e-020
90.958  9.43901e-020
91.98  9.44104e-020
93.002  9.44283e-020
94.024  9.44439e-020
95.046  9.44572e-020
96.068  9.4468e-020
97.09  9.44764e-020
98.112  9.44824e-020
99.134  9.44859e-020
100.156  9.44869e-020
101.178  9.44854e-020
102.2  9.44813e-020
103.222  9.44747e-020
104.244  9.44656e-020
105.266  9.44538e-020
106.288  9.44393e-020
107.31  9.44223e-020
108.332  9.44025e-020
109.354  9.43801e-020
110.376  9.43549e-020
111.398  9.4327e-020
112.42  9.42963e-020
113.442  9.42629e-020
114.464  9.42266e-020
115.486  9.41875e-020
116.508  9.41456e-020
117.53  9.41008e-020
118.552  9.40531e-020
119.574  9.40025e-020
120.596  9.39489e-020
121.618  9.38924e-020
122.64  9.38329e-020
123.662  9.37704e-020
124.684  9.37049e-020
125.706  9.36363e-020
126.728  9.35647e-020
127.75  9.34899e-020
128.772  9.34121e-020
129.794  9.33311e-020
130.816  9.3247e-020
131.838  9.31596e-020
132.86  9.30691e-020
133.882  9.29753e-020
134.904  9.28783e-020
135.926  9.2778e-020
136.948  9.26744e-020
137.97  9.25675e-020
138.992  9.24572e-020
140.014  9.23435e-020
141.036  9.22265e-020
142.058  9.2106e-020
143.08  9.1982e-020
144.102  9.18546e-020
145.124  9.17237e-020
146.146  9.15892e-020
147.168  9.14512e-020
148.19  9.13095e-020
149.212  9.11643e-020
150.234  9.10154e-020
151.256  9.08628e-020
152.278  9.07065e-020
153.3  9.05464e-020
154.322  9.03826e-020
155.344  9.0215e-020
156.366  9.00435e-020
157.388  8.98681e-020
158.41  8.96889e-020
159.432  8.95057e-020
160.454  8.93185e-020
161.476  8.91273e-020
162.498  8.89321e-020
163.52  8.87327e-020
164.542  8.85293e-020
165.564  8.83216e-020
166.586  8.81098e-020
167.608  8.78937e-020
168.63  8.76733e-020
169.652  8.74486e-020
170.674  8.72195e-020
171.696  8.6986e-020
172.718  8.6748e-020
173.74  8.65055e-020
174.762  8.62585e-020
175.784  8.60069e-020
176.806  8.57506e-020
177.828  8.54896e-020
178.85  8.52239e-020
179.872  8.49534e-020
180.894  8.4678e-020
181.916  8.43977e-020
182.938  8.41125e-020
183.96  8.38223e-020
184.982  8.3527e-020
186.004  8.32266e-020
187.026  8.2921e-020
188.048  8.26102e-020
189.07  8.22941e-020
190.092  8.19727e-020
191.114  8.16458e-020
192.136  8.13135e-020
193.158  8.09757e-020
194.18  8.06323e-020
195.202  8.02833e-020
196.224  7.99285e-020
197.246  7.9568e-020
198.268  7.92017e-020
199.29  7.88295e-020
200.312  7.84513e-020
201.334  7.80671e-020
202.356  7.76768e-020
203.378  7.72804e-020
204.4  7.68777e-020
205.422  7.64688e-020
206.444  7.60536e-020
207.466  7.56319e-020
208.488  7.52038e-020
209.51  7.47691e-020
210.532  7.43278e-020
211.554  7.38798e-020
212.576  7.34252e-020
213.598  7.29637e-020
214.62  7.24953e-020
215.642  7.20201e-020
216.664  7.15379e-020
217.686  7.10486e-020
218.708  7.05522e-020
219.73  7.00486e-020
220.752  6.95379e-020
221.774  6.90198e-020
222.796  6.84944e-020
223.818  6.79617e-020
224.84  6.74215e-020
225.862  6.68738e-020
226.884  6.63185e-020
227.906  6.57557e-020
228.928  6.51852e-020
229.95  6.46071e-020
230.972  6.40213e-020
231.994  6.34277e-020
233.016  6.28264e-020
234.038  6.22172e-020
235.06  6.16002e-020
236.082  6.09753e-020
237.104  6.03426e-020
238.126  5.9702e-020
239.148  5.90535e-020
240.17  5.8397e-020
241.192  5.77327e-020
242.214  5.70604e-020
243.236  5.63803e-020
244.258  5.56923e-020
245.28  5.49964e-020
246.302  5.42926e-020
247.324  5.35811e-020
248.346  5.28618e-020
249.368  5.21348e-020
250.39  5.14001e-020
251.412  5.06579e-020
252.434  4.99081e-020
253.456  4.91508e-020
254.478  4.83862e-020
255.5  4.76143e-020
256.522  4.68353e-020
257.544  4.60492e-020
258.566  4.52562e-020
259.588  4.44564e-020
260.61  4.365e-020
261.632  4.28371e-020
262.654  4.20179e-020
263.676  4.11926e-020
264.698  4.03614e-020
265.72  3.95244e-020
266.742  3.86821e-020
267.764  3.78344e-020
268.786  3.69818e-020
269.808  3.61245e-020
270.83  3.52628e-020
271.852  3.4397e-020
272.874  3.35274e-020
273.896  3.26544e-020
274.918  3.17782e-020
275.94  3.08994e-020
276.962  3.00183e-020
277.984  2.91353e-020
279.006  2.82509e-020
280.028  2.73655e-020
281.05  2.64796e-020
282.072  2.55938e-020
283.094  2.47085e-020
284.116  2.38244e-020
285.138  2.2942e-020
286.16  2.2062e-020
287.182  2.11849e-020
288.204  2.03115e-020
289.226  1.94425e-020
290.248  1.85786e-020
291.27  1.77205e-020
292.292  1.68691e-020
293.314  1.60252e-020
294.336  1.51897e-020
295.358  1.43634e-020
296.38  1.35474e-020
297.402  1.27425e-020
298.424  1.19498e-020
299.446  1.11703e-020
300.468  1.04052e-020
301.49  9.65558e-021
302.512  8.92262e-021
303.534  8.20754e-021
304.556  7.51163e-021
305.578  6.8362e-021
306.6  6.18262e-021
307.622  5.5523e-021
308.644  4.94672e-021
309.666  4.36739e-021
310.688  3.81588e-021
311.71  3.29383e-021
312.732  2.80292e-021
313.754  2.3449e-021
314.776  1.92156e-021
315.798  1.53477e-021
316.82  1.18645e-021
317.842  8.78595e-022
318.864  6.13252e-022
319.886  3.92541e-022
320.908  2.18641e-022
321.93  9.3801e-023
322.952  2.03251e-023
