1.022  1.47256e-019
2.044  1.47566e-019
3.066  1.47873e-019
4.088  1.48178e-019
5.11  1.48481e-019
6.132  1.48782e-019
7.154  1.4908e-019
8.176  1.49375e-019
9.198  1.49668e-019
10.22  1.49958e-019
11.242  1.50245e-019
12.264  1.50529e-019
13.286  1.5081e-019
14.308  1.51089e-019
15.33  1.51365e-019
16.352  1.51639e-019
17.374  1.5191e-019
18.396  1.52179e-019
19.418  1.52446e-019
20.44  1.52711e-019
21.462  1.52974e-019
22.484  1.53235e-019
23.506  1.53494e-019
24.528  1.53751e-019
25.55  1.54007e-019
26.572  1.5426e-019
27.594  1.54512e-019
28.616  1.54762e-019
29.638  1.5501e-019
30.66  1.55257e-019
31.682  1.55501e-019
32.704  1.55744e-019
33.726  1.55985e-019
34.748  1.56224e-019
35.77  1.56461e-019
36.792  1.56696e-019
37.814  1.56929e-019
38.836  1.5716e-019
39.858  1.57388e-019
40.88  1.57615e-019
41.902  1.57839e-019
42.924  1.58062e-019
43.946  1.58281e-019
44.968  1.58499e-019
45.99  1.58714e-019
47.012  1.58926e-019
48.034  1.59136e-019
49.056  1.59344e-019
50.078  1.59548e-019
51.1  1.5975e-019
52.122  1.59949e-019
53.144  1.60145e-019
54.166  1.60338e-019
55.188  1.60529e-019
56.21  1.60716e-019
57.232  1.609e-019
58.254  1.61081e-019
59.276  1.61259e-019
60.298  1.61433e-019
61.32  1.61604e-019
62.342  1.61772e-019
63.364  1.61936e-019
64.386  1.62096e-019
65.408  1.62253e-019
66.43  1.62407e-019
67.452  1.62556e-019
68.474  1.62702e-019
69.496  1.62844e-019
70.518  1.62982e-019
71.54  1.63116e-019
72.562  1.63247e-019
73.584  1.63373e-019
74.606  1.63495e-019
75.628  1.63613e-019
76.65  1.63726e-019
77.672  1.63836e-019
78.694  1.63941e-019
79.716  1.64042e-019
80.738  1.64138e-019
81.76  1.6423e-019
82.782  1.64317e-019
83.804  1.644e-019
84.826  1.64478e-019
85.848  1.64551e-019
86.87  1.6462e-019
87.892  1.64684e-019
88.914  1.64743e-019
89.936  1.64797e-019
90.958  1.64847e-019
91.98  1.64891e-019
93.002  1.64931e-019
94.024  1.64965e-019
95.046  1.64994e-019
96.068  1.65018e-019
97.09  1.65037e-019
98.112  1.65051e-019
99.134  1.65059e-019
100.156  1.65063e-019
101.178  1.6506e-019
102.2  1.65053e-019
103.222  1.6504e-019
104.244  1.65021e-019
105.266  1.64997e-019
106.288  1.64968e-019
107.31  1.64932e-019
108.332  1.64892e-019
109.354  1.64845e-019
110.376  1.64793e-019
111.398  1.64735e-019
112.42  1.64671e-019
113.442  1.64601e-019
114.464  1.64526e-019
115.486  1.64445e-019
116.508  1.64357e-019
117.53  1.64264e-019
118.552  1.64164e-019
119.574  1.64059e-019
120.596  1.63947e-019
121.618  1.63829e-019
122.64  1.63705e-019
123.662  1.63575e-019
124.684  1.63439e-019
125.706  1.63296e-019
126.728  1.63147e-019
127.75  1.62991e-019
128.772  1.62829e-019
129.794  1.62661e-019
130.816  1.62486e-019
131.838  1.62305e-019
132.86  1.62117e-019
133.882  1.61922e-019
134.904  1.61721e-019
135.926  1.61513e-019
136.948  1.61298e-019
137.97  1.61076e-019
138.992  1.60848e-019
140.014  1.60613e-019
141.036  1.6037e-019
142.058  1.60121e-019
143.08  1.59865e-019
144.102  1.59602e-019
145.124  1.59332e-019
146.146  1.59054e-019
147.168  1.5877e-019
148.19  1.58478e-019
149.212  1.58179e-019
150.234  1.57872e-019
151.256  1.57559e-019
152.278  1.57238e-019
153.3  1.56909e-019
154.322  1.56573e-019
155.344  1.56229e-019
156.366  1.55878e-019
157.388  1.55519e-019
158.41  1.55152e-019
159.432  1.54778e-019
160.454  1.54396e-019
161.476  1.54005e-019
162.498  1.53607e-019
163.52  1.53201e-019
164.542  1.52787e-019
165.564  1.52365e-019
166.586  1.51935e-019
167.608  1.51496e-019
168.63  1.5105e-019
169.652  1.50595e-019
170.674  1.50131e-019
171.696  1.49659e-019
172.718  1.49179e-019
173.74  1.4869e-019
174.762  1.48193e-019
175.784  1.47686e-019
176.806  1.47171e-019
177.828  1.46648e-019
178.85  1.46115e-019
179.872  1.45573e-019
180.894  1.45023e-019
181.916  1.44463e-019
182.938  1.43894e-019
183.96  1.43316e-019
184.982  1.42729e-019
186.004  1.42132e-019
187.026  1.41526e-019
188.048  1.4091e-019
189.07  1.40285e-019
190.092  1.3965e-019
191.114  1.39006e-019
192.136  1.38352e-019
193.158  1.37688e-019
194.18  1.37014e-019
195.202  1.3633e-019
196.224  1.35636e-019
197.246  1.34931e-019
198.268  1.34217e-019
199.29  1.33492e-019
200.312  1.32758e-019
201.334  1.32012e-019
202.356  1.31256e-019
203.378  1.3049e-019
204.4  1.29713e-019
205.422  1.28925e-019
206.444  1.28127e-019
207.466  1.27318e-019
208.488  1.26498e-019
209.51  1.25667e-019
210.532  1.24825e-019
211.554  1.23972e-019
212.576  1.23108e-019
213.598  1.22233e-019
214.62  1.21346e-019
215.642  1.20449e-019
216.664  1.19539e-019
217.686  1.18619e-019
218.708  1.17687e-019
219.73  1.16744e-019
220.752  1.15789e-019
221.774  1.14823e-019
222.796  1.13845e-019
223.818  1.12856e-019
224.84  1.11855e-019
225.862  1.10842e-019
226.884  1.09818e-019
227.906  1.08782e-019
228.928  1.07734e-019
229.95  1.06675e-019
230.972  1.05603e-019
231.994  1.04521e-019
233.016  1.03426e-019
234.038  1.0232e-019
235.06  1.01203e-019
236.082  1.00074e-019
237.104  9.8933e-020
238.126  9.77809e-020
239.148  9.66172e-020
240.17  9.54422e-020
241.192  9.42559e-020
242.214  9.30584e-020
243.236  9.18497e-020
244.258  9.06299e-020
245.28  8.93993e-020
246.302  8.81578e-020
247.324  8.69056e-020
248.346  8.56428e-020
249.368  8.43696e-020
250.39  8.30862e-020
251.412  8.17927e-020
252.434  8.04893e-020
253.456  7.91762e-020
254.478  7.78536e-020
255.5  7.65218e-020
256.522  7.5181e-020
257.544  7.38314e-020
258.566  7.24733e-020
259.588  7.1107e-020
260.61  6.97328e-020
261.632  6.8351e-020
262.654  6.69621e-020
263.676  6.55662e-020
264.698  6.41639e-020
265.72  6.27554e-020
266.742  6.13413e-020
267.764  5.9922e-020
268.786  5.84979e-020
269.808  5.70695e-020
270.83  5.56373e-020
271.852  5.42019e-020
272.874  5.27638e-020
273.896  5.13237e-020
274.918  4.9882e-020
275.94  4.84395e-020
276.962  4.69968e-020
277.984  4.55546e-020
279.006  4.41136e-020
280.028  4.26746e-020
281.05  4.12384e-020
282.072  3.98058e-020
283.094  3.83776e-020
284.116  3.69548e-020
285.138  3.55382e-020
286.16  3.41289e-020
287.182  3.27277e-020
288.204  3.13358e-020
289.226  2.99542e-020
290.248  2.85841e-020
291.27  2.72265e-020
292.292  2.58828e-020
293.314  2.4554e-020
294.336  2.32416e-020
295.358  2.19469e-020
296.38  2.06712e-020
297.402  1.94159e-020
298.424  1.81826e-020
299.446  1.69728e-020
300.468  1.5788e-020
301.49  1.463e-020
302.512  1.35004e-020
303.534  1.24009e-020
304.556  1.13333e-020
305.578  1.02996e-020
306.6  9.30166e-021
307.622  8.34145e-021
308.644  7.42105e-021
309.666  6.54256e-021
310.688  5.70819e-021
311.71  4.92018e-021
312.732  4.18087e-021
313.754  3.49264e-021
314.776  2.85796e-021
315.798  2.27939e-021
316.82  1.75953e-021
317.842  1.30109e-021
318.864  9.06833e-022
319.886  5.79618e-022
320.908  3.22373e-022
321.93  1.38102e-022
322.952  2.98809e-023
