1.022  1.14304e-019
2.044  1.14687e-019
3.066  1.15068e-019
4.088  1.15446e-019
5.11  1.15821e-019
6.132  1.16194e-019
7.154  1.16564e-019
8.176  1.16931e-019
9.198  1.17295e-019
10.22  1.17657e-019
11.242  1.18015e-019
12.264  1.1837e-019
13.286  1.18722e-019
14.308  1.19071e-019
15.33  1.19417e-019
16.352  1.19761e-019
17.374  1.20102e-019
18.396  1.20441e-019
19.418  1.20777e-019
20.44  1.2111e-019
21.462  1.21442e-019
22.484  1.21771e-019
23.506  1.22097e-019
24.528  1.22422e-019
25.55  1.22744e-019
26.572  1.23064e-019
27.594  1.23382e-019
28.616  1.23698e-019
29.638  1.24011e-019
30.66  1.24323e-019
31.682  1.24632e-019
32.704  1.24939e-019
33.726  1.25244e-019
34.748  1.25546e-019
35.77  1.25847e-019
36.792  1.26145e-019
37.814  1.2644e-019
38.836  1.26734e-019
39.858  1.27025e-019
40.88  1.27313e-019
41.902  1.27599e-019
42.924  1.27883e-019
43.946  1.28164e-019
44.968  1.28442e-019
45.99  1.28718e-019
47.012  1.2899e-019
48.034  1.29261e-019
49.056  1.29528e-019
50.078  1.29793e-019
51.1  1.30055e-019
52.122  1.30313e-019
53.144  1.30569e-019
54.166  1.30822e-019
55.188  1.31072e-019
56.21  1.31318e-019
57.232  1.31562e-019
58.254  1.31802e-019
59.276  1.32039e-019
60.298  1.32272e-019
61.32  1.32502e-019
62.342  1.32729e-019
63.364  1.32953e-019
64.386  1.33172e-019
65.408  1.33389e-019
66.43  1.33601e-019
67.452  1.3381e-019
68.474  1.34015e-019
69.496  1.34217e-019
70.518  1.34415e-019
71.54  1.34608e-019
72.562  1.34798e-019
73.584  1.34984e-019
74.606  1.35167e-019
75.628  1.35345e-019
76.65  1.35519e-019
77.672  1.35688e-019
78.694  1.35854e-019
79.716  1.36016e-019
80.738  1.36173e-019
81.76  1.36326e-019
82.782  1.36474e-019
83.804  1.36619e-019
84.826  1.36759e-019
85.848  1.36894e-019
86.87  1.37025e-019
87.892  1.37151e-019
88.914  1.37273e-019
89.936  1.3739e-019
90.958  1.37503e-019
91.98  1.37611e-019
93.002  1.37714e-019
94.024  1.37812e-019
95.046  1.37906e-019
96.068  1.37995e-019
97.09  1.38078e-019
98.112  1.38157e-019
99.134  1.38231e-019
100.156  1.383e-019
101.178  1.38364e-019
102.2  1.38423e-019
103.222  1.38477e-019
104.244  1.38526e-019
105.266  1.38569e-019
106.288  1.38608e-019
107.31  1.38641e-019
108.332  1.38668e-019
109.354  1.38691e-019
110.376  1.38708e-019
111.398  1.3872e-019
112.42  1.38726e-019
113.442  1.38727e-019
114.464  1.38722e-019
115.486  1.38712e-019
116.508  1.38697e-019
117.53  1.38675e-019
118.552  1.38648e-019
119.574  1.38616e-019
120.596  1.38578e-019
121.618  1.38534e-019
122.64  1.38484e-019
123.662  1.38429e-019
124.684  1.38367e-019
125.706  1.383e-019
126.728  1.38227e-019
127.75  1.38148e-019
128.772  1.38063e-019
129.794  1.37972e-019
130.816  1.37875e-019
131.838  1.37772e-019
132.86  1.37663e-019
133.882  1.37547e-019
134.904  1.37426e-019
135.926  1.37298e-019
136.948  1.37164e-019
137.97  1.37024e-019
138.992  1.36877e-019
140.014  1.36724e-019
141.036  1.36565e-019
142.058  1.36399e-019
143.08  1.36227e-019
144.102  1.36048e-019
145.124  1.35863e-019
146.146  1.35671e-019
147.168  1.35472e-019
148.19  1.35267e-019
149.212  1.35055e-019
150.234  1.34836e-019
151.256  1.34611e-019
152.278  1.34378e-019
153.3  1.34139e-019
154.322  1.33893e-019
155.344  1.33639e-019
156.366  1.33379e-019
157.388  1.33112e-019
158.41  1.32837e-019
159.432  1.32556e-019
160.454  1.32267e-019
161.476  1.31971e-019
162.498  1.31667e-019
163.52  1.31356e-019
164.542  1.31038e-019
165.564  1.30713e-019
166.586  1.30379e-019
167.608  1.30039e-019
168.63  1.2969e-019
169.652  1.29334e-019
170.674  1.28971e-019
171.696  1.28599e-019
172.718  1.2822e-019
173.74  1.27833e-019
174.762  1.27438e-019
175.784  1.27034e-019
176.806  1.26623e-019
177.828  1.26204e-019
178.85  1.25776e-019
179.872  1.25341e-019
180.894  1.24897e-019
181.916  1.24444e-019
182.938  1.23984e-019
183.96  1.23514e-019
184.982  1.23037e-019
186.004  1.2255e-019
187.026  1.22055e-019
188.048  1.21551e-019
189.07  1.21039e-019
190.092  1.20518e-019
191.114  1.19987e-019
192.136  1.19448e-019
193.158  1.189e-019
194.18  1.18343e-019
195.202  1.17776e-019
196.224  1.17201e-019
197.246  1.16616e-019
198.268  1.16022e-019
199.29  1.15418e-019
200.312  1.14805e-019
201.334  1.14182e-019
202.356  1.1355e-019
203.378  1.12908e-019
204.4  1.12257e-019
205.422  1.11595e-019
206.444  1.10924e-019
207.466  1.10243e-019
208.488  1.09553e-019
209.51  1.08852e-019
210.532  1.08141e-019
211.554  1.0742e-019
212.576  1.06689e-019
213.598  1.05948e-019
214.62  1.05196e-019
215.642  1.04434e-019
216.664  1.03662e-019
217.686  1.0288e-019
218.708  1.02087e-019
219.73  1.01284e-019
220.752  1.0047e-019
221.774  9.96462e-020
222.796  9.88116e-020
223.818  9.79665e-020
224.84  9.71107e-020
225.862  9.62445e-020
226.884  9.53676e-020
227.906  9.44802e-020
228.928  9.35821e-020
229.95  9.26735e-020
230.972  9.17543e-020
231.994  9.08245e-020
233.016  8.98841e-020
234.038  8.89332e-020
235.06  8.79718e-020
236.082  8.69998e-020
237.104  8.60175e-020
238.126  8.50247e-020
239.148  8.40216e-020
240.17  8.30082e-020
241.192  8.19845e-020
242.214  8.09507e-020
243.236  7.99068e-020
244.258  7.8853e-020
245.28  7.77892e-020
246.302  7.67156e-020
247.324  7.56324e-020
248.346  7.45396e-020
249.368  7.34375e-020
250.39  7.2326e-020
251.412  7.12054e-020
252.434  7.00759e-020
253.456  6.89377e-020
254.478  6.77909e-020
255.5  6.66357e-020
256.522  6.54723e-020
257.544  6.4301e-020
258.566  6.31221e-020
259.588  6.19357e-020
260.61  6.07422e-020
261.632  5.95419e-020
262.654  5.8335e-020
263.676  5.71218e-020
264.698  5.59028e-020
265.72  5.46782e-020
266.742  5.34484e-020
267.764  5.22139e-020
268.786  5.0975e-020
269.808  4.97322e-020
270.83  4.84859e-020
271.852  4.72366e-020
272.874  4.59848e-020
273.896  4.4731e-020
274.918  4.34757e-020
275.94  4.22196e-020
276.962  4.09631e-020
277.984  3.97069e-020
279.006  3.84517e-020
280.028  3.71981e-020
281.05  3.59468e-020
282.072  3.46985e-020
283.094  3.3454e-020
284.116  3.22141e-020
285.138  3.09795e-020
286.16  2.97512e-020
287.182  2.85299e-020
288.204  2.73167e-020
289.226  2.61123e-020
290.248  2.49179e-020
291.27  2.37345e-020
292.292  2.2563e-020
293.314  2.14046e-020
294.336  2.02604e-020
295.358  1.91316e-020
296.38  1.80193e-020
297.402  1.69249e-020
298.424  1.58496e-020
299.446  1.47948e-020
300.468  1.37619e-020
301.49  1.27522e-020
302.512  1.17674e-020
303.534  1.08088e-020
304.556  9.87809e-021
305.578  8.9769e-021
306.6  8.10691e-021
307.622  7.26984e-021
308.644  6.4675e-021
309.666  5.70173e-021
310.688  4.97444e-021
311.71  4.28759e-021
312.732  3.64321e-021
313.754  3.04338e-021
314.776  2.49025e-021
315.798  1.98604e-021
316.82  1.53303e-021
317.842  1.13356e-021
318.864  7.90035e-022
319.886  5.04944e-022
320.908  2.80828e-022
321.93  1.203e-022
322.952  2.60278e-023
