1.022  2.65147e-020
2.044  2.69237e-020
3.066  2.73313e-020
4.088  2.77375e-020
5.11  2.81423e-020
6.132  2.85455e-020
7.154  2.89473e-020
8.176  2.93475e-020
9.198  2.9746e-020
10.22  3.0143e-020
11.242  3.05383e-020
12.264  3.0932e-020
13.286  3.1324e-020
14.308  3.17144e-020
15.33  3.21032e-020
16.352  3.24903e-020
17.374  3.28759e-020
18.396  3.32598e-020
19.418  3.36422e-020
20.44  3.40229e-020
21.462  3.44022e-020
22.484  3.47798e-020
23.506  3.51559e-020
24.528  3.55304e-020
25.55  3.59034e-020
26.572  3.62748e-020
27.594  3.66446e-020
28.616  3.70129e-020
29.638  3.73796e-020
30.66  3.77447e-020
31.682  3.81082e-020
32.704  3.847e-020
33.726  3.88303e-020
34.748  3.91889e-020
35.77  3.95459e-020
36.792  3.99012e-020
37.814  4.02549e-020
38.836  4.06068e-020
39.858  4.0957e-020
40.88  4.13055e-020
41.902  4.16522e-020
42.924  4.19972e-020
43.946  4.23403e-020
44.968  4.26816e-020
45.99  4.30211e-020
47.012  4.33587e-020
48.034  4.36944e-020
49.056  4.40282e-020
50.078  4.43601e-020
51.1  4.469e-020
52.122  4.50179e-020
53.144  4.53438e-020
54.166  4.56677e-020
55.188  4.59895e-020
56.21  4.63092e-020
57.232  4.66268e-020
58.254  4.69423e-020
59.276  4.72556e-020
60.298  4.75667e-020
61.32  4.78757e-020
62.342  4.81823e-020
63.364  4.84868e-020
64.386  4.87889e-020
65.408  4.90887e-020
66.43  4.93862e-020
67.452  4.96813e-020
68.474  4.9974e-020
69.496  5.02642e-020
70.518  5.05521e-020
71.54  5.08374e-020
72.562  5.11203e-020
73.584  5.14007e-020
74.606  5.16784e-020
75.628  5.19537e-020
76.65  5.22263e-020
77.672  5.24963e-020
78.694  5.27636e-020
79.716  5.30283e-020
80.738  5.32902e-020
81.76  5.35494e-020
82.782  5.38059e-020
83.804  5.40596e-020
84.826  5.43105e-020
85.848  5.45585e-020
86.87  5.48037e-020
87.892  5.5046e-020
88.914  5.52854e-020
89.936  5.55219e-020
90.958  5.57554e-020
91.98  5.59859e-020
93.002  5.62135e-020
94.024  5.6438e-020
95.046  5.66594e-020
96.068  5.68778e-020
97.09  5.7093e-020
98.112  5.73052e-020
99.134  5.75141e-020
100.156  5.77199e-020
101.178  5.79225e-020
102.2  5.81219e-020
103.222  5.8318e-020
104.244  5.85108e-020
105.266  5.87004e-020
106.288  5.88866e-020
107.31  5.90694e-020
108.332  5.92489e-020
109.354  5.9425e-020
110.376  5.95976e-020
111.398  5.97668e-020
112.42  5.99326e-020
113.442  6.00948e-020
114.464  6.02535e-020
115.486  6.04087e-020
116.508  6.05603e-020
117.53  6.07083e-020
118.552  6.08527e-020
119.574  6.09934e-020
120.596  6.11304e-020
121.618  6.12638e-020
122.64  6.13934e-020
123.662  6.15193e-020
124.684  6.16414e-020
125.706  6.17597e-020
126.728  6.18742e-020
127.75  6.19849e-020
128.772  6.20916e-020
129.794  6.21945e-020
130.816  6.22934e-020
131.838  6.23884e-020
132.86  6.24794e-020
133.882  6.25663e-020
134.904  6.26493e-020
135.926  6.27281e-020
136.948  6.28029e-020
137.97  6.28736e-020
138.992  6.29401e-020
140.014  6.30024e-020
141.036  6.30605e-020
142.058  6.31144e-020
143.08  6.31641e-020
144.102  6.32094e-020
145.124  6.32504e-020
146.146  6.32871e-020
147.168  6.33194e-020
148.19  6.33473e-020
149.212  6.33707e-020
150.234  6.33897e-020
151.256  6.34042e-020
152.278  6.34141e-020
153.3  6.34194e-020
154.322  6.34202e-020
155.344  6.34164e-020
156.366  6.34078e-020
157.388  6.33946e-020
158.41  6.33767e-020
159.432  6.3354e-020
160.454  6.33264e-020
161.476  6.32941e-020
162.498  6.32569e-020
163.52  6.32148e-020
164.542  6.31678e-020
165.564  6.31158e-020
166.586  6.30588e-020
167.608  6.29968e-020
168.63  6.29297e-020
169.652  6.28575e-020
170.674  6.27801e-020
171.696  6.26976e-020
172.718  6.26098e-020
173.74  6.25168e-020
174.762  6.24185e-020
175.784  6.23148e-020
176.806  6.22058e-020
177.828  6.20914e-020
178.85  6.19715e-020
179.872  6.18462e-020
180.894  6.17153e-020
181.916  6.15789e-020
182.938  6.14368e-020
183.96  6.12892e-020
184.982  6.11358e-020
186.004  6.09767e-020
187.026  6.08119e-020
188.048  6.06413e-020
189.07  6.04649e-020
190.092  6.02826e-020
191.114  6.00944e-020
192.136  5.99002e-020
193.158  5.97001e-020
194.18  5.94939e-020
195.202  5.92817e-020
196.224  5.90634e-020
197.246  5.8839e-020
198.268  5.86083e-020
199.29  5.83715e-020
200.312  5.81284e-020
201.334  5.78791e-020
202.356  5.76234e-020
203.378  5.73614e-020
204.4  5.7093e-020
205.422  5.68182e-020
206.444  5.6537e-020
207.466  5.62492e-020
208.488  5.5955e-020
209.51  5.56542e-020
210.532  5.53469e-020
211.554  5.50329e-020
212.576  5.47123e-020
213.598  5.43851e-020
214.62  5.40512e-020
215.642  5.37107e-020
216.664  5.33634e-020
217.686  5.30093e-020
218.708  5.26485e-020
219.73  5.2281e-020
220.752  5.19067e-020
221.774  5.15255e-020
222.796  5.11376e-020
223.818  5.07428e-020
224.84  5.03412e-020
225.862  4.99328e-020
226.884  4.95175e-020
227.906  4.90954e-020
228.928  4.86665e-020
229.95  4.82308e-020
230.972  4.77882e-020
231.994  4.73388e-020
233.016  4.68827e-020
234.038  4.64198e-020
235.06  4.59501e-020
236.082  4.54737e-020
237.104  4.49906e-020
238.126  4.45008e-020
239.148  4.40044e-020
240.17  4.35014e-020
241.192  4.29919e-020
242.214  4.24759e-020
243.236  4.19534e-020
244.258  4.14245e-020
245.28  4.08894e-020
246.302  4.03479e-020
247.324  3.98003e-020
248.346  3.92466e-020
249.368  3.86868e-020
250.39  3.81212e-020
251.412  3.75497e-020
252.434  3.69724e-020
253.456  3.63896e-020
254.478  3.58012e-020
255.5  3.52075e-020
256.522  3.46085e-020
257.544  3.40045e-020
258.566  3.33954e-020
259.588  3.27815e-020
260.61  3.2163e-020
261.632  3.154e-020
262.654  3.09128e-020
263.676  3.02813e-020
264.698  2.9646e-020
265.72  2.9007e-020
266.742  2.83645e-020
267.764  2.77187e-020
268.786  2.70699e-020
269.808  2.64183e-020
270.83  2.57642e-020
271.852  2.51079e-020
272.874  2.44495e-020
273.896  2.37895e-020
274.918  2.31282e-020
275.94  2.24658e-020
276.962  2.18027e-020
277.984  2.11392e-020
279.006  2.04757e-020
280.028  1.98126e-020
281.05  1.91503e-020
282.072  1.84891e-020
283.094  1.78295e-020
284.116  1.71719e-020
285.138  1.65168e-020
286.16  1.58646e-020
287.182  1.52159e-020
288.204  1.45711e-020
289.226  1.39308e-020
290.248  1.32954e-020
291.27  1.26656e-020
292.292  1.2042e-020
293.314  1.14251e-020
294.336  1.08155e-020
295.358  1.02139e-020
296.38  9.62104e-021
297.402  9.03749e-021
298.424  8.464e-021
299.446  7.90129e-021
300.468  7.35013e-021
301.49  6.81128e-021
302.512  6.28556e-021
303.534  5.7738e-021
304.556  5.27685e-021
305.578  4.79559e-021
306.6  4.33094e-021
307.622  3.88383e-021
308.644  3.45524e-021
309.666  3.04615e-021
310.688  2.6576e-021
311.71  2.29064e-021
312.732  1.94636e-021
313.754  1.62588e-021
314.776  1.33035e-021
315.798  1.06096e-021
316.82  8.18934e-022
317.842  6.05516e-022
318.864  4.21998e-022
319.886  2.69703e-022
320.908  1.49989e-022
321.93  6.42479e-023
322.952  1.38997e-023
