1.022  8.45695e-021
2.044  8.70318e-021
3.066  8.95026e-021
4.088  9.19816e-021
5.11  9.44684e-021
6.132  9.69625e-021
7.154  9.94636e-021
8.176  1.01971e-020
9.198  1.04485e-020
10.22  1.07004e-020
11.242  1.09529e-020
12.264  1.12059e-020
13.286  1.14594e-020
14.308  1.17133e-020
15.33  1.19676e-020
16.352  1.22224e-020
17.374  1.24776e-020
18.396  1.27331e-020
19.418  1.29889e-020
20.44  1.32451e-020
21.462  1.35015e-020
22.484  1.37582e-020
23.506  1.40152e-020
24.528  1.42724e-020
25.55  1.45298e-020
26.572  1.47874e-020
27.594  1.50451e-020
28.616  1.5303e-020
29.638  1.55609e-020
30.66  1.5819e-020
31.682  1.60771e-020
32.704  1.63352e-020
33.726  1.65933e-020
34.748  1.68513e-020
35.77  1.71094e-020
36.792  1.73673e-020
37.814  1.76251e-020
38.836  1.78827e-020
39.858  1.81402e-020
40.88  1.83975e-020
41.902  1.86546e-020
42.924  1.89114e-020
43.946  1.91679e-020
44.968  1.94241e-020
45.99  1.968e-020
47.012  1.99354e-020
48.034  2.01905e-020
49.056  2.04451e-020
50.078  2.06993e-020
51.1  2.0953e-020
52.122  2.12061e-020
53.144  2.14587e-020
54.166  2.17107e-020
55.188  2.19621e-020
56.21  2.22129e-020
57.232  2.24629e-020
58.254  2.27123e-020
59.276  2.29609e-020
60.298  2.32088e-020
61.32  2.34559e-020
62.342  2.37021e-020
63.364  2.39475e-020
64.386  2.41921e-020
65.408  2.44357e-020
66.43  2.46784e-020
67.452  2.49201e-020
68.474  2.51608e-020
69.496  2.54004e-020
70.518  2.5639e-020
71.54  2.58766e-020
72.562  2.6113e-020
73.584  2.63483e-020
74.606  2.65824e-020
75.628  2.68153e-020
76.65  2.7047e-020
77.672  2.72774e-020
78.694  2.75065e-020
79.716  2.77343e-020
80.738  2.79608e-020
81.76  2.81859e-020
82.782  2.84096e-020
83.804  2.86319e-020
84.826  2.88527e-020
85.848  2.90721e-020
86.87  2.92899e-020
87.892  2.95062e-020
88.914  2.9721e-020
89.936  2.99341e-020
90.958  3.01457e-020
91.98  3.03556e-020
93.002  3.05638e-020
94.024  3.07703e-020
95.046  3.09751e-020
96.068  3.11782e-020
97.09  3.13794e-020
98.112  3.15789e-020
99.134  3.17765e-020
100.156  3.19723e-020
101.178  3.21662e-020
102.2  3.23582e-020
103.222  3.25482e-020
104.244  3.27363e-020
105.266  3.29224e-020
106.288  3.31065e-020
107.31  3.32885e-020
108.332  3.34684e-020
109.354  3.36463e-020
110.376  3.3822e-020
111.398  3.39956e-020
112.42  3.4167e-020
113.442  3.43363e-020
114.464  3.45033e-020
115.486  3.4668e-020
116.508  3.48304e-020
117.53  3.49906e-020
118.552  3.51484e-020
119.574  3.53039e-020
120.596  3.5457e-020
121.618  3.56076e-020
122.64  3.57559e-020
123.662  3.59016e-020
124.684  3.60449e-020
125.706  3.61856e-020
126.728  3.63239e-020
127.75  3.64595e-020
128.772  3.65925e-020
129.794  3.6723e-020
130.816  3.68507e-020
131.838  3.69758e-020
132.86  3.70982e-020
133.882  3.72179e-020
134.904  3.73348e-020
135.926  3.74489e-020
136.948  3.75601e-020
137.97  3.76686e-020
138.992  3.77742e-020
140.014  3.78768e-020
141.036  3.79766e-020
142.058  3.80734e-020
143.08  3.81672e-020
144.102  3.8258e-020
145.124  3.83458e-020
146.146  3.84304e-020
147.168  3.8512e-020
148.19  3.85905e-020
149.212  3.86658e-020
150.234  3.87379e-020
151.256  3.88068e-020
152.278  3.88725e-020
153.3  3.89349e-020
154.322  3.8994e-020
155.344  3.90497e-020
156.366  3.91021e-020
157.388  3.91511e-020
158.41  3.91967e-020
159.432  3.92388e-020
160.454  3.92774e-020
161.476  3.93125e-020
162.498  3.93441e-020
163.52  3.93721e-020
164.542  3.93964e-020
165.564  3.94172e-020
166.586  3.94342e-020
167.608  3.94476e-020
168.63  3.94572e-020
169.652  3.94631e-020
170.674  3.94651e-020
171.696  3.94633e-020
172.718  3.94577e-020
173.74  3.94481e-020
174.762  3.94347e-020
175.784  3.94172e-020
176.806  3.93958e-020
177.828  3.93704e-020
178.85  3.93408e-020
179.872  3.93072e-020
180.894  3.92695e-020
181.916  3.92276e-020
182.938  3.91816e-020
183.96  3.91313e-020
184.982  3.90768e-020
186.004  3.90179e-020
187.026  3.89548e-020
188.048  3.88873e-020
189.07  3.88155e-020
190.092  3.87392e-020
191.114  3.86585e-020
192.136  3.85733e-020
193.158  3.84836e-020
194.18  3.83894e-020
195.202  3.82906e-020
196.224  3.81872e-020
197.246  3.80791e-020
198.268  3.79665e-020
199.29  3.78491e-020
200.312  3.7727e-020
201.334  3.76002e-020
202.356  3.74686e-020
203.378  3.73322e-020
204.4  3.7191e-020
205.422  3.7045e-020
206.444  3.6894e-020
207.466  3.67382e-020
208.488  3.65774e-020
209.51  3.64117e-020
210.532  3.6241e-020
211.554  3.60654e-020
212.576  3.58847e-020
213.598  3.5699e-020
214.62  3.55082e-020
215.642  3.53124e-020
216.664  3.51115e-020
217.686  3.49054e-020
218.708  3.46943e-020
219.73  3.4478e-020
220.752  3.42566e-020
221.774  3.40301e-020
222.796  3.37983e-020
223.818  3.35615e-020
224.84  3.33194e-020
225.862  3.30722e-020
226.884  3.28197e-020
227.906  3.25622e-020
228.928  3.22994e-020
229.95  3.20314e-020
230.972  3.17583e-020
231.994  3.148e-020
233.016  3.11966e-020
234.038  3.0908e-020
235.06  3.06144e-020
236.082  3.03156e-020
237.104  3.00117e-020
238.126  2.97027e-020
239.148  2.93887e-020
240.17  2.90697e-020
241.192  2.87458e-020
242.214  2.84168e-020
243.236  2.8083e-020
244.258  2.77443e-020
245.28  2.74008e-020
246.302  2.70525e-020
247.324  2.66995e-020
248.346  2.63418e-020
249.368  2.59795e-020
250.39  2.56127e-020
251.412  2.52414e-020
252.434  2.48657e-020
253.456  2.44856e-020
254.478  2.41014e-020
255.5  2.3713e-020
256.522  2.33205e-020
257.544  2.2924e-020
258.566  2.25237e-020
259.588  2.21197e-020
260.61  2.1712e-020
261.632  2.13008e-020
262.654  2.08862e-020
263.676  2.04683e-020
264.698  2.00473e-020
265.72  1.96233e-020
266.742  1.91965e-020
267.764  1.87671e-020
268.786  1.83351e-020
269.808  1.79008e-020
270.83  1.74644e-020
271.852  1.7026e-020
272.874  1.65858e-020
273.896  1.61442e-020
274.918  1.57011e-020
275.94  1.5257e-020
276.962  1.4812e-020
277.984  1.43663e-020
279.006  1.39203e-020
280.028  1.34742e-020
281.05  1.30282e-020
282.072  1.25826e-020
283.094  1.21377e-020
284.116  1.16939e-020
285.138  1.12515e-020
286.16  1.08107e-020
287.182  1.03719e-020
288.204  9.9355e-021
289.226  9.50183e-021
290.248  9.07126e-021
291.27  8.64418e-021
292.292  8.22101e-021
293.314  7.80216e-021
294.336  7.38807e-021
295.358  6.97917e-021
296.38  6.57594e-021
297.402  6.17884e-021
298.424  5.78838e-021
299.446  5.40506e-021
300.468  5.02942e-021
301.49  4.66198e-021
302.512  4.30332e-021
303.534  3.95401e-021
304.556  3.61465e-021
305.578  3.28586e-021
306.6  2.96827e-021
307.622  2.66253e-021
308.644  2.36932e-021
309.666  2.08934e-021
310.688  1.8233e-021
311.71  1.57193e-021
312.732  1.33601e-021
313.754  1.11631e-021
314.776  9.13628e-022
315.798  7.28803e-022
316.82  5.62684e-022
317.842  4.16147e-022
318.864  2.90093e-022
319.886  1.85446e-022
320.908  1.03157e-022
321.93  4.41977e-023
322.952  9.5642e-024
