1.022  4.7893e-019
2.044  4.79672e-019
3.066  4.80409e-019
4.088  4.81141e-019
5.11  4.81867e-019
6.132  4.82587e-019
7.154  4.83301e-019
8.176  4.84007e-019
9.198  4.84706e-019
10.22  4.85397e-019
11.242  4.86081e-019
12.264  4.86757e-019
13.286  4.87426e-019
14.308  4.88088e-019
15.33  4.88743e-019
16.352  4.89392e-019
17.374  4.90035e-019
18.396  4.90673e-019
19.418  4.91305e-019
20.44  4.91931e-019
21.462  4.92553e-019
22.484  4.9317e-019
23.506  4.93782e-019
24.528  4.9439e-019
25.55  4.94993e-019
26.572  4.95592e-019
27.594  4.96186e-019
28.616  4.96776e-019
29.638  4.97362e-019
30.66  4.97943e-019
31.682  4.9852e-019
32.704  4.99092e-019
33.726  4.99659e-019
34.748  5.00222e-019
35.77  5.0078e-019
36.792  5.01332e-019
37.814  5.0188e-019
38.836  5.02422e-019
39.858  5.02958e-019
40.88  5.03489e-019
41.902  5.04014e-019
42.924  5.04533e-019
43.946  5.05046e-019
44.968  5.05552e-019
45.99  5.06052e-019
47.012  5.06545e-019
48.034  5.0703e-019
49.056  5.07509e-019
50.078  5.0798e-019
51.1  5.08443e-019
52.122  5.08899e-019
53.144  5.09347e-019
54.166  5.09786e-019
55.188  5.10217e-019
56.21  5.1064e-019
57.232  5.11053e-019
58.254  5.11458e-019
59.276  5.11853e-019
60.298  5.12239e-019
61.32  5.12615e-019
62.342  5.12981e-019
63.364  5.13338e-019
64.386  5.13684e-019
65.408  5.1402e-019
66.43  5.14345e-019
67.452  5.14659e-019
68.474  5.14963e-019
69.496  5.15255e-019
70.518  5.15536e-019
71.54  5.15805e-019
72.562  5.16063e-019
73.584  5.16309e-019
74.606  5.16543e-019
75.628  5.16764e-019
76.65  5.16973e-019
77.672  5.1717e-019
78.694  5.17354e-019
79.716  5.17525e-019
80.738  5.17683e-019
81.76  5.17828e-019
82.782  5.17959e-019
83.804  5.18077e-019
84.826  5.18181e-019
85.848  5.18271e-019
86.87  5.18347e-019
87.892  5.18409e-019
88.914  5.18457e-019
89.936  5.1849e-019
90.958  5.18509e-019
91.98  5.18512e-019
93.002  5.18501e-019
94.024  5.18475e-019
95.046  5.18434e-019
96.068  5.18377e-019
97.09  5.18305e-019
98.112  5.18217e-019
99.134  5.18113e-019
100.156  5.17994e-019
101.178  5.17858e-019
102.2  5.17707e-019
103.222  5.17539e-019
104.244  5.17354e-019
105.266  5.17153e-019
106.288  5.16935e-019
107.31  5.16701e-019
108.332  5.1645e-019
109.354  5.16181e-019
110.376  5.15895e-019
111.398  5.15592e-019
112.42  5.15272e-019
113.442  5.14934e-019
114.464  5.14578e-019
115.486  5.14205e-019
116.508  5.13813e-019
117.53  5.13404e-019
118.552  5.12976e-019
119.574  5.1253e-019
120.596  5.12065e-019
121.618  5.11582e-019
122.64  5.11081e-019
123.662  5.1056e-019
124.684  5.10021e-019
125.706  5.09463e-019
126.728  5.08885e-019
127.75  5.08288e-019
128.772  5.07672e-019
129.794  5.07037e-019
130.816  5.06381e-019
131.838  5.05706e-019
132.86  5.05011e-019
133.882  5.04297e-019
134.904  5.03562e-019
135.926  5.02806e-019
136.948  5.02031e-019
137.97  5.01235e-019
138.992  5.00418e-019
140.014  4.99581e-019
141.036  4.98722e-019
142.058  4.97843e-019
143.08  4.96943e-019
144.102  4.96021e-019
145.124  4.95078e-019
146.146  4.94113e-019
147.168  4.93127e-019
148.19  4.92119e-019
149.212  4.91089e-019
150.234  4.90037e-019
151.256  4.88963e-019
152.278  4.87866e-019
153.3  4.86747e-019
154.322  4.85605e-019
155.344  4.84441e-019
156.366  4.83253e-019
157.388  4.82043e-019
158.41  4.80809e-019
159.432  4.79552e-019
160.454  4.78271e-019
161.476  4.76967e-019
162.498  4.75638e-019
163.52  4.74286e-019
164.542  4.72909e-019
165.564  4.71508e-019
166.586  4.70083e-019
167.608  4.68633e-019
168.63  4.67158e-019
169.652  4.65658e-019
170.674  4.64133e-019
171.696  4.62582e-019
172.718  4.61006e-019
173.74  4.59404e-019
174.762  4.57776e-019
175.784  4.56123e-019
176.806  4.54442e-019
177.828  4.52736e-019
178.85  4.51002e-019
179.872  4.49242e-019
180.894  4.47455e-019
181.916  4.4564e-019
182.938  4.43798e-019
183.96  4.41929e-019
184.982  4.40032e-019
186.004  4.38106e-019
187.026  4.36152e-019
188.048  4.3417e-019
189.07  4.3216e-019
190.092  4.3012e-019
191.114  4.28052e-019
192.136  4.25954e-019
193.158  4.23827e-019
194.18  4.2167e-019
195.202  4.19483e-019
196.224  4.17266e-019
197.246  4.15019e-019
198.268  4.12742e-019
199.29  4.10434e-019
200.312  4.08095e-019
201.334  4.05725e-019
202.356  4.03324e-019
203.378  4.00892e-019
204.4  3.98427e-019
205.422  3.95931e-019
206.444  3.93404e-019
207.466  3.90843e-019
208.488  3.88251e-019
209.51  3.85626e-019
210.532  3.82969e-019
211.554  3.80278e-019
212.576  3.77555e-019
213.598  3.74798e-019
214.62  3.72008e-019
215.642  3.69185e-019
216.664  3.66328e-019
217.686  3.63438e-019
218.708  3.60513e-019
219.73  3.57555e-019
220.752  3.54563e-019
221.774  3.51536e-019
222.796  3.48476e-019
223.818  3.45381e-019
224.84  3.42252e-019
225.862  3.39088e-019
226.884  3.3589e-019
227.906  3.32658e-019
228.928  3.29391e-019
229.95  3.2609e-019
230.972  3.22754e-019
231.994  3.19385e-019
233.016  3.1598e-019
234.038  3.12542e-019
235.06  3.0907e-019
236.082  3.05563e-019
237.104  3.02023e-019
238.126  2.98449e-019
239.148  2.94841e-019
240.17  2.91201e-019
241.192  2.87527e-019
242.214  2.8382e-019
243.236  2.80081e-019
244.258  2.76309e-019
245.28  2.72506e-019
246.302  2.68671e-019
247.324  2.64805e-019
248.346  2.60909e-019
249.368  2.56982e-019
250.39  2.53025e-019
251.412  2.49039e-019
252.434  2.45025e-019
253.456  2.40983e-019
254.478  2.36913e-019
255.5  2.32817e-019
256.522  2.28695e-019
257.544  2.24548e-019
258.566  2.20377e-019
259.588  2.16182e-019
260.61  2.11966e-019
261.632  2.07727e-019
262.654  2.03468e-019
263.676  1.9919e-019
264.698  1.94894e-019
265.72  1.90581e-019
266.742  1.86253e-019
267.764  1.8191e-019
268.786  1.77555e-019
269.808  1.73188e-019
270.83  1.68811e-019
271.852  1.64426e-019
272.874  1.60034e-019
273.896  1.55638e-019
274.918  1.51239e-019
275.94  1.46839e-019
276.962  1.4244e-019
277.984  1.38044e-019
279.006  1.33654e-019
280.028  1.29271e-019
281.05  1.24898e-019
282.072  1.20538e-019
283.094  1.16193e-019
284.116  1.11865e-019
285.138  1.07558e-019
286.16  1.03274e-019
287.182  9.90171e-020
288.204  9.47893e-020
289.226  9.05942e-020
290.248  8.64352e-020
291.27  8.23158e-020
292.292  7.82395e-020
293.314  7.42101e-020
294.336  7.02315e-020
295.358  6.63076e-020
296.38  6.24425e-020
297.402  5.86407e-020
298.424  5.49064e-020
299.446  5.12444e-020
300.468  4.76592e-020
301.49  4.4156e-020
302.512  4.07396e-020
303.534  3.74154e-020
304.556  3.41887e-020
305.578  3.10651e-020
306.6  2.80504e-020
307.622  2.51506e-020
308.644  2.23717e-020
309.666  1.97201e-020
310.688  1.72024e-020
311.71  1.48252e-020
312.732  1.25954e-020
313.754  1.05203e-020
314.776  8.60717e-021
315.798  6.86358e-021
316.82  5.29735e-021
317.842  3.9165e-021
318.864  2.72928e-021
319.886  1.74419e-021
320.908  9.69926e-022
321.93  4.15444e-022
322.952  8.98741e-023
