1.022  1.39969e-019
2.044  1.41222e-019
3.066  1.42469e-019
4.088  1.43709e-019
5.11  1.44942e-019
6.132  1.46169e-019
7.154  1.47389e-019
8.176  1.48601e-019
9.198  1.49807e-019
10.22  1.51005e-019
11.242  1.52196e-019
12.264  1.53379e-019
13.286  1.54556e-019
14.308  1.55725e-019
15.33  1.56887e-019
16.352  1.58042e-019
17.374  1.59191e-019
18.396  1.60332e-019
19.418  1.61467e-019
20.44  1.62596e-019
21.462  1.63718e-019
22.484  1.64833e-019
23.506  1.65943e-019
24.528  1.67045e-019
25.55  1.68142e-019
26.572  1.69232e-019
27.594  1.70316e-019
28.616  1.71394e-019
29.638  1.72465e-019
30.66  1.73531e-019
31.682  1.7459e-019
32.704  1.75642e-019
33.726  1.76689e-019
34.748  1.77729e-019
35.77  1.78762e-019
36.792  1.79789e-019
37.814  1.8081e-019
38.836  1.81824e-019
39.858  1.82832e-019
40.88  1.83833e-019
41.902  1.84827e-019
42.924  1.85814e-019
43.946  1.86795e-019
44.968  1.87769e-019
45.99  1.88735e-019
47.012  1.89695e-019
48.034  1.90648e-019
49.056  1.91593e-019
50.078  1.92531e-019
51.1  1.93462e-019
52.122  1.94385e-019
53.144  1.95301e-019
54.166  1.96209e-019
55.188  1.9711e-019
56.21  1.98003e-019
57.232  1.98888e-019
58.254  1.99765e-019
59.276  2.00634e-019
60.298  2.01495e-019
61.32  2.02348e-019
62.342  2.03193e-019
63.364  2.04029e-019
64.386  2.04857e-019
65.408  2.05677e-019
66.43  2.06488e-019
67.452  2.0729e-019
68.474  2.08084e-019
69.496  2.08869e-019
70.518  2.09644e-019
71.54  2.10411e-019
72.562  2.11169e-019
73.584  2.11918e-019
74.606  2.12658e-019
75.628  2.13388e-019
76.65  2.14109e-019
77.672  2.1482e-019
78.694  2.15522e-019
79.716  2.16215e-019
80.738  2.16897e-019
81.76  2.1757e-019
82.782  2.18233e-019
83.804  2.18886e-019
84.826  2.19529e-019
85.848  2.20162e-019
86.87  2.20785e-019
87.892  2.21397e-019
88.914  2.22e-019
89.936  2.22591e-019
90.958  2.23173e-019
91.98  2.23744e-019
93.002  2.24304e-019
94.024  2.24853e-019
95.046  2.25392e-019
96.068  2.2592e-019
97.09  2.26437e-019
98.112  2.26943e-019
99.134  2.27438e-019
100.156  2.27922e-019
101.178  2.28394e-019
102.2  2.28856e-019
103.222  2.29305e-019
104.244  2.29744e-019
105.266  2.30171e-019
106.288  2.30586e-019
107.31  2.3099e-019
108.332  2.31382e-019
109.354  2.31762e-019
110.376  2.3213e-019
111.398  2.32487e-019
112.42  2.32831e-019
113.442  2.33163e-019
114.464  2.33483e-019
115.486  2.33791e-019
116.508  2.34087e-019
117.53  2.3437e-019
118.552  2.34641e-019
119.574  2.34899e-019
120.596  2.35144e-019
121.618  2.35377e-019
122.64  2.35597e-019
123.662  2.35804e-019
124.684  2.35999e-019
125.706  2.3618e-019
126.728  2.36348e-019
127.75  2.36504e-019
128.772  2.36646e-019
129.794  2.36774e-019
130.816  2.3689e-019
131.838  2.36991e-019
132.86  2.3708e-019
133.882  2.37155e-019
134.904  2.37216e-019
135.926  2.37263e-019
136.948  2.37296e-019
137.97  2.37316e-019
138.992  2.37321e-019
140.014  2.37313e-019
141.036  2.3729e-019
142.058  2.37253e-019
143.08  2.37202e-019
144.102  2.37136e-019
145.124  2.37056e-019
146.146  2.36961e-019
147.168  2.36851e-019
148.19  2.36727e-019
149.212  2.36587e-019
150.234  2.36433e-019
151.256  2.36264e-019
152.278  2.3608e-019
153.3  2.3588e-019
154.322  2.35665e-019
155.344  2.35435e-019
156.366  2.35189e-019
157.388  2.34927e-019
158.41  2.3465e-019
159.432  2.34357e-019
160.454  2.34048e-019
161.476  2.33723e-019
162.498  2.33381e-019
163.52  2.33024e-019
164.542  2.3265e-019
165.564  2.3226e-019
166.586  2.31853e-019
167.608  2.3143e-019
168.63  2.3099e-019
169.652  2.30533e-019
170.674  2.30059e-019
171.696  2.29568e-019
172.718  2.2906e-019
173.74  2.28534e-019
174.762  2.27991e-019
175.784  2.27431e-019
176.806  2.26853e-019
177.828  2.26257e-019
178.85  2.25643e-019
179.872  2.25012e-019
180.894  2.24362e-019
181.916  2.23694e-019
182.938  2.23008e-019
183.96  2.22303e-019
184.982  2.2158e-019
186.004  2.20838e-019
187.026  2.20077e-019
188.048  2.19297e-019
189.07  2.18498e-019
190.092  2.17681e-019
191.114  2.16844e-019
192.136  2.15987e-019
193.158  2.15111e-019
194.18  2.14216e-019
195.202  2.13301e-019
196.224  2.12366e-019
197.246  2.11411e-019
198.268  2.10436e-019
199.29  2.09441e-019
200.312  2.08425e-019
201.334  2.0739e-019
202.356  2.06333e-019
203.378  2.05257e-019
204.4  2.04159e-019
205.422  2.03041e-019
206.444  2.01903e-019
207.466  2.00743e-019
208.488  1.99562e-019
209.51  1.9836e-019
210.532  1.97137e-019
211.554  1.95893e-019
212.576  1.94627e-019
213.598  1.9334e-019
214.62  1.92032e-019
215.642  1.90702e-019
216.664  1.8935e-019
217.686  1.87977e-019
218.708  1.86582e-019
219.73  1.85166e-019
220.752  1.83728e-019
221.774  1.82268e-019
222.796  1.80786e-019
223.818  1.79282e-019
224.84  1.77757e-019
225.862  1.7621e-019
226.884  1.74641e-019
227.906  1.73051e-019
228.928  1.71438e-019
229.95  1.69805e-019
230.972  1.68149e-019
231.994  1.66472e-019
233.016  1.64773e-019
234.038  1.63053e-019
235.06  1.61312e-019
236.082  1.59549e-019
237.104  1.57765e-019
238.126  1.55961e-019
239.148  1.54135e-019
240.17  1.52289e-019
241.192  1.50422e-019
242.214  1.48535e-019
243.236  1.46628e-019
244.258  1.44701e-019
245.28  1.42754e-019
246.302  1.40788e-019
247.324  1.38803e-019
248.346  1.36798e-019
249.368  1.34776e-019
250.39  1.32735e-019
251.412  1.30676e-019
252.434  1.286e-019
253.456  1.26506e-019
254.478  1.24396e-019
255.5  1.2227e-019
256.522  1.20128e-019
257.544  1.1797e-019
258.566  1.15798e-019
259.588  1.13611e-019
260.61  1.11411e-019
261.632  1.09198e-019
262.654  1.06972e-019
263.676  1.04734e-019
264.698  1.02485e-019
265.72  1.00226e-019
266.742  9.79575e-020
267.764  9.56798e-020
268.786  9.3394e-020
269.808  9.11011e-020
270.83  8.88018e-020
271.852  8.64972e-020
272.874  8.41881e-020
273.896  8.18757e-020
274.918  7.95608e-020
275.94  7.72448e-020
276.962  7.49286e-020
277.984  7.26134e-020
279.006  7.03006e-020
280.028  6.79913e-020
281.05  6.56869e-020
282.072  6.33887e-020
283.094  6.10982e-020
284.116  5.88169e-020
285.138  5.65463e-020
286.16  5.42879e-020
287.182  5.20434e-020
288.204  4.98145e-020
289.226  4.76029e-020
290.248  4.54106e-020
291.27  4.32393e-020
292.292  4.10909e-020
293.314  3.89676e-020
294.336  3.68714e-020
295.358  3.48044e-020
296.38  3.27688e-020
297.402  3.0767e-020
298.424  2.88012e-020
299.446  2.6874e-020
300.468  2.49878e-020
301.49  2.31452e-020
302.512  2.13489e-020
303.534  1.96016e-020
304.556  1.79062e-020
305.578  1.62657e-020
306.6  1.46829e-020
307.622  1.3161e-020
308.644  1.17033e-020
309.666  1.03129e-020
310.688  8.99329e-021
311.71  7.74793e-021
312.732  6.5804e-021
313.754  5.49436e-021
314.776  4.49361e-021
315.798  3.58203e-021
316.82  2.76362e-021
317.842  2.04246e-021
318.864  1.42278e-021
319.886  9.08897e-022
320.908  5.0523e-022
321.93  2.16315e-022
322.952  4.6777e-023
