1.022  1.2833e-019
2.044  1.29574e-019
3.066  1.30811e-019
4.088  1.32042e-019
5.11  1.33266e-019
6.132  1.34484e-019
7.154  1.35696e-019
8.176  1.369e-019
9.198  1.38098e-019
10.22  1.39288e-019
11.242  1.40472e-019
12.264  1.41649e-019
13.286  1.42819e-019
14.308  1.43981e-019
15.33  1.45138e-019
16.352  1.46287e-019
17.374  1.4743e-019
18.396  1.48566e-019
19.418  1.49696e-019
20.44  1.5082e-019
21.462  1.51937e-019
22.484  1.53048e-019
23.506  1.54153e-019
24.528  1.55252e-019
25.55  1.56345e-019
26.572  1.57431e-019
27.594  1.58512e-019
28.616  1.59586e-019
29.638  1.60654e-019
30.66  1.61717e-019
31.682  1.62773e-019
32.704  1.63823e-019
33.726  1.64867e-019
34.748  1.65904e-019
35.77  1.66936e-019
36.792  1.67961e-019
37.814  1.6898e-019
38.836  1.69992e-019
39.858  1.70999e-019
40.88  1.71998e-019
41.902  1.72991e-019
42.924  1.73978e-019
43.946  1.74958e-019
44.968  1.75931e-019
45.99  1.76898e-019
47.012  1.77857e-019
48.034  1.7881e-019
49.056  1.79756e-019
50.078  1.80694e-019
51.1  1.81626e-019
52.122  1.8255e-019
53.144  1.83467e-019
54.166  1.84377e-019
55.188  1.85279e-019
56.21  1.86174e-019
57.232  1.87061e-019
58.254  1.8794e-019
59.276  1.88812e-019
60.298  1.89676e-019
61.32  1.90532e-019
62.342  1.9138e-019
63.364  1.9222e-019
64.386  1.93051e-019
65.408  1.93875e-019
66.43  1.9469e-019
67.452  1.95497e-019
68.474  1.96295e-019
69.496  1.97085e-019
70.518  1.97866e-019
71.54  1.98639e-019
72.562  1.99402e-019
73.584  2.00157e-019
74.606  2.00903e-019
75.628  2.0164e-019
76.65  2.02368e-019
77.672  2.03086e-019
78.694  2.03796e-019
79.716  2.04496e-019
80.738  2.05186e-019
81.76  2.05867e-019
82.782  2.06539e-019
83.804  2.07201e-019
84.826  2.07853e-019
85.848  2.08495e-019
86.87  2.09128e-019
87.892  2.09751e-019
88.914  2.10363e-019
89.936  2.10966e-019
90.958  2.11558e-019
91.98  2.1214e-019
93.002  2.12712e-019
94.024  2.13273e-019
95.046  2.13824e-019
96.068  2.14364e-019
97.09  2.14894e-019
98.112  2.15413e-019
99.134  2.15922e-019
100.156  2.16419e-019
101.178  2.16906e-019
102.2  2.17381e-019
103.222  2.17846e-019
104.244  2.183e-019
105.266  2.18742e-019
106.288  2.19173e-019
107.31  2.19593e-019
108.332  2.20001e-019
109.354  2.20398e-019
110.376  2.20783e-019
111.398  2.21157e-019
112.42  2.21519e-019
113.442  2.21869e-019
114.464  2.22208e-019
115.486  2.22534e-019
116.508  2.22849e-019
117.53  2.23151e-019
118.552  2.23442e-019
119.574  2.2372e-019
120.596  2.23986e-019
121.618  2.24239e-019
122.64  2.2448e-019
123.662  2.24709e-019
124.684  2.24925e-019
125.706  2.25129e-019
126.728  2.2532e-019
127.75  2.25498e-019
128.772  2.25663e-019
129.794  2.25815e-019
130.816  2.25954e-019
131.838  2.26081e-019
132.86  2.26194e-019
133.882  2.26293e-019
134.904  2.2638e-019
135.926  2.26453e-019
136.948  2.26512e-019
137.97  2.26558e-019
138.992  2.26591e-019
140.014  2.26609e-019
141.036  2.26614e-019
142.058  2.26605e-019
143.08  2.26582e-019
144.102  2.26545e-019
145.124  2.26494e-019
146.146  2.26428e-019
147.168  2.26349e-019
148.19  2.26255e-019
149.212  2.26146e-019
150.234  2.26023e-019
151.256  2.25885e-019
152.278  2.25732e-019
153.3  2.25565e-019
154.322  2.25382e-019
155.344  2.25185e-019
156.366  2.24972e-019
157.388  2.24744e-019
158.41  2.24501e-019
159.432  2.24243e-019
160.454  2.23969e-019
161.476  2.23679e-019
162.498  2.23373e-019
163.52  2.23052e-019
164.542  2.22715e-019
165.564  2.22362e-019
166.586  2.21993e-019
167.608  2.21607e-019
168.63  2.21205e-019
169.652  2.20787e-019
170.674  2.20352e-019
171.696  2.19901e-019
172.718  2.19432e-019
173.74  2.18947e-019
174.762  2.18445e-019
175.784  2.17926e-019
176.806  2.1739e-019
177.828  2.16836e-019
178.85  2.16265e-019
179.872  2.15676e-019
180.894  2.1507e-019
181.916  2.14446e-019
182.938  2.13804e-019
183.96  2.13144e-019
184.982  2.12466e-019
186.004  2.1177e-019
187.026  2.11055e-019
188.048  2.10322e-019
189.07  2.09571e-019
190.092  2.08801e-019
191.114  2.08012e-019
192.136  2.07204e-019
193.158  2.06378e-019
194.18  2.05532e-019
195.202  2.04667e-019
196.224  2.03782e-019
197.246  2.02879e-019
198.268  2.01955e-019
199.29  2.01013e-019
200.312  2.0005e-019
201.334  1.99068e-019
202.356  1.98065e-019
203.378  1.97043e-019
204.4  1.96e-019
205.422  1.94938e-019
206.444  1.93855e-019
207.466  1.92752e-019
208.488  1.91628e-019
209.51  1.90483e-019
210.532  1.89318e-019
211.554  1.88133e-019
212.576  1.86926e-019
213.598  1.85699e-019
214.62  1.84451e-019
215.642  1.83182e-019
216.664  1.81892e-019
217.686  1.80581e-019
218.708  1.79249e-019
219.73  1.77896e-019
220.752  1.76521e-019
221.774  1.75126e-019
222.796  1.73709e-019
223.818  1.72271e-019
224.84  1.70812e-019
225.862  1.69332e-019
226.884  1.6783e-019
227.906  1.66308e-019
228.928  1.64764e-019
229.95  1.63199e-019
230.972  1.61613e-019
231.994  1.60006e-019
233.016  1.58379e-019
234.038  1.5673e-019
235.06  1.55061e-019
236.082  1.53371e-019
237.104  1.51661e-019
238.126  1.4993e-019
239.148  1.48179e-019
240.17  1.46408e-019
241.192  1.44617e-019
242.214  1.42806e-019
243.236  1.40975e-019
244.258  1.39126e-019
245.28  1.37257e-019
246.302  1.35369e-019
247.324  1.33463e-019
248.346  1.31538e-019
249.368  1.29596e-019
250.39  1.27635e-019
251.412  1.25658e-019
252.434  1.23663e-019
253.456  1.21652e-019
254.478  1.19624e-019
255.5  1.17581e-019
256.522  1.15523e-019
257.544  1.13449e-019
258.566  1.11361e-019
259.588  1.0926e-019
260.61  1.07145e-019
261.632  1.05017e-019
262.654  1.02877e-019
263.676  1.00726e-019
264.698  9.8564e-020
265.72  9.63919e-020
266.742  9.42103e-020
267.764  9.20201e-020
268.786  8.98221e-020
269.808  8.76171e-020
270.83  8.54059e-020
271.852  8.31895e-020
272.874  8.09688e-020
273.896  7.87448e-020
274.918  7.65184e-020
275.94  7.42908e-020
276.962  7.2063e-020
277.984  6.98362e-020
279.006  6.76116e-020
280.028  6.53904e-020
281.05  6.31738e-020
282.072  6.09632e-020
283.094  5.876e-020
284.116  5.65656e-020
285.138  5.43814e-020
286.16  5.22091e-020
287.182  5.00501e-020
288.204  4.79061e-020
289.226  4.57788e-020
290.248  4.367e-020
291.27  4.15814e-020
292.292  3.9515e-020
293.314  3.74726e-020
294.336  3.54564e-020
295.358  3.34682e-020
296.38  3.15103e-020
297.402  2.95849e-020
298.424  2.76943e-020
299.446  2.58407e-020
300.468  2.40266e-020
301.49  2.22545e-020
302.512  2.05269e-020
303.534  1.88466e-020
304.556  1.72162e-020
305.578  1.56385e-020
306.6  1.41165e-020
307.622  1.26531e-020
308.644  1.12513e-020
309.666  9.91444e-021
310.688  8.64562e-021
311.71  7.44824e-021
312.732  6.32572e-021
313.754  5.28159e-021
314.776  4.31949e-021
315.798  3.44315e-021
316.82  2.6564e-021
317.842  1.96317e-021
318.864  1.36751e-021
319.886  8.73565e-022
320.908  4.85576e-022
321.93  2.07895e-022
322.952  4.49549e-023
