1.022  1.06733e-019
2.044  1.07947e-019
3.066  1.09155e-019
4.088  1.10357e-019
5.11  1.11553e-019
6.132  1.12744e-019
7.154  1.13929e-019
8.176  1.15107e-019
9.198  1.16279e-019
10.22  1.17445e-019
11.242  1.18605e-019
12.264  1.19758e-019
13.286  1.20905e-019
14.308  1.22046e-019
15.33  1.23181e-019
16.352  1.2431e-019
17.374  1.25432e-019
18.396  1.26549e-019
19.418  1.27659e-019
20.44  1.28764e-019
21.462  1.29863e-019
22.484  1.30957e-019
23.506  1.32044e-019
24.528  1.33126e-019
25.55  1.34203e-019
26.572  1.35273e-019
27.594  1.36339e-019
28.616  1.37398e-019
29.638  1.38452e-019
30.66  1.395e-019
31.682  1.40542e-019
32.704  1.41579e-019
33.726  1.4261e-019
34.748  1.43635e-019
35.77  1.44655e-019
36.792  1.45668e-019
37.814  1.46676e-019
38.836  1.47678e-019
39.858  1.48674e-019
40.88  1.49664e-019
41.902  1.50647e-019
42.924  1.51625e-019
43.946  1.52596e-019
44.968  1.53562e-019
45.99  1.5452e-019
47.012  1.55473e-019
48.034  1.56419e-019
49.056  1.57358e-019
50.078  1.58291e-019
51.1  1.59217e-019
52.122  1.60137e-019
53.144  1.6105e-019
54.166  1.61955e-019
55.188  1.62854e-019
56.21  1.63746e-019
57.232  1.64631e-019
58.254  1.65508e-019
59.276  1.66379e-019
60.298  1.67242e-019
61.32  1.68098e-019
62.342  1.68946e-019
63.364  1.69786e-019
64.386  1.70619e-019
65.408  1.71445e-019
66.43  1.72262e-019
67.452  1.73072e-019
68.474  1.73874e-019
69.496  1.74668e-019
70.518  1.75454e-019
71.54  1.76231e-019
72.562  1.77001e-019
73.584  1.77762e-019
74.606  1.78515e-019
75.628  1.79259e-019
76.65  1.79995e-019
77.672  1.80722e-019
78.694  1.81441e-019
79.716  1.8215e-019
80.738  1.82851e-019
81.76  1.83544e-019
82.782  1.84227e-019
83.804  1.84901e-019
84.826  1.85566e-019
85.848  1.86222e-019
86.87  1.86868e-019
87.892  1.87506e-019
88.914  1.88134e-019
89.936  1.88752e-019
90.958  1.89361e-019
91.98  1.89961e-019
93.002  1.9055e-019
94.024  1.9113e-019
95.046  1.917e-019
96.068  1.9226e-019
97.09  1.92811e-019
98.112  1.93351e-019
99.134  1.93881e-019
100.156  1.94401e-019
101.178  1.94911e-019
102.2  1.9541e-019
103.222  1.95899e-019
104.244  1.96378e-019
105.266  1.96846e-019
106.288  1.97304e-019
107.31  1.9775e-019
108.332  1.98187e-019
109.354  1.98612e-019
110.376  1.99026e-019
111.398  1.9943e-019
112.42  1.99823e-019
113.442  2.00204e-019
114.464  2.00574e-019
115.486  2.00934e-019
116.508  2.01282e-019
117.53  2.01618e-019
118.552  2.01943e-019
119.574  2.02257e-019
120.596  2.02559e-019
121.618  2.02849e-019
122.64  2.03128e-019
123.662  2.03395e-019
124.684  2.0365e-019
125.706  2.03894e-019
126.728  2.04125e-019
127.75  2.04344e-019
128.772  2.04551e-019
129.794  2.04746e-019
130.816  2.04928e-019
131.838  2.05099e-019
132.86  2.05256e-019
133.882  2.05402e-019
134.904  2.05534e-019
135.926  2.05654e-019
136.948  2.05762e-019
137.97  2.05856e-019
138.992  2.05938e-019
140.014  2.06006e-019
141.036  2.06062e-019
142.058  2.06104e-019
143.08  2.06133e-019
144.102  2.06149e-019
145.124  2.06152e-019
146.146  2.06141e-019
147.168  2.06117e-019
148.19  2.06078e-019
149.212  2.06027e-019
150.234  2.05961e-019
151.256  2.05881e-019
152.278  2.05788e-019
153.3  2.0568e-019
154.322  2.05559e-019
155.344  2.05423e-019
156.366  2.05272e-019
157.388  2.05108e-019
158.41  2.04928e-019
159.432  2.04735e-019
160.454  2.04526e-019
161.476  2.04303e-019
162.498  2.04064e-019
163.52  2.03811e-019
164.542  2.03543e-019
165.564  2.03259e-019
166.586  2.0296e-019
167.608  2.02646e-019
168.63  2.02316e-019
169.652  2.01971e-019
170.674  2.0161e-019
171.696  2.01233e-019
172.718  2.00841e-019
173.74  2.00432e-019
174.762  2.00007e-019
175.784  1.99566e-019
176.806  1.99109e-019
177.828  1.98635e-019
178.85  1.98145e-019
179.872  1.97638e-019
180.894  1.97114e-019
181.916  1.96574e-019
182.938  1.96016e-019
183.96  1.95442e-019
184.982  1.9485e-019
186.004  1.94241e-019
187.026  1.93615e-019
188.048  1.92971e-019
189.07  1.9231e-019
190.092  1.91631e-019
191.114  1.90934e-019
192.136  1.90219e-019
193.158  1.89487e-019
194.18  1.88736e-019
195.202  1.87967e-019
196.224  1.87179e-019
197.246  1.86374e-019
198.268  1.85549e-019
199.29  1.84707e-019
200.312  1.83845e-019
201.334  1.82965e-019
202.356  1.82066e-019
203.378  1.81147e-019
204.4  1.8021e-019
205.422  1.79254e-019
206.444  1.78278e-019
207.466  1.77283e-019
208.488  1.76269e-019
209.51  1.75235e-019
210.532  1.74182e-019
211.554  1.73109e-019
212.576  1.72017e-019
213.598  1.70905e-019
214.62  1.69773e-019
215.642  1.68621e-019
216.664  1.67449e-019
217.686  1.66258e-019
218.708  1.65046e-019
219.73  1.63815e-019
220.752  1.62564e-019
221.774  1.61292e-019
222.796  1.60001e-019
223.818  1.58689e-019
224.84  1.57358e-019
225.862  1.56006e-019
226.884  1.54635e-019
227.906  1.53244e-019
228.928  1.51832e-019
229.95  1.50401e-019
230.972  1.4895e-019
231.994  1.47479e-019
233.016  1.45988e-019
234.038  1.44478e-019
235.06  1.42948e-019
236.082  1.41398e-019
237.104  1.3983e-019
238.126  1.38242e-019
239.148  1.36635e-019
240.17  1.35009e-019
241.192  1.33364e-019
242.214  1.31701e-019
243.236  1.30019e-019
244.258  1.28319e-019
245.28  1.26601e-019
246.302  1.24865e-019
247.324  1.23112e-019
248.346  1.21341e-019
249.368  1.19554e-019
250.39  1.1775e-019
251.412  1.15929e-019
252.434  1.14093e-019
253.456  1.12241e-019
254.478  1.10373e-019
255.5  1.08491e-019
256.522  1.06595e-019
257.544  1.04684e-019
258.566  1.0276e-019
259.588  1.00823e-019
260.61  9.88729e-020
261.632  9.69113e-020
262.654  9.49382e-020
263.676  9.29544e-020
264.698  9.09604e-020
265.72  8.89568e-020
266.742  8.69445e-020
267.764  8.49239e-020
268.786  8.2896e-020
269.808  8.08615e-020
270.83  7.88211e-020
271.852  7.67758e-020
272.874  7.47264e-020
273.896  7.26738e-020
274.918  7.0619e-020
275.94  6.85629e-020
276.962  6.65066e-020
277.984  6.44511e-020
279.006  6.23975e-020
280.028  6.0347e-020
281.05  5.83008e-020
282.072  5.626e-020
283.094  5.42261e-020
284.116  5.22002e-020
285.138  5.01838e-020
286.16  4.81783e-020
287.182  4.61851e-020
288.204  4.42058e-020
289.226  4.22419e-020
290.248  4.02951e-020
291.27  3.8367e-020
292.292  3.64594e-020
293.314  3.45741e-020
294.336  3.27128e-020
295.358  3.08776e-020
296.38  2.90704e-020
297.402  2.72932e-020
298.424  2.55482e-020
299.446  2.38374e-020
300.468  2.21632e-020
301.49  2.05277e-020
302.512  1.89335e-020
303.534  1.73829e-020
304.556  1.58785e-020
305.578  1.44228e-020
306.6  1.30186e-020
307.622  1.16685e-020
308.644  1.03753e-020
309.666  9.1421e-021
310.688  7.97176e-021
311.71  6.86737e-021
312.732  5.8321e-021
313.754  4.86921e-021
314.776  3.98202e-021
315.798  3.17398e-021
316.82  2.4486e-021
317.842  1.80951e-021
318.864  1.2604e-021
319.886  8.05097e-022
320.908  4.47493e-022
321.93  1.91579e-022
322.952  4.14242e-023
