1.022  6.6336e-020
2.044  6.74309e-020
3.066  6.85221e-020
4.088  6.96095e-020
5.11  7.06931e-020
6.132  7.17726e-020
7.154  7.28481e-020
8.176  7.39193e-020
9.198  7.49863e-020
10.22  7.60489e-020
11.242  7.71072e-020
12.264  7.8161e-020
13.286  7.92104e-020
14.308  8.02554e-020
15.33  8.12961e-020
16.352  8.23324e-020
17.374  8.33644e-020
18.396  8.43921e-020
19.418  8.54155e-020
20.44  8.64346e-020
21.462  8.74495e-020
22.484  8.84602e-020
23.506  8.94666e-020
24.528  9.04688e-020
25.55  9.14668e-020
26.572  9.24605e-020
27.594  9.345e-020
28.616  9.44352e-020
29.638  9.54162e-020
30.66  9.63928e-020
31.682  9.73651e-020
32.704  9.8333e-020
33.726  9.92966e-020
34.748  1.00256e-019
35.77  1.0121e-019
36.792  1.0216e-019
37.814  1.03106e-019
38.836  1.04047e-019
39.858  1.04983e-019
40.88  1.05915e-019
41.902  1.06841e-019
42.924  1.07763e-019
43.946  1.0868e-019
44.968  1.09592e-019
45.99  1.105e-019
47.012  1.11402e-019
48.034  1.12299e-019
49.056  1.1319e-019
50.078  1.14077e-019
51.1  1.14958e-019
52.122  1.15834e-019
53.144  1.16704e-019
54.166  1.17569e-019
55.188  1.18428e-019
56.21  1.19282e-019
57.232  1.2013e-019
58.254  1.20972e-019
59.276  1.21808e-019
60.298  1.22639e-019
61.32  1.23463e-019
62.342  1.24281e-019
63.364  1.25094e-019
64.386  1.259e-019
65.408  1.26699e-019
66.43  1.27493e-019
67.452  1.2828e-019
68.474  1.2906e-019
69.496  1.29834e-019
70.518  1.30602e-019
71.54  1.31363e-019
72.562  1.32117e-019
73.584  1.32864e-019
74.606  1.33604e-019
75.628  1.34337e-019
76.65  1.35064e-019
77.672  1.35783e-019
78.694  1.36495e-019
79.716  1.372e-019
80.738  1.37897e-019
81.76  1.38587e-019
82.782  1.3927e-019
83.804  1.39945e-019
84.826  1.40613e-019
85.848  1.41273e-019
86.87  1.41925e-019
87.892  1.4257e-019
88.914  1.43206e-019
89.936  1.43835e-019
90.958  1.44456e-019
91.98  1.45069e-019
93.002  1.45673e-019
94.024  1.4627e-019
95.046  1.46858e-019
96.068  1.47438e-019
97.09  1.48009e-019
98.112  1.48572e-019
99.134  1.49127e-019
100.156  1.49673e-019
101.178  1.5021e-019
102.2  1.50739e-019
103.222  1.51259e-019
104.244  1.5177e-019
105.266  1.52272e-019
106.288  1.52765e-019
107.31  1.53249e-019
108.332  1.53724e-019
109.354  1.5419e-019
110.376  1.54646e-019
111.398  1.55094e-019
112.42  1.55532e-019
113.442  1.5596e-019
114.464  1.56379e-019
115.486  1.56789e-019
116.508  1.57188e-019
117.53  1.57579e-019
118.552  1.57959e-019
119.574  1.58329e-019
120.596  1.5869e-019
121.618  1.59041e-019
122.64  1.59381e-019
123.662  1.59712e-019
124.684  1.60032e-019
125.706  1.60342e-019
126.728  1.60642e-019
127.75  1.60931e-019
128.772  1.6121e-019
129.794  1.61478e-019
130.816  1.61736e-019
131.838  1.61983e-019
132.86  1.6222e-019
133.882  1.62445e-019
134.904  1.6266e-019
135.926  1.62864e-019
136.948  1.63057e-019
137.97  1.63238e-019
138.992  1.63409e-019
140.014  1.63568e-019
141.036  1.63716e-019
142.058  1.63852e-019
143.08  1.63977e-019
144.102  1.64091e-019
145.124  1.64193e-019
146.146  1.64283e-019
147.168  1.64361e-019
148.19  1.64427e-019
149.212  1.64482e-019
150.234  1.64524e-019
151.256  1.64555e-019
152.278  1.64573e-019
153.3  1.64579e-019
154.322  1.64572e-019
155.344  1.64554e-019
156.366  1.64522e-019
157.388  1.64478e-019
158.41  1.64421e-019
159.432  1.64352e-019
160.454  1.64269e-019
161.476  1.64174e-019
162.498  1.64066e-019
163.52  1.63944e-019
164.542  1.63809e-019
165.564  1.63661e-019
166.586  1.635e-019
167.608  1.63325e-019
168.63  1.63136e-019
169.652  1.62934e-019
170.674  1.62718e-019
171.696  1.62488e-019
172.718  1.62244e-019
173.74  1.61986e-019
174.762  1.61714e-019
175.784  1.61428e-019
176.806  1.61128e-019
177.828  1.60813e-019
178.85  1.60483e-019
179.872  1.60139e-019
180.894  1.5978e-019
181.916  1.59406e-019
182.938  1.59018e-019
183.96  1.58614e-019
184.982  1.58196e-019
186.004  1.57762e-019
187.026  1.57313e-019
188.048  1.56848e-019
189.07  1.56368e-019
190.092  1.55873e-019
191.114  1.55362e-019
192.136  1.54835e-019
193.158  1.54293e-019
194.18  1.53734e-019
195.202  1.53159e-019
196.224  1.52569e-019
197.246  1.51962e-019
198.268  1.51339e-019
199.29  1.507e-019
200.312  1.50044e-019
201.334  1.49372e-019
202.356  1.48683e-019
203.378  1.47977e-019
204.4  1.47255e-019
205.422  1.46516e-019
206.444  1.4576e-019
207.466  1.44987e-019
208.488  1.44198e-019
209.51  1.43391e-019
210.532  1.42567e-019
211.554  1.41726e-019
212.576  1.40868e-019
213.598  1.39992e-019
214.62  1.39099e-019
215.642  1.38189e-019
216.664  1.37261e-019
217.686  1.36317e-019
218.708  1.35354e-019
219.73  1.34374e-019
220.752  1.33377e-019
221.774  1.32362e-019
222.796  1.3133e-019
223.818  1.3028e-019
224.84  1.29213e-019
225.862  1.28128e-019
226.884  1.27026e-019
227.906  1.25907e-019
228.928  1.2477e-019
229.95  1.23615e-019
230.972  1.22444e-019
231.994  1.21255e-019
233.016  1.20049e-019
234.038  1.18826e-019
235.06  1.17586e-019
236.082  1.16329e-019
237.104  1.15055e-019
238.126  1.13765e-019
239.148  1.12458e-019
240.17  1.11134e-019
241.192  1.09794e-019
242.214  1.08438e-019
243.236  1.07067e-019
244.258  1.05679e-019
245.28  1.04276e-019
246.302  1.02857e-019
247.324  1.01423e-019
248.346  9.99742e-020
249.368  9.85108e-020
250.39  9.70329e-020
251.412  9.55409e-020
252.434  9.40351e-020
253.456  9.25157e-020
254.478  9.09832e-020
255.5  8.94378e-020
256.522  8.78799e-020
257.544  8.631e-020
258.566  8.47283e-020
259.588  8.31355e-020
260.61  8.15318e-020
261.632  7.99177e-020
262.654  7.82939e-020
263.676  7.66606e-020
264.698  7.50186e-020
265.72  7.33683e-020
266.742  7.17103e-020
267.764  7.00453e-020
268.786  6.83739e-020
269.808  6.66967e-020
270.83  6.50143e-020
271.852  6.33277e-020
272.874  6.16374e-020
273.896  5.99442e-020
274.918  5.8249e-020
275.94  5.65525e-020
276.962  5.48557e-020
277.984  5.31594e-020
279.006  5.14646e-020
280.028  4.97722e-020
281.05  4.80833e-020
282.072  4.63988e-020
283.094  4.47198e-020
284.116  4.30475e-020
285.138  4.13829e-020
286.16  3.97273e-020
287.182  3.8082e-020
288.204  3.64481e-020
289.226  3.48269e-020
290.248  3.32199e-020
291.27  3.16285e-020
292.292  3.0054e-020
293.314  2.84979e-020
294.336  2.69619e-020
295.358  2.54474e-020
296.38  2.39562e-020
297.402  2.24898e-020
298.424  2.10501e-020
299.446  1.96389e-020
300.468  1.82579e-020
301.49  1.69091e-020
302.512  1.55944e-020
303.534  1.43159e-020
304.556  1.30756e-020
305.578  1.18756e-020
306.6  1.07182e-020
307.622  9.6056e-021
308.644  8.54013e-021
309.666  7.52416e-021
310.688  6.56017e-021
311.71  5.65065e-021
312.732  4.79822e-021
313.754  4.00551e-021
314.776  3.27527e-021
315.798  2.6103e-021
316.82  2.01348e-021
317.842  1.48775e-021
318.864  1.03614e-021
319.886  6.61752e-022
320.908  3.67765e-022
321.93  1.57423e-022
322.952  3.40337e-023
