1.022  3.72858e-020
2.044  3.81913e-020
3.066  3.90956e-020
4.088  3.99985e-020
5.11  4.09001e-020
6.132  4.18002e-020
7.154  4.26987e-020
8.176  4.35955e-020
9.198  4.44905e-020
10.22  4.53837e-020
11.242  4.62751e-020
12.264  4.71644e-020
13.286  4.80518e-020
14.308  4.89372e-020
15.33  4.98205e-020
16.352  5.07018e-020
17.374  5.15811e-020
18.396  5.24582e-020
19.418  5.33332e-020
20.44  5.42062e-020
21.462  5.50769e-020
22.484  5.59455e-020
23.506  5.6812e-020
24.528  5.76762e-020
25.55  5.85381e-020
26.572  5.93978e-020
27.594  6.02552e-020
28.616  6.11102e-020
29.638  6.19628e-020
30.66  6.2813e-020
31.682  6.36608e-020
32.704  6.4506e-020
33.726  6.53486e-020
34.748  6.61886e-020
35.77  6.7026e-020
36.792  6.78606e-020
37.814  6.86925e-020
38.836  6.95215e-020
39.858  7.03476e-020
40.88  7.11708e-020
41.902  7.1991e-020
42.924  7.28081e-020
43.946  7.36221e-020
44.968  7.44329e-020
45.99  7.52405e-020
47.012  7.60447e-020
48.034  7.68455e-020
49.056  7.76429e-020
50.078  7.84368e-020
51.1  7.92271e-020
52.122  8.00137e-020
53.144  8.07967e-020
54.166  8.15758e-020
55.188  8.23511e-020
56.21  8.31225e-020
57.232  8.38899e-020
58.254  8.46532e-020
59.276  8.54125e-020
60.298  8.61675e-020
61.32  8.69182e-020
62.342  8.76646e-020
63.364  8.84067e-020
64.386  8.91442e-020
65.408  8.98772e-020
66.43  9.06056e-020
67.452  9.13293e-020
68.474  9.20483e-020
69.496  9.27625e-020
70.518  9.34717e-020
71.54  9.41761e-020
72.562  9.48753e-020
73.584  9.55695e-020
74.606  9.62586e-020
75.628  9.69424e-020
76.65  9.76209e-020
77.672  9.8294e-020
78.694  9.89617e-020
79.716  9.96239e-020
80.738  1.0028e-019
81.76  1.00931e-019
82.782  1.01577e-019
83.804  1.02216e-019
84.826  1.0285e-019
85.848  1.03478e-019
86.87  1.04099e-019
87.892  1.04715e-019
88.914  1.05325e-019
89.936  1.05928e-019
90.958  1.06525e-019
91.98  1.07116e-019
93.002  1.07701e-019
94.024  1.08279e-019
95.046  1.0885e-019
96.068  1.09415e-019
97.09  1.09974e-019
98.112  1.10525e-019
99.134  1.1107e-019
100.156  1.11608e-019
101.178  1.12139e-019
102.2  1.12663e-019
103.222  1.1318e-019
104.244  1.1369e-019
105.266  1.14193e-019
106.288  1.14689e-019
107.31  1.15177e-019
108.332  1.15658e-019
109.354  1.16132e-019
110.376  1.16598e-019
111.398  1.17056e-019
112.42  1.17507e-019
113.442  1.1795e-019
114.464  1.18386e-019
115.486  1.18813e-019
116.508  1.19233e-019
117.53  1.19645e-019
118.552  1.20049e-019
119.574  1.20444e-019
120.596  1.20832e-019
121.618  1.21211e-019
122.64  1.21582e-019
123.662  1.21945e-019
124.684  1.22299e-019
125.706  1.22645e-019
126.728  1.22982e-019
127.75  1.2331e-019
128.772  1.2363e-019
129.794  1.23941e-019
130.816  1.24244e-019
131.838  1.24537e-019
132.86  1.24821e-019
133.882  1.25097e-019
134.904  1.25363e-019
135.926  1.2562e-019
136.948  1.25868e-019
137.97  1.26106e-019
138.992  1.26335e-019
140.014  1.26555e-019
141.036  1.26765e-019
142.058  1.26966e-019
143.08  1.27156e-019
144.102  1.27337e-019
145.124  1.27509e-019
146.146  1.2767e-019
147.168  1.27821e-019
148.19  1.27962e-019
149.212  1.28093e-019
150.234  1.28214e-019
151.256  1.28325e-019
152.278  1.28425e-019
153.3  1.28515e-019
154.322  1.28594e-019
155.344  1.28662e-019
156.366  1.2872e-019
157.388  1.28767e-019
158.41  1.28804e-019
159.432  1.28829e-019
160.454  1.28843e-019
161.476  1.28847e-019
162.498  1.28839e-019
163.52  1.2882e-019
164.542  1.28789e-019
165.564  1.28747e-019
166.586  1.28694e-019
167.608  1.28629e-019
168.63  1.28552e-019
169.652  1.28464e-019
170.674  1.28363e-019
171.696  1.28251e-019
172.718  1.28127e-019
173.74  1.2799e-019
174.762  1.27842e-019
175.784  1.27681e-019
176.806  1.27508e-019
177.828  1.27322e-019
178.85  1.27124e-019
179.872  1.26914e-019
180.894  1.2669e-019
181.916  1.26454e-019
182.938  1.26205e-019
183.96  1.25943e-019
184.982  1.25668e-019
186.004  1.2538e-019
187.026  1.25079e-019
188.048  1.24764e-019
189.07  1.24436e-019
190.092  1.24095e-019
191.114  1.2374e-019
192.136  1.23372e-019
193.158  1.2299e-019
194.18  1.22594e-019
195.202  1.22184e-019
196.224  1.21761e-019
197.246  1.21323e-019
198.268  1.20871e-019
199.29  1.20406e-019
200.312  1.19926e-019
201.334  1.19432e-019
202.356  1.18923e-019
203.378  1.184e-019
204.4  1.17863e-019
205.422  1.17311e-019
206.444  1.16745e-019
207.466  1.16164e-019
208.488  1.15568e-019
209.51  1.14958e-019
210.532  1.14333e-019
211.554  1.13693e-019
212.576  1.13038e-019
213.598  1.12368e-019
214.62  1.11684e-019
215.642  1.10984e-019
216.664  1.10269e-019
217.686  1.0954e-019
218.708  1.08795e-019
219.73  1.08036e-019
220.752  1.07261e-019
221.774  1.06472e-019
222.796  1.05667e-019
223.818  1.04847e-019
224.84  1.04013e-019
225.862  1.03163e-019
226.884  1.02298e-019
227.906  1.01418e-019
228.928  1.00524e-019
229.95  9.96141e-020
230.972  9.86898e-020
231.994  9.77506e-020
233.016  9.67967e-020
234.038  9.58282e-020
235.06  9.48451e-020
236.082  9.38475e-020
237.104  9.28355e-020
238.126  9.18092e-020
239.148  9.07688e-020
240.17  8.97142e-020
241.192  8.86457e-020
242.214  8.75635e-020
243.236  8.64675e-020
244.258  8.53581e-020
245.28  8.42354e-020
246.302  8.30995e-020
247.324  8.19507e-020
248.346  8.07891e-020
249.368  7.96151e-020
250.39  7.84287e-020
251.412  7.72303e-020
252.434  7.60201e-020
253.456  7.47984e-020
254.478  7.35655e-020
255.5  7.23216e-020
256.522  7.10671e-020
257.544  6.98023e-020
258.566  6.85276e-020
259.588  6.72433e-020
260.61  6.59497e-020
261.632  6.46474e-020
262.654  6.33367e-020
263.676  6.2018e-020
264.698  6.06918e-020
265.72  5.93585e-020
266.742  5.80188e-020
267.764  5.66729e-020
268.786  5.53216e-020
269.808  5.39653e-020
270.83  5.26046e-020
271.852  5.12401e-020
272.874  4.98725e-020
273.896  4.85023e-020
274.918  4.71303e-020
275.94  4.57571e-020
276.962  4.43835e-020
277.984  4.30101e-020
279.006  4.16379e-020
280.028  4.02675e-020
281.05  3.88998e-020
282.072  3.75356e-020
283.094  3.61758e-020
284.116  3.48215e-020
285.138  3.34733e-020
286.16  3.21325e-020
287.182  3.07999e-020
288.204  2.94767e-020
289.226  2.81638e-020
290.248  2.68624e-020
291.27  2.55736e-020
292.292  2.42987e-020
293.314  2.30388e-020
294.336  2.17952e-020
295.358  2.05691e-020
296.38  1.9362e-020
297.402  1.81752e-020
298.424  1.701e-020
299.446  1.5868e-020
300.468  1.47506e-020
301.49  1.36594e-020
302.512  1.2596e-020
303.534  1.1562e-020
304.556  1.0559e-020
305.578  9.5888e-021
306.6  8.65318e-021
307.622  7.75394e-021
308.644  6.89295e-021
309.666  6.07211e-021
310.688  5.29342e-021
311.71  4.55889e-021
312.732  3.87059e-021
313.754  3.23066e-021
314.776  2.64128e-021
315.798  2.1047e-021
316.82  1.62322e-021
317.842  1.1992e-021
318.864  8.35044e-022
319.886  5.3323e-022
320.908  2.9629e-022
321.93  1.26806e-022
322.952  2.74098e-023
