1.022  1.83164e-020
2.044  1.89282e-020
3.066  1.95423e-020
4.088  2.01586e-020
5.11  2.07771e-020
6.132  2.13975e-020
7.154  2.20199e-020
8.176  2.26441e-020
9.198  2.32699e-020
10.22  2.38974e-020
11.242  2.45264e-020
12.264  2.51568e-020
13.286  2.57886e-020
14.308  2.64217e-020
15.33  2.7056e-020
16.352  2.76915e-020
17.374  2.83281e-020
18.396  2.89657e-020
19.418  2.96043e-020
20.44  3.02439e-020
21.462  3.08843e-020
22.484  3.15255e-020
23.506  3.21674e-020
24.528  3.281e-020
25.55  3.34532e-020
26.572  3.40969e-020
27.594  3.47412e-020
28.616  3.53858e-020
29.638  3.60308e-020
30.66  3.66761e-020
31.682  3.73215e-020
32.704  3.79672e-020
33.726  3.86129e-020
34.748  3.92585e-020
35.77  3.99042e-020
36.792  4.05496e-020
37.814  4.11949e-020
38.836  4.18398e-020
39.858  4.24844e-020
40.88  4.31285e-020
41.902  4.37721e-020
42.924  4.44152e-020
43.946  4.50575e-020
44.968  4.56991e-020
45.99  4.63399e-020
47.012  4.69798e-020
48.034  4.76187e-020
49.056  4.82566e-020
50.078  4.88933e-020
51.1  4.95288e-020
52.122  5.01631e-020
53.144  5.0796e-020
54.166  5.14274e-020
55.188  5.20573e-020
56.21  5.26857e-020
57.232  5.33123e-020
58.254  5.39373e-020
59.276  5.45604e-020
60.298  5.51815e-020
61.32  5.58008e-020
62.342  5.64179e-020
63.364  5.7033e-020
64.386  5.76458e-020
65.408  5.82563e-020
66.43  5.88645e-020
67.452  5.94703e-020
68.474  6.00735e-020
69.496  6.06742e-020
70.518  6.12722e-020
71.54  6.18675e-020
72.562  6.24599e-020
73.584  6.30495e-020
74.606  6.36361e-020
75.628  6.42197e-020
76.65  6.48002e-020
77.672  6.53775e-020
78.694  6.59516e-020
79.716  6.65223e-020
80.738  6.70897e-020
81.76  6.76535e-020
82.782  6.82139e-020
83.804  6.87706e-020
84.826  6.93236e-020
85.848  6.98729e-020
86.87  7.04184e-020
87.892  7.09599e-020
88.914  7.14975e-020
89.936  7.20311e-020
90.958  7.25605e-020
91.98  7.30858e-020
93.002  7.36068e-020
94.024  7.41235e-020
95.046  7.46358e-020
96.068  7.51437e-020
97.09  7.5647e-020
98.112  7.61457e-020
99.134  7.66398e-020
100.156  7.71291e-020
101.178  7.76137e-020
102.2  7.80933e-020
103.222  7.8568e-020
104.244  7.90378e-020
105.266  7.95024e-020
106.288  7.99619e-020
107.31  8.04162e-020
108.332  8.08652e-020
109.354  8.13088e-020
110.376  8.17471e-020
111.398  8.21798e-020
112.42  8.2607e-020
113.442  8.30286e-020
114.464  8.34445e-020
115.486  8.38547e-020
116.508  8.4259e-020
117.53  8.46574e-020
118.552  8.50499e-020
119.574  8.54363e-020
120.596  8.58167e-020
121.618  8.61908e-020
122.64  8.65588e-020
123.662  8.69204e-020
124.684  8.72757e-020
125.706  8.76245e-020
126.728  8.79668e-020
127.75  8.83026e-020
128.772  8.86316e-020
129.794  8.8954e-020
130.816  8.92696e-020
131.838  8.95783e-020
132.86  8.98801e-020
133.882  9.01749e-020
134.904  9.04627e-020
135.926  9.07432e-020
136.948  9.10166e-020
137.97  9.12827e-020
138.992  9.15415e-020
140.014  9.17928e-020
141.036  9.20366e-020
142.058  9.22729e-020
143.08  9.25015e-020
144.102  9.27224e-020
145.124  9.29355e-020
146.146  9.31407e-020
147.168  9.3338e-020
148.19  9.35273e-020
149.212  9.37086e-020
150.234  9.38816e-020
151.256  9.40465e-020
152.278  9.4203e-020
153.3  9.43511e-020
154.322  9.44908e-020
155.344  9.46219e-020
156.366  9.47445e-020
157.388  9.48583e-020
158.41  9.49634e-020
159.432  9.50597e-020
160.454  9.5147e-020
161.476  9.52253e-020
162.498  9.52946e-020
163.52  9.53547e-020
164.542  9.54056e-020
165.564  9.54472e-020
166.586  9.54795e-020
167.608  9.55022e-020
168.63  9.55154e-020
169.652  9.55191e-020
170.674  9.5513e-020
171.696  9.54971e-020
172.718  9.54715e-020
173.74  9.54358e-020
174.762  9.53902e-020
175.784  9.53345e-020
176.806  9.52687e-020
177.828  9.51926e-020
178.85  9.51062e-020
179.872  9.50095e-020
180.894  9.49022e-020
181.916  9.47845e-020
182.938  9.46561e-020
183.96  9.4517e-020
184.982  9.43672e-020
186.004  9.42065e-020
187.026  9.4035e-020
188.048  9.38524e-020
189.07  9.36588e-020
190.092  9.34541e-020
191.114  9.32382e-020
192.136  9.30111e-020
193.158  9.27726e-020
194.18  9.25227e-020
195.202  9.22613e-020
196.224  9.19885e-020
197.246  9.1704e-020
198.268  9.14079e-020
199.29  9.11001e-020
200.312  9.07805e-020
201.334  9.04491e-020
202.356  9.01058e-020
203.378  8.97506e-020
204.4  8.93834e-020
205.422  8.90042e-020
206.444  8.86129e-020
207.466  8.82095e-020
208.488  8.77939e-020
209.51  8.7366e-020
210.532  8.6926e-020
211.554  8.64736e-020
212.576  8.6009e-020
213.598  8.5532e-020
214.62  8.50426e-020
215.642  8.45409e-020
216.664  8.40267e-020
217.686  8.35001e-020
218.708  8.29611e-020
219.73  8.24096e-020
220.752  8.18457e-020
221.774  8.12693e-020
222.796  8.06805e-020
223.818  8.00792e-020
224.84  7.94655e-020
225.862  7.88394e-020
226.884  7.82009e-020
227.906  7.75501e-020
228.928  7.68869e-020
229.95  7.62114e-020
230.972  7.55236e-020
231.994  7.48237e-020
233.016  7.41116e-020
234.038  7.33875e-020
235.06  7.26513e-020
236.082  7.19032e-020
237.104  7.11432e-020
238.126  7.03715e-020
239.148  6.9588e-020
240.17  6.87931e-020
241.192  6.79866e-020
242.214  6.71688e-020
243.236  6.63398e-020
244.258  6.54997e-020
245.28  6.46487e-020
246.302  6.37869e-020
247.324  6.29145e-020
248.346  6.20316e-020
249.368  6.11385e-020
250.39  6.02353e-020
251.412  5.93222e-020
252.434  5.83995e-020
253.456  5.74674e-020
254.478  5.6526e-020
255.5  5.55757e-020
256.522  5.46168e-020
257.544  5.36493e-020
258.566  5.26738e-020
259.588  5.16904e-020
260.61  5.06995e-020
261.632  4.97014e-020
262.654  4.86964e-020
263.676  4.76849e-020
264.698  4.66672e-020
265.72  4.56438e-020
266.742  4.4615e-020
267.764  4.35812e-020
268.786  4.25429e-020
269.808  4.15005e-020
270.83  4.04545e-020
271.852  3.94053e-020
272.874  3.83534e-020
273.896  3.72994e-020
274.918  3.62438e-020
275.94  3.51871e-020
276.962  3.413e-020
277.984  3.30729e-020
279.006  3.20166e-020
280.028  3.09616e-020
281.05  2.99085e-020
282.072  2.88582e-020
283.094  2.78112e-020
284.116  2.67683e-020
285.138  2.57303e-020
286.16  2.46978e-020
287.182  2.36717e-020
288.204  2.26529e-020
289.226  2.1642e-020
290.248  2.06401e-020
291.27  1.96479e-020
292.292  1.86665e-020
293.314  1.76968e-020
294.336  1.67396e-020
295.358  1.57961e-020
296.38  1.48673e-020
297.402  1.39542e-020
298.424  1.3058e-020
299.446  1.21796e-020
300.468  1.13204e-020
301.49  1.04814e-020
302.512  9.664e-021
303.534  8.8693e-021
304.556  8.09863e-021
305.578  7.35333e-021
306.6  6.63473e-021
307.622  5.94423e-021
308.644  5.28327e-021
309.666  4.65329e-021
310.688  4.05581e-021
311.71  3.49235e-021
312.732  2.96451e-021
313.754  2.4739e-021
314.776  2.02218e-021
315.798  1.61105e-021
316.82  1.24224e-021
317.842  9.17545e-022
318.864  6.38781e-022
319.886  4.07815e-022
320.908  2.26552e-022
321.93  9.69378e-023
322.952  2.09489e-023
