1.022  1.46512e-020
2.044  1.5121e-020
3.066  1.55947e-020
4.088  1.60723e-020
5.11  1.65536e-020
6.132  1.70386e-020
7.154  1.75271e-020
8.176  1.8019e-020
9.198  1.85141e-020
10.22  1.90125e-020
11.242  1.95139e-020
12.264  2.00183e-020
13.286  2.05256e-020
14.308  2.10357e-020
15.33  2.15485e-020
16.352  2.2064e-020
17.374  2.2582e-020
18.396  2.31025e-020
19.418  2.36255e-020
20.44  2.41507e-020
21.462  2.46783e-020
22.484  2.5208e-020
23.506  2.57398e-020
24.528  2.62736e-020
25.55  2.68094e-020
26.572  2.7347e-020
27.594  2.78864e-020
28.616  2.84276e-020
29.638  2.89703e-020
30.66  2.95146e-020
31.682  3.00604e-020
32.704  3.06076e-020
33.726  3.1156e-020
34.748  3.17057e-020
35.77  3.22565e-020
36.792  3.28083e-020
37.814  3.33611e-020
38.836  3.39148e-020
39.858  3.44693e-020
40.88  3.50246e-020
41.902  3.55804e-020
42.924  3.61368e-020
43.946  3.66937e-020
44.968  3.72509e-020
45.99  3.78085e-020
47.012  3.83662e-020
48.034  3.89241e-020
49.056  3.94821e-020
50.078  4.00399e-020
51.1  4.05977e-020
52.122  4.11553e-020
53.144  4.17125e-020
54.166  4.22694e-020
55.188  4.28259e-020
56.21  4.33817e-020
57.232  4.3937e-020
58.254  4.44916e-020
59.276  4.50454e-020
60.298  4.55983e-020
61.32  4.61502e-020
62.342  4.67011e-020
63.364  4.72509e-020
64.386  4.77995e-020
65.408  4.83469e-020
66.43  4.88928e-020
67.452  4.94374e-020
68.474  4.99804e-020
69.496  5.05218e-020
70.518  5.10616e-020
71.54  5.15996e-020
72.562  5.21357e-020
73.584  5.267e-020
74.606  5.32022e-020
75.628  5.37324e-020
76.65  5.42605e-020
77.672  5.47863e-020
78.694  5.53098e-020
79.716  5.5831e-020
80.738  5.63497e-020
81.76  5.68659e-020
82.782  5.73795e-020
83.804  5.78904e-020
84.826  5.83985e-020
85.848  5.89039e-020
86.87  5.94063e-020
87.892  5.99058e-020
88.914  6.04022e-020
89.936  6.08955e-020
90.958  6.13856e-020
91.98  6.18724e-020
93.002  6.23559e-020
94.024  6.2836e-020
95.046  6.33126e-020
96.068  6.37857e-020
97.09  6.42551e-020
98.112  6.47209e-020
99.134  6.51828e-020
100.156  6.56409e-020
101.178  6.60952e-020
102.2  6.65454e-020
103.222  6.69916e-020
104.244  6.74336e-020
105.266  6.78715e-020
106.288  6.83051e-020
107.31  6.87343e-020
108.332  6.91592e-020
109.354  6.95795e-020
110.376  6.99954e-020
111.398  7.04066e-020
112.42  7.08131e-020
113.442  7.12149e-020
114.464  7.16119e-020
115.486  7.20039e-020
116.508  7.2391e-020
117.53  7.27731e-020
118.552  7.31501e-020
119.574  7.35219e-020
120.596  7.38884e-020
121.618  7.42497e-020
122.64  7.46055e-020
123.662  7.49559e-020
124.684  7.53008e-020
125.706  7.56401e-020
126.728  7.59737e-020
127.75  7.63016e-020
128.772  7.66237e-020
129.794  7.69399e-020
130.816  7.72502e-020
131.838  7.75545e-020
132.86  7.78526e-020
133.882  7.81446e-020
134.904  7.84304e-020
135.926  7.87099e-020
136.948  7.8983e-020
137.97  7.92497e-020
138.992  7.95098e-020
140.014  7.97634e-020
141.036  8.00103e-020
142.058  8.02505e-020
143.08  8.04838e-020
144.102  8.07103e-020
145.124  8.09298e-020
146.146  8.11423e-020
147.168  8.13478e-020
148.19  8.1546e-020
149.212  8.1737e-020
150.234  8.19206e-020
151.256  8.20969e-020
152.278  8.22657e-020
153.3  8.2427e-020
154.322  8.25806e-020
155.344  8.27266e-020
156.366  8.28648e-020
157.388  8.29951e-020
158.41  8.31175e-020
159.432  8.3232e-020
160.454  8.33383e-020
161.476  8.34365e-020
162.498  8.35265e-020
163.52  8.36082e-020
164.542  8.36815e-020
165.564  8.37464e-020
166.586  8.38028e-020
167.608  8.38505e-020
168.63  8.38896e-020
169.652  8.39199e-020
170.674  8.39414e-020
171.696  8.3954e-020
172.718  8.39576e-020
173.74  8.39522e-020
174.762  8.39376e-020
175.784  8.39138e-020
176.806  8.38808e-020
177.828  8.38383e-020
178.85  8.37865e-020
179.872  8.37252e-020
180.894  8.36543e-020
181.916  8.35737e-020
182.938  8.34835e-020
183.96  8.33834e-020
184.982  8.32735e-020
186.004  8.31536e-020
187.026  8.30238e-020
188.048  8.28839e-020
189.07  8.27338e-020
190.092  8.25736e-020
191.114  8.2403e-020
192.136  8.22221e-020
193.158  8.20309e-020
194.18  8.18291e-020
195.202  8.16169e-020
196.224  8.1394e-020
197.246  8.11605e-020
198.268  8.09163e-020
199.29  8.06614e-020
200.312  8.03956e-020
201.334  8.01189e-020
202.356  7.98314e-020
203.378  7.95328e-020
204.4  7.92232e-020
205.422  7.89026e-020
206.444  7.85709e-020
207.466  7.8228e-020
208.488  7.78739e-020
209.51  7.75086e-020
210.532  7.7132e-020
211.554  7.67441e-020
212.576  7.63449e-020
213.598  7.59344e-020
214.62  7.55124e-020
215.642  7.50791e-020
216.664  7.46344e-020
217.686  7.41782e-020
218.708  7.37106e-020
219.73  7.32316e-020
220.752  7.27411e-020
221.774  7.22391e-020
222.796  7.17257e-020
223.818  7.12009e-020
224.84  7.06646e-020
225.862  7.01169e-020
226.884  6.95579e-020
227.906  6.89875e-020
228.928  6.84057e-020
229.95  6.78127e-020
230.972  6.72084e-020
231.994  6.65929e-020
233.016  6.59663e-020
234.038  6.53285e-020
235.06  6.46797e-020
236.082  6.402e-020
237.104  6.33494e-020
238.126  6.2668e-020
239.148  6.19758e-020
240.17  6.12731e-020
241.192  6.05598e-020
242.214  5.98362e-020
243.236  5.91022e-020
244.258  5.83581e-020
245.28  5.7604e-020
246.302  5.684e-020
247.324  5.60662e-020
248.346  5.52829e-020
249.368  5.44902e-020
250.39  5.36883e-020
251.412  5.28773e-020
252.434  5.20575e-020
253.456  5.1229e-020
254.478  5.03921e-020
255.5  4.95471e-020
256.522  4.8694e-020
257.544  4.78333e-020
258.566  4.69651e-020
259.588  4.60898e-020
260.61  4.52075e-020
261.632  4.43187e-020
262.654  4.34235e-020
263.676  4.25224e-020
264.698  4.16157e-020
265.72  4.07037e-020
266.742  3.97867e-020
267.764  3.88652e-020
268.786  3.79396e-020
269.808  3.70101e-020
270.83  3.60774e-020
271.852  3.51417e-020
272.874  3.42035e-020
273.896  3.32634e-020
274.918  3.23218e-020
275.94  3.13791e-020
276.962  3.0436e-020
277.984  2.94929e-020
279.006  2.85504e-020
280.028  2.76091e-020
281.05  2.66695e-020
282.072  2.57323e-020
283.094  2.4798e-020
284.116  2.38675e-020
285.138  2.29412e-020
286.16  2.20199e-020
287.182  2.11043e-020
288.204  2.01952e-020
289.226  1.92932e-020
290.248  1.83992e-020
291.27  1.7514e-020
292.292  1.66384e-020
293.314  1.57732e-020
294.336  1.49194e-020
295.358  1.40777e-020
296.38  1.32492e-020
297.402  1.24348e-020
298.424  1.16354e-020
299.446  1.08521e-020
300.468  1.00859e-020
301.49  9.33781e-021
302.512  8.60897e-021
303.534  7.90048e-021
304.556  7.21348e-021
305.578  6.54916e-021
306.6  5.9087e-021
307.622  5.29336e-021
308.644  4.70439e-021
309.666  4.1431e-021
310.688  3.61083e-021
311.71  3.10893e-021
312.732  2.63882e-021
313.754  2.20191e-021
314.776  1.79969e-021
315.798  1.43366e-021
316.82  1.10536e-021
317.842  8.16365e-022
318.864  5.68286e-022
319.886  3.62773e-022
320.908  2.0151e-022
321.93  8.6214e-023
322.952  1.86294e-023
