1.022  1.61292e-020
2.044  1.61362e-020
3.066  1.61524e-020
4.088  1.61775e-020
5.11  1.62116e-020
6.132  1.62543e-020
7.154  1.63055e-020
8.176  1.63651e-020
9.198  1.6433e-020
10.22  1.65089e-020
11.242  1.65927e-020
12.264  1.66843e-020
13.286  1.67836e-020
14.308  1.68905e-020
15.33  1.70047e-020
16.352  1.71263e-020
17.374  1.7255e-020
18.396  1.73908e-020
19.418  1.75334e-020
20.44  1.76829e-020
21.462  1.78391e-020
22.484  1.80018e-020
23.506  1.81709e-020
24.528  1.83463e-020
25.55  1.85279e-020
26.572  1.87156e-020
27.594  1.89092e-020
28.616  1.91086e-020
29.638  1.93137e-020
30.66  1.95244e-020
31.682  1.97405e-020
32.704  1.99619e-020
33.726  2.01886e-020
34.748  2.04203e-020
35.77  2.0657e-020
36.792  2.08985e-020
37.814  2.11448e-020
38.836  2.13957e-020
39.858  2.1651e-020
40.88  2.19108e-020
41.902  2.21748e-020
42.924  2.24429e-020
43.946  2.27151e-020
44.968  2.29912e-020
45.99  2.32711e-020
47.012  2.35546e-020
48.034  2.38418e-020
49.056  2.41324e-020
50.078  2.44264e-020
51.1  2.47236e-020
52.122  2.50239e-020
53.144  2.53273e-020
54.166  2.56336e-020
55.188  2.59427e-020
56.21  2.62546e-020
57.232  2.6569e-020
58.254  2.68859e-020
59.276  2.72052e-020
60.298  2.75268e-020
61.32  2.78506e-020
62.342  2.81765e-020
63.364  2.85044e-020
64.386  2.88342e-020
65.408  2.91657e-020
66.43  2.9499e-020
67.452  2.98338e-020
68.474  3.01701e-020
69.496  3.05079e-020
70.518  3.08469e-020
71.54  3.11871e-020
72.562  3.15285e-020
73.584  3.18708e-020
74.606  3.22141e-020
75.628  3.25582e-020
76.65  3.29031e-020
77.672  3.32486e-020
78.694  3.35947e-020
79.716  3.39412e-020
80.738  3.42881e-020
81.76  3.46353e-020
82.782  3.49827e-020
83.804  3.53302e-020
84.826  3.56777e-020
85.848  3.60252e-020
86.87  3.63725e-020
87.892  3.67195e-020
88.914  3.70663e-020
89.936  3.74126e-020
90.958  3.77585e-020
91.98  3.81038e-020
93.002  3.84484e-020
94.024  3.87923e-020
95.046  3.91353e-020
96.068  3.94775e-020
97.09  3.98186e-020
98.112  4.01587e-020
99.134  4.04976e-020
100.156  4.08353e-020
101.178  4.11717e-020
102.2  4.15066e-020
103.222  4.18401e-020
104.244  4.21721e-020
105.266  4.25024e-020
106.288  4.2831e-020
107.31  4.31578e-020
108.332  4.34828e-020
109.354  4.38058e-020
110.376  4.41267e-020
111.398  4.44456e-020
112.42  4.47622e-020
113.442  4.50767e-020
114.464  4.53887e-020
115.486  4.56984e-020
116.508  4.60056e-020
117.53  4.63102e-020
118.552  4.66122e-020
119.574  4.69114e-020
120.596  4.72079e-020
121.618  4.75014e-020
122.64  4.77921e-020
123.662  4.80797e-020
124.684  4.83642e-020
125.706  4.86455e-020
126.728  4.89236e-020
127.75  4.91983e-020
128.772  4.94697e-020
129.794  4.97375e-020
130.816  5.00019e-020
131.838  5.02626e-020
132.86  5.05195e-020
133.882  5.07728e-020
134.904  5.10221e-020
135.926  5.12675e-020
136.948  5.1509e-020
137.97  5.17463e-020
138.992  5.19795e-020
140.014  5.22085e-020
141.036  5.24331e-020
142.058  5.26534e-020
143.08  5.28693e-020
144.102  5.30806e-020
145.124  5.32873e-020
146.146  5.34893e-020
147.168  5.36866e-020
148.19  5.3879e-020
149.212  5.40665e-020
150.234  5.42491e-020
151.256  5.44266e-020
152.278  5.4599e-020
153.3  5.47662e-020
154.322  5.49281e-020
155.344  5.50847e-020
156.366  5.52358e-020
157.388  5.53815e-020
158.41  5.55215e-020
159.432  5.5656e-020
160.454  5.57847e-020
161.476  5.59076e-020
162.498  5.60246e-020
163.52  5.61357e-020
164.542  5.62408e-020
165.564  5.63398e-020
166.586  5.64327e-020
167.608  5.65193e-020
168.63  5.65996e-020
169.652  5.66735e-020
170.674  5.6741e-020
171.696  5.68019e-020
172.718  5.68563e-020
173.74  5.6904e-020
174.762  5.6945e-020
175.784  5.69792e-020
176.806  5.70065e-020
177.828  5.70268e-020
178.85  5.70402e-020
179.872  5.70465e-020
180.894  5.70456e-020
181.916  5.70375e-020
182.938  5.70222e-020
183.96  5.69995e-020
184.982  5.69694e-020
186.004  5.69318e-020
187.026  5.68867e-020
188.048  5.6834e-020
189.07  5.67737e-020
190.092  5.67056e-020
191.114  5.66298e-020
192.136  5.65461e-020
193.158  5.64545e-020
194.18  5.6355e-020
195.202  5.62475e-020
196.224  5.6132e-020
197.246  5.60083e-020
198.268  5.58765e-020
199.29  5.57364e-020
200.312  5.55881e-020
201.334  5.54315e-020
202.356  5.52666e-020
203.378  5.50933e-020
204.4  5.49115e-020
205.422  5.47213e-020
206.444  5.45226e-020
207.466  5.43153e-020
208.488  5.40994e-020
209.51  5.3875e-020
210.532  5.36419e-020
211.554  5.34001e-020
212.576  5.31497e-020
213.598  5.28905e-020
214.62  5.26226e-020
215.642  5.2346e-020
216.664  5.20606e-020
217.686  5.17664e-020
218.708  5.14635e-020
219.73  5.11517e-020
220.752  5.08312e-020
221.774  5.05019e-020
222.796  5.01637e-020
223.818  4.98169e-020
224.84  4.94612e-020
225.862  4.90968e-020
226.884  4.87236e-020
227.906  4.83418e-020
228.928  4.79512e-020
229.95  4.7552e-020
230.972  4.71442e-020
231.994  4.67277e-020
233.016  4.63028e-020
234.038  4.58693e-020
235.06  4.54274e-020
236.082  4.49771e-020
237.104  4.45184e-020
238.126  4.40515e-020
239.148  4.35764e-020
240.17  4.30932e-020
241.192  4.2602e-020
242.214  4.21028e-020
243.236  4.15958e-020
244.258  4.1081e-020
245.28  4.05585e-020
246.302  4.00286e-020
247.324  3.94912e-020
248.346  3.89465e-020
249.368  3.83946e-020
250.39  3.78358e-020
251.412  3.727e-020
252.434  3.66975e-020
253.456  3.61185e-020
254.478  3.5533e-020
255.5  3.49414e-020
256.522  3.43436e-020
257.544  3.37401e-020
258.566  3.31308e-020
259.588  3.25162e-020
260.61  3.18962e-020
261.632  3.12713e-020
262.654  3.06416e-020
263.676  3.00074e-020
264.698  2.93689e-020
265.72  2.87263e-020
266.742  2.80801e-020
267.764  2.74303e-020
268.786  2.67774e-020
269.808  2.61216e-020
270.83  2.54632e-020
271.852  2.48026e-020
272.874  2.41401e-020
273.896  2.3476e-020
274.918  2.28107e-020
275.94  2.21446e-020
276.962  2.1478e-020
277.984  2.08114e-020
279.006  2.01451e-020
280.028  1.94796e-020
281.05  1.88152e-020
282.072  1.81526e-020
283.094  1.74919e-020
284.116  1.68339e-020
285.138  1.61789e-020
286.16  1.55275e-020
287.182  1.48801e-020
288.204  1.42374e-020
289.226  1.35997e-020
290.248  1.29678e-020
291.27  1.23421e-020
292.292  1.17233e-020
293.314  1.1112e-020
294.336  1.05087e-020
295.358  9.91424e-021
296.38  9.32913e-021
297.402  8.75408e-021
298.424  8.18979e-021
299.446  7.63696e-021
300.468  7.09633e-021
301.49  6.56864e-021
302.512  6.05466e-021
303.534  5.55518e-021
304.556  5.07099e-021
305.578  4.60292e-021
306.6  4.15182e-021
307.622  3.71855e-021
308.644  3.30399e-021
309.666  2.90906e-021
310.688  2.53467e-021
311.71  2.18179e-021
312.732  1.85137e-021
313.754  1.54442e-021
314.776  1.26196e-021
315.798  1.00501e-021
316.82  7.74645e-022
317.842  5.71946e-022
318.864  3.98023e-022
319.886  2.54007e-022
320.908  1.4105e-022
321.93  6.0328e-023
322.952  1.30318e-023
