1.022  1.71041e-020
2.044  1.70638e-020
3.066  1.70331e-020
4.088  1.7012e-020
5.11  1.70003e-020
6.132  1.69977e-020
7.154  1.70042e-020
8.176  1.70195e-020
9.198  1.70436e-020
10.22  1.70762e-020
11.242  1.71172e-020
12.264  1.71665e-020
13.286  1.72239e-020
14.308  1.72894e-020
15.33  1.73627e-020
16.352  1.74438e-020
17.374  1.75325e-020
18.396  1.76288e-020
19.418  1.77323e-020
20.44  1.78432e-020
21.462  1.79611e-020
22.484  1.80861e-020
23.506  1.82179e-020
24.528  1.83564e-020
25.55  1.85015e-020
26.572  1.86531e-020
27.594  1.88111e-020
28.616  1.89753e-020
29.638  1.91456e-020
30.66  1.93219e-020
31.682  1.9504e-020
32.704  1.96918e-020
33.726  1.98853e-020
34.748  2.00842e-020
35.77  2.02884e-020
36.792  2.04979e-020
37.814  2.07125e-020
38.836  2.09321e-020
39.858  2.11565e-020
40.88  2.13857e-020
41.902  2.16195e-020
42.924  2.18578e-020
43.946  2.21005e-020
44.968  2.23474e-020
45.99  2.25985e-020
47.012  2.28536e-020
48.034  2.31127e-020
49.056  2.33756e-020
50.078  2.36421e-020
51.1  2.39122e-020
52.122  2.41858e-020
53.144  2.44628e-020
54.166  2.4743e-020
55.188  2.50263e-020
56.21  2.53127e-020
57.232  2.5602e-020
58.254  2.58941e-020
59.276  2.61889e-020
60.298  2.64864e-020
61.32  2.67863e-020
62.342  2.70886e-020
63.364  2.73932e-020
64.386  2.77e-020
65.408  2.80089e-020
66.43  2.83198e-020
67.452  2.86325e-020
68.474  2.89471e-020
69.496  2.92633e-020
70.518  2.95812e-020
71.54  2.99005e-020
72.562  3.02212e-020
73.584  3.05432e-020
74.606  3.08665e-020
75.628  3.11908e-020
76.65  3.15162e-020
77.672  3.18425e-020
78.694  3.21696e-020
79.716  3.24975e-020
80.738  3.2826e-020
81.76  3.31551e-020
82.782  3.34846e-020
83.804  3.38145e-020
84.826  3.41448e-020
85.848  3.44752e-020
86.87  3.48057e-020
87.892  3.51363e-020
88.914  3.54668e-020
89.936  3.57971e-020
90.958  3.61272e-020
91.98  3.6457e-020
93.002  3.67864e-020
94.024  3.71153e-020
95.046  3.74437e-020
96.068  3.77713e-020
97.09  3.80983e-020
98.112  3.84244e-020
99.134  3.87496e-020
100.156  3.90738e-020
101.178  3.9397e-020
102.2  3.9719e-020
103.222  4.00398e-020
104.244  4.03592e-020
105.266  4.06773e-020
106.288  4.09939e-020
107.31  4.1309e-020
108.332  4.16224e-020
109.354  4.19341e-020
110.376  4.2244e-020
111.398  4.25521e-020
112.42  4.28582e-020
113.442  4.31622e-020
114.464  4.34642e-020
115.486  4.3764e-020
116.508  4.40616e-020
117.53  4.43568e-020
118.552  4.46496e-020
119.574  4.49399e-020
120.596  4.52276e-020
121.618  4.55127e-020
122.64  4.57951e-020
123.662  4.60746e-020
124.684  4.63513e-020
125.706  4.66251e-020
126.728  4.68958e-020
127.75  4.71634e-020
128.772  4.74279e-020
129.794  4.76891e-020
130.816  4.79469e-020
131.838  4.82014e-020
132.86  4.84524e-020
133.882  4.86998e-020
134.904  4.89436e-020
135.926  4.91836e-020
136.948  4.94199e-020
137.97  4.96524e-020
138.992  4.98809e-020
140.014  5.01054e-020
141.036  5.03258e-020
142.058  5.0542e-020
143.08  5.0754e-020
144.102  5.09617e-020
145.124  5.11651e-020
146.146  5.13639e-020
147.168  5.15582e-020
148.19  5.1748e-020
149.212  5.1933e-020
150.234  5.21132e-020
151.256  5.22887e-020
152.278  5.24592e-020
153.3  5.26247e-020
154.322  5.27852e-020
155.344  5.29405e-020
156.366  5.30907e-020
157.388  5.32355e-020
158.41  5.3375e-020
159.432  5.35091e-020
160.454  5.36376e-020
161.476  5.37606e-020
162.498  5.38779e-020
163.52  5.39895e-020
164.542  5.40953e-020
165.564  5.41953e-020
166.586  5.42892e-020
167.608  5.43772e-020
168.63  5.44591e-020
169.652  5.45348e-020
170.674  5.46043e-020
171.696  5.46675e-020
172.718  5.47243e-020
173.74  5.47747e-020
174.762  5.48186e-020
175.784  5.48558e-020
176.806  5.48865e-020
177.828  5.49104e-020
178.85  5.49275e-020
179.872  5.49377e-020
180.894  5.49411e-020
181.916  5.49374e-020
182.938  5.49267e-020
183.96  5.49089e-020
184.982  5.48838e-020
186.004  5.48516e-020
187.026  5.4812e-020
188.048  5.47651e-020
189.07  5.47107e-020
190.092  5.46488e-020
191.114  5.45794e-020
192.136  5.45024e-020
193.158  5.44177e-020
194.18  5.43253e-020
195.202  5.42251e-020
196.224  5.41171e-020
197.246  5.40012e-020
198.268  5.38773e-020
199.29  5.37455e-020
200.312  5.36057e-020
201.334  5.34578e-020
202.356  5.33018e-020
203.378  5.31376e-020
204.4  5.29653e-020
205.422  5.27847e-020
206.444  5.25958e-020
207.466  5.23986e-020
208.488  5.21931e-020
209.51  5.19791e-020
210.532  5.17568e-020
211.554  5.15261e-020
212.576  5.12869e-020
213.598  5.10392e-020
214.62  5.0783e-020
215.642  5.05184e-020
216.664  5.02452e-020
217.686  4.99634e-020
218.708  4.96731e-020
219.73  4.93743e-020
220.752  4.90669e-020
221.774  4.87509e-020
222.796  4.84264e-020
223.818  4.80933e-020
224.84  4.77517e-020
225.862  4.74016e-020
226.884  4.7043e-020
227.906  4.66759e-020
228.928  4.63004e-020
229.95  4.59164e-020
230.972  4.5524e-020
231.994  4.51232e-020
233.016  4.47142e-020
234.038  4.42969e-020
235.06  4.38713e-020
236.082  4.34376e-020
237.104  4.29958e-020
238.126  4.25459e-020
239.148  4.20881e-020
240.17  4.16223e-020
241.192  4.11488e-020
242.214  4.06675e-020
243.236  4.01786e-020
244.258  3.96821e-020
245.28  3.91782e-020
246.302  3.8667e-020
247.324  3.81485e-020
248.346  3.7623e-020
249.368  3.70905e-020
250.39  3.65511e-020
251.412  3.60051e-020
252.434  3.54525e-020
253.456  3.48935e-020
254.478  3.43283e-020
255.5  3.37571e-020
256.522  3.31799e-020
257.544  3.25971e-020
258.566  3.20088e-020
259.588  3.14151e-020
260.61  3.08164e-020
261.632  3.02128e-020
262.654  2.96046e-020
263.676  2.8992e-020
264.698  2.83752e-020
265.72  2.77544e-020
266.742  2.71301e-020
267.764  2.65023e-020
268.786  2.58715e-020
269.808  2.52379e-020
270.83  2.46018e-020
271.852  2.39635e-020
272.874  2.33233e-020
273.896  2.26816e-020
274.918  2.20388e-020
275.94  2.13951e-020
276.962  2.0751e-020
277.984  2.01068e-020
279.006  1.94629e-020
280.028  1.88198e-020
281.05  1.81778e-020
282.072  1.75374e-020
283.094  1.6899e-020
284.116  1.62631e-020
285.138  1.56302e-020
286.16  1.50007e-020
287.182  1.43751e-020
288.204  1.3754e-020
289.226  1.31378e-020
290.248  1.25272e-020
291.27  1.19226e-020
292.292  1.13247e-020
293.314  1.07339e-020
294.336  1.01511e-020
295.358  9.57663e-021
296.38  9.01128e-021
297.402  8.45567e-021
298.424  7.91046e-021
299.446  7.37635e-021
300.468  6.85403e-021
301.49  6.34423e-021
302.512  5.84769e-021
303.534  5.36516e-021
304.556  4.89743e-021
305.578  4.44528e-021
306.6  4.00953e-021
307.622  3.59102e-021
308.644  3.19061e-021
309.666  2.80916e-021
310.688  2.44757e-021
311.71  2.10676e-021
312.732  1.78766e-021
313.754  1.49123e-021
314.776  1.21846e-021
315.798  9.70344e-022
316.82  7.47903e-022
317.842  5.52187e-022
318.864  3.84261e-022
319.886  2.45217e-022
320.908  1.36165e-022
321.93  5.82369e-023
322.952  1.25797e-023
