1.022  3.973e-020
2.044  3.90534e-020
3.066  3.83935e-020
4.088  3.77499e-020
5.11  3.71223e-020
6.132  3.65107e-020
7.154  3.59146e-020
8.176  3.53339e-020
9.198  3.47683e-020
10.22  3.42177e-020
11.242  3.36819e-020
12.264  3.31606e-020
13.286  3.26537e-020
14.308  3.21609e-020
15.33  3.16823e-020
16.352  3.12175e-020
17.374  3.07663e-020
18.396  3.03287e-020
19.418  2.99044e-020
20.44  2.94933e-020
21.462  2.90952e-020
22.484  2.87099e-020
23.506  2.83372e-020
24.528  2.79769e-020
25.55  2.76289e-020
26.572  2.7293e-020
27.594  2.6969e-020
28.616  2.66566e-020
29.638  2.63558e-020
30.66  2.60664e-020
31.682  2.57881e-020
32.704  2.55208e-020
33.726  2.52643e-020
34.748  2.50184e-020
35.77  2.47829e-020
36.792  2.45578e-020
37.814  2.43427e-020
38.836  2.41376e-020
39.858  2.39422e-020
40.88  2.37563e-020
41.902  2.35799e-020
42.924  2.34128e-020
43.946  2.32547e-020
44.968  2.31055e-020
45.99  2.29651e-020
47.012  2.28332e-020
48.034  2.27099e-020
49.056  2.25947e-020
50.078  2.24877e-020
51.1  2.23887e-020
52.122  2.22975e-020
53.144  2.2214e-020
54.166  2.21379e-020
55.188  2.20693e-020
56.21  2.20078e-020
57.232  2.19535e-020
58.254  2.1906e-020
59.276  2.18654e-020
60.298  2.18314e-020
61.32  2.1804e-020
62.342  2.17829e-020
63.364  2.17681e-020
64.386  2.17593e-020
65.408  2.17566e-020
66.43  2.17597e-020
67.452  2.17685e-020
68.474  2.17829e-020
69.496  2.18028e-020
70.518  2.1828e-020
71.54  2.18584e-020
72.562  2.18939e-020
73.584  2.19344e-020
74.606  2.19797e-020
75.628  2.20297e-020
76.65  2.20843e-020
77.672  2.21434e-020
78.694  2.22069e-020
79.716  2.22747e-020
80.738  2.23465e-020
81.76  2.24224e-020
82.782  2.25023e-020
83.804  2.25859e-020
84.826  2.26732e-020
85.848  2.2764e-020
86.87  2.28584e-020
87.892  2.29561e-020
88.914  2.30571e-020
89.936  2.31612e-020
90.958  2.32684e-020
91.98  2.33785e-020
93.002  2.34914e-020
94.024  2.36071e-020
95.046  2.37254e-020
96.068  2.38462e-020
97.09  2.39695e-020
98.112  2.40951e-020
99.134  2.42229e-020
100.156  2.43528e-020
101.178  2.44848e-020
102.2  2.46187e-020
103.222  2.47545e-020
104.244  2.4892e-020
105.266  2.50311e-020
106.288  2.51718e-020
107.31  2.5314e-020
108.332  2.54575e-020
109.354  2.56023e-020
110.376  2.57482e-020
111.398  2.58953e-020
112.42  2.60433e-020
113.442  2.61922e-020
114.464  2.6342e-020
115.486  2.64925e-020
116.508  2.66436e-020
117.53  2.67952e-020
118.552  2.69473e-020
119.574  2.70998e-020
120.596  2.72525e-020
121.618  2.74055e-020
122.64  2.75585e-020
123.662  2.77116e-020
124.684  2.78645e-020
125.706  2.80173e-020
126.728  2.81699e-020
127.75  2.83222e-020
128.772  2.8474e-020
129.794  2.86253e-020
130.816  2.87761e-020
131.838  2.89261e-020
132.86  2.90755e-020
133.882  2.92239e-020
134.904  2.93715e-020
135.926  2.95181e-020
136.948  2.96636e-020
137.97  2.98079e-020
138.992  2.9951e-020
140.014  3.00927e-020
141.036  3.0233e-020
142.058  3.03718e-020
143.08  3.05091e-020
144.102  3.06447e-020
145.124  3.07786e-020
146.146  3.09106e-020
147.168  3.10408e-020
148.19  3.1169e-020
149.212  3.12951e-020
150.234  3.14191e-020
151.256  3.15409e-020
152.278  3.16604e-020
153.3  3.17776e-020
154.322  3.18923e-020
155.344  3.20045e-020
156.366  3.21141e-020
157.388  3.2221e-020
158.41  3.23251e-020
159.432  3.24265e-020
160.454  3.25249e-020
161.476  3.26204e-020
162.498  3.27128e-020
163.52  3.28022e-020
164.542  3.28883e-020
165.564  3.29711e-020
166.586  3.30506e-020
167.608  3.31267e-020
168.63  3.31993e-020
169.652  3.32684e-020
170.674  3.33338e-020
171.696  3.33956e-020
172.718  3.34535e-020
173.74  3.35077e-020
174.762  3.35579e-020
175.784  3.36042e-020
176.806  3.36465e-020
177.828  3.36846e-020
178.85  3.37186e-020
179.872  3.37483e-020
180.894  3.37738e-020
181.916  3.37949e-020
182.938  3.38116e-020
183.96  3.38238e-020
184.982  3.38314e-020
186.004  3.38345e-020
187.026  3.38329e-020
188.048  3.38266e-020
189.07  3.38155e-020
190.092  3.37996e-020
191.114  3.37788e-020
192.136  3.3753e-020
193.158  3.37223e-020
194.18  3.36865e-020
195.202  3.36457e-020
196.224  3.35997e-020
197.246  3.35485e-020
198.268  3.3492e-020
199.29  3.34303e-020
200.312  3.33633e-020
201.334  3.32909e-020
202.356  3.32131e-020
203.378  3.31299e-020
204.4  3.30412e-020
205.422  3.29469e-020
206.444  3.28471e-020
207.466  3.27418e-020
208.488  3.26308e-020
209.51  3.25141e-020
210.532  3.23918e-020
211.554  3.22638e-020
212.576  3.21301e-020
213.598  3.19906e-020
214.62  3.18454e-020
215.642  3.16944e-020
216.664  3.15376e-020
217.686  3.1375e-020
218.708  3.12066e-020
219.73  3.10323e-020
220.752  3.08523e-020
221.774  3.06664e-020
222.796  3.04746e-020
223.818  3.02771e-020
224.84  3.00737e-020
225.862  2.98644e-020
226.884  2.96494e-020
227.906  2.94286e-020
228.928  2.9202e-020
229.95  2.89696e-020
230.972  2.87315e-020
231.994  2.84877e-020
233.016  2.82382e-020
234.038  2.7983e-020
235.06  2.77222e-020
236.082  2.74558e-020
237.104  2.71839e-020
238.126  2.69065e-020
239.148  2.66236e-020
240.17  2.63353e-020
241.192  2.60417e-020
242.214  2.57428e-020
243.236  2.54387e-020
244.258  2.51294e-020
245.28  2.4815e-020
246.302  2.44957e-020
247.324  2.41714e-020
248.346  2.38423e-020
249.368  2.35084e-020
250.39  2.31699e-020
251.412  2.28268e-020
252.434  2.24793e-020
253.456  2.21274e-020
254.478  2.17713e-020
255.5  2.14111e-020
256.522  2.10469e-020
257.544  2.06788e-020
258.566  2.03069e-020
259.588  1.99315e-020
260.61  1.95527e-020
261.632  1.91705e-020
262.654  1.87852e-020
263.676  1.83968e-020
264.698  1.80057e-020
265.72  1.76119e-020
266.742  1.72157e-020
267.764  1.68172e-020
268.786  1.64165e-020
269.808  1.6014e-020
270.83  1.56098e-020
271.852  1.52041e-020
272.874  1.47971e-020
273.896  1.43891e-020
274.918  1.39803e-020
275.94  1.3571e-020
276.962  1.31613e-020
277.984  1.27515e-020
279.006  1.23419e-020
280.028  1.19327e-020
281.05  1.15243e-020
282.072  1.11169e-020
283.094  1.07109e-020
284.116  1.03064e-020
285.138  9.90379e-021
286.16  9.50344e-021
287.182  9.10564e-021
288.204  8.71072e-021
289.226  8.31902e-021
290.248  7.93089e-021
291.27  7.54669e-021
292.292  7.1668e-021
293.314  6.79158e-021
294.336  6.42143e-021
295.358  6.05673e-021
296.38  5.6979e-021
297.402  5.34535e-021
298.424  4.99951e-021
299.446  4.66082e-021
300.468  4.32971e-021
301.49  4.00665e-021
302.512  3.6921e-021
303.534  3.38654e-021
304.556  3.09046e-021
305.578  2.80436e-021
306.6  2.52874e-021
307.622  2.26414e-021
308.644  2.01109e-021
309.666  1.77013e-021
310.688  1.54181e-021
311.71  1.32671e-021
312.732  1.12541e-021
313.754  9.38495e-022
314.776  7.6658e-022
315.798  6.10279e-022
316.82  4.70222e-022
317.842  3.47054e-022
318.864  2.41429e-022
319.886  1.54015e-022
320.908  8.5492e-023
321.93  3.65514e-023
322.952  7.89258e-024
