1.022  3.51877e-019
2.044  3.52454e-019
3.066  3.53028e-019
4.088  3.53597e-019
5.11  3.54163e-019
6.132  3.54724e-019
7.154  3.55279e-019
8.176  3.55829e-019
9.198  3.56374e-019
10.22  3.56913e-019
11.242  3.57446e-019
12.264  3.57974e-019
13.286  3.58496e-019
14.308  3.59012e-019
15.33  3.59524e-019
16.352  3.60031e-019
17.374  3.60533e-019
18.396  3.61031e-019
19.418  3.61524e-019
20.44  3.62014e-019
21.462  3.625e-019
22.484  3.62982e-019
23.506  3.63461e-019
24.528  3.63936e-019
25.55  3.64407e-019
26.572  3.64875e-019
27.594  3.6534e-019
28.616  3.65801e-019
29.638  3.66259e-019
30.66  3.66714e-019
31.682  3.67165e-019
32.704  3.67612e-019
33.726  3.68056e-019
34.748  3.68496e-019
35.77  3.68932e-019
36.792  3.69364e-019
37.814  3.69793e-019
38.836  3.70217e-019
39.858  3.70637e-019
40.88  3.71052e-019
41.902  3.71463e-019
42.924  3.71869e-019
43.946  3.72271e-019
44.968  3.72667e-019
45.99  3.73059e-019
47.012  3.73445e-019
48.034  3.73826e-019
49.056  3.74201e-019
50.078  3.74571e-019
51.1  3.74935e-019
52.122  3.75293e-019
53.144  3.75645e-019
54.166  3.7599e-019
55.188  3.76329e-019
56.21  3.76662e-019
57.232  3.76988e-019
58.254  3.77307e-019
59.276  3.77619e-019
60.298  3.77923e-019
61.32  3.78221e-019
62.342  3.78511e-019
63.364  3.78793e-019
64.386  3.79068e-019
65.408  3.79335e-019
66.43  3.79594e-019
67.452  3.79844e-019
68.474  3.80086e-019
69.496  3.8032e-019
70.518  3.80546e-019
71.54  3.80762e-019
72.562  3.8097e-019
73.584  3.81169e-019
74.606  3.81358e-019
75.628  3.81539e-019
76.65  3.8171e-019
77.672  3.81871e-019
78.694  3.82023e-019
79.716  3.82166e-019
80.738  3.82298e-019
81.76  3.8242e-019
82.782  3.82532e-019
83.804  3.82634e-019
84.826  3.82726e-019
85.848  3.82807e-019
86.87  3.82878e-019
87.892  3.82938e-019
88.914  3.82987e-019
89.936  3.83025e-019
90.958  3.83052e-019
91.98  3.83068e-019
93.002  3.83073e-019
94.024  3.83066e-019
95.046  3.83048e-019
96.068  3.83019e-019
97.09  3.82977e-019
98.112  3.82924e-019
99.134  3.82859e-019
100.156  3.82782e-019
101.178  3.82693e-019
102.2  3.82592e-019
103.222  3.82479e-019
104.244  3.82353e-019
105.266  3.82215e-019
106.288  3.82064e-019
107.31  3.819e-019
108.332  3.81724e-019
109.354  3.81535e-019
110.376  3.81333e-019
111.398  3.81117e-019
112.42  3.80889e-019
113.442  3.80648e-019
114.464  3.80393e-019
115.486  3.80125e-019
116.508  3.79843e-019
117.53  3.79547e-019
118.552  3.79238e-019
119.574  3.78916e-019
120.596  3.78579e-019
121.618  3.78228e-019
122.64  3.77864e-019
123.662  3.77485e-019
124.684  3.77092e-019
125.706  3.76685e-019
126.728  3.76263e-019
127.75  3.75827e-019
128.772  3.75376e-019
129.794  3.7491e-019
130.816  3.7443e-019
131.838  3.73935e-019
132.86  3.73425e-019
133.882  3.729e-019
134.904  3.7236e-019
135.926  3.71804e-019
136.948  3.71233e-019
137.97  3.70647e-019
138.992  3.70046e-019
140.014  3.69429e-019
141.036  3.68796e-019
142.058  3.68147e-019
143.08  3.67482e-019
144.102  3.66802e-019
145.124  3.66105e-019
146.146  3.65393e-019
147.168  3.64664e-019
148.19  3.63918e-019
149.212  3.63156e-019
150.234  3.62378e-019
151.256  3.61583e-019
152.278  3.60771e-019
153.3  3.59942e-019
154.322  3.59096e-019
155.344  3.58233e-019
156.366  3.57353e-019
157.388  3.56456e-019
158.41  3.55541e-019
159.432  3.54609e-019
160.454  3.53658e-019
161.476  3.52691e-019
162.498  3.51705e-019
163.52  3.50701e-019
164.542  3.49679e-019
165.564  3.48639e-019
166.586  3.47581e-019
167.608  3.46504e-019
168.63  3.45408e-019
169.652  3.44294e-019
170.674  3.43161e-019
171.696  3.42009e-019
172.718  3.40837e-019
173.74  3.39647e-019
174.762  3.38437e-019
175.784  3.37207e-019
176.806  3.35958e-019
177.828  3.3469e-019
178.85  3.33401e-019
179.872  3.32092e-019
180.894  3.30763e-019
181.916  3.29413e-019
182.938  3.28044e-019
183.96  3.26653e-019
184.982  3.25242e-019
186.004  3.2381e-019
187.026  3.22356e-019
188.048  3.20882e-019
189.07  3.19386e-019
190.092  3.17869e-019
191.114  3.1633e-019
192.136  3.1477e-019
193.158  3.13187e-019
194.18  3.11583e-019
195.202  3.09956e-019
196.224  3.08307e-019
197.246  3.06635e-019
198.268  3.04941e-019
199.29  3.03224e-019
200.312  3.01485e-019
201.334  2.99722e-019
202.356  2.97936e-019
203.378  2.96126e-019
204.4  2.94294e-019
205.422  2.92437e-019
206.444  2.90557e-019
207.466  2.88654e-019
208.488  2.86726e-019
209.51  2.84774e-019
210.532  2.82798e-019
211.554  2.80798e-019
212.576  2.78773e-019
213.598  2.76724e-019
214.62  2.7465e-019
215.642  2.72551e-019
216.664  2.70428e-019
217.686  2.6828e-019
218.708  2.66107e-019
219.73  2.63909e-019
220.752  2.61685e-019
221.774  2.59437e-019
222.796  2.57163e-019
223.818  2.54865e-019
224.84  2.52541e-019
225.862  2.50191e-019
226.884  2.47817e-019
227.906  2.45417e-019
228.928  2.42992e-019
229.95  2.40541e-019
230.972  2.38066e-019
231.994  2.35565e-019
233.016  2.33039e-019
234.038  2.30488e-019
235.06  2.27912e-019
236.082  2.25311e-019
237.104  2.22685e-019
238.126  2.20034e-019
239.148  2.1736e-019
240.17  2.1466e-019
241.192  2.11937e-019
242.214  2.0919e-019
243.236  2.06419e-019
244.258  2.03624e-019
245.28  2.00806e-019
246.302  1.97966e-019
247.324  1.95102e-019
248.346  1.92217e-019
249.368  1.89309e-019
250.39  1.8638e-019
251.412  1.8343e-019
252.434  1.80459e-019
253.456  1.77467e-019
254.478  1.74456e-019
255.5  1.71426e-019
256.522  1.68377e-019
257.544  1.6531e-019
258.566  1.62226e-019
259.588  1.59125e-019
260.61  1.56008e-019
261.632  1.52875e-019
262.654  1.49728e-019
263.676  1.46568e-019
264.698  1.43394e-019
265.72  1.40209e-019
266.742  1.37012e-019
267.764  1.33806e-019
268.786  1.3059e-019
269.808  1.27367e-019
270.83  1.24137e-019
271.852  1.20902e-019
272.874  1.17662e-019
273.896  1.14419e-019
274.918  1.11175e-019
275.94  1.0793e-019
276.962  1.04687e-019
277.984  1.01447e-019
279.006  9.82113e-020
280.028  9.49818e-020
281.05  9.17601e-020
282.072  8.85482e-020
283.094  8.5348e-020
284.116  8.21613e-020
285.138  7.89903e-020
286.16  7.5837e-020
287.182  7.27037e-020
288.204  6.95926e-020
289.226  6.65061e-020
290.248  6.34467e-020
291.27  6.04169e-020
292.292  5.74194e-020
293.314  5.44568e-020
294.336  5.1532e-020
295.358  4.8648e-020
296.38  4.58077e-020
297.402  4.30143e-020
298.424  4.02711e-020
299.446  3.75813e-020
300.468  3.49485e-020
301.49  3.23762e-020
302.512  2.98682e-020
303.534  2.74282e-020
304.556  2.50602e-020
305.578  2.27683e-020
306.6  2.05567e-020
307.622  1.84296e-020
308.644  1.63916e-020
309.666  1.44473e-020
310.688  1.26015e-020
311.71  1.08589e-020
312.732  9.22474e-021
313.754  7.70414e-021
314.776  6.30246e-021
315.798  5.02522e-021
316.82  3.87808e-021
317.842  2.86688e-021
318.864  1.99763e-021
319.886  1.27648e-021
320.908  7.09762e-022
321.93  3.03976e-022
322.952  6.5753e-023
