1.022  7.24875e-020
2.044  7.33847e-020
3.066  7.4278e-020
4.088  7.51674e-020
5.11  7.60527e-020
6.132  7.69341e-020
7.154  7.78112e-020
8.176  7.8684e-020
9.198  7.95525e-020
10.22  8.04165e-020
11.242  8.12762e-020
12.264  8.21314e-020
13.286  8.29822e-020
14.308  8.38287e-020
15.33  8.46708e-020
16.352  8.55086e-020
17.374  8.63422e-020
18.396  8.71716e-020
19.418  8.79968e-020
20.44  8.88178e-020
21.462  8.96348e-020
22.484  9.04477e-020
23.506  9.12565e-020
24.528  9.20612e-020
25.55  9.28619e-020
26.572  9.36586e-020
27.594  9.44513e-020
28.616  9.52399e-020
29.638  9.60245e-020
30.66  9.68051e-020
31.682  9.75815e-020
32.704  9.83539e-020
33.726  9.91222e-020
34.748  9.98863e-020
35.77  1.00646e-019
36.792  1.01402e-019
37.814  1.02153e-019
38.836  1.02901e-019
39.858  1.03644e-019
40.88  1.04382e-019
41.902  1.05116e-019
42.924  1.05846e-019
43.946  1.06571e-019
44.968  1.07292e-019
45.99  1.08008e-019
47.012  1.0872e-019
48.034  1.09427e-019
49.056  1.10129e-019
50.078  1.10826e-019
51.1  1.11519e-019
52.122  1.12207e-019
53.144  1.12889e-019
54.166  1.13567e-019
55.188  1.1424e-019
56.21  1.14908e-019
57.232  1.1557e-019
58.254  1.16227e-019
59.276  1.16879e-019
60.298  1.17526e-019
61.32  1.18168e-019
62.342  1.18803e-019
63.364  1.19434e-019
64.386  1.20059e-019
65.408  1.20678e-019
66.43  1.21292e-019
67.452  1.219e-019
68.474  1.22502e-019
69.496  1.23098e-019
70.518  1.23689e-019
71.54  1.24273e-019
72.562  1.24852e-019
73.584  1.25425e-019
74.606  1.25991e-019
75.628  1.26551e-019
76.65  1.27105e-019
77.672  1.27653e-019
78.694  1.28195e-019
79.716  1.2873e-019
80.738  1.29258e-019
81.76  1.29781e-019
82.782  1.30296e-019
83.804  1.30805e-019
84.826  1.31308e-019
85.848  1.31803e-019
86.87  1.32292e-019
87.892  1.32774e-019
88.914  1.3325e-019
89.936  1.33718e-019
90.958  1.34179e-019
91.98  1.34634e-019
93.002  1.35081e-019
94.024  1.35521e-019
95.046  1.35954e-019
96.068  1.3638e-019
97.09  1.36798e-019
98.112  1.37209e-019
99.134  1.37613e-019
100.156  1.38009e-019
101.178  1.38398e-019
102.2  1.38779e-019
103.222  1.39153e-019
104.244  1.39518e-019
105.266  1.39877e-019
106.288  1.40227e-019
107.31  1.4057e-019
108.332  1.40904e-019
109.354  1.41231e-019
110.376  1.4155e-019
111.398  1.41861e-019
112.42  1.42164e-019
113.442  1.42458e-019
114.464  1.42745e-019
115.486  1.43023e-019
116.508  1.43293e-019
117.53  1.43555e-019
118.552  1.43808e-019
119.574  1.44053e-019
120.596  1.44289e-019
121.618  1.44517e-019
122.64  1.44736e-019
123.662  1.44946e-019
124.684  1.45148e-019
125.706  1.45341e-019
126.728  1.45525e-019
127.75  1.45701e-019
128.772  1.45867e-019
129.794  1.46024e-019
130.816  1.46173e-019
131.838  1.46312e-019
132.86  1.46442e-019
133.882  1.46563e-019
134.904  1.46675e-019
135.926  1.46777e-019
136.948  1.4687e-019
137.97  1.46954e-019
138.992  1.47028e-019
140.014  1.47092e-019
141.036  1.47147e-019
142.058  1.47193e-019
143.08  1.47228e-019
144.102  1.47254e-019
145.124  1.4727e-019
146.146  1.47276e-019
147.168  1.47272e-019
148.19  1.47258e-019
149.212  1.47234e-019
150.234  1.47199e-019
151.256  1.47155e-019
152.278  1.471e-019
153.3  1.47035e-019
154.322  1.4696e-019
155.344  1.46874e-019
156.366  1.46777e-019
157.388  1.4667e-019
158.41  1.46552e-019
159.432  1.46423e-019
160.454  1.46284e-019
161.476  1.46133e-019
162.498  1.45972e-019
163.52  1.458e-019
164.542  1.45616e-019
165.564  1.45422e-019
166.586  1.45216e-019
167.608  1.44999e-019
168.63  1.4477e-019
169.652  1.4453e-019
170.674  1.44279e-019
171.696  1.44016e-019
172.718  1.43741e-019
173.74  1.43455e-019
174.762  1.43156e-019
175.784  1.42846e-019
176.806  1.42524e-019
177.828  1.42189e-019
178.85  1.41843e-019
179.872  1.41485e-019
180.894  1.41114e-019
181.916  1.40731e-019
182.938  1.40335e-019
183.96  1.39927e-019
184.982  1.39506e-019
186.004  1.39073e-019
187.026  1.38627e-019
188.048  1.38168e-019
189.07  1.37697e-019
190.092  1.37212e-019
191.114  1.36714e-019
192.136  1.36204e-019
193.158  1.3568e-019
194.18  1.35143e-019
195.202  1.34592e-019
196.224  1.34029e-019
197.246  1.33452e-019
198.268  1.32861e-019
199.29  1.32257e-019
200.312  1.31639e-019
201.334  1.31008e-019
202.356  1.30362e-019
203.378  1.29703e-019
204.4  1.2903e-019
205.422  1.28344e-019
206.444  1.27643e-019
207.466  1.26928e-019
208.488  1.26199e-019
209.51  1.25456e-019
210.532  1.24699e-019
211.554  1.23928e-019
212.576  1.23142e-019
213.598  1.22342e-019
214.62  1.21528e-019
215.642  1.207e-019
216.664  1.19857e-019
217.686  1.18999e-019
218.708  1.18128e-019
219.73  1.17241e-019
220.752  1.16341e-019
221.774  1.15426e-019
222.796  1.14496e-019
223.818  1.13552e-019
224.84  1.12594e-019
225.862  1.11621e-019
226.884  1.10634e-019
227.906  1.09632e-019
228.928  1.08617e-019
229.95  1.07586e-019
230.972  1.06542e-019
231.994  1.05483e-019
233.016  1.0441e-019
234.038  1.03323e-019
235.06  1.02223e-019
236.082  1.01108e-019
237.104  9.9979e-020
238.126  9.88365e-020
239.148  9.76804e-020
240.17  9.65107e-020
241.192  9.53277e-020
242.214  9.41314e-020
243.236  9.29219e-020
244.258  9.16995e-020
245.28  9.04643e-020
246.302  8.92164e-020
247.324  8.79561e-020
248.346  8.66836e-020
249.368  8.53991e-020
250.39  8.41027e-020
251.412  8.27948e-020
252.434  8.14756e-020
253.456  8.01454e-020
254.478  7.88044e-020
255.5  7.74529e-020
256.522  7.60913e-020
257.544  7.47198e-020
258.566  7.33389e-020
259.588  7.19489e-020
260.61  7.05501e-020
261.632  6.9143e-020
262.654  6.7728e-020
263.676  6.63055e-020
264.698  6.48759e-020
265.72  6.34398e-020
266.742  6.19976e-020
267.764  6.05499e-020
268.786  5.90971e-020
269.808  5.76399e-020
270.83  5.61789e-020
271.852  5.47145e-020
272.874  5.32475e-020
273.896  5.17786e-020
274.918  5.03083e-020
275.94  4.88374e-020
276.962  4.73667e-020
277.984  4.58969e-020
279.006  4.44288e-020
280.028  4.29632e-020
281.05  4.1501e-020
282.072  4.0043e-020
283.094  3.85902e-020
284.116  3.71435e-020
285.138  3.57039e-020
286.16  3.42723e-020
287.182  3.28499e-020
288.204  3.14377e-020
289.226  3.00369e-020
290.248  2.86485e-020
291.27  2.72738e-020
292.292  2.59141e-020
293.314  2.45705e-020
294.336  2.32444e-020
295.358  2.19372e-020
296.38  2.06502e-020
297.402  1.93849e-020
298.424  1.81428e-020
299.446  1.69254e-020
300.468  1.57342e-020
301.49  1.4571e-020
302.512  1.34373e-020
303.534  1.2335e-020
304.556  1.12657e-020
305.578  1.02313e-020
306.6  9.23372e-021
307.622  8.27483e-021
308.644  7.35663e-021
309.666  6.48119e-021
310.688  5.65058e-021
311.71  4.86699e-021
312.732  4.13262e-021
313.754  3.44976e-021
314.776  2.82074e-021
315.798  2.24799e-021
316.82  1.73395e-021
317.842  1.28117e-021
318.864  8.92246e-022
319.886  5.69839e-022
320.908  3.16678e-022
321.93  1.35552e-022
322.952  2.93049e-023
