1.022  6.83746e-020
2.044  6.92618e-020
3.066  7.01453e-020
4.088  7.10251e-020
5.11  7.1901e-020
6.132  7.2773e-020
7.154  7.3641e-020
8.176  7.45049e-020
9.198  7.53646e-020
10.22  7.62201e-020
11.242  7.70713e-020
12.264  7.79183e-020
13.286  7.8761e-020
14.308  7.95995e-020
15.33  8.04339e-020
16.352  8.12641e-020
17.374  8.20903e-020
18.396  8.29123e-020
19.418  8.37304e-020
20.44  8.45444e-020
21.462  8.53545e-020
22.484  8.61606e-020
23.506  8.69628e-020
24.528  8.77611e-020
25.55  8.85554e-020
26.572  8.93459e-020
27.594  9.01324e-020
28.616  9.09151e-020
29.638  9.16938e-020
30.66  9.24686e-020
31.682  9.32394e-020
32.704  9.40062e-020
33.726  9.47691e-020
34.748  9.55279e-020
35.77  9.62827e-020
36.792  9.70334e-020
37.814  9.778e-020
38.836  9.85224e-020
39.858  9.92606e-020
40.88  9.99946e-020
41.902  1.00724e-019
42.924  1.0145e-019
43.946  1.02171e-019
44.968  1.02887e-019
45.99  1.036e-019
47.012  1.04307e-019
48.034  1.0501e-019
49.056  1.05709e-019
50.078  1.06403e-019
51.1  1.07092e-019
52.122  1.07777e-019
53.144  1.08456e-019
54.166  1.09131e-019
55.188  1.09801e-019
56.21  1.10466e-019
57.232  1.11125e-019
58.254  1.1178e-019
59.276  1.1243e-019
60.298  1.13074e-019
61.32  1.13714e-019
62.342  1.14348e-019
63.364  1.14976e-019
64.386  1.15599e-019
65.408  1.16217e-019
66.43  1.16829e-019
67.452  1.17436e-019
68.474  1.18037e-019
69.496  1.18632e-019
70.518  1.19222e-019
71.54  1.19805e-019
72.562  1.20383e-019
73.584  1.20955e-019
74.606  1.21521e-019
75.628  1.22081e-019
76.65  1.22635e-019
77.672  1.23183e-019
78.694  1.23725e-019
79.716  1.2426e-019
80.738  1.24789e-019
81.76  1.25312e-019
82.782  1.25829e-019
83.804  1.26338e-019
84.826  1.26842e-019
85.848  1.27339e-019
86.87  1.27829e-019
87.892  1.28313e-019
88.914  1.28789e-019
89.936  1.2926e-019
90.958  1.29723e-019
91.98  1.30179e-019
93.002  1.30629e-019
94.024  1.31071e-019
95.046  1.31506e-019
96.068  1.31935e-019
97.09  1.32356e-019
98.112  1.3277e-019
99.134  1.33177e-019
100.156  1.33576e-019
101.178  1.33968e-019
102.2  1.34353e-019
103.222  1.3473e-019
104.244  1.351e-019
105.266  1.35462e-019
106.288  1.35817e-019
107.31  1.36164e-019
108.332  1.36503e-019
109.354  1.36834e-019
110.376  1.37158e-019
111.398  1.37474e-019
112.42  1.37782e-019
113.442  1.38081e-019
114.464  1.38373e-019
115.486  1.38657e-019
116.508  1.38933e-019
117.53  1.392e-019
118.552  1.39459e-019
119.574  1.3971e-019
120.596  1.39953e-019
121.618  1.40187e-019
122.64  1.40413e-019
123.662  1.4063e-019
124.684  1.40839e-019
125.706  1.41039e-019
126.728  1.41231e-019
127.75  1.41413e-019
128.772  1.41587e-019
129.794  1.41753e-019
130.816  1.41909e-019
131.838  1.42056e-019
132.86  1.42195e-019
133.882  1.42324e-019
134.904  1.42444e-019
135.926  1.42555e-019
136.948  1.42657e-019
137.97  1.4275e-019
138.992  1.42833e-019
140.014  1.42907e-019
141.036  1.42972e-019
142.058  1.43027e-019
143.08  1.43072e-019
144.102  1.43108e-019
145.124  1.43134e-019
146.146  1.4315e-019
147.168  1.43157e-019
148.19  1.43154e-019
149.212  1.43141e-019
150.234  1.43117e-019
151.256  1.43084e-019
152.278  1.43041e-019
153.3  1.42987e-019
154.322  1.42924e-019
155.344  1.42849e-019
156.366  1.42765e-019
157.388  1.4267e-019
158.41  1.42565e-019
159.432  1.42449e-019
160.454  1.42322e-019
161.476  1.42185e-019
162.498  1.42037e-019
163.52  1.41878e-019
164.542  1.41708e-019
165.564  1.41527e-019
166.586  1.41335e-019
167.608  1.41132e-019
168.63  1.40918e-019
169.652  1.40692e-019
170.674  1.40455e-019
171.696  1.40207e-019
172.718  1.39947e-019
173.74  1.39676e-019
174.762  1.39393e-019
175.784  1.39098e-019
176.806  1.38792e-019
177.828  1.38473e-019
178.85  1.38143e-019
179.872  1.37801e-019
180.894  1.37447e-019
181.916  1.3708e-019
182.938  1.36702e-019
183.96  1.36311e-019
184.982  1.35907e-019
186.004  1.35492e-019
187.026  1.35063e-019
188.048  1.34623e-019
189.07  1.34169e-019
190.092  1.33703e-019
191.114  1.33224e-019
192.136  1.32732e-019
193.158  1.32227e-019
194.18  1.31709e-019
195.202  1.31178e-019
196.224  1.30634e-019
197.246  1.30077e-019
198.268  1.29506e-019
199.29  1.28922e-019
200.312  1.28325e-019
201.334  1.27714e-019
202.356  1.2709e-019
203.378  1.26452e-019
204.4  1.25801e-019
205.422  1.25135e-019
206.444  1.24456e-019
207.466  1.23764e-019
208.488  1.23057e-019
209.51  1.22337e-019
210.532  1.21602e-019
211.554  1.20854e-019
212.576  1.20091e-019
213.598  1.19315e-019
214.62  1.18525e-019
215.642  1.1772e-019
216.664  1.16901e-019
217.686  1.16068e-019
218.708  1.15221e-019
219.73  1.1436e-019
220.752  1.13484e-019
221.774  1.12595e-019
222.796  1.11691e-019
223.818  1.10773e-019
224.84  1.09841e-019
225.862  1.08894e-019
226.884  1.07934e-019
227.906  1.06959e-019
228.928  1.0597e-019
229.95  1.04967e-019
230.972  1.0395e-019
231.994  1.02919e-019
233.016  1.01875e-019
234.038  1.00816e-019
235.06  9.97436e-020
236.082  9.86576e-020
237.104  9.75579e-020
238.126  9.64447e-020
239.148  9.53181e-020
240.17  9.41782e-020
241.192  9.30252e-020
242.214  9.18591e-020
243.236  9.06801e-020
244.258  8.94884e-020
245.28  8.82841e-020
246.302  8.70674e-020
247.324  8.58385e-020
248.346  8.45975e-020
249.368  8.33448e-020
250.39  8.20805e-020
251.412  8.08048e-020
252.434  7.95181e-020
253.456  7.82205e-020
254.478  7.69123e-020
255.5  7.55939e-020
256.522  7.42655e-020
257.544  7.29274e-020
258.566  7.15801e-020
259.588  7.02238e-020
260.61  6.88589e-020
261.632  6.74858e-020
262.654  6.6105e-020
263.676  6.47168e-020
264.698  6.33217e-020
265.72  6.19202e-020
266.742  6.05127e-020
267.764  5.90997e-020
268.786  5.76818e-020
269.808  5.62595e-020
270.83  5.48335e-020
271.852  5.34042e-020
272.874  5.19723e-020
273.896  5.05384e-020
274.918  4.91033e-020
275.94  4.76676e-020
276.962  4.6232e-020
277.984  4.47973e-020
279.006  4.33642e-020
280.028  4.19336e-020
281.05  4.05062e-020
282.072  3.9083e-020
283.094  3.76648e-020
284.116  3.62526e-020
285.138  3.48473e-020
286.16  3.34499e-020
287.182  3.20614e-020
288.204  3.06829e-020
289.226  2.93154e-020
290.248  2.79602e-020
291.27  2.66183e-020
292.292  2.5291e-020
293.314  2.39795e-020
294.336  2.26851e-020
295.358  2.14091e-020
296.38  2.01529e-020
297.402  1.89179e-020
298.424  1.77055e-020
299.446  1.65172e-020
300.468  1.53546e-020
301.49  1.42193e-020
302.512  1.31128e-020
303.534  1.20369e-020
304.556  1.09933e-020
305.578  9.9838e-021
306.6  9.0102e-021
307.622  8.07441e-021
308.644  7.17834e-021
309.666  6.32402e-021
310.688  5.51347e-021
311.71  4.74881e-021
312.732  4.03221e-021
313.754  3.36588e-021
314.776  2.75212e-021
315.798  2.19325e-021
316.82  1.6917e-021
317.842  1.24993e-021
318.864  8.70475e-022
319.886  5.55925e-022
320.908  3.08939e-022
321.93  1.32237e-022
322.952  2.85877e-023
