1.022  5.68765e-020
2.044  5.77285e-020
3.066  5.85775e-020
4.088  5.94232e-020
5.11  6.02656e-020
6.132  6.11047e-020
7.154  6.19403e-020
8.176  6.27723e-020
9.198  6.36008e-020
10.22  6.44256e-020
11.242  6.52467e-020
12.264  6.60641e-020
13.286  6.68778e-020
14.308  6.76879e-020
15.33  6.84943e-020
16.352  6.92971e-020
17.374  7.00962e-020
18.396  7.08918e-020
19.418  7.16839e-020
20.44  7.24724e-020
21.462  7.32574e-020
22.484  7.40388e-020
23.506  7.48168e-020
24.528  7.55913e-020
25.55  7.63623e-020
26.572  7.71298e-020
27.594  7.78938e-020
28.616  7.86543e-020
29.638  7.94113e-020
30.66  8.01648e-020
31.682  8.09146e-020
32.704  8.16609e-020
33.726  8.24036e-020
34.748  8.31427e-020
35.77  8.38781e-020
36.792  8.46098e-020
37.814  8.53377e-020
38.836  8.60619e-020
39.858  8.67823e-020
40.88  8.74989e-020
41.902  8.82115e-020
42.924  8.89202e-020
43.946  8.9625e-020
44.968  9.03257e-020
45.99  9.10224e-020
47.012  9.17149e-020
48.034  9.24033e-020
49.056  9.30875e-020
50.078  9.37674e-020
51.1  9.4443e-020
52.122  9.51143e-020
53.144  9.57812e-020
54.166  9.64436e-020
55.188  9.71014e-020
56.21  9.77547e-020
57.232  9.84034e-020
58.254  9.90475e-020
59.276  9.96868e-020
60.298  1.00321e-019
61.32  1.00951e-019
62.342  1.01576e-019
63.364  1.02196e-019
64.386  1.02811e-019
65.408  1.0342e-019
66.43  1.04025e-019
67.452  1.04625e-019
68.474  1.05219e-019
69.496  1.05808e-019
70.518  1.06392e-019
71.54  1.0697e-019
72.562  1.07543e-019
73.584  1.08111e-019
74.606  1.08673e-019
75.628  1.09229e-019
76.65  1.0978e-019
77.672  1.10325e-019
78.694  1.10865e-019
79.716  1.11398e-019
80.738  1.11926e-019
81.76  1.12448e-019
82.782  1.12964e-019
83.804  1.13473e-019
84.826  1.13977e-019
85.848  1.14475e-019
86.87  1.14966e-019
87.892  1.15452e-019
88.914  1.15931e-019
89.936  1.16403e-019
90.958  1.1687e-019
91.98  1.17329e-019
93.002  1.17783e-019
94.024  1.1823e-019
95.046  1.1867e-019
96.068  1.19104e-019
97.09  1.19531e-019
98.112  1.19951e-019
99.134  1.20364e-019
100.156  1.20771e-019
101.178  1.21171e-019
102.2  1.21564e-019
103.222  1.21949e-019
104.244  1.22328e-019
105.266  1.227e-019
106.288  1.23064e-019
107.31  1.23422e-019
108.332  1.23772e-019
109.354  1.24115e-019
110.376  1.2445e-019
111.398  1.24778e-019
112.42  1.25099e-019
113.442  1.25412e-019
114.464  1.25718e-019
115.486  1.26016e-019
116.508  1.26306e-019
117.53  1.26589e-019
118.552  1.26864e-019
119.574  1.27131e-019
120.596  1.2739e-019
121.618  1.27641e-019
122.64  1.27885e-019
123.662  1.2812e-019
124.684  1.28348e-019
125.706  1.28567e-019
126.728  1.28778e-019
127.75  1.28981e-019
128.772  1.29175e-019
129.794  1.29361e-019
130.816  1.29539e-019
131.838  1.29709e-019
132.86  1.29869e-019
133.882  1.30022e-019
134.904  1.30165e-019
135.926  1.30301e-019
136.948  1.30427e-019
137.97  1.30545e-019
138.992  1.30653e-019
140.014  1.30753e-019
141.036  1.30844e-019
142.058  1.30926e-019
143.08  1.30999e-019
144.102  1.31063e-019
145.124  1.31117e-019
146.146  1.31163e-019
147.168  1.31199e-019
148.19  1.31226e-019
149.212  1.31243e-019
150.234  1.31251e-019
151.256  1.31249e-019
152.278  1.31238e-019
153.3  1.31217e-019
154.322  1.31186e-019
155.344  1.31146e-019
156.366  1.31096e-019
157.388  1.31035e-019
158.41  1.30965e-019
159.432  1.30885e-019
160.454  1.30795e-019
161.476  1.30694e-019
162.498  1.30583e-019
163.52  1.30462e-019
164.542  1.30331e-019
165.564  1.30189e-019
166.586  1.30036e-019
167.608  1.29873e-019
168.63  1.297e-019
169.652  1.29515e-019
170.674  1.2932e-019
171.696  1.29114e-019
172.718  1.28897e-019
173.74  1.28669e-019
174.762  1.2843e-019
175.784  1.2818e-019
176.806  1.27919e-019
177.828  1.27646e-019
178.85  1.27362e-019
179.872  1.27067e-019
180.894  1.2676e-019
181.916  1.26442e-019
182.938  1.26112e-019
183.96  1.2577e-019
184.982  1.25417e-019
186.004  1.25051e-019
187.026  1.24674e-019
188.048  1.24285e-019
189.07  1.23883e-019
190.092  1.2347e-019
191.114  1.23045e-019
192.136  1.22607e-019
193.158  1.22157e-019
194.18  1.21694e-019
195.202  1.21219e-019
196.224  1.20732e-019
197.246  1.20232e-019
198.268  1.19719e-019
199.29  1.19194e-019
200.312  1.18656e-019
201.334  1.18105e-019
202.356  1.17541e-019
203.378  1.16964e-019
204.4  1.16375e-019
205.422  1.15772e-019
206.444  1.15157e-019
207.466  1.14528e-019
208.488  1.13886e-019
209.51  1.13231e-019
210.532  1.12562e-019
211.554  1.1188e-019
212.576  1.11185e-019
213.598  1.10477e-019
214.62  1.09755e-019
215.642  1.0902e-019
216.664  1.08272e-019
217.686  1.0751e-019
218.708  1.06734e-019
219.73  1.05945e-019
220.752  1.05143e-019
221.774  1.04327e-019
222.796  1.03498e-019
223.818  1.02655e-019
224.84  1.01798e-019
225.862  1.00929e-019
226.884  1.00045e-019
227.906  9.91489e-020
228.928  9.82389e-020
229.95  9.73156e-020
230.972  9.63791e-020
231.994  9.54293e-020
233.016  9.44663e-020
234.038  9.34902e-020
235.06  9.2501e-020
236.082  9.14989e-020
237.104  9.04839e-020
238.126  8.94561e-020
239.148  8.84156e-020
240.17  8.73625e-020
241.192  8.62969e-020
242.214  8.5219e-020
243.236  8.4129e-020
244.258  8.30268e-020
245.28  8.19128e-020
246.302  8.0787e-020
247.324  7.96497e-020
248.346  7.8501e-020
249.368  7.73411e-020
250.39  7.61703e-020
251.412  7.49888e-020
252.434  7.37967e-020
253.456  7.25945e-020
254.478  7.13822e-020
255.5  7.01602e-020
256.522  6.89289e-020
257.544  6.76884e-020
258.566  6.64391e-020
259.588  6.51814e-020
260.61  6.39155e-020
261.632  6.26419e-020
262.654  6.1361e-020
263.676  6.00731e-020
264.698  5.87787e-020
265.72  5.74782e-020
266.742  5.6172e-020
267.764  5.48607e-020
268.786  5.35447e-020
269.808  5.22246e-020
270.83  5.09008e-020
271.852  4.9574e-020
272.874  4.82447e-020
273.896  4.69135e-020
274.918  4.55811e-020
275.94  4.42481e-020
276.962  4.29151e-020
277.984  4.1583e-020
279.006  4.02523e-020
280.028  3.89238e-020
281.05  3.75984e-020
282.072  3.62768e-020
283.094  3.49599e-020
284.116  3.36485e-020
285.138  3.23436e-020
286.16  3.10459e-020
287.182  2.97566e-020
288.204  2.84765e-020
289.226  2.72068e-020
290.248  2.59483e-020
291.27  2.47024e-020
292.292  2.34699e-020
293.314  2.22522e-020
294.336  2.10504e-020
295.358  1.98657e-020
296.38  1.86995e-020
297.402  1.75529e-020
298.424  1.64274e-020
299.446  1.53244e-020
300.468  1.42452e-020
301.49  1.31914e-020
302.512  1.21644e-020
303.534  1.11659e-020
304.556  1.01974e-020
305.578  9.26054e-021
306.6  8.3571e-021
307.622  7.48879e-021
308.644  6.65741e-021
309.666  5.8648e-021
310.688  5.11286e-021
311.71  4.40354e-021
312.732  3.73885e-021
313.754  3.12084e-021
314.776  2.55162e-021
315.798  2.03336e-021
316.82  1.56829e-021
317.842  1.15868e-021
318.864  8.0688e-022
319.886  5.1528e-022
320.908  2.86335e-022
321.93  1.22554e-022
322.952  2.64928e-023
