1.022  2.40452e-020
2.044  2.36757e-020
3.066  2.33173e-020
4.088  2.29697e-020
5.11  2.26328e-020
6.132  2.23064e-020
7.154  2.19904e-020
8.176  2.16845e-020
9.198  2.13887e-020
10.22  2.11028e-020
11.242  2.08267e-020
12.264  2.05602e-020
13.286  2.03031e-020
14.308  2.00555e-020
15.33  1.98171e-020
16.352  1.95878e-020
17.374  1.93675e-020
18.396  1.91562e-020
19.418  1.89535e-020
20.44  1.87596e-020
21.462  1.85741e-020
22.484  1.8397e-020
23.506  1.82282e-020
24.528  1.80675e-020
25.55  1.79149e-020
26.572  1.77701e-020
27.594  1.76331e-020
28.616  1.75037e-020
29.638  1.73818e-020
30.66  1.72673e-020
31.682  1.716e-020
32.704  1.70599e-020
33.726  1.69668e-020
34.748  1.68805e-020
35.77  1.68011e-020
36.792  1.67282e-020
37.814  1.66619e-020
38.836  1.6602e-020
39.858  1.65483e-020
40.88  1.65008e-020
41.902  1.64594e-020
42.924  1.64239e-020
43.946  1.63942e-020
44.968  1.63702e-020
45.99  1.63518e-020
47.012  1.63389e-020
48.034  1.63313e-020
49.056  1.6329e-020
50.078  1.63318e-020
51.1  1.63397e-020
52.122  1.63525e-020
53.144  1.63702e-020
54.166  1.63926e-020
55.188  1.64196e-020
56.21  1.64511e-020
57.232  1.64871e-020
58.254  1.65273e-020
59.276  1.65718e-020
60.298  1.66205e-020
61.32  1.66731e-020
62.342  1.67297e-020
63.364  1.67901e-020
64.386  1.68543e-020
65.408  1.69221e-020
66.43  1.69934e-020
67.452  1.70683e-020
68.474  1.71465e-020
69.496  1.72279e-020
70.518  1.73126e-020
71.54  1.74004e-020
72.562  1.74912e-020
73.584  1.75849e-020
74.606  1.76815e-020
75.628  1.77809e-020
76.65  1.78829e-020
77.672  1.79875e-020
78.694  1.80946e-020
79.716  1.82042e-020
80.738  1.83161e-020
81.76  1.84302e-020
82.782  1.85466e-020
83.804  1.8665e-020
84.826  1.87855e-020
85.848  1.89079e-020
86.87  1.90322e-020
87.892  1.91583e-020
88.914  1.92861e-020
89.936  1.94156e-020
90.958  1.95466e-020
91.98  1.96791e-020
93.002  1.9813e-020
94.024  1.99483e-020
95.046  2.00848e-020
96.068  2.02225e-020
97.09  2.03613e-020
98.112  2.05012e-020
99.134  2.06421e-020
100.156  2.07839e-020
101.178  2.09265e-020
102.2  2.10699e-020
103.222  2.12139e-020
104.244  2.13586e-020
105.266  2.15039e-020
106.288  2.16497e-020
107.31  2.17958e-020
108.332  2.19424e-020
109.354  2.20892e-020
110.376  2.22362e-020
111.398  2.23834e-020
112.42  2.25307e-020
113.442  2.2678e-020
114.464  2.28253e-020
115.486  2.29724e-020
116.508  2.31194e-020
117.53  2.32661e-020
118.552  2.34125e-020
119.574  2.35585e-020
120.596  2.37041e-020
121.618  2.38493e-020
122.64  2.39938e-020
123.662  2.41377e-020
124.684  2.4281e-020
125.706  2.44234e-020
126.728  2.45651e-020
127.75  2.47059e-020
128.772  2.48457e-020
129.794  2.49846e-020
130.816  2.51224e-020
131.838  2.5259e-020
132.86  2.53945e-020
133.882  2.55287e-020
134.904  2.56616e-020
135.926  2.57932e-020
136.948  2.59233e-020
137.97  2.60519e-020
138.992  2.6179e-020
140.014  2.63045e-020
141.036  2.64282e-020
142.058  2.65503e-020
143.08  2.66706e-020
144.102  2.6789e-020
145.124  2.69055e-020
146.146  2.70201e-020
147.168  2.71326e-020
148.19  2.7243e-020
149.212  2.73513e-020
150.234  2.74574e-020
151.256  2.75612e-020
152.278  2.76627e-020
153.3  2.77619e-020
154.322  2.78586e-020
155.344  2.79528e-020
156.366  2.80445e-020
157.388  2.81336e-020
158.41  2.822e-020
159.432  2.83037e-020
160.454  2.83847e-020
161.476  2.84628e-020
162.498  2.8538e-020
163.52  2.86103e-020
164.542  2.86797e-020
165.564  2.87459e-020
166.586  2.88091e-020
167.608  2.88692e-020
168.63  2.8926e-020
169.652  2.89796e-020
170.674  2.90299e-020
171.696  2.90768e-020
172.718  2.91203e-020
173.74  2.91604e-020
174.762  2.91969e-020
175.784  2.92299e-020
176.806  2.92593e-020
177.828  2.9285e-020
178.85  2.9307e-020
179.872  2.93253e-020
180.894  2.93397e-020
181.916  2.93504e-020
182.938  2.93571e-020
183.96  2.93599e-020
184.982  2.93587e-020
186.004  2.93534e-020
187.026  2.93442e-020
188.048  2.93307e-020
189.07  2.93132e-020
190.092  2.92914e-020
191.114  2.92654e-020
192.136  2.92352e-020
193.158  2.92006e-020
194.18  2.91617e-020
195.202  2.91184e-020
196.224  2.90706e-020
197.246  2.90184e-020
198.268  2.89618e-020
199.29  2.89006e-020
200.312  2.88348e-020
201.334  2.87645e-020
202.356  2.86895e-020
203.378  2.86099e-020
204.4  2.85257e-020
205.422  2.84367e-020
206.444  2.83431e-020
207.466  2.82447e-020
208.488  2.81415e-020
209.51  2.80336e-020
210.532  2.79209e-020
211.554  2.78033e-020
212.576  2.76809e-020
213.598  2.75537e-020
214.62  2.74217e-020
215.642  2.72847e-020
216.664  2.71429e-020
217.686  2.69962e-020
218.708  2.68447e-020
219.73  2.66882e-020
220.752  2.65268e-020
221.774  2.63606e-020
222.796  2.61895e-020
223.818  2.60135e-020
224.84  2.58326e-020
225.862  2.56469e-020
226.884  2.54563e-020
227.906  2.52609e-020
228.928  2.50607e-020
229.95  2.48556e-020
230.972  2.46458e-020
231.994  2.44312e-020
233.016  2.42119e-020
234.038  2.39879e-020
235.06  2.37593e-020
236.082  2.3526e-020
237.104  2.3288e-020
238.126  2.30456e-020
239.148  2.27986e-020
240.17  2.25472e-020
241.192  2.22913e-020
242.214  2.20311e-020
243.236  2.17665e-020
244.258  2.14977e-020
245.28  2.12247e-020
246.302  2.09476e-020
247.324  2.06665e-020
248.346  2.03813e-020
249.368  2.00923e-020
250.39  1.97994e-020
251.412  1.95028e-020
252.434  1.92025e-020
253.456  1.88986e-020
254.478  1.85913e-020
255.5  1.82807e-020
256.522  1.79667e-020
257.544  1.76497e-020
258.566  1.73295e-020
259.588  1.70065e-020
260.61  1.66806e-020
261.632  1.63521e-020
262.654  1.6021e-020
263.676  1.56876e-020
264.698  1.53518e-020
265.72  1.50139e-020
266.742  1.46741e-020
267.764  1.43324e-020
268.786  1.39891e-020
269.808  1.36443e-020
270.83  1.32982e-020
271.852  1.29509e-020
272.874  1.26027e-020
273.896  1.22537e-020
274.918  1.19041e-020
275.94  1.15542e-020
276.962  1.12041e-020
277.984  1.0854e-020
279.006  1.05042e-020
280.028  1.01549e-020
281.05  9.80627e-021
282.072  9.45864e-021
283.094  9.1122e-021
284.116  8.76722e-021
285.138  8.42395e-021
286.16  8.08266e-021
287.182  7.74362e-021
288.204  7.40711e-021
289.226  7.07341e-021
290.248  6.74283e-021
291.27  6.41566e-021
292.292  6.09221e-021
293.314  5.7728e-021
294.336  5.45776e-021
295.358  5.14742e-021
296.38  4.84212e-021
297.402  4.54221e-021
298.424  4.24805e-021
299.446  3.96e-021
300.468  3.67845e-021
301.49  3.40378e-021
302.512  3.13638e-021
303.534  2.87665e-021
304.556  2.62501e-021
305.578  2.38187e-021
306.6  2.14767e-021
307.622  1.92286e-021
308.644  1.70787e-021
309.666  1.50317e-021
310.688  1.30923e-021
311.71  1.12654e-021
312.732  9.55571e-022
313.754  7.96838e-022
314.776  6.50851e-022
315.798  5.1813e-022
316.82  3.9921e-022
317.842  2.94634e-022
318.864  2.04958e-022
319.886  1.30746e-022
320.908  7.25741e-023
321.93  3.10278e-023
322.952  6.69975e-024
