1.022  3.05693e-019
2.044  3.05232e-019
3.066  3.04775e-019
4.088  3.04322e-019
5.11  3.03872e-019
6.132  3.03426e-019
7.154  3.02982e-019
8.176  3.02541e-019
9.198  3.02102e-019
10.22  3.01665e-019
11.242  3.0123e-019
12.264  3.00797e-019
13.286  3.00366e-019
14.308  2.99937e-019
15.33  2.99511e-019
16.352  2.99087e-019
17.374  2.98666e-019
18.396  2.98248e-019
19.418  2.97833e-019
20.44  2.97422e-019
21.462  2.97013e-019
22.484  2.96608e-019
23.506  2.96206e-019
24.528  2.95807e-019
25.55  2.95412e-019
26.572  2.95019e-019
27.594  2.94631e-019
28.616  2.94245e-019
29.638  2.93863e-019
30.66  2.93484e-019
31.682  2.93107e-019
32.704  2.92734e-019
33.726  2.92364e-019
34.748  2.91996e-019
35.77  2.91631e-019
36.792  2.91268e-019
37.814  2.90908e-019
38.836  2.9055e-019
39.858  2.90194e-019
40.88  2.8984e-019
41.902  2.89488e-019
42.924  2.89137e-019
43.946  2.88788e-019
44.968  2.8844e-019
45.99  2.88094e-019
47.012  2.87749e-019
48.034  2.87404e-019
49.056  2.87061e-019
50.078  2.86718e-019
51.1  2.86375e-019
52.122  2.86033e-019
53.144  2.85691e-019
54.166  2.85349e-019
55.188  2.85007e-019
56.21  2.84665e-019
57.232  2.84323e-019
58.254  2.8398e-019
59.276  2.83636e-019
60.298  2.83291e-019
61.32  2.82946e-019
62.342  2.826e-019
63.364  2.82252e-019
64.386  2.81904e-019
65.408  2.81553e-019
66.43  2.81201e-019
67.452  2.80848e-019
68.474  2.80493e-019
69.496  2.80136e-019
70.518  2.79776e-019
71.54  2.79415e-019
72.562  2.79051e-019
73.584  2.78685e-019
74.606  2.78317e-019
75.628  2.77946e-019
76.65  2.77572e-019
77.672  2.77195e-019
78.694  2.76815e-019
79.716  2.76433e-019
80.738  2.76047e-019
81.76  2.75658e-019
82.782  2.75265e-019
83.804  2.74869e-019
84.826  2.7447e-019
85.848  2.74067e-019
86.87  2.7366e-019
87.892  2.73249e-019
88.914  2.72835e-019
89.936  2.72416e-019
90.958  2.71993e-019
91.98  2.71566e-019
93.002  2.71135e-019
94.024  2.70699e-019
95.046  2.70259e-019
96.068  2.69815e-019
97.09  2.69365e-019
98.112  2.68911e-019
99.134  2.68453e-019
100.156  2.67989e-019
101.178  2.6752e-019
102.2  2.67047e-019
103.222  2.66568e-019
104.244  2.66084e-019
105.266  2.65595e-019
106.288  2.651e-019
107.31  2.646e-019
108.332  2.64095e-019
109.354  2.63584e-019
110.376  2.63068e-019
111.398  2.62545e-019
112.42  2.62017e-019
113.442  2.61484e-019
114.464  2.60944e-019
115.486  2.60398e-019
116.508  2.59847e-019
117.53  2.59289e-019
118.552  2.58725e-019
119.574  2.58155e-019
120.596  2.57579e-019
121.618  2.56996e-019
122.64  2.56407e-019
123.662  2.55811e-019
124.684  2.55209e-019
125.706  2.54601e-019
126.728  2.53985e-019
127.75  2.53363e-019
128.772  2.52734e-019
129.794  2.52099e-019
130.816  2.51456e-019
131.838  2.50807e-019
132.86  2.50151e-019
133.882  2.49487e-019
134.904  2.48816e-019
135.926  2.48139e-019
136.948  2.47454e-019
137.97  2.46761e-019
138.992  2.46062e-019
140.014  2.45355e-019
141.036  2.4464e-019
142.058  2.43918e-019
143.08  2.43189e-019
144.102  2.42451e-019
145.124  2.41706e-019
146.146  2.40954e-019
147.168  2.40193e-019
148.19  2.39425e-019
149.212  2.38649e-019
150.234  2.37864e-019
151.256  2.37072e-019
152.278  2.36272e-019
153.3  2.35463e-019
154.322  2.34646e-019
155.344  2.33821e-019
156.366  2.32988e-019
157.388  2.32146e-019
158.41  2.31296e-019
159.432  2.30437e-019
160.454  2.29569e-019
161.476  2.28693e-019
162.498  2.27809e-019
163.52  2.26915e-019
164.542  2.26013e-019
165.564  2.25101e-019
166.586  2.24181e-019
167.608  2.23252e-019
168.63  2.22313e-019
169.652  2.21366e-019
170.674  2.20409e-019
171.696  2.19443e-019
172.718  2.18467e-019
173.74  2.17482e-019
174.762  2.16488e-019
175.784  2.15484e-019
176.806  2.1447e-019
177.828  2.13447e-019
178.85  2.12414e-019
179.872  2.11371e-019
180.894  2.10318e-019
181.916  2.09255e-019
182.938  2.08182e-019
183.96  2.07099e-019
184.982  2.06006e-019
186.004  2.04902e-019
187.026  2.03788e-019
188.048  2.02664e-019
189.07  2.01529e-019
190.092  2.00384e-019
191.114  1.99227e-019
192.136  1.98061e-019
193.158  1.96883e-019
194.18  1.95695e-019
195.202  1.94495e-019
196.224  1.93285e-019
197.246  1.92064e-019
198.268  1.90831e-019
199.29  1.89587e-019
200.312  1.88332e-019
201.334  1.87066e-019
202.356  1.85788e-019
203.378  1.84499e-019
204.4  1.83198e-019
205.422  1.81886e-019
206.444  1.80562e-019
207.466  1.79226e-019
208.488  1.77878e-019
209.51  1.76519e-019
210.532  1.75148e-019
211.554  1.73764e-019
212.576  1.72369e-019
213.598  1.70962e-019
214.62  1.69542e-019
215.642  1.68111e-019
216.664  1.66667e-019
217.686  1.65211e-019
218.708  1.63743e-019
219.73  1.62262e-019
220.752  1.60769e-019
221.774  1.59264e-019
222.796  1.57747e-019
223.818  1.56217e-019
224.84  1.54675e-019
225.862  1.5312e-019
226.884  1.51553e-019
227.906  1.49974e-019
228.928  1.48382e-019
229.95  1.46779e-019
230.972  1.45162e-019
231.994  1.43534e-019
233.016  1.41893e-019
234.038  1.4024e-019
235.06  1.38575e-019
236.082  1.36898e-019
237.104  1.35209e-019
238.126  1.33508e-019
239.148  1.31795e-019
240.17  1.3007e-019
241.192  1.28334e-019
242.214  1.26586e-019
243.236  1.24827e-019
244.258  1.23057e-019
245.28  1.21276e-019
246.302  1.19484e-019
247.324  1.17681e-019
248.346  1.15867e-019
249.368  1.14044e-019
250.39  1.1221e-019
251.412  1.10366e-019
252.434  1.08513e-019
253.456  1.0665e-019
254.478  1.04779e-019
255.5  1.02899e-019
256.522  1.0101e-019
257.544  9.91131e-020
258.566  9.72086e-020
259.588  9.52967e-020
260.61  9.3378e-020
261.632  9.14527e-020
262.654  8.95214e-020
263.676  8.75845e-020
264.698  8.56426e-020
265.72  8.3696e-020
266.742  8.17454e-020
267.764  7.97913e-020
268.786  7.78344e-020
269.808  7.58752e-020
270.83  7.39144e-020
271.852  7.19527e-020
272.874  6.99908e-020
273.896  6.80294e-020
274.918  6.60694e-020
275.94  6.41115e-020
276.962  6.21565e-020
277.984  6.02054e-020
279.006  5.82591e-020
280.028  5.63185e-020
281.05  5.43847e-020
282.072  5.24586e-020
283.094  5.05413e-020
284.116  4.8634e-020
285.138  4.67377e-020
286.16  4.48538e-020
287.182  4.29835e-020
288.204  4.11281e-020
289.226  3.92888e-020
290.248  3.74672e-020
291.27  3.56647e-020
292.292  3.38827e-020
293.314  3.21229e-020
294.336  3.03868e-020
295.358  2.86761e-020
296.38  2.69925e-020
297.402  2.53379e-020
298.424  2.37141e-020
299.446  2.21229e-020
300.468  2.05665e-020
301.49  1.90467e-020
302.512  1.75658e-020
303.534  1.61259e-020
304.556  1.47293e-020
305.578  1.33783e-020
306.6  1.20753e-020
307.622  1.08228e-020
308.644  9.6233e-021
309.666  8.47953e-021
310.688  7.39417e-021
311.71  6.37004e-021
312.732  5.41003e-021
313.754  4.51711e-021
314.776  3.69438e-021
315.798  2.94498e-021
316.82  2.27218e-021
317.842  1.67934e-021
318.864  1.16989e-021
319.886  7.47393e-022
320.908  4.15486e-022
321.93  1.77907e-022
322.952  3.84753e-023
