1.022  1.1582e-019
2.044  1.16028e-019
3.066  1.16235e-019
4.088  1.16441e-019
5.11  1.16646e-019
6.132  1.16849e-019
7.154  1.17051e-019
8.176  1.17251e-019
9.198  1.17449e-019
10.22  1.17645e-019
11.242  1.1784e-019
12.264  1.18033e-019
13.286  1.18224e-019
14.308  1.18413e-019
15.33  1.18601e-019
16.352  1.18787e-019
17.374  1.18971e-019
18.396  1.19155e-019
19.418  1.19336e-019
20.44  1.19517e-019
21.462  1.19696e-019
22.484  1.19874e-019
23.506  1.20051e-019
24.528  1.20227e-019
25.55  1.20401e-019
26.572  1.20574e-019
27.594  1.20747e-019
28.616  1.20918e-019
29.638  1.21087e-019
30.66  1.21256e-019
31.682  1.21423e-019
32.704  1.2159e-019
33.726  1.21755e-019
34.748  1.21918e-019
35.77  1.2208e-019
36.792  1.22241e-019
37.814  1.22401e-019
38.836  1.22559e-019
39.858  1.22715e-019
40.88  1.2287e-019
41.902  1.23024e-019
42.924  1.23175e-019
43.946  1.23325e-019
44.968  1.23474e-019
45.99  1.2362e-019
47.012  1.23765e-019
48.034  1.23907e-019
49.056  1.24048e-019
50.078  1.24187e-019
51.1  1.24324e-019
52.122  1.24458e-019
53.144  1.2459e-019
54.166  1.24721e-019
55.188  1.24848e-019
56.21  1.24974e-019
57.232  1.25097e-019
58.254  1.25217e-019
59.276  1.25336e-019
60.298  1.25451e-019
61.32  1.25564e-019
62.342  1.25674e-019
63.364  1.25782e-019
64.386  1.25887e-019
65.408  1.25989e-019
66.43  1.26088e-019
67.452  1.26184e-019
68.474  1.26278e-019
69.496  1.26368e-019
70.518  1.26455e-019
71.54  1.26539e-019
72.562  1.2662e-019
73.584  1.26698e-019
74.606  1.26772e-019
75.628  1.26843e-019
76.65  1.26911e-019
77.672  1.26976e-019
78.694  1.27037e-019
79.716  1.27094e-019
80.738  1.27148e-019
81.76  1.27199e-019
82.782  1.27245e-019
83.804  1.27289e-019
84.826  1.27328e-019
85.848  1.27364e-019
86.87  1.27396e-019
87.892  1.27424e-019
88.914  1.27448e-019
89.936  1.27468e-019
90.958  1.27485e-019
91.98  1.27497e-019
93.002  1.27505e-019
94.024  1.2751e-019
95.046  1.2751e-019
96.068  1.27506e-019
97.09  1.27498e-019
98.112  1.27486e-019
99.134  1.27469e-019
100.156  1.27448e-019
101.178  1.27423e-019
102.2  1.27393e-019
103.222  1.27359e-019
104.244  1.27321e-019
105.266  1.27278e-019
106.288  1.27231e-019
107.31  1.27179e-019
108.332  1.27122e-019
109.354  1.27061e-019
110.376  1.26995e-019
111.398  1.26925e-019
112.42  1.2685e-019
113.442  1.2677e-019
114.464  1.26685e-019
115.486  1.26596e-019
116.508  1.26502e-019
117.53  1.26403e-019
118.552  1.26298e-019
119.574  1.26189e-019
120.596  1.26076e-019
121.618  1.25957e-019
122.64  1.25833e-019
123.662  1.25703e-019
124.684  1.25569e-019
125.706  1.2543e-019
126.728  1.25286e-019
127.75  1.25136e-019
128.772  1.24981e-019
129.794  1.24821e-019
130.816  1.24656e-019
131.838  1.24485e-019
132.86  1.24309e-019
133.882  1.24127e-019
134.904  1.2394e-019
135.926  1.23748e-019
136.948  1.2355e-019
137.97  1.23347e-019
138.992  1.23138e-019
140.014  1.22924e-019
141.036  1.22704e-019
142.058  1.22478e-019
143.08  1.22247e-019
144.102  1.2201e-019
145.124  1.21768e-019
146.146  1.21519e-019
147.168  1.21265e-019
148.19  1.21005e-019
149.212  1.20739e-019
150.234  1.20467e-019
151.256  1.20189e-019
152.278  1.19906e-019
153.3  1.19616e-019
154.322  1.1932e-019
155.344  1.19019e-019
156.366  1.18711e-019
157.388  1.18397e-019
158.41  1.18077e-019
159.432  1.1775e-019
160.454  1.17418e-019
161.476  1.17079e-019
162.498  1.16734e-019
163.52  1.16382e-019
164.542  1.16025e-019
165.564  1.1566e-019
166.586  1.1529e-019
167.608  1.14913e-019
168.63  1.14529e-019
169.652  1.14139e-019
170.674  1.13742e-019
171.696  1.13339e-019
172.718  1.12929e-019
173.74  1.12512e-019
174.762  1.12088e-019
175.784  1.11658e-019
176.806  1.11221e-019
177.828  1.10777e-019
178.85  1.10326e-019
179.872  1.09869e-019
180.894  1.09404e-019
181.916  1.08932e-019
182.938  1.08454e-019
183.96  1.07968e-019
184.982  1.07475e-019
186.004  1.06975e-019
187.026  1.06468e-019
188.048  1.05954e-019
189.07  1.05432e-019
190.092  1.04903e-019
191.114  1.04367e-019
192.136  1.03824e-019
193.158  1.03273e-019
194.18  1.02714e-019
195.202  1.02148e-019
196.224  1.01575e-019
197.246  1.00994e-019
198.268  1.00406e-019
199.29  9.98096e-020
200.312  9.9206e-020
201.334  9.85947e-020
202.356  9.79757e-020
203.378  9.7349e-020
204.4  9.67145e-020
205.422  9.60723e-020
206.444  9.54223e-020
207.466  9.47645e-020
208.488  9.40988e-020
209.51  9.34253e-020
210.532  9.27439e-020
211.554  9.20546e-020
212.576  9.13573e-020
213.598  9.06522e-020
214.62  8.99391e-020
215.642  8.9218e-020
216.664  8.8489e-020
217.686  8.7752e-020
218.708  8.7007e-020
219.73  8.6254e-020
220.752  8.54931e-020
221.774  8.47242e-020
222.796  8.39473e-020
223.818  8.31624e-020
224.84  8.23696e-020
225.862  8.15688e-020
226.884  8.07602e-020
227.906  7.99436e-020
228.928  7.91191e-020
229.95  7.82868e-020
230.972  7.74467e-020
231.994  7.65988e-020
233.016  7.57432e-020
234.038  7.48799e-020
235.06  7.40089e-020
236.082  7.31304e-020
237.104  7.22443e-020
238.126  7.13508e-020
239.148  7.04499e-020
240.17  6.95417e-020
241.192  6.86263e-020
242.214  6.77037e-020
243.236  6.6774e-020
244.258  6.58375e-020
245.28  6.48941e-020
246.302  6.39439e-020
247.324  6.29872e-020
248.346  6.2024e-020
249.368  6.10545e-020
250.39  6.00789e-020
251.412  5.90971e-020
252.434  5.81096e-020
253.456  5.71163e-020
254.478  5.61175e-020
255.5  5.51135e-020
256.522  5.41043e-020
257.544  5.30902e-020
258.566  5.20714e-020
259.588  5.10482e-020
260.61  5.00208e-020
261.632  4.89895e-020
262.654  4.79544e-020
263.676  4.6916e-020
264.698  4.58745e-020
265.72  4.48302e-020
266.742  4.37834e-020
267.764  4.27345e-020
268.786  4.16838e-020
269.808  4.06317e-020
270.83  3.95785e-020
271.852  3.85247e-020
272.874  3.74706e-020
273.896  3.64167e-020
274.918  3.53635e-020
275.94  3.43113e-020
276.962  3.32608e-020
277.984  3.22122e-020
279.006  3.11663e-020
280.028  3.01235e-020
281.05  2.90844e-020
282.072  2.80496e-020
283.094  2.70196e-020
284.116  2.59951e-020
285.138  2.49767e-020
286.16  2.39651e-020
287.182  2.2961e-020
288.204  2.19651e-020
289.226  2.09781e-020
290.248  2.00008e-020
291.27  1.9034e-020
292.292  1.80785e-020
293.314  1.71352e-020
294.336  1.62049e-020
295.358  1.52885e-020
296.38  1.4387e-020
297.402  1.35013e-020
298.424  1.26324e-020
299.446  1.17813e-020
300.468  1.09491e-020
301.49  1.01369e-020
302.512  9.34578e-021
303.534  8.57694e-021
304.556  7.83154e-021
305.578  7.11083e-021
306.6  6.41607e-021
307.622  5.74856e-021
308.644  5.10966e-021
309.666  4.50073e-021
310.688  3.92322e-021
311.71  3.37858e-021
312.732  2.86832e-021
313.754  2.39399e-021
314.776  1.9572e-021
315.798  1.55957e-021
316.82  1.2028e-021
317.842  8.88609e-022
318.864  6.18786e-022
319.886  3.95152e-022
320.908  2.19578e-022
321.93  9.39813e-023
322.952  2.03162e-023
