1.022  7.78771e-020
2.044  7.81712e-020
3.066  7.84637e-020
4.088  7.87545e-020
5.11  7.90437e-020
6.132  7.93311e-020
7.154  7.96165e-020
8.176  7.99e-020
9.198  8.01814e-020
10.22  8.04608e-020
11.242  8.07381e-020
12.264  8.10133e-020
13.286  8.12864e-020
14.308  8.15576e-020
15.33  8.18268e-020
16.352  8.20941e-020
17.374  8.23596e-020
18.396  8.26233e-020
19.418  8.28852e-020
20.44  8.31453e-020
21.462  8.34038e-020
22.484  8.36606e-020
23.506  8.39158e-020
24.528  8.41693e-020
25.55  8.44213e-020
26.572  8.46716e-020
27.594  8.49203e-020
28.616  8.51674e-020
29.638  8.54129e-020
30.66  8.56567e-020
31.682  8.58989e-020
32.704  8.61395e-020
33.726  8.63784e-020
34.748  8.66156e-020
35.77  8.68511e-020
36.792  8.70848e-020
37.814  8.73168e-020
38.836  8.75469e-020
39.858  8.77753e-020
40.88  8.80017e-020
41.902  8.82263e-020
42.924  8.84489e-020
43.946  8.86696e-020
44.968  8.88883e-020
45.99  8.91049e-020
47.012  8.93194e-020
48.034  8.95319e-020
49.056  8.97422e-020
50.078  8.99503e-020
51.1  9.01562e-020
52.122  9.03598e-020
53.144  9.05611e-020
54.166  9.07601e-020
55.188  9.09567e-020
56.21  9.11508e-020
57.232  9.13426e-020
58.254  9.15318e-020
59.276  9.17185e-020
60.298  9.19026e-020
61.32  9.20841e-020
62.342  9.22629e-020
63.364  9.24391e-020
64.386  9.26126e-020
65.408  9.27832e-020
66.43  9.29511e-020
67.452  9.31162e-020
68.474  9.32783e-020
69.496  9.34376e-020
70.518  9.35939e-020
71.54  9.37472e-020
72.562  9.38975e-020
73.584  9.40448e-020
74.606  9.4189e-020
75.628  9.433e-020
76.65  9.44679e-020
77.672  9.46026e-020
78.694  9.4734e-020
79.716  9.48622e-020
80.738  9.49871e-020
81.76  9.51087e-020
82.782  9.52269e-020
83.804  9.53417e-020
84.826  9.5453e-020
85.848  9.55609e-020
86.87  9.56653e-020
87.892  9.57662e-020
88.914  9.58636e-020
89.936  9.59573e-020
90.958  9.60474e-020
91.98  9.61339e-020
93.002  9.62167e-020
94.024  9.62957e-020
95.046  9.6371e-020
96.068  9.64426e-020
97.09  9.65103e-020
98.112  9.65743e-020
99.134  9.66343e-020
100.156  9.66905e-020
101.178  9.67427e-020
102.2  9.6791e-020
103.222  9.68353e-020
104.244  9.68756e-020
105.266  9.69119e-020
106.288  9.69441e-020
107.31  9.69722e-020
108.332  9.69962e-020
109.354  9.7016e-020
110.376  9.70317e-020
111.398  9.70432e-020
112.42  9.70504e-020
113.442  9.70534e-020
114.464  9.70521e-020
115.486  9.70465e-020
116.508  9.70366e-020
117.53  9.70223e-020
118.552  9.70036e-020
119.574  9.69805e-020
120.596  9.6953e-020
121.618  9.69209e-020
122.64  9.68844e-020
123.662  9.68434e-020
124.684  9.67978e-020
125.706  9.67477e-020
126.728  9.66929e-020
127.75  9.66335e-020
128.772  9.65695e-020
129.794  9.65008e-020
130.816  9.64274e-020
131.838  9.63492e-020
132.86  9.62663e-020
133.882  9.61786e-020
134.904  9.60861e-020
135.926  9.59888e-020
136.948  9.58865e-020
137.97  9.57794e-020
138.992  9.56674e-020
140.014  9.55505e-020
141.036  9.54285e-020
142.058  9.53016e-020
143.08  9.51697e-020
144.102  9.50326e-020
145.124  9.48906e-020
146.146  9.47434e-020
147.168  9.4591e-020
148.19  9.44335e-020
149.212  9.42709e-020
150.234  9.4103e-020
151.256  9.39298e-020
152.278  9.37514e-020
153.3  9.35677e-020
154.322  9.33786e-020
155.344  9.31842e-020
156.366  9.29844e-020
157.388  9.27792e-020
158.41  9.25686e-020
159.432  9.23524e-020
160.454  9.21308e-020
161.476  9.19036e-020
162.498  9.16709e-020
163.52  9.14326e-020
164.542  9.11887e-020
165.564  9.09391e-020
166.586  9.06838e-020
167.608  9.04228e-020
168.63  9.01561e-020
169.652  8.98836e-020
170.674  8.96053e-020
171.696  8.93211e-020
172.718  8.90312e-020
173.74  8.87353e-020
174.762  8.84335e-020
175.784  8.81257e-020
176.806  8.78119e-020
177.828  8.74922e-020
178.85  8.71664e-020
179.872  8.68345e-020
180.894  8.64965e-020
181.916  8.61523e-020
182.938  8.5802e-020
183.96  8.54455e-020
184.982  8.50828e-020
186.004  8.47138e-020
187.026  8.43386e-020
188.048  8.3957e-020
189.07  8.35691e-020
190.092  8.31748e-020
191.114  8.27741e-020
192.136  8.23669e-020
193.158  8.19533e-020
194.18  8.15332e-020
195.202  8.11066e-020
196.224  8.06735e-020
197.246  8.02338e-020
198.268  7.97875e-020
199.29  7.93346e-020
200.312  7.88751e-020
201.334  7.84089e-020
202.356  7.7936e-020
203.378  7.74565e-020
204.4  7.69702e-020
205.422  7.64771e-020
206.444  7.59773e-020
207.466  7.54707e-020
208.488  7.49573e-020
209.51  7.44371e-020
210.532  7.39101e-020
211.554  7.33763e-020
212.576  7.28356e-020
213.598  7.2288e-020
214.62  7.17336e-020
215.642  7.11723e-020
216.664  7.06042e-020
217.686  7.00292e-020
218.708  6.94473e-020
219.73  6.88585e-020
220.752  6.82629e-020
221.774  6.76604e-020
222.796  6.7051e-020
223.818  6.64348e-020
224.84  6.58118e-020
225.862  6.5182e-020
226.884  6.45454e-020
227.906  6.3902e-020
228.928  6.32519e-020
229.95  6.2595e-020
230.972  6.19315e-020
231.994  6.12613e-020
233.016  6.05845e-020
234.038  5.99012e-020
235.06  5.92113e-020
236.082  5.8515e-020
237.104  5.78123e-020
238.126  5.71032e-020
239.148  5.63878e-020
240.17  5.56662e-020
241.192  5.49385e-020
242.214  5.42047e-020
243.236  5.34649e-020
244.258  5.27193e-020
245.28  5.19678e-020
246.302  5.12106e-020
247.324  5.04479e-020
248.346  4.96797e-020
249.368  4.89061e-020
250.39  4.81273e-020
251.412  4.73434e-020
252.434  4.65545e-020
253.456  4.57608e-020
254.478  4.49625e-020
255.5  4.41597e-020
256.522  4.33526e-020
257.544  4.25413e-020
258.566  4.1726e-020
259.588  4.09071e-020
260.61  4.00845e-020
261.632  3.92587e-020
262.654  3.84297e-020
263.676  3.75978e-020
264.698  3.67634e-020
265.72  3.59265e-020
266.742  3.50875e-020
267.764  3.42468e-020
268.786  3.34044e-020
269.808  3.25609e-020
270.83  3.17164e-020
271.852  3.08713e-020
272.874  3.00259e-020
273.896  2.91806e-020
274.918  2.83358e-020
275.94  2.74918e-020
276.962  2.66491e-020
277.984  2.5808e-020
279.006  2.49689e-020
280.028  2.41324e-020
281.05  2.32988e-020
282.072  2.24686e-020
283.094  2.16423e-020
284.116  2.08205e-020
285.138  2.00036e-020
286.16  1.91922e-020
287.182  1.83868e-020
288.204  1.7588e-020
289.226  1.67965e-020
290.248  1.60127e-020
291.27  1.52375e-020
292.292  1.44714e-020
293.314  1.37151e-020
294.336  1.29693e-020
295.358  1.22348e-020
296.38  1.15122e-020
297.402  1.08025e-020
298.424  1.01062e-020
299.446  9.42439e-021
300.468  8.75776e-021
301.49  8.10723e-021
302.512  7.4737e-021
303.534  6.85809e-021
304.556  6.26135e-021
305.578  5.68447e-021
306.6  5.12845e-021
307.622  4.59434e-021
308.644  4.0832e-021
309.666  3.59614e-021
310.688  3.1343e-021
311.71  2.69882e-021
312.732  2.29091e-021
313.754  1.91181e-021
314.776  1.56277e-021
315.798  1.2451e-021
316.82  9.60129e-022
317.842  7.09227e-022
318.864  4.93799e-022
319.886  3.15289e-022
320.908  1.75173e-022
321.93  7.49641e-023
322.952  1.62027e-023
