1.022  1.12972e-020
2.044  1.15527e-020
3.066  1.18078e-020
4.088  1.20627e-020
5.11  1.23172e-020
6.132  1.25714e-020
7.154  1.28251e-020
8.176  1.30784e-020
9.198  1.33313e-020
10.22  1.35837e-020
11.242  1.38356e-020
12.264  1.40869e-020
13.286  1.43377e-020
14.308  1.4588e-020
15.33  1.48378e-020
16.352  1.50869e-020
17.374  1.53355e-020
18.396  1.55835e-020
19.418  1.5831e-020
20.44  1.60778e-020
21.462  1.63241e-020
22.484  1.65697e-020
23.506  1.68147e-020
24.528  1.70591e-020
25.55  1.73029e-020
26.572  1.75459e-020
27.594  1.77884e-020
28.616  1.80301e-020
29.638  1.82712e-020
30.66  1.85116e-020
31.682  1.87512e-020
32.704  1.89901e-020
33.726  1.92282e-020
34.748  1.94656e-020
35.77  1.97022e-020
36.792  1.9938e-020
37.814  2.0173e-020
38.836  2.04071e-020
39.858  2.06404e-020
40.88  2.08728e-020
41.902  2.11043e-020
42.924  2.13349e-020
43.946  2.15646e-020
44.968  2.17933e-020
45.99  2.2021e-020
47.012  2.22478e-020
48.034  2.24735e-020
49.056  2.26982e-020
50.078  2.29219e-020
51.1  2.31444e-020
52.122  2.33659e-020
53.144  2.35862e-020
54.166  2.38054e-020
55.188  2.40235e-020
56.21  2.42404e-020
57.232  2.4456e-020
58.254  2.46705e-020
59.276  2.48836e-020
60.298  2.50956e-020
61.32  2.53062e-020
62.342  2.55155e-020
63.364  2.57235e-020
64.386  2.59302e-020
65.408  2.61355e-020
66.43  2.63393e-020
67.452  2.65418e-020
68.474  2.67428e-020
69.496  2.69424e-020
70.518  2.71404e-020
71.54  2.7337e-020
72.562  2.75321e-020
73.584  2.77256e-020
74.606  2.79175e-020
75.628  2.81079e-020
76.65  2.82967e-020
77.672  2.84838e-020
78.694  2.86693e-020
79.716  2.88531e-020
80.738  2.90352e-020
81.76  2.92156e-020
82.782  2.93943e-020
83.804  2.95712e-020
84.826  2.97463e-020
85.848  2.99197e-020
86.87  3.00912e-020
87.892  3.02609e-020
88.914  3.04287e-020
89.936  3.05947e-020
90.958  3.07588e-020
91.98  3.09209e-020
93.002  3.10812e-020
94.024  3.12394e-020
95.046  3.13957e-020
96.068  3.155e-020
97.09  3.17023e-020
98.112  3.18525e-020
99.134  3.20007e-020
100.156  3.21468e-020
101.178  3.22908e-020
102.2  3.24327e-020
103.222  3.25725e-020
104.244  3.27101e-020
105.266  3.28455e-020
106.288  3.29787e-020
107.31  3.31097e-020
108.332  3.32385e-020
109.354  3.33651e-020
110.376  3.34893e-020
111.398  3.36113e-020
112.42  3.37309e-020
113.442  3.38482e-020
114.464  3.39632e-020
115.486  3.40758e-020
116.508  3.4186e-020
117.53  3.42938e-020
118.552  3.43992e-020
119.574  3.45021e-020
120.596  3.46026e-020
121.618  3.47005e-020
122.64  3.4796e-020
123.662  3.48889e-020
124.684  3.49793e-020
125.706  3.50671e-020
126.728  3.51523e-020
127.75  3.5235e-020
128.772  3.5315e-020
129.794  3.53923e-020
130.816  3.54671e-020
131.838  3.55391e-020
132.86  3.56084e-020
133.882  3.5675e-020
134.904  3.57388e-020
135.926  3.57999e-020
136.948  3.58582e-020
137.97  3.59138e-020
138.992  3.59664e-020
140.014  3.60163e-020
141.036  3.60633e-020
142.058  3.61074e-020
143.08  3.61486e-020
144.102  3.61869e-020
145.124  3.62223e-020
146.146  3.62547e-020
147.168  3.62841e-020
148.19  3.63106e-020
149.212  3.6334e-020
150.234  3.63543e-020
151.256  3.63717e-020
152.278  3.63859e-020
153.3  3.6397e-020
154.322  3.64051e-020
155.344  3.641e-020
156.366  3.64117e-020
157.388  3.64103e-020
158.41  3.64056e-020
159.432  3.63978e-020
160.454  3.63867e-020
161.476  3.63723e-020
162.498  3.63547e-020
163.52  3.63338e-020
164.542  3.63096e-020
165.564  3.6282e-020
166.586  3.62511e-020
167.608  3.62168e-020
168.63  3.61792e-020
169.652  3.61381e-020
170.674  3.60936e-020
171.696  3.60456e-020
172.718  3.59942e-020
173.74  3.59393e-020
174.762  3.58808e-020
175.784  3.58189e-020
176.806  3.57534e-020
177.828  3.56844e-020
178.85  3.56117e-020
179.872  3.55355e-020
180.894  3.54557e-020
181.916  3.53722e-020
182.938  3.52851e-020
183.96  3.51943e-020
184.982  3.50999e-020
186.004  3.50017e-020
187.026  3.48998e-020
188.048  3.47942e-020
189.07  3.46849e-020
190.092  3.45718e-020
191.114  3.44549e-020
192.136  3.43343e-020
193.158  3.42098e-020
194.18  3.40815e-020
195.202  3.39494e-020
196.224  3.38134e-020
197.246  3.36736e-020
198.268  3.35299e-020
199.29  3.33824e-020
200.312  3.32309e-020
201.334  3.30756e-020
202.356  3.29164e-020
203.378  3.27532e-020
204.4  3.25861e-020
205.422  3.24151e-020
206.444  3.22402e-020
207.466  3.20613e-020
208.488  3.18785e-020
209.51  3.16917e-020
210.532  3.1501e-020
211.554  3.13063e-020
212.576  3.11077e-020
213.598  3.09051e-020
214.62  3.06986e-020
215.642  3.04881e-020
216.664  3.02736e-020
217.686  3.00552e-020
218.708  2.98329e-020
219.73  2.96067e-020
220.752  2.93765e-020
221.774  2.91424e-020
222.796  2.89044e-020
223.818  2.86625e-020
224.84  2.84167e-020
225.862  2.81671e-020
226.884  2.79136e-020
227.906  2.76563e-020
228.928  2.73952e-020
229.95  2.71303e-020
230.972  2.68616e-020
231.994  2.65892e-020
233.016  2.6313e-020
234.038  2.60332e-020
235.06  2.57498e-020
236.082  2.54627e-020
237.104  2.5172e-020
238.126  2.48778e-020
239.148  2.45801e-020
240.17  2.4279e-020
241.192  2.39744e-020
242.214  2.36664e-020
243.236  2.33551e-020
244.258  2.30406e-020
245.28  2.27228e-020
246.302  2.24019e-020
247.324  2.20779e-020
248.346  2.17508e-020
249.368  2.14208e-020
250.39  2.10879e-020
251.412  2.07522e-020
252.434  2.04138e-020
253.456  2.00726e-020
254.478  1.97289e-020
255.5  1.93827e-020
256.522  1.90342e-020
257.544  1.86833e-020
258.566  1.83301e-020
259.588  1.79749e-020
260.61  1.76177e-020
261.632  1.72586e-020
262.654  1.68978e-020
263.676  1.65353e-020
264.698  1.61712e-020
265.72  1.58058e-020
266.742  1.54391e-020
267.764  1.50712e-020
268.786  1.47024e-020
269.808  1.43328e-020
270.83  1.39624e-020
271.852  1.35916e-020
272.874  1.32204e-020
273.896  1.2849e-020
274.918  1.24777e-020
275.94  1.21065e-020
276.962  1.17356e-020
277.984  1.13653e-020
279.006  1.09958e-020
280.028  1.06273e-020
281.05  1.02599e-020
282.072  9.89401e-021
283.094  9.5297e-021
284.116  9.16728e-021
285.138  8.80697e-021
286.16  8.44902e-021
287.182  8.09371e-021
288.204  7.74129e-021
289.226  7.39205e-021
290.248  7.04625e-021
291.27  6.7042e-021
292.292  6.36619e-021
293.314  6.03254e-021
294.336  5.70356e-021
295.358  5.37958e-021
296.38  5.06093e-021
297.402  4.74796e-021
298.424  4.44104e-021
299.446  4.14052e-021
300.468  3.84678e-021
301.49  3.5602e-021
302.512  3.2812e-021
303.534  3.01017e-021
304.556  2.74753e-021
305.578  2.49372e-021
306.6  2.24918e-021
307.622  2.01436e-021
308.644  1.78973e-021
309.666  1.57577e-021
310.688  1.37297e-021
311.71  1.18183e-021
312.732  1.00288e-021
313.754  8.36648e-022
314.776  6.83671e-022
315.798  5.44509e-022
316.82  4.19737e-022
317.842  3.09939e-022
318.864  2.15716e-022
319.886  1.37683e-022
320.908  7.6467e-023
321.93  3.27109e-023
322.952  7.06735e-024
