1.022  2.27114e-019
2.044  2.27148e-019
3.066  2.27182e-019
4.088  2.27216e-019
5.11  2.2725e-019
6.132  2.27283e-019
7.154  2.27315e-019
8.176  2.27346e-019
9.198  2.27376e-019
10.22  2.27405e-019
11.242  2.27432e-019
12.264  2.27457e-019
13.286  2.27482e-019
14.308  2.27505e-019
15.33  2.27528e-019
16.352  2.2755e-019
17.374  2.27571e-019
18.396  2.27591e-019
19.418  2.27611e-019
20.44  2.27631e-019
21.462  2.2765e-019
22.484  2.27669e-019
23.506  2.27688e-019
24.528  2.27707e-019
25.55  2.27725e-019
26.572  2.27744e-019
27.594  2.27762e-019
28.616  2.27781e-019
29.638  2.27799e-019
30.66  2.27817e-019
31.682  2.27835e-019
32.704  2.27853e-019
33.726  2.2787e-019
34.748  2.27887e-019
35.77  2.27903e-019
36.792  2.27919e-019
37.814  2.27934e-019
38.836  2.27948e-019
39.858  2.27962e-019
40.88  2.27975e-019
41.902  2.27987e-019
42.924  2.27997e-019
43.946  2.28007e-019
44.968  2.28015e-019
45.99  2.28022e-019
47.012  2.28027e-019
48.034  2.28031e-019
49.056  2.28033e-019
50.078  2.28033e-019
51.1  2.28032e-019
52.122  2.28028e-019
53.144  2.28022e-019
54.166  2.28014e-019
55.188  2.28004e-019
56.21  2.27992e-019
57.232  2.27977e-019
58.254  2.27959e-019
59.276  2.27939e-019
60.298  2.27916e-019
61.32  2.2789e-019
62.342  2.27861e-019
63.364  2.27829e-019
64.386  2.27793e-019
65.408  2.27755e-019
66.43  2.27713e-019
67.452  2.27668e-019
68.474  2.27619e-019
69.496  2.27567e-019
70.518  2.27511e-019
71.54  2.27451e-019
72.562  2.27387e-019
73.584  2.27319e-019
74.606  2.27247e-019
75.628  2.27171e-019
76.65  2.27091e-019
77.672  2.27007e-019
78.694  2.26918e-019
79.716  2.26825e-019
80.738  2.26727e-019
81.76  2.26625e-019
82.782  2.26518e-019
83.804  2.26406e-019
84.826  2.26289e-019
85.848  2.26168e-019
86.87  2.26041e-019
87.892  2.25909e-019
88.914  2.25773e-019
89.936  2.25631e-019
90.958  2.25484e-019
91.98  2.25331e-019
93.002  2.25173e-019
94.024  2.2501e-019
95.046  2.24841e-019
96.068  2.24667e-019
97.09  2.24487e-019
98.112  2.24301e-019
99.134  2.24109e-019
100.156  2.23912e-019
101.178  2.23708e-019
102.2  2.23499e-019
103.222  2.23284e-019
104.244  2.23062e-019
105.266  2.22835e-019
106.288  2.22601e-019
107.31  2.22361e-019
108.332  2.22115e-019
109.354  2.21862e-019
110.376  2.21603e-019
111.398  2.21337e-019
112.42  2.21065e-019
113.442  2.20786e-019
114.464  2.20501e-019
115.486  2.20209e-019
116.508  2.1991e-019
117.53  2.19604e-019
118.552  2.19292e-019
119.574  2.18972e-019
120.596  2.18646e-019
121.618  2.18313e-019
122.64  2.17972e-019
123.662  2.17625e-019
124.684  2.1727e-019
125.706  2.16908e-019
126.728  2.16539e-019
127.75  2.16162e-019
128.772  2.15778e-019
129.794  2.15387e-019
130.816  2.14988e-019
131.838  2.14582e-019
132.86  2.14168e-019
133.882  2.13746e-019
134.904  2.13317e-019
135.926  2.1288e-019
136.948  2.12435e-019
137.97  2.11983e-019
138.992  2.11522e-019
140.014  2.11054e-019
141.036  2.10578e-019
142.058  2.10093e-019
143.08  2.09601e-019
144.102  2.091e-019
145.124  2.08592e-019
146.146  2.08075e-019
147.168  2.07549e-019
148.19  2.07016e-019
149.212  2.06474e-019
150.234  2.05923e-019
151.256  2.05364e-019
152.278  2.04797e-019
153.3  2.04221e-019
154.322  2.03636e-019
155.344  2.03042e-019
156.366  2.0244e-019
157.388  2.01829e-019
158.41  2.01209e-019
159.432  2.0058e-019
160.454  1.99942e-019
161.476  1.99295e-019
162.498  1.98638e-019
163.52  1.97973e-019
164.542  1.97298e-019
165.564  1.96615e-019
166.586  1.95921e-019
167.608  1.95218e-019
168.63  1.94506e-019
169.652  1.93784e-019
170.674  1.93053e-019
171.696  1.92312e-019
172.718  1.91561e-019
173.74  1.908e-019
174.762  1.9003e-019
175.784  1.89249e-019
176.806  1.88459e-019
177.828  1.87658e-019
178.85  1.86848e-019
179.872  1.86027e-019
180.894  1.85196e-019
181.916  1.84354e-019
182.938  1.83502e-019
183.96  1.8264e-019
184.982  1.81767e-019
186.004  1.80883e-019
187.026  1.79989e-019
188.048  1.79084e-019
189.07  1.78168e-019
190.092  1.77241e-019
191.114  1.76303e-019
192.136  1.75355e-019
193.158  1.74395e-019
194.18  1.73424e-019
195.202  1.72441e-019
196.224  1.71448e-019
197.246  1.70443e-019
198.268  1.69426e-019
199.29  1.68398e-019
200.312  1.67359e-019
201.334  1.66308e-019
202.356  1.65245e-019
203.378  1.6417e-019
204.4  1.63083e-019
205.422  1.61985e-019
206.444  1.60875e-019
207.466  1.59752e-019
208.488  1.58618e-019
209.51  1.57471e-019
210.532  1.56313e-019
211.554  1.55142e-019
212.576  1.53959e-019
213.598  1.52763e-019
214.62  1.51555e-019
215.642  1.50335e-019
216.664  1.49102e-019
217.686  1.47857e-019
218.708  1.466e-019
219.73  1.45329e-019
220.752  1.44047e-019
221.774  1.42751e-019
222.796  1.41443e-019
223.818  1.40123e-019
224.84  1.3879e-019
225.862  1.37444e-019
226.884  1.36086e-019
227.906  1.34715e-019
228.928  1.33331e-019
229.95  1.31935e-019
230.972  1.30527e-019
231.994  1.29105e-019
233.016  1.27672e-019
234.038  1.26226e-019
235.06  1.24767e-019
236.082  1.23297e-019
237.104  1.21814e-019
238.126  1.20319e-019
239.148  1.18812e-019
240.17  1.17293e-019
241.192  1.15762e-019
242.214  1.14219e-019
243.236  1.12665e-019
244.258  1.11099e-019
245.28  1.09522e-019
246.302  1.07934e-019
247.324  1.06334e-019
248.346  1.04724e-019
249.368  1.03103e-019
250.39  1.01472e-019
251.412  9.98311e-020
252.434  9.81799e-020
253.456  9.6519e-020
254.478  9.48487e-020
255.5  9.31693e-020
256.522  9.14811e-020
257.544  8.97844e-020
258.566  8.80796e-020
259.588  8.6367e-020
260.61  8.4647e-020
261.632  8.292e-020
262.654  8.11864e-020
263.676  7.94467e-020
264.698  7.77013e-020
265.72  7.59507e-020
266.742  7.41954e-020
267.764  7.2436e-020
268.786  7.0673e-020
269.808  6.8907e-020
270.83  6.71387e-020
271.852  6.53686e-020
272.874  6.35974e-020
273.896  6.18258e-020
274.918  6.00546e-020
275.94  5.82845e-020
276.962  5.65163e-020
277.984  5.47508e-020
279.006  5.29889e-020
280.028  5.12315e-020
281.05  4.94795e-020
282.072  4.77338e-020
283.094  4.59955e-020
284.116  4.42656e-020
285.138  4.25453e-020
286.16  4.08355e-020
287.182  3.91375e-020
288.204  3.74525e-020
289.226  3.57817e-020
290.248  3.41265e-020
291.27  3.24881e-020
292.292  3.0868e-020
293.314  2.92677e-020
294.336  2.76885e-020
295.358  2.61321e-020
296.38  2.46001e-020
297.402  2.30941e-020
298.424  2.16158e-020
299.446  2.0167e-020
300.468  1.87496e-020
301.49  1.73653e-020
302.512  1.60162e-020
303.534  1.47043e-020
304.556  1.34316e-020
305.578  1.22003e-020
306.6  1.10126e-020
307.622  9.87079e-021
308.644  8.77724e-021
309.666  7.73435e-021
310.688  6.74464e-021
311.71  5.81068e-021
312.732  4.93513e-021
313.754  4.12072e-021
314.776  3.37027e-021
315.798  2.68668e-021
316.82  2.07293e-021
317.842  1.5321e-021
318.864  1.06733e-021
319.886  6.81881e-022
320.908  3.7907e-022
321.93  1.62315e-022
322.952  3.51033e-023
