1.022  4.0398e-019
2.044  4.03387e-019
3.066  4.02799e-019
4.088  4.02216e-019
5.11  4.01637e-019
6.132  4.01062e-019
7.154  4.00491e-019
8.176  3.99922e-019
9.198  3.99357e-019
10.22  3.98793e-019
11.242  3.98233e-019
12.264  3.97674e-019
13.286  3.97119e-019
14.308  3.96566e-019
15.33  3.96016e-019
16.352  3.9547e-019
17.374  3.94927e-019
18.396  3.94387e-019
19.418  3.93852e-019
20.44  3.9332e-019
21.462  3.92793e-019
22.484  3.92269e-019
23.506  3.9175e-019
24.528  3.91235e-019
25.55  3.90724e-019
26.572  3.90218e-019
27.594  3.89716e-019
28.616  3.89218e-019
29.638  3.88724e-019
30.66  3.88234e-019
31.682  3.87748e-019
32.704  3.87266e-019
33.726  3.86787e-019
34.748  3.86312e-019
35.77  3.8584e-019
36.792  3.85371e-019
37.814  3.84906e-019
38.836  3.84443e-019
39.858  3.83983e-019
40.88  3.83525e-019
41.902  3.8307e-019
42.924  3.82616e-019
43.946  3.82165e-019
44.968  3.81715e-019
45.99  3.81267e-019
47.012  3.8082e-019
48.034  3.80375e-019
49.056  3.7993e-019
50.078  3.79487e-019
51.1  3.79043e-019
52.122  3.786e-019
53.144  3.78158e-019
54.166  3.77715e-019
55.188  3.77273e-019
56.21  3.76829e-019
57.232  3.76386e-019
58.254  3.75942e-019
59.276  3.75496e-019
60.298  3.7505e-019
61.32  3.74603e-019
62.342  3.74154e-019
63.364  3.73703e-019
64.386  3.73251e-019
65.408  3.72797e-019
66.43  3.72341e-019
67.452  3.71882e-019
68.474  3.71421e-019
69.496  3.70958e-019
70.518  3.70492e-019
71.54  3.70023e-019
72.562  3.69551e-019
73.584  3.69076e-019
74.606  3.68597e-019
75.628  3.68115e-019
76.65  3.67629e-019
77.672  3.6714e-019
78.694  3.66647e-019
79.716  3.66149e-019
80.738  3.65648e-019
81.76  3.65142e-019
82.782  3.64632e-019
83.804  3.64117e-019
84.826  3.63597e-019
85.848  3.63073e-019
86.87  3.62544e-019
87.892  3.62009e-019
88.914  3.6147e-019
89.936  3.60925e-019
90.958  3.60374e-019
91.98  3.59819e-019
93.002  3.59257e-019
94.024  3.5869e-019
95.046  3.58117e-019
96.068  3.57537e-019
97.09  3.56952e-019
98.112  3.5636e-019
99.134  3.55763e-019
100.156  3.55158e-019
101.178  3.54548e-019
102.2  3.5393e-019
103.222  3.53306e-019
104.244  3.52675e-019
105.266  3.52037e-019
106.288  3.51392e-019
107.31  3.5074e-019
108.332  3.50081e-019
109.354  3.49414e-019
110.376  3.48741e-019
111.398  3.48059e-019
112.42  3.4737e-019
113.442  3.46674e-019
114.464  3.45969e-019
115.486  3.45257e-019
116.508  3.44537e-019
117.53  3.43809e-019
118.552  3.43072e-019
119.574  3.42328e-019
120.596  3.41575e-019
121.618  3.40814e-019
122.64  3.40045e-019
123.662  3.39267e-019
124.684  3.3848e-019
125.706  3.37685e-019
126.728  3.36881e-019
127.75  3.36068e-019
128.772  3.35247e-019
129.794  3.34416e-019
130.816  3.33577e-019
131.838  3.32728e-019
132.86  3.3187e-019
133.882  3.31002e-019
134.904  3.30126e-019
135.926  3.2924e-019
136.948  3.28344e-019
137.97  3.27439e-019
138.992  3.26524e-019
140.014  3.25599e-019
141.036  3.24665e-019
142.058  3.2372e-019
143.08  3.22766e-019
144.102  3.21801e-019
145.124  3.20827e-019
146.146  3.19842e-019
147.168  3.18847e-019
148.19  3.17842e-019
149.212  3.16826e-019
150.234  3.15799e-019
151.256  3.14762e-019
152.278  3.13715e-019
153.3  3.12656e-019
154.322  3.11587e-019
155.344  3.10507e-019
156.366  3.09416e-019
157.388  3.08313e-019
158.41  3.072e-019
159.432  3.06075e-019
160.454  3.04939e-019
161.476  3.03792e-019
162.498  3.02633e-019
163.52  3.01462e-019
164.542  3.0028e-019
165.564  2.99086e-019
166.586  2.9788e-019
167.608  2.96662e-019
168.63  2.95432e-019
169.652  2.9419e-019
170.674  2.92936e-019
171.696  2.91669e-019
172.718  2.9039e-019
173.74  2.89099e-019
174.762  2.87795e-019
175.784  2.86478e-019
176.806  2.85149e-019
177.828  2.83806e-019
178.85  2.82451e-019
179.872  2.81083e-019
180.894  2.79701e-019
181.916  2.78306e-019
182.938  2.76898e-019
183.96  2.75476e-019
184.982  2.74041e-019
186.004  2.72592e-019
187.026  2.7113e-019
188.048  2.69653e-019
189.07  2.68162e-019
190.092  2.66658e-019
191.114  2.65139e-019
192.136  2.63606e-019
193.158  2.62059e-019
194.18  2.60497e-019
195.202  2.5892e-019
196.224  2.57329e-019
197.246  2.55723e-019
198.268  2.54102e-019
199.29  2.52466e-019
200.312  2.50815e-019
201.334  2.49149e-019
202.356  2.47468e-019
203.378  2.45771e-019
204.4  2.44059e-019
205.422  2.42331e-019
206.444  2.40588e-019
207.466  2.38829e-019
208.488  2.37054e-019
209.51  2.35263e-019
210.532  2.33456e-019
211.554  2.31633e-019
212.576  2.29794e-019
213.598  2.27939e-019
214.62  2.26067e-019
215.642  2.24179e-019
216.664  2.22275e-019
217.686  2.20354e-019
218.708  2.18417e-019
219.73  2.16463e-019
220.752  2.14492e-019
221.774  2.12505e-019
222.796  2.10501e-019
223.818  2.0848e-019
224.84  2.06443e-019
225.862  2.04389e-019
226.884  2.02318e-019
227.906  2.0023e-019
228.928  1.98125e-019
229.95  1.96004e-019
230.972  1.93866e-019
231.994  1.91711e-019
233.016  1.8954e-019
234.038  1.87352e-019
235.06  1.85147e-019
236.082  1.82927e-019
237.104  1.80689e-019
238.126  1.78436e-019
239.148  1.76166e-019
240.17  1.7388e-019
241.192  1.71578e-019
242.214  1.69261e-019
243.236  1.66927e-019
244.258  1.64579e-019
245.28  1.62215e-019
246.302  1.59836e-019
247.324  1.57443e-019
248.346  1.55035e-019
249.368  1.52612e-019
250.39  1.50176e-019
251.412  1.47726e-019
252.434  1.45263e-019
253.456  1.42787e-019
254.478  1.40298e-019
255.5  1.37796e-019
256.522  1.35284e-019
257.544  1.32759e-019
258.566  1.30224e-019
259.588  1.27679e-019
260.61  1.25123e-019
261.632  1.22559e-019
262.654  1.19985e-019
263.676  1.17404e-019
264.698  1.14815e-019
265.72  1.1222e-019
266.742  1.09618e-019
267.764  1.07011e-019
268.786  1.044e-019
269.808  1.01785e-019
270.83  9.91673e-020
271.852  9.65477e-020
272.874  9.39273e-020
273.896  9.13069e-020
274.918  8.86876e-020
275.94  8.60706e-020
276.962  8.34569e-020
277.984  8.08477e-020
279.006  7.82442e-020
280.028  7.56478e-020
281.05  7.30598e-020
282.072  7.04816e-020
283.094  6.79145e-020
284.116  6.53602e-020
285.138  6.28201e-020
286.16  6.02959e-020
287.182  5.77894e-020
288.204  5.53021e-020
289.226  5.28361e-020
290.248  5.0393e-020
291.27  4.7975e-020
292.292  4.55841e-020
293.314  4.32222e-020
294.336  4.08917e-020
295.358  3.85948e-020
296.38  3.63338e-020
297.402  3.41112e-020
298.424  3.19294e-020
299.446  2.9791e-020
300.468  2.76988e-020
301.49  2.56554e-020
302.512  2.36639e-020
303.534  2.1727e-020
304.556  1.9848e-020
305.578  1.80299e-020
306.6  1.6276e-020
307.622  1.45898e-020
308.644  1.29746e-020
309.666  1.1434e-020
310.688  9.97184e-021
311.71  8.59184e-021
312.732  7.29797e-021
313.754  6.09428e-021
314.776  4.98495e-021
315.798  3.9743e-021
316.82  3.06676e-021
317.842  2.2669e-021
318.864  1.57942e-021
319.886  1.00916e-021
320.908  5.61082e-022
321.93  2.40282e-022
322.952  5.19718e-023
