1.022  8.08207e-020
2.044  7.96994e-020
3.066  7.85934e-020
4.088  7.75026e-020
5.11  7.64266e-020
6.132  7.53654e-020
7.154  7.43186e-020
8.176  7.3286e-020
9.198  7.22674e-020
10.22  7.12627e-020
11.242  7.02717e-020
12.264  6.92942e-020
13.286  6.83303e-020
14.308  6.73798e-020
15.33  6.64425e-020
16.352  6.55184e-020
17.374  6.46074e-020
18.396  6.37094e-020
19.418  6.28243e-020
20.44  6.19519e-020
21.462  6.10921e-020
22.484  6.02449e-020
23.506  5.941e-020
24.528  5.85875e-020
25.55  5.7777e-020
26.572  5.69785e-020
27.594  5.61918e-020
28.616  5.54169e-020
29.638  5.46535e-020
30.66  5.39015e-020
31.682  5.31608e-020
32.704  5.24311e-020
33.726  5.17125e-020
34.748  5.10047e-020
35.77  5.03075e-020
36.792  4.96209e-020
37.814  4.89446e-020
38.836  4.82786e-020
39.858  4.76227e-020
40.88  4.69768e-020
41.902  4.63407e-020
42.924  4.57142e-020
43.946  4.50973e-020
44.968  4.44898e-020
45.99  4.38916e-020
47.012  4.33025e-020
48.034  4.27224e-020
49.056  4.21513e-020
50.078  4.15888e-020
51.1  4.1035e-020
52.122  4.04897e-020
53.144  3.99528e-020
54.166  3.94242e-020
55.188  3.89037e-020
56.21  3.83912e-020
57.232  3.78866e-020
58.254  3.73899e-020
59.276  3.69008e-020
60.298  3.64193e-020
61.32  3.59453e-020
62.342  3.54787e-020
63.364  3.50193e-020
64.386  3.4567e-020
65.408  3.41218e-020
66.43  3.36836e-020
67.452  3.32522e-020
68.474  3.28276e-020
69.496  3.24096e-020
70.518  3.19982e-020
71.54  3.15933e-020
72.562  3.11947e-020
73.584  3.08024e-020
74.606  3.04163e-020
75.628  3.00363e-020
76.65  2.96623e-020
77.672  2.92943e-020
78.694  2.89321e-020
79.716  2.85756e-020
80.738  2.82248e-020
81.76  2.78797e-020
82.782  2.754e-020
83.804  2.72057e-020
84.826  2.68768e-020
85.848  2.65532e-020
86.87  2.62348e-020
87.892  2.59215e-020
88.914  2.56132e-020
89.936  2.53099e-020
90.958  2.50115e-020
91.98  2.47179e-020
93.002  2.44291e-020
94.024  2.4145e-020
95.046  2.38654e-020
96.068  2.35904e-020
97.09  2.33199e-020
98.112  2.30538e-020
99.134  2.2792e-020
100.156  2.25345e-020
101.178  2.22812e-020
102.2  2.2032e-020
103.222  2.1787e-020
104.244  2.15459e-020
105.266  2.13088e-020
106.288  2.10755e-020
107.31  2.08461e-020
108.332  2.06205e-020
109.354  2.03986e-020
110.376  2.01803e-020
111.398  1.99656e-020
112.42  1.97544e-020
113.442  1.95467e-020
114.464  1.93425e-020
115.486  1.91416e-020
116.508  1.89439e-020
117.53  1.87496e-020
118.552  1.85584e-020
119.574  1.83704e-020
120.596  1.81855e-020
121.618  1.80036e-020
122.64  1.78247e-020
123.662  1.76487e-020
124.684  1.74756e-020
125.706  1.73053e-020
126.728  1.71378e-020
127.75  1.69731e-020
128.772  1.6811e-020
129.794  1.66515e-020
130.816  1.64947e-020
131.838  1.63403e-020
132.86  1.61885e-020
133.882  1.60391e-020
134.904  1.58921e-020
135.926  1.57474e-020
136.948  1.56051e-020
137.97  1.5465e-020
138.992  1.53271e-020
140.014  1.51914e-020
141.036  1.50578e-020
142.058  1.49263e-020
143.08  1.47969e-020
144.102  1.46694e-020
145.124  1.4544e-020
146.146  1.44204e-020
147.168  1.42987e-020
148.19  1.41788e-020
149.212  1.40607e-020
150.234  1.39444e-020
151.256  1.38298e-020
152.278  1.37169e-020
153.3  1.36056e-020
154.322  1.34959e-020
155.344  1.33878e-020
156.366  1.32812e-020
157.388  1.31761e-020
158.41  1.30725e-020
159.432  1.29702e-020
160.454  1.28694e-020
161.476  1.27699e-020
162.498  1.26717e-020
163.52  1.25747e-020
164.542  1.2479e-020
165.564  1.23846e-020
166.586  1.22913e-020
167.608  1.21991e-020
168.63  1.2108e-020
169.652  1.20181e-020
170.674  1.19291e-020
171.696  1.18412e-020
172.718  1.17543e-020
173.74  1.16683e-020
174.762  1.15832e-020
175.784  1.1499e-020
176.806  1.14157e-020
177.828  1.13332e-020
178.85  1.12514e-020
179.872  1.11705e-020
180.894  1.10903e-020
181.916  1.10108e-020
182.938  1.0932e-020
183.96  1.08539e-020
184.982  1.07763e-020
186.004  1.06994e-020
187.026  1.0623e-020
188.048  1.05472e-020
189.07  1.04719e-020
190.092  1.03972e-020
191.114  1.03228e-020
192.136  1.02489e-020
193.158  1.01755e-020
194.18  1.01024e-020
195.202  1.00297e-020
196.224  9.95727e-021
197.246  9.88521e-021
198.268  9.81343e-021
199.29  9.74193e-021
200.312  9.67066e-021
201.334  9.59962e-021
202.356  9.52877e-021
203.378  9.45809e-021
204.4  9.38756e-021
205.422  9.31716e-021
206.444  9.24687e-021
207.466  9.17665e-021
208.488  9.1065e-021
209.51  9.03638e-021
210.532  8.96628e-021
211.554  8.89617e-021
212.576  8.82604e-021
213.598  8.75586e-021
214.62  8.68561e-021
215.642  8.61527e-021
216.664  8.54482e-021
217.686  8.47424e-021
218.708  8.40351e-021
219.73  8.33261e-021
220.752  8.26152e-021
221.774  8.19022e-021
222.796  8.11869e-021
223.818  8.04691e-021
224.84  7.97487e-021
225.862  7.90254e-021
226.884  7.8299e-021
227.906  7.75694e-021
228.928  7.68365e-021
229.95  7.60999e-021
230.972  7.53596e-021
231.994  7.46154e-021
233.016  7.38671e-021
234.038  7.31145e-021
235.06  7.23575e-021
236.082  7.15959e-021
237.104  7.08296e-021
238.126  7.00585e-021
239.148  6.92822e-021
240.17  6.85008e-021
241.192  6.77141e-021
242.214  6.6922e-021
243.236  6.61243e-021
244.258  6.53208e-021
245.28  6.45115e-021
246.302  6.36963e-021
247.324  6.28751e-021
248.346  6.20477e-021
249.368  6.1214e-021
250.39  6.0374e-021
251.412  5.95276e-021
252.434  5.86747e-021
253.456  5.78152e-021
254.478  5.69492e-021
255.5  5.60764e-021
256.522  5.5197e-021
257.544  5.43108e-021
258.566  5.34179e-021
259.588  5.25182e-021
260.61  5.16117e-021
261.632  5.06986e-021
262.654  4.97787e-021
263.676  4.88522e-021
264.698  4.7919e-021
265.72  4.69794e-021
266.742  4.60333e-021
267.764  4.50809e-021
268.786  4.41223e-021
269.808  4.31576e-021
270.83  4.21871e-021
271.852  4.12108e-021
272.874  4.02291e-021
273.896  3.92421e-021
274.918  3.82501e-021
275.94  3.72533e-021
276.962  3.62522e-021
277.984  3.52469e-021
279.006  3.4238e-021
280.028  3.32257e-021
281.05  3.22105e-021
282.072  3.11929e-021
283.094  3.01733e-021
284.116  2.91523e-021
285.138  2.81305e-021
286.16  2.71084e-021
287.182  2.60867e-021
288.204  2.50662e-021
289.226  2.40475e-021
290.248  2.30314e-021
291.27  2.20189e-021
292.292  2.10106e-021
293.314  2.00077e-021
294.336  1.90111e-021
295.358  1.80219e-021
296.38  1.70411e-021
297.402  1.607e-021
298.424  1.51098e-021
299.446  1.41618e-021
300.468  1.32274e-021
301.49  1.23081e-021
302.512  1.14054e-021
303.534  1.05209e-021
304.556  9.65637e-022
305.578  8.81352e-022
306.6  7.99426e-022
307.622  7.20055e-022
308.644  6.43446e-022
309.666  5.69817e-022
310.688  4.99392e-022
311.71  4.32411e-022
312.732  3.69122e-022
313.754  3.09786e-022
314.776  2.54673e-022
315.798  2.0407e-022
316.82  1.58273e-022
317.842  1.17593e-022
318.864  8.23533e-023
319.886  5.28918e-023
320.908  2.95604e-023
321.93  1.27255e-023
322.952  2.76694e-024
