1.022  1.13211e-019
2.044  1.11735e-019
3.066  1.10277e-019
4.088  1.08839e-019
5.11  1.07419e-019
6.132  1.06017e-019
7.154  1.04633e-019
8.176  1.03266e-019
9.198  1.01917e-019
10.22  1.00585e-019
11.242  9.92697e-020
12.264  9.79713e-020
13.286  9.66895e-020
14.308  9.54244e-020
15.33  9.41757e-020
16.352  9.29433e-020
17.374  9.17272e-020
18.396  9.05272e-020
19.418  8.93433e-020
20.44  8.81752e-020
21.462  8.70228e-020
22.484  8.5886e-020
23.506  8.47647e-020
24.528  8.36587e-020
25.55  8.25678e-020
26.572  8.14919e-020
27.594  8.04308e-020
28.616  7.93843e-020
29.638  7.83522e-020
30.66  7.73345e-020
31.682  7.63308e-020
32.704  7.5341e-020
33.726  7.4365e-020
34.748  7.34026e-020
35.77  7.24535e-020
36.792  7.15176e-020
37.814  7.05948e-020
38.836  6.96848e-020
39.858  6.87875e-020
40.88  6.79026e-020
41.902  6.70301e-020
42.924  6.61698e-020
43.946  6.53215e-020
44.968  6.44849e-020
45.99  6.36601e-020
47.012  6.28467e-020
48.034  6.20447e-020
49.056  6.12538e-020
50.078  6.0474e-020
51.1  5.9705e-020
52.122  5.89468e-020
53.144  5.81991e-020
54.166  5.74619e-020
55.188  5.67349e-020
56.21  5.6018e-020
57.232  5.53111e-020
58.254  5.46141e-020
59.276  5.39268e-020
60.298  5.32491e-020
61.32  5.25808e-020
62.342  5.19219e-020
63.364  5.12721e-020
64.386  5.06314e-020
65.408  4.99996e-020
66.43  4.93767e-020
67.452  4.87624e-020
68.474  4.81567e-020
69.496  4.75594e-020
70.518  4.69705e-020
71.54  4.63898e-020
72.562  4.58172e-020
73.584  4.52526e-020
74.606  4.46959e-020
75.628  4.4147e-020
76.65  4.36057e-020
77.672  4.30721e-020
78.694  4.25459e-020
79.716  4.2027e-020
80.738  4.15154e-020
81.76  4.1011e-020
82.782  4.05136e-020
83.804  4.00232e-020
84.826  3.95397e-020
85.848  3.9063e-020
86.87  3.85929e-020
87.892  3.81295e-020
88.914  3.76725e-020
89.936  3.7222e-020
90.958  3.67777e-020
91.98  3.63398e-020
93.002  3.5908e-020
94.024  3.54822e-020
95.046  3.50624e-020
96.068  3.46486e-020
97.09  3.42405e-020
98.112  3.38382e-020
99.134  3.34416e-020
100.156  3.30506e-020
101.178  3.2665e-020
102.2  3.22849e-020
103.222  3.19101e-020
104.244  3.15406e-020
105.266  3.11764e-020
106.288  3.08172e-020
107.31  3.04631e-020
108.332  3.0114e-020
109.354  2.97698e-020
110.376  2.94305e-020
111.398  2.90959e-020
112.42  2.87661e-020
113.442  2.84409e-020
114.464  2.81202e-020
115.486  2.78041e-020
116.508  2.74924e-020
117.53  2.71852e-020
118.552  2.68822e-020
119.574  2.65835e-020
120.596  2.62889e-020
121.618  2.59985e-020
122.64  2.57122e-020
123.662  2.54299e-020
124.684  2.51516e-020
125.706  2.48771e-020
126.728  2.46065e-020
127.75  2.43396e-020
128.772  2.40765e-020
129.794  2.3817e-020
130.816  2.35612e-020
131.838  2.33089e-020
132.86  2.30601e-020
133.882  2.28147e-020
134.904  2.25727e-020
135.926  2.23341e-020
136.948  2.20988e-020
137.97  2.18667e-020
138.992  2.16378e-020
140.014  2.1412e-020
141.036  2.11893e-020
142.058  2.09697e-020
143.08  2.0753e-020
144.102  2.05393e-020
145.124  2.03285e-020
146.146  2.01205e-020
147.168  1.99154e-020
148.19  1.9713e-020
149.212  1.95132e-020
150.234  1.93162e-020
151.256  1.91218e-020
152.278  1.89299e-020
153.3  1.87406e-020
154.322  1.85538e-020
155.344  1.83694e-020
156.366  1.81874e-020
157.388  1.80078e-020
158.41  1.78305e-020
159.432  1.76555e-020
160.454  1.74828e-020
161.476  1.73122e-020
162.498  1.71438e-020
163.52  1.69775e-020
164.542  1.68133e-020
165.564  1.66511e-020
166.586  1.6491e-020
167.608  1.63328e-020
168.63  1.61766e-020
169.652  1.60222e-020
170.674  1.58697e-020
171.696  1.5719e-020
172.718  1.55702e-020
173.74  1.5423e-020
174.762  1.52776e-020
175.784  1.51339e-020
176.806  1.49918e-020
177.828  1.48513e-020
178.85  1.47124e-020
179.872  1.45751e-020
180.894  1.44392e-020
181.916  1.43049e-020
182.938  1.4172e-020
183.96  1.40405e-020
184.982  1.39104e-020
186.004  1.37816e-020
187.026  1.36541e-020
188.048  1.3528e-020
189.07  1.34031e-020
190.092  1.32794e-020
191.114  1.31569e-020
192.136  1.30356e-020
193.158  1.29154e-020
194.18  1.27963e-020
195.202  1.26783e-020
196.224  1.25613e-020
197.246  1.24454e-020
198.268  1.23304e-020
199.29  1.22163e-020
200.312  1.21032e-020
201.334  1.1991e-020
202.356  1.18797e-020
203.378  1.17692e-020
204.4  1.16595e-020
205.422  1.15505e-020
206.444  1.14423e-020
207.466  1.13349e-020
208.488  1.12281e-020
209.51  1.1122e-020
210.532  1.10165e-020
211.554  1.09117e-020
212.576  1.08074e-020
213.598  1.07036e-020
214.62  1.06004e-020
215.642  1.04977e-020
216.664  1.03954e-020
217.686  1.02936e-020
218.708  1.01921e-020
219.73  1.00911e-020
220.752  9.99039e-021
221.774  9.89001e-021
222.796  9.78993e-021
223.818  9.69012e-021
224.84  9.59055e-021
225.862  9.49118e-021
226.884  9.392e-021
227.906  9.29298e-021
228.928  9.19408e-021
229.95  9.09529e-021
230.972  8.99657e-021
231.994  8.89789e-021
233.016  8.79923e-021
234.038  8.70057e-021
235.06  8.60187e-021
236.082  8.5031e-021
237.104  8.40425e-021
238.126  8.30529e-021
239.148  8.20619e-021
240.17  8.10692e-021
241.192  8.00745e-021
242.214  7.90778e-021
243.236  7.80786e-021
244.258  7.70767e-021
245.28  7.6072e-021
246.302  7.50641e-021
247.324  7.40529e-021
248.346  7.30381e-021
249.368  7.20195e-021
250.39  7.09969e-021
251.412  6.99701e-021
252.434  6.89389e-021
253.456  6.79031e-021
254.478  6.68626e-021
255.5  6.5817e-021
256.522  6.47664e-021
257.544  6.37106e-021
258.566  6.26493e-021
259.588  6.15826e-021
260.61  6.05102e-021
261.632  5.94321e-021
262.654  5.83481e-021
263.676  5.72584e-021
264.698  5.61627e-021
265.72  5.5061e-021
266.742  5.39534e-021
267.764  5.28398e-021
268.786  5.17203e-021
269.808  5.05949e-021
270.83  4.94637e-021
271.852  4.83268e-021
272.874  4.71843e-021
273.896  4.60364e-021
274.918  4.48833e-021
275.94  4.37251e-021
276.962  4.25622e-021
277.984  4.13948e-021
279.006  4.02232e-021
280.028  3.90477e-021
281.05  3.78689e-021
282.072  3.66871e-021
283.094  3.55028e-021
284.116  3.43165e-021
285.138  3.31288e-021
286.16  3.19403e-021
287.182  3.07518e-021
288.204  2.95639e-021
289.226  2.83775e-021
290.248  2.71933e-021
291.27  2.60124e-021
292.292  2.48357e-021
293.314  2.36643e-021
294.336  2.24992e-021
295.358  2.13418e-021
296.38  2.01932e-021
297.402  1.90548e-021
298.424  1.79281e-021
299.446  1.68146e-021
300.468  1.57159e-021
301.49  1.46338e-021
302.512  1.35701e-021
303.534  1.25267e-021
304.556  1.15057e-021
305.578  1.05091e-021
306.6  9.53929e-022
307.622  8.59862e-022
308.644  7.68959e-022
309.666  6.81486e-022
310.688  5.97719e-022
311.71  5.17951e-022
312.732  4.42486e-022
313.754  3.71648e-022
314.776  3.05771e-022
315.798  2.45209e-022
316.82  1.90331e-022
317.842  1.41524e-022
318.864  9.91922e-023
319.886  6.37578e-023
320.908  3.5662e-023
321.93  1.53645e-023
322.952  3.34346e-024
