1.022  1.31326e-019
2.044  1.31587e-019
3.066  1.31847e-019
4.088  1.32105e-019
5.11  1.32361e-019
6.132  1.32615e-019
7.154  1.32866e-019
8.176  1.33116e-019
9.198  1.33363e-019
10.22  1.33608e-019
11.242  1.3385e-019
12.264  1.3409e-019
13.286  1.34327e-019
14.308  1.34563e-019
15.33  1.34796e-019
16.352  1.35027e-019
17.374  1.35256e-019
18.396  1.35483e-019
19.418  1.35708e-019
20.44  1.35932e-019
21.462  1.36153e-019
22.484  1.36374e-019
23.506  1.36592e-019
24.528  1.36809e-019
25.55  1.37025e-019
26.572  1.37239e-019
27.594  1.37451e-019
28.616  1.37662e-019
29.638  1.37872e-019
30.66  1.38079e-019
31.682  1.38286e-019
32.704  1.38491e-019
33.726  1.38694e-019
34.748  1.38895e-019
35.77  1.39095e-019
36.792  1.39294e-019
37.814  1.3949e-019
38.836  1.39685e-019
39.858  1.39878e-019
40.88  1.40069e-019
41.902  1.40258e-019
42.924  1.40446e-019
43.946  1.40631e-019
44.968  1.40814e-019
45.99  1.40995e-019
47.012  1.41174e-019
48.034  1.41351e-019
49.056  1.41525e-019
50.078  1.41698e-019
51.1  1.41867e-019
52.122  1.42035e-019
53.144  1.422e-019
54.166  1.42362e-019
55.188  1.42522e-019
56.21  1.42679e-019
57.232  1.42833e-019
58.254  1.42985e-019
59.276  1.43134e-019
60.298  1.4328e-019
61.32  1.43423e-019
62.342  1.43563e-019
63.364  1.437e-019
64.386  1.43834e-019
65.408  1.43965e-019
66.43  1.44092e-019
67.452  1.44217e-019
68.474  1.44338e-019
69.496  1.44456e-019
70.518  1.4457e-019
71.54  1.44681e-019
72.562  1.44788e-019
73.584  1.44892e-019
74.606  1.44993e-019
75.628  1.45089e-019
76.65  1.45182e-019
77.672  1.45272e-019
78.694  1.45357e-019
79.716  1.45439e-019
80.738  1.45516e-019
81.76  1.4559e-019
82.782  1.4566e-019
83.804  1.45726e-019
84.826  1.45788e-019
85.848  1.45846e-019
86.87  1.45899e-019
87.892  1.45949e-019
88.914  1.45994e-019
89.936  1.46035e-019
90.958  1.46072e-019
91.98  1.46104e-019
93.002  1.46132e-019
94.024  1.46155e-019
95.046  1.46175e-019
96.068  1.46189e-019
97.09  1.46199e-019
98.112  1.46204e-019
99.134  1.46205e-019
100.156  1.46201e-019
101.178  1.46193e-019
102.2  1.46179e-019
103.222  1.46161e-019
104.244  1.46138e-019
105.266  1.46111e-019
106.288  1.46078e-019
107.31  1.4604e-019
108.332  1.45998e-019
109.354  1.4595e-019
110.376  1.45898e-019
111.398  1.4584e-019
112.42  1.45777e-019
113.442  1.4571e-019
114.464  1.45637e-019
115.486  1.45558e-019
116.508  1.45475e-019
117.53  1.45386e-019
118.552  1.45292e-019
119.574  1.45193e-019
120.596  1.45088e-019
121.618  1.44978e-019
122.64  1.44862e-019
123.662  1.44741e-019
124.684  1.44615e-019
125.706  1.44482e-019
126.728  1.44345e-019
127.75  1.44201e-019
128.772  1.44052e-019
129.794  1.43898e-019
130.816  1.43737e-019
131.838  1.43571e-019
132.86  1.43399e-019
133.882  1.43221e-019
134.904  1.43038e-019
135.926  1.42848e-019
136.948  1.42653e-019
137.97  1.42451e-019
138.992  1.42244e-019
140.014  1.4203e-019
141.036  1.41811e-019
142.058  1.41585e-019
143.08  1.41353e-019
144.102  1.41115e-019
145.124  1.40871e-019
146.146  1.4062e-019
147.168  1.40363e-019
148.19  1.401e-019
149.212  1.3983e-019
150.234  1.39554e-019
151.256  1.39272e-019
152.278  1.38983e-019
153.3  1.38687e-019
154.322  1.38385e-019
155.344  1.38076e-019
156.366  1.3776e-019
157.388  1.37438e-019
158.41  1.37109e-019
159.432  1.36773e-019
160.454  1.3643e-019
161.476  1.36081e-019
162.498  1.35724e-019
163.52  1.3536e-019
164.542  1.3499e-019
165.564  1.34612e-019
166.586  1.34227e-019
167.608  1.33834e-019
168.63  1.33435e-019
169.652  1.33028e-019
170.674  1.32614e-019
171.696  1.32192e-019
172.718  1.31763e-019
173.74  1.31327e-019
174.762  1.30883e-019
175.784  1.30431e-019
176.806  1.29971e-019
177.828  1.29504e-019
178.85  1.29029e-019
179.872  1.28546e-019
180.894  1.28055e-019
181.916  1.27557e-019
182.938  1.2705e-019
183.96  1.26535e-019
184.982  1.26012e-019
186.004  1.2548e-019
187.026  1.24941e-019
188.048  1.24393e-019
189.07  1.23837e-019
190.092  1.23272e-019
191.114  1.22699e-019
192.136  1.22117e-019
193.158  1.21526e-019
194.18  1.20927e-019
195.202  1.20319e-019
196.224  1.19702e-019
197.246  1.19077e-019
198.268  1.18442e-019
199.29  1.17799e-019
200.312  1.17146e-019
201.334  1.16484e-019
202.356  1.15813e-019
203.378  1.15133e-019
204.4  1.14443e-019
205.422  1.13744e-019
206.444  1.13036e-019
207.466  1.12318e-019
208.488  1.11591e-019
209.51  1.10854e-019
210.532  1.10108e-019
211.554  1.09351e-019
212.576  1.08585e-019
213.598  1.0781e-019
214.62  1.07024e-019
215.642  1.06229e-019
216.664  1.05423e-019
217.686  1.04608e-019
218.708  1.03782e-019
219.73  1.02947e-019
220.752  1.02102e-019
221.774  1.01246e-019
222.796  1.0038e-019
223.818  9.95046e-020
224.84  9.86186e-020
225.862  9.77224e-020
226.884  9.6816e-020
227.906  9.58994e-020
228.928  9.49725e-020
229.95  9.40355e-020
230.972  9.30882e-020
231.994  9.21307e-020
233.016  9.1163e-020
234.038  9.01851e-020
235.06  8.91971e-020
236.082  8.81989e-020
237.104  8.71907e-020
238.126  8.61724e-020
239.148  8.5144e-020
240.17  8.41058e-020
241.192  8.30576e-020
242.214  8.19996e-020
243.236  8.09319e-020
244.258  7.98546e-020
245.28  7.87676e-020
246.302  7.76712e-020
247.324  7.65655e-020
248.346  7.54505e-020
249.368  7.43265e-020
250.39  7.31934e-020
251.412  7.20516e-020
252.434  7.09012e-020
253.456  6.97423e-020
254.478  6.85751e-020
255.5  6.73999e-020
256.522  6.62168e-020
257.544  6.5026e-020
258.566  6.38279e-020
259.588  6.26227e-020
260.61  6.14105e-020
261.632  6.01918e-020
262.654  5.89668e-020
263.676  5.77358e-020
264.698  5.64992e-020
265.72  5.52574e-020
266.742  5.40106e-020
267.764  5.27593e-020
268.786  5.15038e-020
269.808  5.02447e-020
270.83  4.89824e-020
271.852  4.77173e-020
272.874  4.64498e-020
273.896  4.51807e-020
274.918  4.39103e-020
275.94  4.26392e-020
276.962  4.13681e-020
277.984  4.00974e-020
279.006  3.8828e-020
280.028  3.75603e-020
281.05  3.62952e-020
282.072  3.50333e-020
283.094  3.37755e-020
284.116  3.25224e-020
285.138  3.12748e-020
286.16  3.00337e-020
287.182  2.87999e-020
288.204  2.75743e-020
289.226  2.63578e-020
290.248  2.51515e-020
291.27  2.39564e-020
292.292  2.27734e-020
293.314  2.16037e-020
294.336  2.04485e-020
295.358  1.93088e-020
296.38  1.8186e-020
297.402  1.70812e-020
298.424  1.59958e-020
299.446  1.49311e-020
300.468  1.38885e-020
301.49  1.28695e-020
302.512  1.18755e-020
303.534  1.0908e-020
304.556  9.96876e-021
305.578  9.05929e-021
306.6  8.18132e-021
307.622  7.33659e-021
308.644  6.52691e-021
309.666  5.75413e-021
310.688  5.02019e-021
311.71  4.32706e-021
312.732  3.67678e-021
313.754  3.07146e-021
314.776  2.51327e-021
315.798  2.00443e-021
316.82  1.54725e-021
317.842  1.14409e-021
318.864  7.9739e-022
319.886  5.09654e-022
320.908  2.83454e-022
321.93  1.21427e-022
322.952  2.62724e-023
