1.022  1.60062e-020
2.044  1.63289e-020
3.066  1.66509e-020
4.088  1.69723e-020
5.11  1.72929e-020
6.132  1.76128e-020
7.154  1.79319e-020
8.176  1.82502e-020
9.198  1.85677e-020
10.22  1.88843e-020
11.242  1.92001e-020
12.264  1.95149e-020
13.286  1.98288e-020
14.308  2.01419e-020
15.33  2.0454e-020
16.352  2.07652e-020
17.374  2.10755e-020
18.396  2.13849e-020
19.418  2.16934e-020
20.44  2.20009e-020
21.462  2.23076e-020
22.484  2.26133e-020
23.506  2.29181e-020
24.528  2.3222e-020
25.55  2.35249e-020
26.572  2.38269e-020
27.594  2.41279e-020
28.616  2.44279e-020
29.638  2.4727e-020
30.66  2.50251e-020
31.682  2.53222e-020
32.704  2.56182e-020
33.726  2.59133e-020
34.748  2.62073e-020
35.77  2.65002e-020
36.792  2.67921e-020
37.814  2.70829e-020
38.836  2.73725e-020
39.858  2.7661e-020
40.88  2.79484e-020
41.902  2.82346e-020
42.924  2.85196e-020
43.946  2.88035e-020
44.968  2.90861e-020
45.99  2.93674e-020
47.012  2.96475e-020
48.034  2.99263e-020
49.056  3.02037e-020
50.078  3.04799e-020
51.1  3.07547e-020
52.122  3.10281e-020
53.144  3.13001e-020
54.166  3.15707e-020
55.188  3.18399e-020
56.21  3.21075e-020
57.232  3.23737e-020
58.254  3.26384e-020
59.276  3.29016e-020
60.298  3.31632e-020
61.32  3.34232e-020
62.342  3.36816e-020
63.364  3.39384e-020
64.386  3.41936e-020
65.408  3.44471e-020
66.43  3.46989e-020
67.452  3.49489e-020
68.474  3.51973e-020
69.496  3.54438e-020
70.518  3.56886e-020
71.54  3.59316e-020
72.562  3.61727e-020
73.584  3.6412e-020
74.606  3.66494e-020
75.628  3.6885e-020
76.65  3.71186e-020
77.672  3.73502e-020
78.694  3.75799e-020
79.716  3.78076e-020
80.738  3.80333e-020
81.76  3.82569e-020
82.782  3.84785e-020
83.804  3.8698e-020
84.826  3.89154e-020
85.848  3.91307e-020
86.87  3.93439e-020
87.892  3.95548e-020
88.914  3.97636e-020
89.936  3.99702e-020
90.958  4.01745e-020
91.98  4.03766e-020
93.002  4.05764e-020
94.024  4.07739e-020
95.046  4.09691e-020
96.068  4.11619e-020
97.09  4.13523e-020
98.112  4.15404e-020
99.134  4.17261e-020
100.156  4.19093e-020
101.178  4.20901e-020
102.2  4.22684e-020
103.222  4.24442e-020
104.244  4.26175e-020
105.266  4.27883e-020
106.288  4.29565e-020
107.31  4.31221e-020
108.332  4.32851e-020
109.354  4.34455e-020
110.376  4.36032e-020
111.398  4.37583e-020
112.42  4.39106e-020
113.442  4.40603e-020
114.464  4.42072e-020
115.486  4.43514e-020
116.508  4.44928e-020
117.53  4.46314e-020
118.552  4.47671e-020
119.574  4.49001e-020
120.596  4.50301e-020
121.618  4.51573e-020
122.64  4.52815e-020
123.662  4.54029e-020
124.684  4.55212e-020
125.706  4.56366e-020
126.728  4.5749e-020
127.75  4.58584e-020
128.772  4.59647e-020
129.794  4.60679e-020
130.816  4.61681e-020
131.838  4.62652e-020
132.86  4.63591e-020
133.882  4.64498e-020
134.904  4.65374e-020
135.926  4.66217e-020
136.948  4.67028e-020
137.97  4.67807e-020
138.992  4.68553e-020
140.014  4.69265e-020
141.036  4.69945e-020
142.058  4.70591e-020
143.08  4.71203e-020
144.102  4.71781e-020
145.124  4.72325e-020
146.146  4.72834e-020
147.168  4.73308e-020
148.19  4.73748e-020
149.212  4.74152e-020
150.234  4.7452e-020
151.256  4.74853e-020
152.278  4.75149e-020
153.3  4.75409e-020
154.322  4.75633e-020
155.344  4.75819e-020
156.366  4.75969e-020
157.388  4.76081e-020
158.41  4.76155e-020
159.432  4.76191e-020
160.454  4.76189e-020
161.476  4.76148e-020
162.498  4.76068e-020
163.52  4.75949e-020
164.542  4.75791e-020
165.564  4.75593e-020
166.586  4.75355e-020
167.608  4.75077e-020
168.63  4.74758e-020
169.652  4.74398e-020
170.674  4.73997e-020
171.696  4.73554e-020
172.718  4.73069e-020
173.74  4.72543e-020
174.762  4.71973e-020
175.784  4.71362e-020
176.806  4.70707e-020
177.828  4.70008e-020
178.85  4.69266e-020
179.872  4.6848e-020
180.894  4.6765e-020
181.916  4.66775e-020
182.938  4.65856e-020
183.96  4.6489e-020
184.982  4.6388e-020
186.004  4.62823e-020
187.026  4.61721e-020
188.048  4.60572e-020
189.07  4.59376e-020
190.092  4.58133e-020
191.114  4.56842e-020
192.136  4.55504e-020
193.158  4.54118e-020
194.18  4.52683e-020
195.202  4.512e-020
196.224  4.49668e-020
197.246  4.48087e-020
198.268  4.46456e-020
199.29  4.44775e-020
200.312  4.43045e-020
201.334  4.41264e-020
202.356  4.39432e-020
203.378  4.37549e-020
204.4  4.35615e-020
205.422  4.3363e-020
206.444  4.31593e-020
207.466  4.29504e-020
208.488  4.27363e-020
209.51  4.25169e-020
210.532  4.22923e-020
211.554  4.20623e-020
212.576  4.18271e-020
213.598  4.15866e-020
214.62  4.13407e-020
215.642  4.10894e-020
216.664  4.08328e-020
217.686  4.05707e-020
218.708  4.03033e-020
219.73  4.00304e-020
220.752  3.97521e-020
221.774  3.94684e-020
222.796  3.91792e-020
223.818  3.88845e-020
224.84  3.85844e-020
225.862  3.82788e-020
226.884  3.79678e-020
227.906  3.76513e-020
228.928  3.73293e-020
229.95  3.70019e-020
230.972  3.6669e-020
231.994  3.63307e-020
233.016  3.59869e-020
234.038  3.56377e-020
235.06  3.52832e-020
236.082  3.49232e-020
237.104  3.45579e-020
238.126  3.41873e-020
239.148  3.38113e-020
240.17  3.34301e-020
241.192  3.30437e-020
242.214  3.26521e-020
243.236  3.22553e-020
244.258  3.18534e-020
245.28  3.14464e-020
246.302  3.10345e-020
247.324  3.06176e-020
248.346  3.01958e-020
249.368  2.97692e-020
250.39  2.93379e-020
251.412  2.89019e-020
252.434  2.84613e-020
253.456  2.80162e-020
254.478  2.75668e-020
255.5  2.7113e-020
256.522  2.66549e-020
257.544  2.61928e-020
258.566  2.57267e-020
259.588  2.52568e-020
260.61  2.47831e-020
261.632  2.43058e-020
262.654  2.3825e-020
263.676  2.33409e-020
264.698  2.28537e-020
265.72  2.23634e-020
266.742  2.18703e-020
267.764  2.13746e-020
268.786  2.08764e-020
269.808  2.03759e-020
270.83  1.98733e-020
271.852  1.93689e-020
272.874  1.88628e-020
273.896  1.83553e-020
274.918  1.78467e-020
275.94  1.73371e-020
276.962  1.68269e-020
277.984  1.63162e-020
279.006  1.58055e-020
280.028  1.52949e-020
281.05  1.47848e-020
282.072  1.42755e-020
283.094  1.37674e-020
284.116  1.32607e-020
285.138  1.27558e-020
286.16  1.22531e-020
287.182  1.17529e-020
288.204  1.12557e-020
289.226  1.07619e-020
290.248  1.02718e-020
291.27  9.78594e-021
292.292  9.30475e-021
293.314  8.82869e-021
294.336  8.35824e-021
295.358  7.8939e-021
296.38  7.43618e-021
297.402  6.98562e-021
298.424  6.54277e-021
299.446  6.10819e-021
300.468  5.68248e-021
301.49  5.26623e-021
302.512  4.86007e-021
303.534  4.46465e-021
304.556  4.08064e-021
305.578  3.70871e-021
306.6  3.34957e-021
307.622  3.00396e-021
308.644  2.67263e-021
309.666  2.35634e-021
310.688  2.0559e-021
311.71  1.77213e-021
312.732  1.50587e-021
313.754  1.25799e-021
314.776  1.02939e-021
315.798  8.20996e-022
316.82  6.33745e-022
317.842  4.68615e-022
318.864  3.26607e-022
319.886  2.0875e-022
320.908  1.16098e-022
321.93  4.97336e-023
322.952  1.07602e-023
