1.022  1.35302e-020
2.044  1.38342e-020
3.066  1.41378e-020
4.088  1.4441e-020
5.11  1.47438e-020
6.132  1.5046e-020
7.154  1.53478e-020
8.176  1.5649e-020
9.198  1.59496e-020
10.22  1.62496e-020
11.242  1.6549e-020
12.264  1.68478e-020
13.286  1.71459e-020
14.308  1.74434e-020
15.33  1.77402e-020
16.352  1.80363e-020
17.374  1.83318e-020
18.396  1.86265e-020
19.418  1.89206e-020
20.44  1.9214e-020
21.462  1.95067e-020
22.484  1.97987e-020
23.506  2.009e-020
24.528  2.03805e-020
25.55  2.06704e-020
26.572  2.09594e-020
27.594  2.12478e-020
28.616  2.15353e-020
29.638  2.18221e-020
30.66  2.21081e-020
31.682  2.23933e-020
32.704  2.26776e-020
33.726  2.29611e-020
34.748  2.32438e-020
35.77  2.35256e-020
36.792  2.38065e-020
37.814  2.40865e-020
38.836  2.43656e-020
39.858  2.46437e-020
40.88  2.49208e-020
41.902  2.5197e-020
42.924  2.54721e-020
43.946  2.57463e-020
44.968  2.60193e-020
45.99  2.62913e-020
47.012  2.65623e-020
48.034  2.68321e-020
49.056  2.71007e-020
50.078  2.73682e-020
51.1  2.76346e-020
52.122  2.78997e-020
53.144  2.81636e-020
54.166  2.84263e-020
55.188  2.86876e-020
56.21  2.89477e-020
57.232  2.92065e-020
58.254  2.9464e-020
59.276  2.972e-020
60.298  2.99747e-020
61.32  3.0228e-020
62.342  3.04798e-020
63.364  3.07302e-020
64.386  3.09792e-020
65.408  3.12266e-020
66.43  3.14725e-020
67.452  3.17168e-020
68.474  3.19596e-020
69.496  3.22007e-020
70.518  3.24403e-020
71.54  3.26782e-020
72.562  3.29145e-020
73.584  3.3149e-020
74.606  3.33819e-020
75.628  3.3613e-020
76.65  3.38423e-020
77.672  3.40699e-020
78.694  3.42957e-020
79.716  3.45197e-020
80.738  3.47418e-020
81.76  3.4962e-020
82.782  3.51804e-020
83.804  3.53968e-020
84.826  3.56113e-020
85.848  3.58238e-020
86.87  3.60344e-020
87.892  3.62429e-020
88.914  3.64494e-020
89.936  3.66539e-020
90.958  3.68563e-020
91.98  3.70566e-020
93.002  3.72548e-020
94.024  3.74508e-020
95.046  3.76447e-020
96.068  3.78364e-020
97.09  3.80259e-020
98.112  3.82132e-020
99.134  3.83982e-020
100.156  3.8581e-020
101.178  3.87614e-020
102.2  3.89396e-020
103.222  3.91154e-020
104.244  3.92888e-020
105.266  3.94599e-020
106.288  3.96286e-020
107.31  3.97948e-020
108.332  3.99586e-020
109.354  4.012e-020
110.376  4.02788e-020
111.398  4.04351e-020
112.42  4.0589e-020
113.442  4.07402e-020
114.464  4.08889e-020
115.486  4.1035e-020
116.508  4.11784e-020
117.53  4.13192e-020
118.552  4.14574e-020
119.574  4.15928e-020
120.596  4.17256e-020
121.618  4.18556e-020
122.64  4.19829e-020
123.662  4.21074e-020
124.684  4.22291e-020
125.706  4.2348e-020
126.728  4.2464e-020
127.75  4.25772e-020
128.772  4.26874e-020
129.794  4.27948e-020
130.816  4.28992e-020
131.838  4.30007e-020
132.86  4.30992e-020
133.882  4.31947e-020
134.904  4.32872e-020
135.926  4.33766e-020
136.948  4.34629e-020
137.97  4.35461e-020
138.992  4.36262e-020
140.014  4.37032e-020
141.036  4.3777e-020
142.058  4.38476e-020
143.08  4.3915e-020
144.102  4.39791e-020
145.124  4.40399e-020
146.146  4.40975e-020
147.168  4.41517e-020
148.19  4.42026e-020
149.212  4.42501e-020
150.234  4.42942e-020
151.256  4.43349e-020
152.278  4.43721e-020
153.3  4.44059e-020
154.322  4.44361e-020
155.344  4.44629e-020
156.366  4.4486e-020
157.388  4.45056e-020
158.41  4.45215e-020
159.432  4.45339e-020
160.454  4.45425e-020
161.476  4.45475e-020
162.498  4.45487e-020
163.52  4.45462e-020
164.542  4.45398e-020
165.564  4.45297e-020
166.586  4.45158e-020
167.608  4.44979e-020
168.63  4.44762e-020
169.652  4.44506e-020
170.674  4.4421e-020
171.696  4.43874e-020
172.718  4.43497e-020
173.74  4.43081e-020
174.762  4.42624e-020
175.784  4.42125e-020
176.806  4.41586e-020
177.828  4.41004e-020
178.85  4.40381e-020
179.872  4.39715e-020
180.894  4.39007e-020
181.916  4.38256e-020
182.938  4.37462e-020
183.96  4.36624e-020
184.982  4.35743e-020
186.004  4.34817e-020
187.026  4.33847e-020
188.048  4.32832e-020
189.07  4.31773e-020
190.092  4.30668e-020
191.114  4.29517e-020
192.136  4.28321e-020
193.158  4.27078e-020
194.18  4.25789e-020
195.202  4.24453e-020
196.224  4.2307e-020
197.246  4.2164e-020
198.268  4.20162e-020
199.29  4.18636e-020
200.312  4.17062e-020
201.334  4.15439e-020
202.356  4.13768e-020
203.378  4.12047e-020
204.4  4.10278e-020
205.422  4.08459e-020
206.444  4.0659e-020
207.466  4.04671e-020
208.488  4.02702e-020
209.51  4.00682e-020
210.532  3.98612e-020
211.554  3.96491e-020
212.576  3.94319e-020
213.598  3.92096e-020
214.62  3.89821e-020
215.642  3.87494e-020
216.664  3.85116e-020
217.686  3.82686e-020
218.708  3.80204e-020
219.73  3.77669e-020
220.752  3.75083e-020
221.774  3.72443e-020
222.796  3.69752e-020
223.818  3.67008e-020
224.84  3.64211e-020
225.862  3.61362e-020
226.884  3.5846e-020
227.906  3.55506e-020
228.928  3.52498e-020
229.95  3.49439e-020
230.972  3.46327e-020
231.994  3.43162e-020
233.016  3.39946e-020
234.038  3.36677e-020
235.06  3.33356e-020
236.082  3.29984e-020
237.104  3.26559e-020
238.126  3.23084e-020
239.148  3.19558e-020
240.17  3.1598e-020
241.192  3.12353e-020
242.214  3.08675e-020
243.236  3.04948e-020
244.258  3.01172e-020
245.28  2.97347e-020
246.302  2.93473e-020
247.324  2.89553e-020
248.346  2.85585e-020
249.368  2.8157e-020
250.39  2.7751e-020
251.412  2.73405e-020
252.434  2.69256e-020
253.456  2.65063e-020
254.478  2.60828e-020
255.5  2.56552e-020
256.522  2.52234e-020
257.544  2.47877e-020
258.566  2.43482e-020
259.588  2.39049e-020
260.61  2.3458e-020
261.632  2.30076e-020
262.654  2.25539e-020
263.676  2.20969e-020
264.698  2.16369e-020
265.72  2.1174e-020
266.742  2.07083e-020
267.764  2.024e-020
268.786  1.97694e-020
269.808  1.92965e-020
270.83  1.88216e-020
271.852  1.83448e-020
272.874  1.78664e-020
273.896  1.73867e-020
274.918  1.69057e-020
275.94  1.64238e-020
276.962  1.59413e-020
277.984  1.54583e-020
279.006  1.49751e-020
280.028  1.44921e-020
281.05  1.40094e-020
282.072  1.35275e-020
283.094  1.30465e-020
284.116  1.25669e-020
285.138  1.2089e-020
286.16  1.16131e-020
287.182  1.11395e-020
288.204  1.06688e-020
289.226  1.02011e-020
290.248  9.73699e-021
291.27  9.27682e-021
292.292  8.82103e-021
293.314  8.37006e-021
294.336  7.92437e-021
295.358  7.48444e-021
296.38  7.05074e-021
297.402  6.6238e-021
298.424  6.20412e-021
299.446  5.79226e-021
300.468  5.38877e-021
301.49  4.99423e-021
302.512  4.60922e-021
303.534  4.23437e-021
304.556  3.8703e-021
305.578  3.51767e-021
306.6  3.17715e-021
307.622  2.84943e-021
308.644  2.53523e-021
309.666  2.23529e-021
310.688  1.95035e-021
311.71  1.6812e-021
312.732  1.42866e-021
313.754  1.19353e-021
314.776  9.76679e-022
315.798  7.78979e-022
316.82  6.01331e-022
317.842  4.44662e-022
318.864  3.09923e-022
319.886  1.98093e-022
320.908  1.10175e-022
321.93  4.71977e-023
322.952  1.02119e-023
