1.022  5.43459e-021
2.044  5.524e-021
3.066  5.61518e-021
4.088  5.70808e-021
5.11  5.80267e-021
6.132  5.89891e-021
7.154  5.99675e-021
8.176  6.09616e-021
9.198  6.19709e-021
10.22  6.29951e-021
11.242  6.40339e-021
12.264  6.50868e-021
13.286  6.61537e-021
14.308  6.72342e-021
15.33  6.8328e-021
16.352  6.94348e-021
17.374  7.05543e-021
18.396  7.16863e-021
19.418  7.28305e-021
20.44  7.39866e-021
21.462  7.51544e-021
22.484  7.63334e-021
23.506  7.75236e-021
24.528  7.87245e-021
25.55  7.99359e-021
26.572  8.11576e-021
27.594  8.23892e-021
28.616  8.36305e-021
29.638  8.48811e-021
30.66  8.61408e-021
31.682  8.74093e-021
32.704  8.86864e-021
33.726  8.99716e-021
34.748  9.12648e-021
35.77  9.25657e-021
36.792  9.38739e-021
37.814  9.51892e-021
38.836  9.65113e-021
39.858  9.78399e-021
40.88  9.91747e-021
41.902  1.00515e-020
42.924  1.01862e-020
43.946  1.03214e-020
44.968  1.0457e-020
45.99  1.05932e-020
47.012  1.07298e-020
48.034  1.08669e-020
49.056  1.10043e-020
50.078  1.11421e-020
51.1  1.12803e-020
52.122  1.14187e-020
53.144  1.15575e-020
54.166  1.16965e-020
55.188  1.18357e-020
56.21  1.19751e-020
57.232  1.21148e-020
58.254  1.22545e-020
59.276  1.23944e-020
60.298  1.25344e-020
61.32  1.26744e-020
62.342  1.28145e-020
63.364  1.29547e-020
64.386  1.30948e-020
65.408  1.32348e-020
66.43  1.33748e-020
67.452  1.35148e-020
68.474  1.36546e-020
69.496  1.37943e-020
70.518  1.39338e-020
71.54  1.40731e-020
72.562  1.42122e-020
73.584  1.43511e-020
74.606  1.44897e-020
75.628  1.46281e-020
76.65  1.47661e-020
77.672  1.49038e-020
78.694  1.50411e-020
79.716  1.5178e-020
80.738  1.53146e-020
81.76  1.54507e-020
82.782  1.55863e-020
83.804  1.57215e-020
84.826  1.58562e-020
85.848  1.59903e-020
86.87  1.61239e-020
87.892  1.62569e-020
88.914  1.63894e-020
89.936  1.65212e-020
90.958  1.66523e-020
91.98  1.67828e-020
93.002  1.69127e-020
94.024  1.70418e-020
95.046  1.71702e-020
96.068  1.72978e-020
97.09  1.74246e-020
98.112  1.75507e-020
99.134  1.76759e-020
100.156  1.78003e-020
101.178  1.79239e-020
102.2  1.80465e-020
103.222  1.81683e-020
104.244  1.82891e-020
105.266  1.84089e-020
106.288  1.85278e-020
107.31  1.86457e-020
108.332  1.87626e-020
109.354  1.88784e-020
110.376  1.89932e-020
111.398  1.91069e-020
112.42  1.92195e-020
113.442  1.9331e-020
114.464  1.94413e-020
115.486  1.95505e-020
116.508  1.96585e-020
117.53  1.97653e-020
118.552  1.98708e-020
119.574  1.99751e-020
120.596  2.00782e-020
121.618  2.01799e-020
122.64  2.02804e-020
123.662  2.03795e-020
124.684  2.04772e-020
125.706  2.05736e-020
126.728  2.06685e-020
127.75  2.07621e-020
128.772  2.08542e-020
129.794  2.09449e-020
130.816  2.1034e-020
131.838  2.11217e-020
132.86  2.12079e-020
133.882  2.12925e-020
134.904  2.13755e-020
135.926  2.1457e-020
136.948  2.15368e-020
137.97  2.1615e-020
138.992  2.16916e-020
140.014  2.17665e-020
141.036  2.18397e-020
142.058  2.19112e-020
143.08  2.1981e-020
144.102  2.2049e-020
145.124  2.21152e-020
146.146  2.21796e-020
147.168  2.22422e-020
148.19  2.2303e-020
149.212  2.23619e-020
150.234  2.24189e-020
151.256  2.2474e-020
152.278  2.25272e-020
153.3  2.25784e-020
154.322  2.26276e-020
155.344  2.26749e-020
156.366  2.27201e-020
157.388  2.27633e-020
158.41  2.28045e-020
159.432  2.28435e-020
160.454  2.28805e-020
161.476  2.29153e-020
162.498  2.2948e-020
163.52  2.29785e-020
164.542  2.30068e-020
165.564  2.30329e-020
166.586  2.30568e-020
167.608  2.30784e-020
168.63  2.30977e-020
169.652  2.31147e-020
170.674  2.31294e-020
171.696  2.31418e-020
172.718  2.31517e-020
173.74  2.31593e-020
174.762  2.31645e-020
175.784  2.31672e-020
176.806  2.31675e-020
177.828  2.31652e-020
178.85  2.31605e-020
179.872  2.31533e-020
180.894  2.31435e-020
181.916  2.31311e-020
182.938  2.31161e-020
183.96  2.30985e-020
184.982  2.30783e-020
186.004  2.30554e-020
187.026  2.30299e-020
188.048  2.30016e-020
189.07  2.29706e-020
190.092  2.29369e-020
191.114  2.29004e-020
192.136  2.28611e-020
193.158  2.2819e-020
194.18  2.27741e-020
195.202  2.27263e-020
196.224  2.26757e-020
197.246  2.26222e-020
198.268  2.25657e-020
199.29  2.25064e-020
200.312  2.2444e-020
201.334  2.23788e-020
202.356  2.23105e-020
203.378  2.22392e-020
204.4  2.21649e-020
205.422  2.20876e-020
206.444  2.20072e-020
207.466  2.19238e-020
208.488  2.18372e-020
209.51  2.17476e-020
210.532  2.16548e-020
211.554  2.15589e-020
212.576  2.14599e-020
213.598  2.13577e-020
214.62  2.12523e-020
215.642  2.11437e-020
216.664  2.10319e-020
217.686  2.0917e-020
218.708  2.07988e-020
219.73  2.06773e-020
220.752  2.05527e-020
221.774  2.04248e-020
222.796  2.02936e-020
223.818  2.01592e-020
224.84  2.00215e-020
225.862  1.98806e-020
226.884  1.97364e-020
227.906  1.95889e-020
228.928  1.94381e-020
229.95  1.92841e-020
230.972  1.91268e-020
231.994  1.89663e-020
233.016  1.88025e-020
234.038  1.86354e-020
235.06  1.84651e-020
236.082  1.82916e-020
237.104  1.81148e-020
238.126  1.79348e-020
239.148  1.77516e-020
240.17  1.75652e-020
241.192  1.73757e-020
242.214  1.7183e-020
243.236  1.69872e-020
244.258  1.67883e-020
245.28  1.65863e-020
246.302  1.63813e-020
247.324  1.61732e-020
248.346  1.59622e-020
249.368  1.57482e-020
250.39  1.55313e-020
251.412  1.53115e-020
252.434  1.50888e-020
253.456  1.48634e-020
254.478  1.46353e-020
255.5  1.44045e-020
256.522  1.4171e-020
257.544  1.3935e-020
258.566  1.36964e-020
259.588  1.34554e-020
260.61  1.3212e-020
261.632  1.29663e-020
262.654  1.27184e-020
263.676  1.24683e-020
264.698  1.22161e-020
265.72  1.1962e-020
266.742  1.17059e-020
267.764  1.14481e-020
268.786  1.11885e-020
269.808  1.09274e-020
270.83  1.06648e-020
271.852  1.04008e-020
272.874  1.01355e-020
273.896  9.86914e-021
274.918  9.60176e-021
275.94  9.33352e-021
276.962  9.06456e-021
277.984  8.79503e-021
279.006  8.52507e-021
280.028  8.25486e-021
281.05  7.98455e-021
282.072  7.71433e-021
283.094  7.44435e-021
284.116  7.17483e-021
285.138  6.90594e-021
286.16  6.63788e-021
287.182  6.37088e-021
288.204  6.10514e-021
289.226  5.84088e-021
290.248  5.57834e-021
291.27  5.31777e-021
292.292  5.0594e-021
293.314  4.80351e-021
294.336  4.55035e-021
295.358  4.30021e-021
296.38  4.05336e-021
297.402  3.81012e-021
298.424  3.57078e-021
299.446  3.33567e-021
300.468  3.1051e-021
301.49  2.87943e-021
302.512  2.65901e-021
303.534  2.44419e-021
304.556  2.23534e-021
305.578  2.03287e-021
306.6  1.83716e-021
307.622  1.64863e-021
308.644  1.46771e-021
309.666  1.29483e-021
310.688  1.13045e-021
311.71  9.75031e-022
312.732  8.29059e-022
313.754  6.9303e-022
314.776  5.67457e-022
315.798  4.52866e-022
316.82  3.49801e-022
317.842  2.58823e-022
318.864  1.80507e-022
319.886  1.15445e-022
320.908  6.42477e-023
321.93  2.75401e-023
322.952  5.96239e-024
