1.022  2.03623e-019
2.044  2.03901e-019
3.066  2.04177e-019
4.088  2.04452e-019
5.11  2.04724e-019
6.132  2.04995e-019
7.154  2.05263e-019
8.176  2.05528e-019
9.198  2.05791e-019
10.22  2.06051e-019
11.242  2.06308e-019
12.264  2.06563e-019
13.286  2.06814e-019
14.308  2.07064e-019
15.33  2.0731e-019
16.352  2.07555e-019
17.374  2.07797e-019
18.396  2.08037e-019
19.418  2.08275e-019
20.44  2.08512e-019
21.462  2.08746e-019
22.484  2.08979e-019
23.506  2.0921e-019
24.528  2.0944e-019
25.55  2.09668e-019
26.572  2.09894e-019
27.594  2.10119e-019
28.616  2.10342e-019
29.638  2.10564e-019
30.66  2.10784e-019
31.682  2.11002e-019
32.704  2.11219e-019
33.726  2.11434e-019
34.748  2.11647e-019
35.77  2.11858e-019
36.792  2.12067e-019
37.814  2.12274e-019
38.836  2.1248e-019
39.858  2.12683e-019
40.88  2.12883e-019
41.902  2.13082e-019
42.924  2.13278e-019
43.946  2.13471e-019
44.968  2.13662e-019
45.99  2.13851e-019
47.012  2.14036e-019
48.034  2.14219e-019
49.056  2.14399e-019
50.078  2.14576e-019
51.1  2.14749e-019
52.122  2.1492e-019
53.144  2.15087e-019
54.166  2.15251e-019
55.188  2.15411e-019
56.21  2.15568e-019
57.232  2.15721e-019
58.254  2.1587e-019
59.276  2.16016e-019
60.298  2.16157e-019
61.32  2.16295e-019
62.342  2.16429e-019
63.364  2.16558e-019
64.386  2.16683e-019
65.408  2.16803e-019
66.43  2.1692e-019
67.452  2.17031e-019
68.474  2.17138e-019
69.496  2.17241e-019
70.518  2.17338e-019
71.54  2.17431e-019
72.562  2.17519e-019
73.584  2.17602e-019
74.606  2.17679e-019
75.628  2.17752e-019
76.65  2.17819e-019
77.672  2.17881e-019
78.694  2.17937e-019
79.716  2.17988e-019
80.738  2.18034e-019
81.76  2.18074e-019
82.782  2.18108e-019
83.804  2.18136e-019
84.826  2.18159e-019
85.848  2.18176e-019
86.87  2.18186e-019
87.892  2.18191e-019
88.914  2.18189e-019
89.936  2.18182e-019
90.958  2.18168e-019
91.98  2.18147e-019
93.002  2.18121e-019
94.024  2.18088e-019
95.046  2.18048e-019
96.068  2.18002e-019
97.09  2.17949e-019
98.112  2.1789e-019
99.134  2.17824e-019
100.156  2.1775e-019
101.178  2.17671e-019
102.2  2.17584e-019
103.222  2.1749e-019
104.244  2.17389e-019
105.266  2.17281e-019
106.288  2.17166e-019
107.31  2.17043e-019
108.332  2.16914e-019
109.354  2.16777e-019
110.376  2.16632e-019
111.398  2.1648e-019
112.42  2.16321e-019
113.442  2.16154e-019
114.464  2.1598e-019
115.486  2.15798e-019
116.508  2.15608e-019
117.53  2.1541e-019
118.552  2.15204e-019
119.574  2.14991e-019
120.596  2.1477e-019
121.618  2.14541e-019
122.64  2.14303e-019
123.662  2.14058e-019
124.684  2.13804e-019
125.706  2.13543e-019
126.728  2.13273e-019
127.75  2.12994e-019
128.772  2.12708e-019
129.794  2.12413e-019
130.816  2.12109e-019
131.838  2.11797e-019
132.86  2.11477e-019
133.882  2.11148e-019
134.904  2.1081e-019
135.926  2.10464e-019
136.948  2.10108e-019
137.97  2.09744e-019
138.992  2.09372e-019
140.014  2.0899e-019
141.036  2.08599e-019
142.058  2.08199e-019
143.08  2.0779e-019
144.102  2.07372e-019
145.124  2.06945e-019
146.146  2.06509e-019
147.168  2.06063e-019
148.19  2.05608e-019
149.212  2.05143e-019
150.234  2.04669e-019
151.256  2.04186e-019
152.278  2.03693e-019
153.3  2.0319e-019
154.322  2.02678e-019
155.344  2.02156e-019
156.366  2.01624e-019
157.388  2.01082e-019
158.41  2.00531e-019
159.432  1.99969e-019
160.454  1.99397e-019
161.476  1.98816e-019
162.498  1.98224e-019
163.52  1.97621e-019
164.542  1.97009e-019
165.564  1.96386e-019
166.586  1.95753e-019
167.608  1.95109e-019
168.63  1.94455e-019
169.652  1.9379e-019
170.674  1.93115e-019
171.696  1.92428e-019
172.718  1.91731e-019
173.74  1.91023e-019
174.762  1.90305e-019
175.784  1.89575e-019
176.806  1.88834e-019
177.828  1.88082e-019
178.85  1.87319e-019
179.872  1.86544e-019
180.894  1.85758e-019
181.916  1.84961e-019
182.938  1.84152e-019
183.96  1.83332e-019
184.982  1.825e-019
186.004  1.81656e-019
187.026  1.80801e-019
188.048  1.79934e-019
189.07  1.79055e-019
190.092  1.78164e-019
191.114  1.77261e-019
192.136  1.76346e-019
193.158  1.75418e-019
194.18  1.74479e-019
195.202  1.73527e-019
196.224  1.72563e-019
197.246  1.71586e-019
198.268  1.70597e-019
199.29  1.69595e-019
200.312  1.68581e-019
201.334  1.67553e-019
202.356  1.66514e-019
203.378  1.65461e-019
204.4  1.64395e-019
205.422  1.63317e-019
206.444  1.62226e-019
207.466  1.61121e-019
208.488  1.60004e-019
209.51  1.58873e-019
210.532  1.57729e-019
211.554  1.56572e-019
212.576  1.55402e-019
213.598  1.54218e-019
214.62  1.53021e-019
215.642  1.5181e-019
216.664  1.50587e-019
217.686  1.49349e-019
218.708  1.48098e-019
219.73  1.46834e-019
220.752  1.45556e-019
221.774  1.44265e-019
222.796  1.4296e-019
223.818  1.41642e-019
224.84  1.4031e-019
225.862  1.38965e-019
226.884  1.37606e-019
227.906  1.36234e-019
228.928  1.34848e-019
229.95  1.33449e-019
230.972  1.32036e-019
231.994  1.3061e-019
233.016  1.29171e-019
234.038  1.27718e-019
235.06  1.26252e-019
236.082  1.24774e-019
237.104  1.23282e-019
238.126  1.21777e-019
239.148  1.2026e-019
240.17  1.18729e-019
241.192  1.17187e-019
242.214  1.15631e-019
243.236  1.14064e-019
244.258  1.12484e-019
245.28  1.10892e-019
246.302  1.09289e-019
247.324  1.07674e-019
248.346  1.06047e-019
249.368  1.04409e-019
250.39  1.02761e-019
251.412  1.01101e-019
252.434  9.94314e-020
253.456  9.77514e-020
254.478  9.60614e-020
255.5  9.43618e-020
256.522  9.2653e-020
257.544  9.09353e-020
258.566  8.92091e-020
259.588  8.74747e-020
260.61  8.57325e-020
261.632  8.3983e-020
262.654  8.22265e-020
263.676  8.04637e-020
264.698  7.86949e-020
265.72  7.69207e-020
266.742  7.51416e-020
267.764  7.33581e-020
268.786  7.15709e-020
269.808  6.97805e-020
270.83  6.79876e-020
271.852  6.61929e-020
272.874  6.43971e-020
273.896  6.26008e-020
274.918  6.08048e-020
275.94  5.901e-020
276.962  5.7217e-020
277.984  5.54269e-020
279.006  5.36404e-020
280.028  5.18585e-020
281.05  5.00821e-020
282.072  4.83123e-020
283.094  4.655e-020
284.116  4.47963e-020
285.138  4.30523e-020
286.16  4.13192e-020
287.182  3.95982e-020
288.204  3.78905e-020
289.226  3.61973e-020
290.248  3.45201e-020
291.27  3.28601e-020
292.292  3.12188e-020
293.314  2.95977e-020
294.336  2.79982e-020
295.358  2.6422e-020
296.38  2.48706e-020
297.402  2.33458e-020
298.424  2.18492e-020
299.446  2.03827e-020
300.468  1.89481e-020
301.49  1.75473e-020
302.512  1.61823e-020
303.534  1.48552e-020
304.556  1.35679e-020
305.578  1.23227e-020
306.6  1.11218e-020
307.622  9.9675e-021
308.644  8.86217e-021
309.666  7.80824e-021
310.688  6.80824e-021
311.71  5.86473e-021
312.732  4.9804e-021
313.754  4.15798e-021
314.776  3.4003e-021
315.798  2.71026e-021
316.82  2.09084e-021
317.842  1.54513e-021
318.864  1.07626e-021
319.886  6.87488e-022
320.908  3.82133e-022
321.93  1.63603e-022
322.952  3.53768e-023
