1.022  4.72833e-020
2.044  4.77942e-020
3.066  4.83029e-020
4.088  4.88093e-020
5.11  4.93135e-020
6.132  4.98153e-020
7.154  5.03146e-020
8.176  5.08115e-020
9.198  5.13058e-020
10.22  5.17976e-020
11.242  5.22867e-020
12.264  5.27733e-020
13.286  5.32574e-020
14.308  5.37388e-020
15.33  5.42178e-020
16.352  5.46942e-020
17.374  5.51682e-020
18.396  5.56397e-020
19.418  5.61087e-020
20.44  5.65754e-020
21.462  5.70396e-020
22.484  5.75015e-020
23.506  5.7961e-020
24.528  5.84182e-020
25.55  5.8873e-020
26.572  5.93254e-020
27.594  5.97755e-020
28.616  6.02232e-020
29.638  6.06686e-020
30.66  6.11115e-020
31.682  6.15521e-020
32.704  6.19903e-020
33.726  6.24261e-020
34.748  6.28594e-020
35.77  6.32903e-020
36.792  6.37187e-020
37.814  6.41445e-020
38.836  6.45679e-020
39.858  6.49887e-020
40.88  6.5407e-020
41.902  6.58226e-020
42.924  6.62356e-020
43.946  6.66459e-020
44.968  6.70536e-020
45.99  6.74585e-020
47.012  6.78607e-020
48.034  6.826e-020
49.056  6.86566e-020
50.078  6.90503e-020
51.1  6.94411e-020
52.122  6.9829e-020
53.144  7.0214e-020
54.166  7.0596e-020
55.188  7.09749e-020
56.21  7.13508e-020
57.232  7.17236e-020
58.254  7.20933e-020
59.276  7.24598e-020
60.298  7.28231e-020
61.32  7.31832e-020
62.342  7.354e-020
63.364  7.38936e-020
64.386  7.42438e-020
65.408  7.45906e-020
66.43  7.4934e-020
67.452  7.5274e-020
68.474  7.56105e-020
69.496  7.59434e-020
70.518  7.62729e-020
71.54  7.65987e-020
72.562  7.6921e-020
73.584  7.72396e-020
74.606  7.75545e-020
75.628  7.78656e-020
76.65  7.81731e-020
77.672  7.84767e-020
78.694  7.87765e-020
79.716  7.90725e-020
80.738  7.93645e-020
81.76  7.96527e-020
82.782  7.99368e-020
83.804  8.0217e-020
84.826  8.04932e-020
85.848  8.07653e-020
86.87  8.10333e-020
87.892  8.12971e-020
88.914  8.15569e-020
89.936  8.18124e-020
90.958  8.20637e-020
91.98  8.23107e-020
93.002  8.25534e-020
94.024  8.27919e-020
95.046  8.30259e-020
96.068  8.32556e-020
97.09  8.34808e-020
98.112  8.37016e-020
99.134  8.3918e-020
100.156  8.41297e-020
101.178  8.4337e-020
102.2  8.45397e-020
103.222  8.47377e-020
104.244  8.49311e-020
105.266  8.51199e-020
106.288  8.53039e-020
107.31  8.54832e-020
108.332  8.56577e-020
109.354  8.58274e-020
110.376  8.59923e-020
111.398  8.61523e-020
112.42  8.63074e-020
113.442  8.64576e-020
114.464  8.66029e-020
115.486  8.67431e-020
116.508  8.68784e-020
117.53  8.70085e-020
118.552  8.71336e-020
119.574  8.72536e-020
120.596  8.73684e-020
121.618  8.74781e-020
122.64  8.75826e-020
123.662  8.76818e-020
124.684  8.77757e-020
125.706  8.78643e-020
126.728  8.79476e-020
127.75  8.80256e-020
128.772  8.80981e-020
129.794  8.81652e-020
130.816  8.82268e-020
131.838  8.8283e-020
132.86  8.83336e-020
133.882  8.83787e-020
134.904  8.84181e-020
135.926  8.8452e-020
136.948  8.84801e-020
137.97  8.85026e-020
138.992  8.85194e-020
140.014  8.85304e-020
141.036  8.85356e-020
142.058  8.8535e-020
143.08  8.85285e-020
144.102  8.85162e-020
145.124  8.84979e-020
146.146  8.84737e-020
147.168  8.84434e-020
148.19  8.84071e-020
149.212  8.83648e-020
150.234  8.83164e-020
151.256  8.82618e-020
152.278  8.82011e-020
153.3  8.81341e-020
154.322  8.8061e-020
155.344  8.79815e-020
156.366  8.78957e-020
157.388  8.78036e-020
158.41  8.77051e-020
159.432  8.76002e-020
160.454  8.74888e-020
161.476  8.73709e-020
162.498  8.72465e-020
163.52  8.71155e-020
164.542  8.6978e-020
165.564  8.68337e-020
166.586  8.66828e-020
167.608  8.65252e-020
168.63  8.63608e-020
169.652  8.61896e-020
170.674  8.60116e-020
171.696  8.58267e-020
172.718  8.5635e-020
173.74  8.54362e-020
174.762  8.52305e-020
175.784  8.50178e-020
176.806  8.4798e-020
177.828  8.45711e-020
178.85  8.43371e-020
179.872  8.40959e-020
180.894  8.38475e-020
181.916  8.35918e-020
182.938  8.33289e-020
183.96  8.30587e-020
184.982  8.27811e-020
186.004  8.24961e-020
187.026  8.22036e-020
188.048  8.19037e-020
189.07  8.15964e-020
190.092  8.12814e-020
191.114  8.09589e-020
192.136  8.06288e-020
193.158  8.02911e-020
194.18  7.99457e-020
195.202  7.95926e-020
196.224  7.92318e-020
197.246  7.88632e-020
198.268  7.84868e-020
199.29  7.81026e-020
200.312  7.77105e-020
201.334  7.73106e-020
202.356  7.69027e-020
203.378  7.6487e-020
204.4  7.60633e-020
205.422  7.56316e-020
206.444  7.51919e-020
207.466  7.47442e-020
208.488  7.42884e-020
209.51  7.38246e-020
210.532  7.33528e-020
211.554  7.28728e-020
212.576  7.23848e-020
213.598  7.18886e-020
214.62  7.13844e-020
215.642  7.0872e-020
216.664  7.03515e-020
217.686  6.98229e-020
218.708  6.92861e-020
219.73  6.87413e-020
220.752  6.81883e-020
221.774  6.76272e-020
222.796  6.7058e-020
223.818  6.64807e-020
224.84  6.58953e-020
225.862  6.53019e-020
226.884  6.47005e-020
227.906  6.40911e-020
228.928  6.34737e-020
229.95  6.28483e-020
230.972  6.22151e-020
231.994  6.1574e-020
233.016  6.09251e-020
234.038  6.02684e-020
235.06  5.9604e-020
236.082  5.89319e-020
237.104  5.82523e-020
238.126  5.75651e-020
239.148  5.68705e-020
240.17  5.61684e-020
241.192  5.54591e-020
242.214  5.47426e-020
243.236  5.4019e-020
244.258  5.32884e-020
245.28  5.25509e-020
246.302  5.18066e-020
247.324  5.10556e-020
248.346  5.0298e-020
249.368  4.95341e-020
250.39  4.87639e-020
251.412  4.79875e-020
252.434  4.72052e-020
253.456  4.64171e-020
254.478  4.56233e-020
255.5  4.48241e-020
256.522  4.40196e-020
257.544  4.321e-020
258.566  4.23956e-020
259.588  4.15765e-020
260.61  4.0753e-020
261.632  3.99252e-020
262.654  3.90936e-020
263.676  3.82582e-020
264.698  3.74195e-020
265.72  3.65775e-020
266.742  3.57327e-020
267.764  3.48854e-020
268.786  3.40358e-020
269.808  3.31843e-020
270.83  3.23312e-020
271.852  3.14769e-020
272.874  3.06216e-020
273.896  2.97659e-020
274.918  2.89101e-020
275.94  2.80546e-020
276.962  2.71999e-020
277.984  2.63463e-020
279.006  2.54943e-020
280.028  2.46443e-020
281.05  2.3797e-020
282.072  2.29527e-020
283.094  2.2112e-020
284.116  2.12754e-020
285.138  2.04435e-020
286.16  1.96168e-020
287.182  1.8796e-020
288.204  1.79816e-020
289.226  1.71742e-020
290.248  1.63746e-020
291.27  1.55835e-020
292.292  1.48013e-020
293.314  1.4029e-020
294.336  1.32673e-020
295.358  1.25168e-020
296.38  1.17784e-020
297.402  1.10529e-020
298.424  1.03412e-020
299.446  9.64395e-021
300.468  8.9622e-021
301.49  8.29682e-021
302.512  7.64873e-021
303.534  7.0189e-021
304.556  6.40831e-021
305.578  5.81799e-021
306.6  5.24897e-021
307.622  4.70233e-021
308.644  4.17918e-021
309.666  3.68065e-021
310.688  3.20792e-021
311.71  2.76217e-021
312.732  2.34464e-021
313.754  1.95659e-021
314.776  1.59933e-021
315.798  1.27418e-021
316.82  9.82508e-022
317.842  7.25723e-022
318.864  5.05258e-022
319.886  3.22587e-022
320.908  1.79217e-022
321.93  7.66893e-023
322.952  1.65744e-023
