1.022  3.11882e-020
2.044  3.16617e-020
3.066  3.21336e-020
4.088  3.26038e-020
5.11  3.30725e-020
6.132  3.35394e-020
7.154  3.40045e-020
8.176  3.44679e-020
9.198  3.49294e-020
10.22  3.5389e-020
11.242  3.58467e-020
12.264  3.63025e-020
13.286  3.67564e-020
14.308  3.72083e-020
15.33  3.76584e-020
16.352  3.81066e-020
17.374  3.85528e-020
18.396  3.89972e-020
19.418  3.94398e-020
20.44  3.98804e-020
21.462  4.03192e-020
22.484  4.07561e-020
23.506  4.11912e-020
24.528  4.16244e-020
25.55  4.20558e-020
26.572  4.24853e-020
27.594  4.29129e-020
28.616  4.33386e-020
29.638  4.37624e-020
30.66  4.41843e-020
31.682  4.46043e-020
32.704  4.50223e-020
33.726  4.54384e-020
34.748  4.58525e-020
35.77  4.62646e-020
36.792  4.66747e-020
37.814  4.70827e-020
38.836  4.74887e-020
39.858  4.78926e-020
40.88  4.82943e-020
41.902  4.8694e-020
42.924  4.90914e-020
43.946  4.94867e-020
44.968  4.98797e-020
45.99  5.02705e-020
47.012  5.06589e-020
48.034  5.10451e-020
49.056  5.14289e-020
50.078  5.18104e-020
51.1  5.21894e-020
52.122  5.25661e-020
53.144  5.29402e-020
54.166  5.33119e-020
55.188  5.3681e-020
56.21  5.40476e-020
57.232  5.44115e-020
58.254  5.47729e-020
59.276  5.51316e-020
60.298  5.54876e-020
61.32  5.58408e-020
62.342  5.61914e-020
63.364  5.65391e-020
64.386  5.6884e-020
65.408  5.72261e-020
66.43  5.75653e-020
67.452  5.79015e-020
68.474  5.82349e-020
69.496  5.85652e-020
70.518  5.88925e-020
71.54  5.92168e-020
72.562  5.9538e-020
73.584  5.98561e-020
74.606  6.0171e-020
75.628  6.04828e-020
76.65  6.07914e-020
77.672  6.10967e-020
78.694  6.13988e-020
79.716  6.16975e-020
80.738  6.19929e-020
81.76  6.2285e-020
82.782  6.25736e-020
83.804  6.28588e-020
84.826  6.31406e-020
85.848  6.34189e-020
86.87  6.36936e-020
87.892  6.39648e-020
88.914  6.42324e-020
89.936  6.44964e-020
90.958  6.47567e-020
91.98  6.50134e-020
93.002  6.52663e-020
94.024  6.55155e-020
95.046  6.5761e-020
96.068  6.60026e-020
97.09  6.62404e-020
98.112  6.64744e-020
99.134  6.67044e-020
100.156  6.69306e-020
101.178  6.71527e-020
102.2  6.73709e-020
103.222  6.75851e-020
104.244  6.77952e-020
105.266  6.80013e-020
106.288  6.82033e-020
107.31  6.84011e-020
108.332  6.85947e-020
109.354  6.87842e-020
110.376  6.89695e-020
111.398  6.91504e-020
112.42  6.93271e-020
113.442  6.94995e-020
114.464  6.96676e-020
115.486  6.98313e-020
116.508  6.99905e-020
117.53  7.01454e-020
118.552  7.02958e-020
119.574  7.04416e-020
120.596  7.0583e-020
121.618  7.07198e-020
122.64  7.0852e-020
123.662  7.09797e-020
124.684  7.11026e-020
125.706  7.12209e-020
126.728  7.13345e-020
127.75  7.14434e-020
128.772  7.15475e-020
129.794  7.16467e-020
130.816  7.17412e-020
131.838  7.18308e-020
132.86  7.19155e-020
133.882  7.19953e-020
134.904  7.20702e-020
135.926  7.21401e-020
136.948  7.22049e-020
137.97  7.22647e-020
138.992  7.23194e-020
140.014  7.23691e-020
141.036  7.24136e-020
142.058  7.24529e-020
143.08  7.2487e-020
144.102  7.25159e-020
145.124  7.25395e-020
146.146  7.25578e-020
147.168  7.25707e-020
148.19  7.25783e-020
149.212  7.25805e-020
150.234  7.25773e-020
151.256  7.25686e-020
152.278  7.25544e-020
153.3  7.25347e-020
154.322  7.25094e-020
155.344  7.24785e-020
156.366  7.2442e-020
157.388  7.23998e-020
158.41  7.23519e-020
159.432  7.22983e-020
160.454  7.22389e-020
161.476  7.21737e-020
162.498  7.21027e-020
163.52  7.20258e-020
164.542  7.1943e-020
165.564  7.18542e-020
166.586  7.17595e-020
167.608  7.16588e-020
168.63  7.1552e-020
169.652  7.14391e-020
170.674  7.13202e-020
171.696  7.11951e-020
172.718  7.10637e-020
173.74  7.09262e-020
174.762  7.07825e-020
175.784  7.06324e-020
176.806  7.0476e-020
177.828  7.03133e-020
178.85  7.01442e-020
179.872  6.99686e-020
180.894  6.97866e-020
181.916  6.95981e-020
182.938  6.94031e-020
183.96  6.92015e-020
184.982  6.89933e-020
186.004  6.87786e-020
187.026  6.85571e-020
188.048  6.8329e-020
189.07  6.80942e-020
190.092  6.78526e-020
191.114  6.76042e-020
192.136  6.7349e-020
193.158  6.7087e-020
194.18  6.68181e-020
195.202  6.65424e-020
196.224  6.62597e-020
197.246  6.597e-020
198.268  6.56734e-020
199.29  6.53698e-020
200.312  6.50592e-020
201.334  6.47415e-020
202.356  6.44168e-020
203.378  6.40849e-020
204.4  6.3746e-020
205.422  6.33999e-020
206.444  6.30467e-020
207.466  6.26864e-020
208.488  6.23188e-020
209.51  6.19441e-020
210.532  6.15621e-020
211.554  6.1173e-020
212.576  6.07766e-020
213.598  6.0373e-020
214.62  5.99621e-020
215.642  5.9544e-020
216.664  5.91187e-020
217.686  5.86861e-020
218.708  5.82463e-020
219.73  5.77993e-020
220.752  5.7345e-020
221.774  5.68835e-020
222.796  5.64148e-020
223.818  5.59389e-020
224.84  5.54558e-020
225.862  5.49656e-020
226.884  5.44682e-020
227.906  5.39638e-020
228.928  5.34522e-020
229.95  5.29336e-020
230.972  5.2408e-020
231.994  5.18754e-020
233.016  5.13358e-020
234.038  5.07894e-020
235.06  5.02362e-020
236.082  4.96761e-020
237.104  4.91093e-020
238.126  4.85359e-020
239.148  4.79558e-020
240.17  4.73692e-020
241.192  4.67762e-020
242.214  4.61768e-020
243.236  4.55711e-020
244.258  4.49591e-020
245.28  4.43411e-020
246.302  4.37171e-020
247.324  4.30872e-020
248.346  4.24515e-020
249.368  4.18101e-020
250.39  4.11632e-020
251.412  4.05108e-020
252.434  3.98532e-020
253.456  3.91905e-020
254.478  3.85228e-020
255.5  3.78502e-020
256.522  3.7173e-020
257.544  3.64914e-020
258.566  3.58054e-020
259.588  3.51153e-020
260.61  3.44212e-020
261.632  3.37235e-020
262.654  3.30223e-020
263.676  3.23178e-020
264.698  3.16102e-020
265.72  3.08999e-020
266.742  3.0187e-020
267.764  2.94718e-020
268.786  2.87546e-020
269.808  2.80356e-020
270.83  2.73152e-020
271.852  2.65937e-020
272.874  2.58713e-020
273.896  2.51485e-020
274.918  2.44254e-020
275.94  2.37026e-020
276.962  2.29803e-020
277.984  2.2259e-020
279.006  2.15389e-020
280.028  2.08206e-020
281.05  2.01044e-020
282.072  1.93907e-020
283.094  1.86801e-020
284.116  1.79729e-020
285.138  1.72696e-020
286.16  1.65708e-020
287.182  1.58769e-020
288.204  1.51885e-020
289.226  1.4506e-020
290.248  1.38301e-020
291.27  1.31613e-020
292.292  1.25002e-020
293.314  1.18474e-020
294.336  1.12035e-020
295.358  1.05692e-020
296.38  9.94521e-021
297.402  9.3321e-021
298.424  8.73062e-021
299.446  8.1415e-021
300.468  7.56548e-021
301.49  7.00334e-021
302.512  6.45585e-021
303.534  5.92383e-021
304.556  5.40811e-021
305.578  4.90956e-021
306.6  4.42905e-021
307.622  3.96749e-021
308.644  3.52581e-021
309.666  3.10496e-021
310.688  2.70594e-021
311.71  2.32974e-021
312.732  1.9774e-021
313.754  1.64998e-021
314.776  1.34858e-021
315.798  1.07431e-021
316.82  8.28311e-022
317.842  6.11766e-022
318.864  4.25878e-022
319.886  2.71878e-022
320.908  1.5103e-022
321.93  6.46209e-023
322.952  1.39646e-023
