1.022  6.27962e-020
2.044  6.18539e-020
3.066  6.09256e-020
4.088  6.00114e-020
5.11  5.91109e-020
6.132  5.8224e-020
7.154  5.73504e-020
8.176  5.64899e-020
9.198  5.56423e-020
10.22  5.48075e-020
11.242  5.39854e-020
12.264  5.31758e-020
13.286  5.23787e-020
14.308  5.15938e-020
15.33  5.08212e-020
16.352  5.00606e-020
17.374  4.93121e-020
18.396  4.85754e-020
19.418  4.78505e-020
20.44  4.71372e-020
21.462  4.64355e-020
22.484  4.57452e-020
23.506  4.50662e-020
24.528  4.43984e-020
25.55  4.37416e-020
26.572  4.30956e-020
27.594  4.24604e-020
28.616  4.18359e-020
29.638  4.12218e-020
30.66  4.0618e-020
31.682  4.00245e-020
32.704  3.9441e-020
33.726  3.88675e-020
34.748  3.83037e-020
35.77  3.77496e-020
36.792  3.7205e-020
37.814  3.66698e-020
38.836  3.61438e-020
39.858  3.56269e-020
40.88  3.51191e-020
41.902  3.462e-020
42.924  3.41297e-020
43.946  3.3648e-020
44.968  3.31747e-020
45.99  3.27098e-020
47.012  3.22531e-020
48.034  3.18045e-020
49.056  3.13639e-020
50.078  3.09311e-020
51.1  3.05061e-020
52.122  3.00887e-020
53.144  2.96788e-020
54.166  2.92763e-020
55.188  2.8881e-020
56.21  2.8493e-020
57.232  2.8112e-020
58.254  2.7738e-020
59.276  2.73708e-020
60.298  2.70104e-020
61.32  2.66567e-020
62.342  2.63094e-020
63.364  2.59687e-020
64.386  2.56343e-020
65.408  2.53061e-020
66.43  2.49841e-020
67.452  2.46682e-020
68.474  2.43582e-020
69.496  2.40541e-020
70.518  2.37558e-020
71.54  2.34632e-020
72.562  2.31762e-020
73.584  2.28947e-020
74.606  2.26186e-020
75.628  2.2348e-020
76.65  2.20825e-020
77.672  2.18223e-020
78.694  2.15671e-020
79.716  2.1317e-020
80.738  2.10718e-020
81.76  2.08315e-020
82.782  2.0596e-020
83.804  2.03651e-020
84.826  2.01389e-020
85.848  1.99173e-020
86.87  1.97001e-020
87.892  1.94873e-020
88.914  1.92789e-020
89.936  1.90747e-020
90.958  1.88747e-020
91.98  1.86788e-020
93.002  1.8487e-020
94.024  1.82991e-020
95.046  1.81152e-020
96.068  1.79351e-020
97.09  1.77588e-020
98.112  1.75862e-020
99.134  1.74172e-020
100.156  1.72518e-020
101.178  1.70899e-020
102.2  1.69315e-020
103.222  1.67765e-020
104.244  1.66247e-020
105.266  1.64763e-020
106.288  1.63311e-020
107.31  1.61889e-020
108.332  1.60499e-020
109.354  1.59139e-020
110.376  1.57809e-020
111.398  1.56508e-020
112.42  1.55235e-020
113.442  1.5399e-020
114.464  1.52772e-020
115.486  1.51582e-020
116.508  1.50417e-020
117.53  1.49278e-020
118.552  1.48164e-020
119.574  1.47075e-020
120.596  1.4601e-020
121.618  1.44968e-020
122.64  1.4395e-020
123.662  1.42954e-020
124.684  1.41979e-020
125.706  1.41027e-020
126.728  1.40095e-020
127.75  1.39183e-020
128.772  1.38292e-020
129.794  1.3742e-020
130.816  1.36567e-020
131.838  1.35732e-020
132.86  1.34915e-020
133.882  1.34116e-020
134.904  1.33334e-020
135.926  1.32568e-020
136.948  1.31819e-020
137.97  1.31085e-020
138.992  1.30366e-020
140.014  1.29662e-020
141.036  1.28972e-020
142.058  1.28296e-020
143.08  1.27634e-020
144.102  1.26984e-020
145.124  1.26347e-020
146.146  1.25722e-020
147.168  1.25109e-020
148.19  1.24506e-020
149.212  1.23915e-020
150.234  1.23334e-020
151.256  1.22763e-020
152.278  1.22202e-020
153.3  1.2165e-020
154.322  1.21106e-020
155.344  1.20571e-020
156.366  1.20044e-020
157.388  1.19525e-020
158.41  1.19013e-020
159.432  1.18508e-020
160.454  1.18009e-020
161.476  1.17516e-020
162.498  1.17029e-020
163.52  1.16548e-020
164.542  1.16071e-020
165.564  1.156e-020
166.586  1.15132e-020
167.608  1.14668e-020
168.63  1.14209e-020
169.652  1.13752e-020
170.674  1.13298e-020
171.696  1.12847e-020
172.718  1.12398e-020
173.74  1.11952e-020
174.762  1.11506e-020
175.784  1.11063e-020
176.806  1.1062e-020
177.828  1.10178e-020
178.85  1.09736e-020
179.872  1.09294e-020
180.894  1.08852e-020
181.916  1.0841e-020
182.938  1.07967e-020
183.96  1.07523e-020
184.982  1.07077e-020
186.004  1.0663e-020
187.026  1.06181e-020
188.048  1.0573e-020
189.07  1.05276e-020
190.092  1.0482e-020
191.114  1.0436e-020
192.136  1.03898e-020
193.158  1.03432e-020
194.18  1.02962e-020
195.202  1.02488e-020
196.224  1.0201e-020
197.246  1.01528e-020
198.268  1.01041e-020
199.29  1.00549e-020
200.312  1.00052e-020
201.334  9.95493e-021
202.356  9.90414e-021
203.378  9.85277e-021
204.4  9.80081e-021
205.422  9.74823e-021
206.444  9.69501e-021
207.466  9.64114e-021
208.488  9.5866e-021
209.51  9.53136e-021
210.532  9.47541e-021
211.554  9.41873e-021
212.576  9.36131e-021
213.598  9.30312e-021
214.62  9.24416e-021
215.642  9.1844e-021
216.664  9.12383e-021
217.686  9.06244e-021
218.708  9.00021e-021
219.73  8.93712e-021
220.752  8.87317e-021
221.774  8.80834e-021
222.796  8.74262e-021
223.818  8.67599e-021
224.84  8.60845e-021
225.862  8.53998e-021
226.884  8.47057e-021
227.906  8.40022e-021
228.928  8.32891e-021
229.95  8.25663e-021
230.972  8.18338e-021
231.994  8.10915e-021
233.016  8.03394e-021
234.038  7.95772e-021
235.06  7.88051e-021
236.082  7.80229e-021
237.104  7.72306e-021
238.126  7.64282e-021
239.148  7.56156e-021
240.17  7.47928e-021
241.192  7.39598e-021
242.214  7.31166e-021
243.236  7.22631e-021
244.258  7.13994e-021
245.28  7.05255e-021
246.302  6.96414e-021
247.324  6.87472e-021
248.346  6.78428e-021
249.368  6.69284e-021
250.39  6.6004e-021
251.412  6.50697e-021
252.434  6.41254e-021
253.456  6.31715e-021
254.478  6.22078e-021
255.5  6.12346e-021
256.522  6.0252e-021
257.544  5.92601e-021
258.566  5.8259e-021
259.588  5.7249e-021
260.61  5.62301e-021
261.632  5.52027e-021
262.654  5.41668e-021
263.676  5.31228e-021
264.698  5.20708e-021
265.72  5.10111e-021
266.742  4.9944e-021
267.764  4.88697e-021
268.786  4.77887e-021
269.808  4.67011e-021
270.83  4.56074e-021
271.852  4.45078e-021
272.874  4.34029e-021
273.896  4.22931e-021
274.918  4.11786e-021
275.94  4.00601e-021
276.962  3.8938e-021
277.984  3.78127e-021
279.006  3.6685e-021
280.028  3.55552e-021
281.05  3.4424e-021
282.072  3.32921e-021
283.094  3.21601e-021
284.116  3.10287e-021
285.138  2.98986e-021
286.16  2.87706e-021
287.182  2.76454e-021
288.204  2.6524e-021
289.226  2.54071e-021
290.248  2.42958e-021
291.27  2.31909e-021
292.292  2.20936e-021
293.314  2.10047e-021
294.336  1.99255e-021
295.358  1.88571e-021
296.38  1.78007e-021
297.402  1.67576e-021
298.424  1.57289e-021
299.446  1.47163e-021
300.468  1.3721e-021
301.49  1.27445e-021
302.512  1.17885e-021
303.534  1.08545e-021
304.556  9.94418e-022
305.578  9.05939e-022
306.6  8.20193e-022
307.622  7.3737e-022
308.644  6.57671e-022
309.666  5.81303e-022
310.688  5.08482e-022
311.71  4.39433e-022
312.732  3.74388e-022
313.754  3.13593e-022
314.776  2.57299e-022
315.798  2.05768e-022
316.82  1.59275e-022
317.842  1.18103e-022
318.864  8.25461e-023
319.886  5.29099e-023
320.908  2.95115e-023
321.93  1.2679e-023
322.952  2.7513e-024
