1.022  2.18273e-019
2.044  2.19413e-019
3.066  2.20546e-019
4.088  2.21672e-019
5.11  2.22791e-019
6.132  2.23902e-019
7.154  2.25006e-019
8.176  2.26102e-019
9.198  2.2719e-019
10.22  2.28269e-019
11.242  2.29341e-019
12.264  2.30405e-019
13.286  2.3146e-019
14.308  2.32508e-019
15.33  2.33549e-019
16.352  2.34582e-019
17.374  2.35607e-019
18.396  2.36626e-019
19.418  2.37638e-019
20.44  2.38642e-019
21.462  2.39641e-019
22.484  2.40632e-019
23.506  2.41617e-019
24.528  2.42596e-019
25.55  2.43568e-019
26.572  2.44534e-019
27.594  2.45494e-019
28.616  2.46448e-019
29.638  2.47395e-019
30.66  2.48336e-019
31.682  2.49271e-019
32.704  2.50199e-019
33.726  2.51122e-019
34.748  2.52038e-019
35.77  2.52947e-019
36.792  2.5385e-019
37.814  2.54747e-019
38.836  2.55637e-019
39.858  2.56521e-019
40.88  2.57398e-019
41.902  2.58268e-019
42.924  2.59131e-019
43.946  2.59988e-019
44.968  2.60837e-019
45.99  2.6168e-019
47.012  2.62515e-019
48.034  2.63343e-019
49.056  2.64163e-019
50.078  2.64977e-019
51.1  2.65782e-019
52.122  2.66581e-019
53.144  2.67371e-019
54.166  2.68154e-019
55.188  2.68928e-019
56.21  2.69695e-019
57.232  2.70454e-019
58.254  2.71204e-019
59.276  2.71947e-019
60.298  2.7268e-019
61.32  2.73406e-019
62.342  2.74123e-019
63.364  2.74831e-019
64.386  2.7553e-019
65.408  2.76221e-019
66.43  2.76902e-019
67.452  2.77575e-019
68.474  2.78238e-019
69.496  2.78892e-019
70.518  2.79537e-019
71.54  2.80173e-019
72.562  2.80799e-019
73.584  2.81415e-019
74.606  2.82022e-019
75.628  2.82618e-019
76.65  2.83205e-019
77.672  2.83782e-019
78.694  2.84349e-019
79.716  2.84906e-019
80.738  2.85452e-019
81.76  2.85988e-019
82.782  2.86514e-019
83.804  2.87029e-019
84.826  2.87534e-019
85.848  2.88028e-019
86.87  2.88511e-019
87.892  2.88983e-019
88.914  2.89445e-019
89.936  2.89895e-019
90.958  2.90334e-019
91.98  2.90763e-019
93.002  2.91179e-019
94.024  2.91585e-019
95.046  2.91979e-019
96.068  2.92361e-019
97.09  2.92732e-019
98.112  2.93092e-019
99.134  2.93439e-019
100.156  2.93775e-019
101.178  2.94099e-019
102.2  2.9441e-019
103.222  2.9471e-019
104.244  2.94998e-019
105.266  2.95273e-019
106.288  2.95536e-019
107.31  2.95787e-019
108.332  2.96025e-019
109.354  2.96251e-019
110.376  2.96464e-019
111.398  2.96664e-019
112.42  2.96852e-019
113.442  2.97027e-019
114.464  2.97189e-019
115.486  2.97338e-019
116.508  2.97473e-019
117.53  2.97596e-019
118.552  2.97706e-019
119.574  2.97802e-019
120.596  2.97885e-019
121.618  2.97954e-019
122.64  2.9801e-019
123.662  2.98052e-019
124.684  2.9808e-019
125.706  2.98095e-019
126.728  2.98096e-019
127.75  2.98083e-019
128.772  2.98056e-019
129.794  2.98015e-019
130.816  2.9796e-019
131.838  2.9789e-019
132.86  2.97806e-019
133.882  2.97708e-019
134.904  2.97595e-019
135.926  2.97468e-019
136.948  2.97325e-019
137.97  2.97169e-019
138.992  2.96997e-019
140.014  2.9681e-019
141.036  2.96609e-019
142.058  2.96392e-019
143.08  2.9616e-019
144.102  2.95912e-019
145.124  2.9565e-019
146.146  2.95371e-019
147.168  2.95078e-019
148.19  2.94768e-019
149.212  2.94443e-019
150.234  2.94102e-019
151.256  2.93744e-019
152.278  2.93371e-019
153.3  2.92982e-019
154.322  2.92576e-019
155.344  2.92154e-019
156.366  2.91715e-019
157.388  2.91259e-019
158.41  2.90787e-019
159.432  2.90298e-019
160.454  2.89792e-019
161.476  2.89269e-019
162.498  2.88729e-019
163.52  2.88171e-019
164.542  2.87596e-019
165.564  2.87004e-019
166.586  2.86393e-019
167.608  2.85765e-019
168.63  2.85119e-019
169.652  2.84455e-019
170.674  2.83773e-019
171.696  2.83072e-019
172.718  2.82353e-019
173.74  2.81615e-019
174.762  2.80858e-019
175.784  2.80083e-019
176.806  2.79288e-019
177.828  2.78475e-019
178.85  2.77642e-019
179.872  2.76789e-019
180.894  2.75917e-019
181.916  2.75025e-019
182.938  2.74114e-019
183.96  2.73182e-019
184.982  2.7223e-019
186.004  2.71258e-019
187.026  2.70265e-019
188.048  2.69252e-019
189.07  2.68218e-019
190.092  2.67163e-019
191.114  2.66087e-019
192.136  2.64989e-019
193.158  2.6387e-019
194.18  2.6273e-019
195.202  2.61568e-019
196.224  2.60384e-019
197.246  2.59178e-019
198.268  2.5795e-019
199.29  2.56699e-019
200.312  2.55426e-019
201.334  2.54131e-019
202.356  2.52813e-019
203.378  2.51471e-019
204.4  2.50107e-019
205.422  2.48719e-019
206.444  2.47308e-019
207.466  2.45874e-019
208.488  2.44416e-019
209.51  2.42934e-019
210.532  2.41428e-019
211.554  2.39899e-019
212.576  2.38345e-019
213.598  2.36767e-019
214.62  2.35164e-019
215.642  2.33537e-019
216.664  2.31885e-019
217.686  2.30209e-019
218.708  2.28508e-019
219.73  2.26781e-019
220.752  2.2503e-019
221.774  2.23254e-019
222.796  2.21453e-019
223.818  2.19626e-019
224.84  2.17774e-019
225.862  2.15897e-019
226.884  2.13995e-019
227.906  2.12067e-019
228.928  2.10114e-019
229.95  2.08135e-019
230.972  2.06131e-019
231.994  2.04101e-019
233.016  2.02046e-019
234.038  1.99966e-019
235.06  1.97861e-019
236.082  1.9573e-019
237.104  1.93574e-019
238.126  1.91393e-019
239.148  1.89187e-019
240.17  1.86956e-019
241.192  1.84701e-019
242.214  1.82421e-019
243.236  1.80116e-019
244.258  1.77788e-019
245.28  1.75435e-019
246.302  1.73059e-019
247.324  1.7066e-019
248.346  1.68237e-019
249.368  1.65791e-019
250.39  1.63323e-019
251.412  1.60833e-019
252.434  1.5832e-019
253.456  1.55787e-019
254.478  1.53232e-019
255.5  1.50657e-019
256.522  1.48062e-019
257.544  1.45448e-019
258.566  1.42814e-019
259.588  1.40162e-019
260.61  1.37493e-019
261.632  1.34806e-019
262.654  1.32103e-019
263.676  1.29385e-019
264.698  1.26651e-019
265.72  1.23904e-019
266.742  1.21143e-019
267.764  1.1837e-019
268.786  1.15586e-019
269.808  1.12791e-019
270.83  1.09987e-019
271.852  1.07175e-019
272.874  1.04356e-019
273.896  1.01531e-019
274.918  9.87007e-020
275.94  9.58675e-020
276.962  9.30323e-020
277.984  9.01965e-020
279.006  8.73616e-020
280.028  8.4529e-020
281.05  8.17005e-020
282.072  7.88776e-020
283.094  7.60622e-020
284.116  7.32559e-020
285.138  7.04607e-020
286.16  6.76785e-020
287.182  6.49114e-020
288.204  6.21613e-020
289.226  5.94306e-020
290.248  5.67214e-020
291.27  5.40361e-020
292.292  5.13771e-020
293.314  4.87469e-020
294.336  4.61482e-020
295.358  4.35836e-020
296.38  4.1056e-020
297.402  3.85681e-020
298.424  3.6123e-020
299.446  3.37238e-020
300.468  3.13737e-020
301.49  2.9076e-020
302.512  2.68341e-020
303.534  2.46515e-020
304.556  2.25318e-020
305.578  2.04789e-020
306.6  1.84965e-020
307.622  1.65888e-020
308.644  1.47598e-020
309.666  1.30138e-020
310.688  1.13551e-020
311.71  9.78841e-021
312.732  8.31826e-021
313.754  6.94951e-021
314.776  5.68709e-021
315.798  4.5361e-021
316.82  3.5018e-021
317.842  2.58958e-021
318.864  1.805e-021
319.886  1.15377e-021
320.908  6.41739e-022
321.93  2.74932e-022
322.952  5.94893e-023
