1.022  1.24182e-019
2.044  1.2535e-019
3.066  1.26512e-019
4.088  1.27669e-019
5.11  1.28819e-019
6.132  1.29963e-019
7.154  1.311e-019
8.176  1.32231e-019
9.198  1.33355e-019
10.22  1.34473e-019
11.242  1.35584e-019
12.264  1.36688e-019
13.286  1.37786e-019
14.308  1.38877e-019
15.33  1.39962e-019
16.352  1.4104e-019
17.374  1.42112e-019
18.396  1.43178e-019
19.418  1.44238e-019
20.44  1.45292e-019
21.462  1.4634e-019
22.484  1.47382e-019
23.506  1.48419e-019
24.528  1.49449e-019
25.55  1.50474e-019
26.572  1.51493e-019
27.594  1.52506e-019
28.616  1.53514e-019
29.638  1.54516e-019
30.66  1.55512e-019
31.682  1.56503e-019
32.704  1.57488e-019
33.726  1.58467e-019
34.748  1.59441e-019
35.77  1.60408e-019
36.792  1.6137e-019
37.814  1.62326e-019
38.836  1.63277e-019
39.858  1.64221e-019
40.88  1.65159e-019
41.902  1.66091e-019
42.924  1.67017e-019
43.946  1.67937e-019
44.968  1.68851e-019
45.99  1.69758e-019
47.012  1.70659e-019
48.034  1.71554e-019
49.056  1.72442e-019
50.078  1.73324e-019
51.1  1.74199e-019
52.122  1.75068e-019
53.144  1.7593e-019
54.166  1.76785e-019
55.188  1.77633e-019
56.21  1.78474e-019
57.232  1.79309e-019
58.254  1.80136e-019
59.276  1.80956e-019
60.298  1.81769e-019
61.32  1.82574e-019
62.342  1.83373e-019
63.364  1.84164e-019
64.386  1.84947e-019
65.408  1.85723e-019
66.43  1.86491e-019
67.452  1.87251e-019
68.474  1.88004e-019
69.496  1.88749e-019
70.518  1.89486e-019
71.54  1.90214e-019
72.562  1.90935e-019
73.584  1.91648e-019
74.606  1.92352e-019
75.628  1.93049e-019
76.65  1.93736e-019
77.672  1.94416e-019
78.694  1.95087e-019
79.716  1.95749e-019
80.738  1.96403e-019
81.76  1.97048e-019
82.782  1.97684e-019
83.804  1.98312e-019
84.826  1.9893e-019
85.848  1.9954e-019
86.87  2.0014e-019
87.892  2.00731e-019
88.914  2.01314e-019
89.936  2.01887e-019
90.958  2.0245e-019
91.98  2.03004e-019
93.002  2.03549e-019
94.024  2.04084e-019
95.046  2.0461e-019
96.068  2.05126e-019
97.09  2.05633e-019
98.112  2.06129e-019
99.134  2.06616e-019
100.156  2.07093e-019
101.178  2.07559e-019
102.2  2.08016e-019
103.222  2.08463e-019
104.244  2.08899e-019
105.266  2.09326e-019
106.288  2.09741e-019
107.31  2.10147e-019
108.332  2.10542e-019
109.354  2.10927e-019
110.376  2.11301e-019
111.398  2.11664e-019
112.42  2.12017e-019
113.442  2.12359e-019
114.464  2.1269e-019
115.486  2.1301e-019
116.508  2.1332e-019
117.53  2.13618e-019
118.552  2.13905e-019
119.574  2.14181e-019
120.596  2.14446e-019
121.618  2.147e-019
122.64  2.14942e-019
123.662  2.15173e-019
124.684  2.15392e-019
125.706  2.15599e-019
126.728  2.15795e-019
127.75  2.1598e-019
128.772  2.16152e-019
129.794  2.16313e-019
130.816  2.16462e-019
131.838  2.16599e-019
132.86  2.16723e-019
133.882  2.16836e-019
134.904  2.16936e-019
135.926  2.17024e-019
136.948  2.171e-019
137.97  2.17164e-019
138.992  2.17214e-019
140.014  2.17253e-019
141.036  2.17278e-019
142.058  2.17291e-019
143.08  2.17291e-019
144.102  2.17278e-019
145.124  2.17252e-019
146.146  2.17213e-019
147.168  2.17161e-019
148.19  2.17095e-019
149.212  2.17016e-019
150.234  2.16924e-019
151.256  2.16818e-019
152.278  2.16699e-019
153.3  2.16566e-019
154.322  2.16419e-019
155.344  2.16259e-019
156.366  2.16084e-019
157.388  2.15895e-019
158.41  2.15692e-019
159.432  2.15475e-019
160.454  2.15244e-019
161.476  2.14998e-019
162.498  2.14737e-019
163.52  2.14462e-019
164.542  2.14172e-019
165.564  2.13867e-019
166.586  2.13547e-019
167.608  2.13212e-019
168.63  2.12862e-019
169.652  2.12497e-019
170.674  2.12116e-019
171.696  2.1172e-019
172.718  2.11308e-019
173.74  2.1088e-019
174.762  2.10436e-019
175.784  2.09977e-019
176.806  2.09501e-019
177.828  2.09009e-019
178.85  2.08501e-019
179.872  2.07976e-019
180.894  2.07435e-019
181.916  2.06877e-019
182.938  2.06302e-019
183.96  2.0571e-019
184.982  2.05101e-019
186.004  2.04475e-019
187.026  2.03832e-019
188.048  2.03171e-019
189.07  2.02492e-019
190.092  2.01796e-019
191.114  2.01082e-019
192.136  2.0035e-019
193.158  1.99601e-019
194.18  1.98832e-019
195.202  1.98046e-019
196.224  1.97241e-019
197.246  1.96418e-019
198.268  1.95575e-019
199.29  1.94714e-019
200.312  1.93834e-019
201.334  1.92935e-019
202.356  1.92017e-019
203.378  1.9108e-019
204.4  1.90123e-019
205.422  1.89146e-019
206.444  1.8815e-019
207.466  1.87135e-019
208.488  1.86099e-019
209.51  1.85043e-019
210.532  1.83968e-019
211.554  1.82872e-019
212.576  1.81756e-019
213.598  1.80619e-019
214.62  1.79462e-019
215.642  1.78285e-019
216.664  1.77087e-019
217.686  1.75868e-019
218.708  1.74628e-019
219.73  1.73368e-019
220.752  1.72086e-019
221.774  1.70784e-019
222.796  1.69461e-019
223.818  1.68116e-019
224.84  1.66751e-019
225.862  1.65364e-019
226.884  1.63957e-019
227.906  1.62528e-019
228.928  1.61078e-019
229.95  1.59606e-019
230.972  1.58114e-019
231.994  1.566e-019
233.016  1.55066e-019
234.038  1.5351e-019
235.06  1.51933e-019
236.082  1.50335e-019
237.104  1.48717e-019
238.126  1.47077e-019
239.148  1.45417e-019
240.17  1.43736e-019
241.192  1.42034e-019
242.214  1.40313e-019
243.236  1.38571e-019
244.258  1.36809e-019
245.28  1.35027e-019
246.302  1.33225e-019
247.324  1.31404e-019
248.346  1.29564e-019
249.368  1.27705e-019
250.39  1.25827e-019
251.412  1.23931e-019
252.434  1.22017e-019
253.456  1.20085e-019
254.478  1.18135e-019
255.5  1.16169e-019
256.522  1.14186e-019
257.544  1.12187e-019
258.566  1.10172e-019
259.588  1.08141e-019
260.61  1.06096e-019
261.632  1.04037e-019
262.654  1.01965e-019
263.676  9.98787e-020
264.698  9.77804e-020
265.72  9.56704e-020
266.742  9.35493e-020
267.764  9.14178e-020
268.786  8.92767e-020
269.808  8.71268e-020
270.83  8.49689e-020
271.852  8.28039e-020
272.874  8.06327e-020
273.896  7.84562e-020
274.918  7.62754e-020
275.94  7.40914e-020
276.962  7.19052e-020
277.984  6.9718e-020
279.006  6.75309e-020
280.028  6.53451e-020
281.05  6.31619e-020
282.072  6.09826e-020
283.094  5.88086e-020
284.116  5.66413e-020
285.138  5.44822e-020
286.16  5.23327e-020
287.182  5.01945e-020
288.204  4.80693e-020
289.226  4.59587e-020
290.248  4.38645e-020
291.27  4.17885e-020
292.292  3.97327e-020
293.314  3.7699e-020
294.336  3.56895e-020
295.358  3.37062e-020
296.38  3.17513e-020
297.402  2.98272e-020
298.424  2.7936e-020
299.446  2.60803e-020
300.468  2.42625e-020
301.49  2.24852e-020
302.512  2.0751e-020
303.534  1.90627e-020
304.556  1.74231e-020
305.578  1.58352e-020
306.6  1.43019e-020
307.622  1.28263e-020
308.644  1.14117e-020
309.666  1.00613e-020
310.688  8.77856e-021
311.71  7.56698e-021
312.732  6.43015e-021
313.754  5.37179e-021
314.776  4.39573e-021
315.798  3.50589e-021
316.82  2.70632e-021
317.842  2.0012e-021
318.864  1.39479e-021
319.886  8.91495e-022
320.908  4.95825e-022
321.93  2.12404e-022
322.952  4.5956e-023
