1.022  5.37747e-020
2.044  5.4766e-020
3.066  5.57544e-020
4.088  5.67399e-020
5.11  5.77225e-020
6.132  5.87019e-020
7.154  5.96782e-020
8.176  6.06512e-020
9.198  6.16208e-020
10.22  6.25871e-020
11.242  6.35498e-020
12.264  6.45092e-020
13.286  6.5465e-020
14.308  6.64174e-020
15.33  6.73663e-020
16.352  6.83118e-020
17.374  6.92538e-020
18.396  7.01924e-020
19.418  7.11277e-020
20.44  7.20595e-020
21.462  7.29879e-020
22.484  7.3913e-020
23.506  7.48346e-020
24.528  7.57529e-020
25.55  7.66678e-020
26.572  7.75793e-020
27.594  7.84874e-020
28.616  7.9392e-020
29.638  8.02932e-020
30.66  8.11909e-020
31.682  8.20851e-020
32.704  8.29758e-020
33.726  8.38629e-020
34.748  8.47464e-020
35.77  8.56262e-020
36.792  8.65024e-020
37.814  8.73749e-020
38.836  8.82436e-020
39.858  8.91085e-020
40.88  8.99695e-020
41.902  9.08266e-020
42.924  9.16797e-020
43.946  9.25289e-020
44.968  9.3374e-020
45.99  9.42149e-020
47.012  9.50517e-020
48.034  9.58843e-020
49.056  9.67125e-020
50.078  9.75365e-020
51.1  9.8356e-020
52.122  9.91711e-020
53.144  9.99816e-020
54.166  1.00788e-019
55.188  1.01589e-019
56.21  1.02386e-019
57.232  1.03177e-019
58.254  1.03964e-019
59.276  1.04747e-019
60.298  1.05524e-019
61.32  1.06296e-019
62.342  1.07063e-019
63.364  1.07825e-019
64.386  1.08582e-019
65.408  1.09333e-019
66.43  1.1008e-019
67.452  1.1082e-019
68.474  1.11556e-019
69.496  1.12285e-019
70.518  1.1301e-019
71.54  1.13728e-019
72.562  1.14441e-019
73.584  1.15148e-019
74.606  1.1585e-019
75.628  1.16545e-019
76.65  1.17235e-019
77.672  1.17918e-019
78.694  1.18595e-019
79.716  1.19267e-019
80.738  1.19932e-019
81.76  1.2059e-019
82.782  1.21243e-019
83.804  1.21889e-019
84.826  1.22528e-019
85.848  1.23161e-019
86.87  1.23788e-019
87.892  1.24408e-019
88.914  1.25021e-019
89.936  1.25627e-019
90.958  1.26227e-019
91.98  1.26819e-019
93.002  1.27405e-019
94.024  1.27984e-019
95.046  1.28555e-019
96.068  1.2912e-019
97.09  1.29677e-019
98.112  1.30227e-019
99.134  1.3077e-019
100.156  1.31305e-019
101.178  1.31833e-019
102.2  1.32354e-019
103.222  1.32867e-019
104.244  1.33372e-019
105.266  1.3387e-019
106.288  1.3436e-019
107.31  1.34842e-019
108.332  1.35316e-019
109.354  1.35783e-019
110.376  1.36241e-019
111.398  1.36691e-019
112.42  1.37134e-019
113.442  1.37568e-019
114.464  1.37994e-019
115.486  1.38411e-019
116.508  1.3882e-019
117.53  1.39221e-019
118.552  1.39614e-019
119.574  1.39998e-019
120.596  1.40373e-019
121.618  1.40739e-019
122.64  1.41097e-019
123.662  1.41447e-019
124.684  1.41787e-019
125.706  1.42118e-019
126.728  1.42441e-019
127.75  1.42754e-019
128.772  1.43058e-019
129.794  1.43353e-019
130.816  1.43639e-019
131.838  1.43916e-019
132.86  1.44183e-019
133.882  1.44441e-019
134.904  1.44689e-019
135.926  1.44928e-019
136.948  1.45157e-019
137.97  1.45376e-019
138.992  1.45586e-019
140.014  1.45785e-019
141.036  1.45975e-019
142.058  1.46155e-019
143.08  1.46324e-019
144.102  1.46484e-019
145.124  1.46633e-019
146.146  1.46772e-019
147.168  1.46901e-019
148.19  1.47019e-019
149.212  1.47126e-019
150.234  1.47223e-019
151.256  1.4731e-019
152.278  1.47385e-019
153.3  1.4745e-019
154.322  1.47504e-019
155.344  1.47546e-019
156.366  1.47578e-019
157.388  1.47599e-019
158.41  1.47608e-019
159.432  1.47606e-019
160.454  1.47592e-019
161.476  1.47567e-019
162.498  1.4753e-019
163.52  1.47482e-019
164.542  1.47421e-019
165.564  1.47349e-019
166.586  1.47265e-019
167.608  1.47169e-019
168.63  1.47061e-019
169.652  1.4694e-019
170.674  1.46807e-019
171.696  1.46662e-019
172.718  1.46504e-019
173.74  1.46333e-019
174.762  1.4615e-019
175.784  1.45954e-019
176.806  1.45745e-019
177.828  1.45523e-019
178.85  1.45287e-019
179.872  1.45039e-019
180.894  1.44777e-019
181.916  1.44502e-019
182.938  1.44213e-019
183.96  1.43911e-019
184.982  1.43595e-019
186.004  1.43265e-019
187.026  1.42921e-019
188.048  1.42563e-019
189.07  1.42191e-019
190.092  1.41804e-019
191.114  1.41404e-019
192.136  1.40989e-019
193.158  1.40559e-019
194.18  1.40115e-019
195.202  1.39656e-019
196.224  1.39182e-019
197.246  1.38693e-019
198.268  1.38189e-019
199.29  1.3767e-019
200.312  1.37136e-019
201.334  1.36586e-019
202.356  1.36021e-019
203.378  1.35441e-019
204.4  1.34845e-019
205.422  1.34233e-019
206.444  1.33605e-019
207.466  1.32962e-019
208.488  1.32302e-019
209.51  1.31627e-019
210.532  1.30935e-019
211.554  1.30227e-019
212.576  1.29503e-019
213.598  1.28763e-019
214.62  1.28006e-019
215.642  1.27233e-019
216.664  1.26443e-019
217.686  1.25637e-019
218.708  1.24814e-019
219.73  1.23974e-019
220.752  1.23118e-019
221.774  1.22245e-019
222.796  1.21355e-019
223.818  1.20448e-019
224.84  1.19524e-019
225.862  1.18583e-019
226.884  1.17626e-019
227.906  1.16651e-019
228.928  1.1566e-019
229.95  1.14652e-019
230.972  1.13627e-019
231.994  1.12585e-019
233.016  1.11526e-019
234.038  1.1045e-019
235.06  1.09358e-019
236.082  1.08249e-019
237.104  1.07123e-019
238.126  1.0598e-019
239.148  1.04822e-019
240.17  1.03646e-019
241.192  1.02455e-019
242.214  1.01247e-019
243.236  1.00023e-019
244.258  9.87829e-020
245.28  9.75272e-020
246.302  9.62559e-020
247.324  9.49691e-020
248.346  9.36669e-020
249.368  9.23498e-020
250.39  9.10177e-020
251.412  8.9671e-020
252.434  8.83098e-020
253.456  8.69346e-020
254.478  8.55455e-020
255.5  8.41428e-020
256.522  8.27268e-020
257.544  8.12979e-020
258.566  7.98565e-020
259.588  7.84028e-020
260.61  7.69374e-020
261.632  7.54605e-020
262.654  7.39726e-020
263.676  7.24742e-020
264.698  7.09658e-020
265.72  6.94478e-020
266.742  6.79208e-020
267.764  6.63853e-020
268.786  6.48419e-020
269.808  6.32912e-020
270.83  6.17338e-020
271.852  6.01704e-020
272.874  5.86017e-020
273.896  5.70284e-020
274.918  5.54512e-020
275.94  5.38709e-020
276.962  5.22883e-020
277.984  5.07042e-020
279.006  4.91196e-020
280.028  4.75353e-020
281.05  4.59523e-020
282.072  4.43716e-020
283.094  4.27942e-020
284.116  4.12211e-020
285.138  3.96534e-020
286.16  3.80924e-020
287.182  3.65391e-020
288.204  3.49947e-020
289.226  3.34607e-020
290.248  3.19382e-020
291.27  3.04287e-020
292.292  2.89335e-020
293.314  2.74541e-020
294.336  2.5992e-020
295.358  2.45488e-020
296.38  2.3126e-020
297.402  2.17254e-020
298.424  2.03487e-020
299.446  1.89976e-020
300.468  1.76739e-020
301.49  1.63796e-020
302.512  1.51166e-020
303.534  1.3887e-020
304.556  1.26927e-020
305.578  1.1536e-020
306.6  1.0419e-020
307.622  9.34404e-021
308.644  8.31345e-021
309.666  7.32965e-021
310.688  6.39512e-021
311.71  5.51242e-021
312.732  4.68418e-021
313.754  3.91312e-021
314.776  3.20202e-021
315.798  2.55376e-021
316.82  1.97128e-021
317.842  1.45762e-021
318.864  1.01589e-021
319.886  6.49294e-022
320.908  3.61104e-022
321.93  1.54684e-022
322.952  3.34662e-023
