1.022  4.51479e-020
2.044  4.60857e-020
3.066  4.70214e-020
4.088  4.7955e-020
5.11  4.88863e-020
6.132  4.98153e-020
7.154  5.07418e-020
8.176  5.16659e-020
9.198  5.25873e-020
10.22  5.35061e-020
11.242  5.44222e-020
12.264  5.53356e-020
13.286  5.62462e-020
14.308  5.71541e-020
15.33  5.80592e-020
16.352  5.89616e-020
17.374  5.98612e-020
18.396  6.0758e-020
19.418  6.16521e-020
20.44  6.25435e-020
21.462  6.3432e-020
22.484  6.43179e-020
23.506  6.52009e-020
24.528  6.60812e-020
25.55  6.69586e-020
26.572  6.78333e-020
27.594  6.87051e-020
28.616  6.9574e-020
29.638  7.044e-020
30.66  7.13032e-020
31.682  7.21634e-020
32.704  7.30205e-020
33.726  7.38747e-020
34.748  7.47258e-020
35.77  7.55738e-020
36.792  7.64187e-020
37.814  7.72603e-020
38.836  7.80987e-020
39.858  7.89339e-020
40.88  7.97656e-020
41.902  8.0594e-020
42.924  8.1419e-020
43.946  8.22404e-020
44.968  8.30584e-020
45.99  8.38727e-020
47.012  8.46833e-020
48.034  8.54902e-020
49.056  8.62934e-020
50.078  8.70927e-020
51.1  8.78881e-020
52.122  8.86795e-020
53.144  8.94669e-020
54.166  9.02503e-020
55.188  9.10295e-020
56.21  9.18045e-020
57.232  9.25753e-020
58.254  9.33417e-020
59.276  9.41038e-020
60.298  9.48613e-020
61.32  9.56144e-020
62.342  9.63629e-020
63.364  9.71068e-020
64.386  9.78459e-020
65.408  9.85803e-020
66.43  9.93099e-020
67.452  1.00035e-019
68.474  1.00754e-019
69.496  1.01469e-019
70.518  1.02179e-019
71.54  1.02883e-019
72.562  1.03582e-019
73.584  1.04276e-019
74.606  1.04965e-019
75.628  1.05648e-019
76.65  1.06326e-019
77.672  1.06998e-019
78.694  1.07665e-019
79.716  1.08326e-019
80.738  1.08981e-019
81.76  1.09631e-019
82.782  1.10274e-019
83.804  1.10912e-019
84.826  1.11544e-019
85.848  1.1217e-019
86.87  1.12789e-019
87.892  1.13403e-019
88.914  1.1401e-019
89.936  1.14611e-019
90.958  1.15206e-019
91.98  1.15795e-019
93.002  1.16377e-019
94.024  1.16952e-019
95.046  1.17521e-019
96.068  1.18083e-019
97.09  1.18638e-019
98.112  1.19187e-019
99.134  1.19729e-019
100.156  1.20264e-019
101.178  1.20792e-019
102.2  1.21313e-019
103.222  1.21827e-019
104.244  1.22334e-019
105.266  1.22834e-019
106.288  1.23327e-019
107.31  1.23812e-019
108.332  1.2429e-019
109.354  1.2476e-019
110.376  1.25223e-019
111.398  1.25678e-019
112.42  1.26126e-019
113.442  1.26566e-019
114.464  1.26998e-019
115.486  1.27423e-019
116.508  1.2784e-019
117.53  1.28249e-019
118.552  1.28649e-019
119.574  1.29042e-019
120.596  1.29427e-019
121.618  1.29803e-019
122.64  1.30172e-019
123.662  1.30532e-019
124.684  1.30883e-019
125.706  1.31227e-019
126.728  1.31561e-019
127.75  1.31887e-019
128.772  1.32205e-019
129.794  1.32514e-019
130.816  1.32814e-019
131.838  1.33105e-019
132.86  1.33388e-019
133.882  1.33661e-019
134.904  1.33926e-019
135.926  1.34181e-019
136.948  1.34428e-019
137.97  1.34665e-019
138.992  1.34892e-019
140.014  1.35111e-019
141.036  1.3532e-019
142.058  1.35519e-019
143.08  1.35709e-019
144.102  1.35889e-019
145.124  1.36059e-019
146.146  1.3622e-019
147.168  1.36371e-019
148.19  1.36512e-019
149.212  1.36642e-019
150.234  1.36763e-019
151.256  1.36874e-019
152.278  1.36974e-019
153.3  1.37064e-019
154.322  1.37143e-019
155.344  1.37212e-019
156.366  1.3727e-019
157.388  1.37318e-019
158.41  1.37355e-019
159.432  1.37381e-019
160.454  1.37396e-019
161.476  1.374e-019
162.498  1.37393e-019
163.52  1.37375e-019
164.542  1.37345e-019
165.564  1.37304e-019
166.586  1.37252e-019
167.608  1.37188e-019
168.63  1.37113e-019
169.652  1.37026e-019
170.674  1.36927e-019
171.696  1.36816e-019
172.718  1.36693e-019
173.74  1.36558e-019
174.762  1.36411e-019
175.784  1.36251e-019
176.806  1.36079e-019
177.828  1.35895e-019
178.85  1.35698e-019
179.872  1.35488e-019
180.894  1.35266e-019
181.916  1.35031e-019
182.938  1.34782e-019
183.96  1.34521e-019
184.982  1.34247e-019
186.004  1.33959e-019
187.026  1.33658e-019
188.048  1.33343e-019
189.07  1.33015e-019
190.092  1.32673e-019
191.114  1.32318e-019
192.136  1.31949e-019
193.158  1.31565e-019
194.18  1.31168e-019
195.202  1.30757e-019
196.224  1.30331e-019
197.246  1.29891e-019
198.268  1.29436e-019
199.29  1.28967e-019
200.312  1.28484e-019
201.334  1.27985e-019
202.356  1.27472e-019
203.378  1.26944e-019
204.4  1.26401e-019
205.422  1.25843e-019
206.444  1.2527e-019
207.466  1.24682e-019
208.488  1.24078e-019
209.51  1.23459e-019
210.532  1.22825e-019
211.554  1.22175e-019
212.576  1.21509e-019
213.598  1.20828e-019
214.62  1.20131e-019
215.642  1.19418e-019
216.664  1.18689e-019
217.686  1.17945e-019
218.708  1.17184e-019
219.73  1.16408e-019
220.752  1.15615e-019
221.774  1.14806e-019
222.796  1.13982e-019
223.818  1.13141e-019
224.84  1.12284e-019
225.862  1.1141e-019
226.884  1.10521e-019
227.906  1.09615e-019
228.928  1.08693e-019
229.95  1.07755e-019
230.972  1.06801e-019
231.994  1.0583e-019
233.016  1.04844e-019
234.038  1.03841e-019
235.06  1.02822e-019
236.082  1.01787e-019
237.104  1.00737e-019
238.126  9.96699e-020
239.148  9.85873e-020
240.17  9.74891e-020
241.192  9.63752e-020
242.214  9.52458e-020
243.236  9.41009e-020
244.258  9.29408e-020
245.28  9.17655e-020
246.302  9.05752e-020
247.324  8.93701e-020
248.346  8.81503e-020
249.368  8.69161e-020
250.39  8.56676e-020
251.412  8.44051e-020
252.434  8.31287e-020
253.456  8.18388e-020
254.478  8.05356e-020
255.5  7.92194e-020
256.522  7.78905e-020
257.544  7.65492e-020
258.566  7.51957e-020
259.588  7.38306e-020
260.61  7.24542e-020
261.632  7.10667e-020
262.654  6.96687e-020
263.676  6.82606e-020
264.698  6.68429e-020
265.72  6.54159e-020
266.742  6.39803e-020
267.764  6.25364e-020
268.786  6.1085e-020
269.808  5.96265e-020
270.83  5.81615e-020
271.852  5.66907e-020
272.874  5.52147e-020
273.896  5.37342e-020
274.918  5.22499e-020
275.94  5.07625e-020
276.962  4.92728e-020
277.984  4.77816e-020
279.006  4.62897e-020
280.028  4.4798e-020
281.05  4.33074e-020
282.072  4.18188e-020
283.094  4.03332e-020
284.116  3.88516e-020
285.138  3.7375e-020
286.16  3.59045e-020
287.182  3.44412e-020
288.204  3.29863e-020
289.226  3.1541e-020
290.248  3.01065e-020
291.27  2.86841e-020
292.292  2.72751e-020
293.314  2.5881e-020
294.336  2.45031e-020
295.358  2.31429e-020
296.38  2.1802e-020
297.402  2.04819e-020
298.424  1.91842e-020
299.446  1.79107e-020
300.468  1.6663e-020
301.49  1.54429e-020
302.512  1.42523e-020
303.534  1.30931e-020
304.556  1.19672e-020
305.578  1.08767e-020
306.6  9.82367e-021
307.622  8.81021e-021
308.644  7.83857e-021
309.666  6.91101e-021
310.688  6.0299e-021
311.71  5.19764e-021
312.732  4.41672e-021
313.754  3.6897e-021
314.776  3.01922e-021
315.798  2.40797e-021
316.82  1.85876e-021
317.842  1.37442e-021
318.864  9.57908e-022
319.886  6.12235e-022
320.908  3.40494e-022
321.93  1.45856e-022
322.952  3.15562e-023
