1.022  1.05394e-019
2.044  1.05588e-019
3.066  1.0578e-019
4.088  1.05971e-019
5.11  1.0616e-019
6.132  1.06348e-019
7.154  1.06534e-019
8.176  1.06719e-019
9.198  1.06902e-019
10.22  1.07083e-019
11.242  1.07262e-019
12.264  1.07439e-019
13.286  1.07615e-019
14.308  1.07789e-019
15.33  1.07961e-019
16.352  1.08132e-019
17.374  1.08301e-019
18.396  1.08469e-019
19.418  1.08635e-019
20.44  1.088e-019
21.462  1.08964e-019
22.484  1.09127e-019
23.506  1.09289e-019
24.528  1.09449e-019
25.55  1.09608e-019
26.572  1.09767e-019
27.594  1.09924e-019
28.616  1.1008e-019
29.638  1.10235e-019
30.66  1.10388e-019
31.682  1.10541e-019
32.704  1.10692e-019
33.726  1.10843e-019
34.748  1.10992e-019
35.77  1.1114e-019
36.792  1.11286e-019
37.814  1.11431e-019
38.836  1.11575e-019
39.858  1.11718e-019
40.88  1.11859e-019
41.902  1.11999e-019
42.924  1.12137e-019
43.946  1.12274e-019
44.968  1.12409e-019
45.99  1.12543e-019
47.012  1.12675e-019
48.034  1.12805e-019
49.056  1.12934e-019
50.078  1.13061e-019
51.1  1.13186e-019
52.122  1.13309e-019
53.144  1.1343e-019
54.166  1.13549e-019
55.188  1.13667e-019
56.21  1.13782e-019
57.232  1.13895e-019
58.254  1.14006e-019
59.276  1.14115e-019
60.298  1.14222e-019
61.32  1.14326e-019
62.342  1.14428e-019
63.364  1.14528e-019
64.386  1.14625e-019
65.408  1.1472e-019
66.43  1.14812e-019
67.452  1.14902e-019
68.474  1.1499e-019
69.496  1.15074e-019
70.518  1.15156e-019
71.54  1.15236e-019
72.562  1.15312e-019
73.584  1.15386e-019
74.606  1.15458e-019
75.628  1.15526e-019
76.65  1.15591e-019
77.672  1.15654e-019
78.694  1.15713e-019
79.716  1.1577e-019
80.738  1.15823e-019
81.76  1.15874e-019
82.782  1.15921e-019
83.804  1.15965e-019
84.826  1.16006e-019
85.848  1.16044e-019
86.87  1.16079e-019
87.892  1.1611e-019
88.914  1.16138e-019
89.936  1.16163e-019
90.958  1.16184e-019
91.98  1.16202e-019
93.002  1.16216e-019
94.024  1.16227e-019
95.046  1.16234e-019
96.068  1.16238e-019
97.09  1.16239e-019
98.112  1.16235e-019
99.134  1.16228e-019
100.156  1.16218e-019
101.178  1.16204e-019
102.2  1.16186e-019
103.222  1.16164e-019
104.244  1.16138e-019
105.266  1.16109e-019
106.288  1.16076e-019
107.31  1.16039e-019
108.332  1.15998e-019
109.354  1.15953e-019
110.376  1.15904e-019
111.398  1.15851e-019
112.42  1.15794e-019
113.442  1.15733e-019
114.464  1.15668e-019
115.486  1.15599e-019
116.508  1.15526e-019
117.53  1.15449e-019
118.552  1.15367e-019
119.574  1.15281e-019
120.596  1.15191e-019
121.618  1.15097e-019
122.64  1.14998e-019
123.662  1.14896e-019
124.684  1.14788e-019
125.706  1.14677e-019
126.728  1.14561e-019
127.75  1.1444e-019
128.772  1.14316e-019
129.794  1.14186e-019
130.816  1.14052e-019
131.838  1.13914e-019
132.86  1.13771e-019
133.882  1.13623e-019
134.904  1.13471e-019
135.926  1.13314e-019
136.948  1.13153e-019
137.97  1.12987e-019
138.992  1.12816e-019
140.014  1.1264e-019
141.036  1.12459e-019
142.058  1.12274e-019
143.08  1.12084e-019
144.102  1.11889e-019
145.124  1.11689e-019
146.146  1.11484e-019
147.168  1.11274e-019
148.19  1.11059e-019
149.212  1.10839e-019
150.234  1.10614e-019
151.256  1.10384e-019
152.278  1.10148e-019
153.3  1.09908e-019
154.322  1.09662e-019
155.344  1.09411e-019
156.366  1.09155e-019
157.388  1.08893e-019
158.41  1.08627e-019
159.432  1.08354e-019
160.454  1.08077e-019
161.476  1.07794e-019
162.498  1.07505e-019
163.52  1.07211e-019
164.542  1.06911e-019
165.564  1.06606e-019
166.586  1.06295e-019
167.608  1.05978e-019
168.63  1.05656e-019
169.652  1.05328e-019
170.674  1.04994e-019
171.696  1.04654e-019
172.718  1.04309e-019
173.74  1.03957e-019
174.762  1.036e-019
175.784  1.03236e-019
176.806  1.02867e-019
177.828  1.02491e-019
178.85  1.02109e-019
179.872  1.01721e-019
180.894  1.01327e-019
181.916  1.00927e-019
182.938  1.0052e-019
183.96  1.00107e-019
184.982  9.96871e-020
186.004  9.92611e-020
187.026  9.88286e-020
188.048  9.83895e-020
189.07  9.79438e-020
190.092  9.74915e-020
191.114  9.70325e-020
192.136  9.65668e-020
193.158  9.60943e-020
194.18  9.56149e-020
195.202  9.51287e-020
196.224  9.46356e-020
197.246  9.41354e-020
198.268  9.36283e-020
199.29  9.31141e-020
200.312  9.25928e-020
201.334  9.20643e-020
202.356  9.15286e-020
203.378  9.09856e-020
204.4  9.04354e-020
205.422  8.98778e-020
206.444  8.93129e-020
207.466  8.87405e-020
208.488  8.81607e-020
209.51  8.75733e-020
210.532  8.69784e-020
211.554  8.63759e-020
212.576  8.57658e-020
213.598  8.5148e-020
214.62  8.45226e-020
215.642  8.38894e-020
216.664  8.32484e-020
217.686  8.25997e-020
218.708  8.19431e-020
219.73  8.12787e-020
220.752  8.06064e-020
221.774  7.99262e-020
222.796  7.92381e-020
223.818  7.85421e-020
224.84  7.78381e-020
225.862  7.71262e-020
226.884  7.64063e-020
227.906  7.56784e-020
228.928  7.49425e-020
229.95  7.41987e-020
230.972  7.34469e-020
231.994  7.26871e-020
233.016  7.19193e-020
234.038  7.11437e-020
235.06  7.03601e-020
236.082  6.95686e-020
237.104  6.87692e-020
238.126  6.7962e-020
239.148  6.71471e-020
240.17  6.63243e-020
241.192  6.54939e-020
242.214  6.46558e-020
243.236  6.38102e-020
244.258  6.2957e-020
245.28  6.20964e-020
246.302  6.12285e-020
247.324  6.03533e-020
248.346  5.9471e-020
249.368  5.85815e-020
250.39  5.76852e-020
251.412  5.6782e-020
252.434  5.58721e-020
253.456  5.49557e-020
254.478  5.40328e-020
255.5  5.31037e-020
256.522  5.21686e-020
257.544  5.12275e-020
258.566  5.02807e-020
259.588  4.93285e-020
260.61  4.83709e-020
261.632  4.74082e-020
262.654  4.64408e-020
263.676  4.54687e-020
264.698  4.44923e-020
265.72  4.35119e-020
266.742  4.25278e-020
267.764  4.15402e-020
268.786  4.05494e-020
269.808  3.95559e-020
270.83  3.856e-020
271.852  3.75619e-020
272.874  3.65623e-020
273.896  3.55613e-020
274.918  3.45595e-020
275.94  3.35573e-020
276.962  3.25551e-020
277.984  3.15534e-020
279.006  3.05528e-020
280.028  2.95538e-020
281.05  2.85568e-020
282.072  2.75625e-020
283.094  2.65715e-020
284.116  2.55843e-020
285.138  2.46016e-020
286.16  2.36241e-020
287.182  2.26524e-020
288.204  2.16873e-020
289.226  2.07295e-020
290.248  1.97797e-020
291.27  1.88388e-020
292.292  1.79077e-020
293.314  1.6987e-020
294.336  1.60779e-020
295.358  1.5181e-020
296.38  1.42975e-020
297.402  1.34283e-020
298.424  1.25744e-020
299.446  1.17368e-020
300.468  1.09168e-020
301.49  1.01153e-020
302.512  9.33357e-021
303.534  8.5728e-021
304.556  7.83424e-021
305.578  7.11917e-021
306.6  6.42892e-021
307.622  5.76486e-021
308.644  5.1284e-021
309.666  4.521e-021
310.688  3.94416e-021
311.71  3.39944e-021
312.732  2.88844e-021
313.754  2.4128e-021
314.776  1.97422e-021
315.798  1.57445e-021
316.82  1.21528e-021
317.842  8.98584e-022
318.864  6.26255e-022
319.886  4.00256e-022
320.908  2.226e-022
321.93  9.53546e-023
322.952  2.06303e-023
