1.022  6.25226e-020
2.044  6.2808e-020
3.066  6.30917e-020
4.088  6.33738e-020
5.11  6.36541e-020
6.132  6.39325e-020
7.154  6.42091e-020
8.176  6.44837e-020
9.198  6.47564e-020
10.22  6.50269e-020
11.242  6.52955e-020
12.264  6.55621e-020
13.286  6.58267e-020
14.308  6.60894e-020
15.33  6.63501e-020
16.352  6.66091e-020
17.374  6.68662e-020
18.396  6.71216e-020
19.418  6.73752e-020
20.44  6.76272e-020
21.462  6.78775e-020
22.484  6.81262e-020
23.506  6.83733e-020
24.528  6.86188e-020
25.55  6.88627e-020
26.572  6.91051e-020
27.594  6.93459e-020
28.616  6.95852e-020
29.638  6.98229e-020
30.66  7.00591e-020
31.682  7.02937e-020
32.704  7.05267e-020
33.726  7.07582e-020
34.748  7.09881e-020
35.77  7.12164e-020
36.792  7.1443e-020
37.814  7.1668e-020
38.836  7.18914e-020
39.858  7.21131e-020
40.88  7.23331e-020
41.902  7.25513e-020
42.924  7.27678e-020
43.946  7.29826e-020
44.968  7.31955e-020
45.99  7.34066e-020
47.012  7.36159e-020
48.034  7.38233e-020
49.056  7.40288e-020
50.078  7.42323e-020
51.1  7.44339e-020
52.122  7.46335e-020
53.144  7.48311e-020
54.166  7.50267e-020
55.188  7.52201e-020
56.21  7.54115e-020
57.232  7.56007e-020
58.254  7.57878e-020
59.276  7.59727e-020
60.298  7.61554e-020
61.32  7.63358e-020
62.342  7.6514e-020
63.364  7.66898e-020
64.386  7.68633e-020
65.408  7.70345e-020
66.43  7.72033e-020
67.452  7.73696e-020
68.474  7.75336e-020
69.496  7.7695e-020
70.518  7.7854e-020
71.54  7.80104e-020
72.562  7.81642e-020
73.584  7.83155e-020
74.606  7.84642e-020
75.628  7.86103e-020
76.65  7.87536e-020
77.672  7.88943e-020
78.694  7.90323e-020
79.716  7.91676e-020
80.738  7.93001e-020
81.76  7.94297e-020
82.782  7.95566e-020
83.804  7.96806e-020
84.826  7.98018e-020
85.848  7.99201e-020
86.87  8.00354e-020
87.892  8.01478e-020
88.914  8.02573e-020
89.936  8.03637e-020
90.958  8.04672e-020
91.98  8.05676e-020
93.002  8.06649e-020
94.024  8.07592e-020
95.046  8.08503e-020
96.068  8.09383e-020
97.09  8.10232e-020
98.112  8.11049e-020
99.134  8.11833e-020
100.156  8.12586e-020
101.178  8.13306e-020
102.2  8.13993e-020
103.222  8.14648e-020
104.244  8.15269e-020
105.266  8.15857e-020
106.288  8.16411e-020
107.31  8.16932e-020
108.332  8.17418e-020
109.354  8.17871e-020
110.376  8.18288e-020
111.398  8.18672e-020
112.42  8.1902e-020
113.442  8.19333e-020
114.464  8.19611e-020
115.486  8.19853e-020
116.508  8.2006e-020
117.53  8.2023e-020
118.552  8.20365e-020
119.574  8.20463e-020
120.596  8.20524e-020
121.618  8.20548e-020
122.64  8.20536e-020
123.662  8.20486e-020
124.684  8.20399e-020
125.706  8.20274e-020
126.728  8.20111e-020
127.75  8.1991e-020
128.772  8.1967e-020
129.794  8.19392e-020
130.816  8.19075e-020
131.838  8.18719e-020
132.86  8.18324e-020
133.882  8.17889e-020
134.904  8.17415e-020
135.926  8.169e-020
136.948  8.16346e-020
137.97  8.15751e-020
138.992  8.15115e-020
140.014  8.14438e-020
141.036  8.13721e-020
142.058  8.12962e-020
143.08  8.12161e-020
144.102  8.11318e-020
145.124  8.10433e-020
146.146  8.09506e-020
147.168  8.08537e-020
148.19  8.07524e-020
149.212  8.06468e-020
150.234  8.05369e-020
151.256  8.04226e-020
152.278  8.03039e-020
153.3  8.01808e-020
154.322  8.00533e-020
155.344  7.99212e-020
156.366  7.97847e-020
157.388  7.96436e-020
158.41  7.9498e-020
159.432  7.93478e-020
160.454  7.91929e-020
161.476  7.90334e-020
162.498  7.88693e-020
163.52  7.87004e-020
164.542  7.85267e-020
165.564  7.83483e-020
166.586  7.81651e-020
167.608  7.79771e-020
168.63  7.77842e-020
169.652  7.75863e-020
170.674  7.73836e-020
171.696  7.71759e-020
172.718  7.69632e-020
173.74  7.67454e-020
174.762  7.65226e-020
175.784  7.62947e-020
176.806  7.60616e-020
177.828  7.58234e-020
178.85  7.55799e-020
179.872  7.53313e-020
180.894  7.50773e-020
181.916  7.4818e-020
182.938  7.45534e-020
183.96  7.42834e-020
184.982  7.4008e-020
186.004  7.37271e-020
187.026  7.34407e-020
188.048  7.31488e-020
189.07  7.28513e-020
190.092  7.25482e-020
191.114  7.22395e-020
192.136  7.1925e-020
193.158  7.16049e-020
194.18  7.1279e-020
195.202  7.09473e-020
196.224  7.06098e-020
197.246  7.02664e-020
198.268  6.99172e-020
199.29  6.9562e-020
200.312  6.92008e-020
201.334  6.88336e-020
202.356  6.84604e-020
203.378  6.80811e-020
204.4  6.76957e-020
205.422  6.73041e-020
206.444  6.69064e-020
207.466  6.65024e-020
208.488  6.60922e-020
209.51  6.56758e-020
210.532  6.5253e-020
211.554  6.48239e-020
212.576  6.43885e-020
213.598  6.39467e-020
214.62  6.34985e-020
215.642  6.30438e-020
216.664  6.25827e-020
217.686  6.21151e-020
218.708  6.1641e-020
219.73  6.11604e-020
220.752  6.06733e-020
221.774  6.01796e-020
222.796  5.96793e-020
223.818  5.91725e-020
224.84  5.86591e-020
225.862  5.81391e-020
226.884  5.76126e-020
227.906  5.70794e-020
228.928  5.65397e-020
229.95  5.59933e-020
230.972  5.54404e-020
231.994  5.48809e-020
233.016  5.43149e-020
234.038  5.37423e-020
235.06  5.31632e-020
236.082  5.25776e-020
237.104  5.19855e-020
238.126  5.1387e-020
239.148  5.0782e-020
240.17  5.01707e-020
241.192  4.95531e-020
242.214  4.89292e-020
243.236  4.82991e-020
244.258  4.76628e-020
245.28  4.70204e-020
246.302  4.6372e-020
247.324  4.57177e-020
248.346  4.50574e-020
249.368  4.43914e-020
250.39  4.37197e-020
251.412  4.30423e-020
252.434  4.23595e-020
253.456  4.16713e-020
254.478  4.09779e-020
255.5  4.02793e-020
256.522  3.95757e-020
257.544  3.88673e-020
258.566  3.81542e-020
259.588  3.74365e-020
260.61  3.67145e-020
261.632  3.59883e-020
262.654  3.52581e-020
263.676  3.45241e-020
264.698  3.37865e-020
265.72  3.30455e-020
266.742  3.23014e-020
267.764  3.15544e-020
268.786  3.08048e-020
269.808  3.00528e-020
270.83  2.92986e-020
271.852  2.85427e-020
272.874  2.77852e-020
273.896  2.70266e-020
274.918  2.62671e-020
275.94  2.55071e-020
276.962  2.47469e-020
277.984  2.39869e-020
279.006  2.32276e-020
280.028  2.24693e-020
281.05  2.17123e-020
282.072  2.09573e-020
283.094  2.02046e-020
284.116  1.94547e-020
285.138  1.87081e-020
286.16  1.79653e-020
287.182  1.72269e-020
288.204  1.64933e-020
289.226  1.57652e-020
290.248  1.50432e-020
291.27  1.43278e-020
292.292  1.36198e-020
293.314  1.29197e-020
294.336  1.22283e-020
295.358  1.15462e-020
296.38  1.08742e-020
297.402  1.02131e-020
298.424  9.56354e-021
299.446  8.92645e-021
300.468  8.30263e-021
301.49  7.69295e-021
302.512  7.09829e-021
303.534  6.51957e-021
304.556  5.95775e-021
305.578  5.41381e-021
306.6  4.88876e-021
307.622  4.38364e-021
308.644  3.89953e-021
309.666  3.43754e-021
310.688  2.99882e-021
311.71  2.58455e-021
312.732  2.19594e-021
313.754  1.83424e-021
314.776  1.50075e-021
315.798  1.19679e-021
316.82  9.23727e-022
317.842  6.82967e-022
318.864  4.75955e-022
319.886  3.04176e-022
320.908  1.69155e-022
321.93  7.24556e-023
322.952  1.5675e-023
