1.022  3.6068e-020
2.044  3.63748e-020
3.066  3.66801e-020
4.088  3.69839e-020
5.11  3.72861e-020
6.132  3.75868e-020
7.154  3.78857e-020
8.176  3.8183e-020
9.198  3.84786e-020
10.22  3.87724e-020
11.242  3.90645e-020
12.264  3.93549e-020
13.286  3.96436e-020
14.308  3.99305e-020
15.33  4.02158e-020
16.352  4.04995e-020
17.374  4.07815e-020
18.396  4.10619e-020
19.418  4.13407e-020
20.44  4.1618e-020
21.462  4.18937e-020
22.484  4.21679e-020
23.506  4.24406e-020
24.528  4.27118e-020
25.55  4.29815e-020
26.572  4.32497e-020
27.594  4.35164e-020
28.616  4.37817e-020
29.638  4.40454e-020
30.66  4.43077e-020
31.682  4.45685e-020
32.704  4.48277e-020
33.726  4.50855e-020
34.748  4.53417e-020
35.77  4.55965e-020
36.792  4.58496e-020
37.814  4.61013e-020
38.836  4.63514e-020
39.858  4.65998e-020
40.88  4.68467e-020
41.902  4.7092e-020
42.924  4.73357e-020
43.946  4.75777e-020
44.968  4.78181e-020
45.99  4.80567e-020
47.012  4.82937e-020
48.034  4.8529e-020
49.056  4.87625e-020
50.078  4.89943e-020
51.1  4.92243e-020
52.122  4.94525e-020
53.144  4.96788e-020
54.166  4.99034e-020
55.188  5.01261e-020
56.21  5.03469e-020
57.232  5.05658e-020
58.254  5.07828e-020
59.276  5.09978e-020
60.298  5.12109e-020
61.32  5.1422e-020
62.342  5.16311e-020
63.364  5.18381e-020
64.386  5.20432e-020
65.408  5.22461e-020
66.43  5.2447e-020
67.452  5.26457e-020
68.474  5.28423e-020
69.496  5.30368e-020
70.518  5.32291e-020
71.54  5.34192e-020
72.562  5.3607e-020
73.584  5.37927e-020
74.606  5.3976e-020
75.628  5.41571e-020
76.65  5.43359e-020
77.672  5.45124e-020
78.694  5.46866e-020
79.716  5.48583e-020
80.738  5.50277e-020
81.76  5.51947e-020
82.782  5.53593e-020
83.804  5.55214e-020
84.826  5.56811e-020
85.848  5.58383e-020
86.87  5.5993e-020
87.892  5.61451e-020
88.914  5.62947e-020
89.936  5.64418e-020
90.958  5.65863e-020
91.98  5.67282e-020
93.002  5.68674e-020
94.024  5.70041e-020
95.046  5.7138e-020
96.068  5.72693e-020
97.09  5.73979e-020
98.112  5.75238e-020
99.134  5.76469e-020
100.156  5.77673e-020
101.178  5.7885e-020
102.2  5.79998e-020
103.222  5.81118e-020
104.244  5.8221e-020
105.266  5.83274e-020
106.288  5.84309e-020
107.31  5.85315e-020
108.332  5.86292e-020
109.354  5.8724e-020
110.376  5.88159e-020
111.398  5.89048e-020
112.42  5.89907e-020
113.442  5.90736e-020
114.464  5.91535e-020
115.486  5.92304e-020
116.508  5.93043e-020
117.53  5.9375e-020
118.552  5.94427e-020
119.574  5.95073e-020
120.596  5.95687e-020
121.618  5.96271e-020
122.64  5.96822e-020
123.662  5.97342e-020
124.684  5.9783e-020
125.706  5.98285e-020
126.728  5.98708e-020
127.75  5.99099e-020
128.772  5.99457e-020
129.794  5.99781e-020
130.816  6.00073e-020
131.838  6.00331e-020
132.86  6.00556e-020
133.882  6.00747e-020
134.904  6.00904e-020
135.926  6.01027e-020
136.948  6.01116e-020
137.97  6.0117e-020
138.992  6.01189e-020
140.014  6.01173e-020
141.036  6.01123e-020
142.058  6.01036e-020
143.08  6.00914e-020
144.102  6.00757e-020
145.124  6.00563e-020
146.146  6.00333e-020
147.168  6.00066e-020
148.19  5.99763e-020
149.212  5.99422e-020
150.234  5.99045e-020
151.256  5.9863e-020
152.278  5.98178e-020
153.3  5.97687e-020
154.322  5.97159e-020
155.344  5.96592e-020
156.366  5.95986e-020
157.388  5.95342e-020
158.41  5.94658e-020
159.432  5.93935e-020
160.454  5.93173e-020
161.476  5.92371e-020
162.498  5.91528e-020
163.52  5.90645e-020
164.542  5.89722e-020
165.564  5.88757e-020
166.586  5.87752e-020
167.608  5.86705e-020
168.63  5.85616e-020
169.652  5.84485e-020
170.674  5.83312e-020
171.696  5.82096e-020
172.718  5.80838e-020
173.74  5.79536e-020
174.762  5.78191e-020
175.784  5.76802e-020
176.806  5.75369e-020
177.828  5.73892e-020
178.85  5.7237e-020
179.872  5.70804e-020
180.894  5.69192e-020
181.916  5.67535e-020
182.938  5.65832e-020
183.96  5.64082e-020
184.982  5.62287e-020
186.004  5.60444e-020
187.026  5.58555e-020
188.048  5.56618e-020
189.07  5.54634e-020
190.092  5.52602e-020
191.114  5.50522e-020
192.136  5.48393e-020
193.158  5.46215e-020
194.18  5.43988e-020
195.202  5.41712e-020
196.224  5.39386e-020
197.246  5.3701e-020
198.268  5.34584e-020
199.29  5.32107e-020
200.312  5.29579e-020
201.334  5.27e-020
202.356  5.2437e-020
203.378  5.21688e-020
204.4  5.18954e-020
205.422  5.16168e-020
206.444  5.13329e-020
207.466  5.10437e-020
208.488  5.07493e-020
209.51  5.04495e-020
210.532  5.01443e-020
211.554  4.98338e-020
212.576  4.95179e-020
213.598  4.91966e-020
214.62  4.88699e-020
215.642  4.85377e-020
216.664  4.82001e-020
217.686  4.78569e-020
218.708  4.75083e-020
219.73  4.71541e-020
220.752  4.67945e-020
221.774  4.64292e-020
222.796  4.60585e-020
223.818  4.56822e-020
224.84  4.53003e-020
225.862  4.49129e-020
226.884  4.452e-020
227.906  4.41214e-020
228.928  4.37173e-020
229.95  4.33077e-020
230.972  4.28925e-020
231.994  4.24718e-020
233.016  4.20456e-020
234.038  4.16138e-020
235.06  4.11766e-020
236.082  4.07339e-020
237.104  4.02857e-020
238.126  3.98322e-020
239.148  3.93732e-020
240.17  3.89089e-020
241.192  3.84393e-020
242.214  3.79644e-020
243.236  3.74843e-020
244.258  3.6999e-020
245.28  3.65085e-020
246.302  3.6013e-020
247.324  3.55125e-020
248.346  3.50071e-020
249.368  3.44968e-020
250.39  3.39817e-020
251.412  3.34619e-020
252.434  3.29375e-020
253.456  3.24085e-020
254.478  3.18751e-020
255.5  3.13374e-020
256.522  3.07955e-020
257.544  3.02495e-020
258.566  2.96996e-020
259.588  2.91458e-020
260.61  2.85883e-020
261.632  2.80272e-020
262.654  2.74627e-020
263.676  2.6895e-020
264.698  2.63243e-020
265.72  2.57506e-020
266.742  2.51742e-020
267.764  2.45954e-020
268.786  2.40142e-020
269.808  2.34309e-020
270.83  2.28457e-020
271.852  2.2259e-020
272.874  2.16708e-020
273.896  2.10814e-020
274.918  2.04912e-020
275.94  1.99004e-020
276.962  1.93093e-020
277.984  1.87181e-020
279.006  1.81273e-020
280.028  1.75371e-020
281.05  1.69478e-020
282.072  1.63598e-020
283.094  1.57735e-020
284.116  1.51893e-020
285.138  1.46075e-020
286.16  1.40285e-020
287.182  1.34528e-020
288.204  1.28808e-020
289.226  1.23129e-020
290.248  1.17497e-020
291.27  1.11916e-020
292.292  1.06391e-020
293.314  1.00927e-020
294.336  9.55306e-021
295.358  9.02061e-021
296.38  8.49597e-021
297.402  7.97974e-021
298.424  7.47252e-021
299.446  6.97497e-021
300.468  6.48774e-021
301.49  6.0115e-021
302.512  5.54696e-021
303.534  5.09485e-021
304.556  4.65591e-021
305.578  4.2309e-021
306.6  3.82064e-021
307.622  3.42593e-021
308.644  3.04762e-021
309.666  2.68659e-021
310.688  2.34373e-021
311.71  2.01997e-021
312.732  1.71625e-021
313.754  1.43357e-021
314.776  1.17292e-021
315.798  9.35359e-022
316.82  7.21942e-022
317.842  5.33772e-022
318.864  3.71979e-022
319.886  2.37724e-022
320.908  1.32199e-022
321.93  5.6625e-023
322.952  1.225e-023
