1.022  2.83654e-020
2.044  2.86676e-020
3.066  2.89685e-020
4.088  2.92681e-020
5.11  2.95663e-020
6.132  2.98631e-020
7.154  3.01584e-020
8.176  3.04522e-020
9.198  3.07446e-020
10.22  3.10354e-020
11.242  3.13247e-020
12.264  3.16124e-020
13.286  3.18987e-020
14.308  3.21834e-020
15.33  3.24666e-020
16.352  3.27484e-020
17.374  3.30287e-020
18.396  3.33076e-020
19.418  3.3585e-020
20.44  3.3861e-020
21.462  3.41356e-020
22.484  3.44089e-020
23.506  3.46807e-020
24.528  3.49512e-020
25.55  3.52204e-020
26.572  3.54881e-020
27.594  3.57545e-020
28.616  3.60195e-020
29.638  3.62832e-020
30.66  3.65455e-020
31.682  3.68064e-020
32.704  3.70659e-020
33.726  3.73241e-020
34.748  3.75808e-020
35.77  3.78362e-020
36.792  3.80901e-020
37.814  3.83426e-020
38.836  3.85936e-020
39.858  3.88432e-020
40.88  3.90913e-020
41.902  3.9338e-020
42.924  3.95831e-020
43.946  3.98267e-020
44.968  4.00688e-020
45.99  4.03093e-020
47.012  4.05482e-020
48.034  4.07856e-020
49.056  4.10214e-020
50.078  4.12555e-020
51.1  4.1488e-020
52.122  4.17189e-020
53.144  4.1948e-020
54.166  4.21755e-020
55.188  4.24012e-020
56.21  4.26253e-020
57.232  4.28475e-020
58.254  4.3068e-020
59.276  4.32867e-020
60.298  4.35036e-020
61.32  4.37187e-020
62.342  4.39319e-020
63.364  4.41432e-020
64.386  4.43527e-020
65.408  4.45602e-020
66.43  4.47658e-020
67.452  4.49695e-020
68.474  4.51711e-020
69.496  4.53708e-020
70.518  4.55685e-020
71.54  4.57642e-020
72.562  4.59578e-020
73.584  4.61494e-020
74.606  4.63388e-020
75.628  4.65262e-020
76.65  4.67114e-020
77.672  4.68945e-020
78.694  4.70754e-020
79.716  4.72541e-020
80.738  4.74307e-020
81.76  4.7605e-020
82.782  4.77771e-020
83.804  4.79469e-020
84.826  4.81144e-020
85.848  4.82797e-020
86.87  4.84426e-020
87.892  4.86032e-020
88.914  4.87614e-020
89.936  4.89173e-020
90.958  4.90708e-020
91.98  4.92219e-020
93.002  4.93705e-020
94.024  4.95167e-020
95.046  4.96604e-020
96.068  4.98017e-020
97.09  4.99405e-020
98.112  5.00767e-020
99.134  5.02104e-020
100.156  5.03416e-020
101.178  5.04702e-020
102.2  5.05961e-020
103.222  5.07195e-020
104.244  5.08403e-020
105.266  5.09584e-020
106.288  5.10739e-020
107.31  5.11867e-020
108.332  5.12968e-020
109.354  5.14041e-020
110.376  5.15088e-020
111.398  5.16107e-020
112.42  5.17098e-020
113.442  5.18061e-020
114.464  5.18997e-020
115.486  5.19904e-020
116.508  5.20783e-020
117.53  5.21633e-020
118.552  5.22454e-020
119.574  5.23247e-020
120.596  5.2401e-020
121.618  5.24744e-020
122.64  5.25449e-020
123.662  5.26124e-020
124.684  5.26769e-020
125.706  5.27384e-020
126.728  5.27969e-020
127.75  5.28524e-020
128.772  5.29048e-020
129.794  5.29541e-020
130.816  5.30003e-020
131.838  5.30434e-020
132.86  5.30834e-020
133.882  5.31202e-020
134.904  5.31539e-020
135.926  5.31843e-020
136.948  5.32116e-020
137.97  5.32356e-020
138.992  5.32563e-020
140.014  5.32738e-020
141.036  5.3288e-020
142.058  5.32989e-020
143.08  5.33064e-020
144.102  5.33106e-020
145.124  5.33114e-020
146.146  5.33088e-020
147.168  5.33028e-020
148.19  5.32934e-020
149.212  5.32805e-020
150.234  5.32641e-020
151.256  5.32442e-020
152.278  5.32208e-020
153.3  5.31938e-020
154.322  5.31632e-020
155.344  5.31291e-020
156.366  5.30913e-020
157.388  5.30499e-020
158.41  5.30048e-020
159.432  5.2956e-020
160.454  5.29035e-020
161.476  5.28473e-020
162.498  5.27873e-020
163.52  5.27235e-020
164.542  5.26559e-020
165.564  5.25844e-020
166.586  5.25091e-020
167.608  5.24299e-020
168.63  5.23467e-020
169.652  5.22596e-020
170.674  5.21686e-020
171.696  5.20735e-020
172.718  5.19745e-020
173.74  5.18713e-020
174.762  5.17641e-020
175.784  5.16528e-020
176.806  5.15374e-020
177.828  5.14177e-020
178.85  5.12939e-020
179.872  5.11659e-020
180.894  5.10337e-020
181.916  5.08971e-020
182.938  5.07563e-020
183.96  5.06111e-020
184.982  5.04616e-020
186.004  5.03077e-020
187.026  5.01493e-020
188.048  4.99865e-020
189.07  4.98193e-020
190.092  4.96475e-020
191.114  4.94713e-020
192.136  4.92904e-020
193.158  4.9105e-020
194.18  4.8915e-020
195.202  4.87203e-020
196.224  4.8521e-020
197.246  4.83169e-020
198.268  4.81082e-020
199.29  4.78947e-020
200.312  4.76764e-020
201.334  4.74533e-020
202.356  4.72254e-020
203.378  4.69926e-020
204.4  4.6755e-020
205.422  4.65124e-020
206.444  4.6265e-020
207.466  4.60125e-020
208.488  4.57551e-020
209.51  4.54927e-020
210.532  4.52253e-020
211.554  4.49529e-020
212.576  4.46754e-020
213.598  4.43928e-020
214.62  4.41052e-020
215.642  4.38124e-020
216.664  4.35145e-020
217.686  4.32115e-020
218.708  4.29033e-020
219.73  4.25899e-020
220.752  4.22714e-020
221.774  4.19477e-020
222.796  4.16188e-020
223.818  4.12847e-020
224.84  4.09454e-020
225.862  4.06009e-020
226.884  4.02512e-020
227.906  3.98963e-020
228.928  3.95361e-020
229.95  3.91708e-020
230.972  3.88003e-020
231.994  3.84246e-020
233.016  3.80438e-020
234.038  3.76578e-020
235.06  3.72667e-020
236.082  3.68704e-020
237.104  3.64691e-020
238.126  3.60626e-020
239.148  3.56512e-020
240.17  3.52347e-020
241.192  3.48133e-020
242.214  3.43869e-020
243.236  3.39557e-020
244.258  3.35196e-020
245.28  3.30787e-020
246.302  3.2633e-020
247.324  3.21827e-020
248.346  3.17278e-020
249.368  3.12682e-020
250.39  3.08043e-020
251.412  3.03359e-020
252.434  2.98632e-020
253.456  2.93862e-020
254.478  2.89051e-020
255.5  2.84199e-020
256.522  2.79308e-020
257.544  2.74379e-020
258.566  2.69412e-020
259.588  2.64409e-020
260.61  2.59372e-020
261.632  2.54301e-020
262.654  2.49198e-020
263.676  2.44064e-020
264.698  2.38902e-020
265.72  2.33712e-020
266.742  2.28497e-020
267.764  2.23257e-020
268.786  2.17996e-020
269.808  2.12715e-020
270.83  2.07415e-020
271.852  2.021e-020
272.874  1.96772e-020
273.896  1.91432e-020
274.918  1.86083e-020
275.94  1.80728e-020
276.962  1.75369e-020
277.984  1.70009e-020
279.006  1.64651e-020
280.028  1.59298e-020
281.05  1.53953e-020
282.072  1.48619e-020
283.094  1.433e-020
284.116  1.37998e-020
285.138  1.32718e-020
286.16  1.27463e-020
287.182  1.22238e-020
288.204  1.17045e-020
289.226  1.1189e-020
290.248  1.06776e-020
291.27  1.01708e-020
292.292  9.66901e-021
293.314  9.1728e-021
294.336  8.68261e-021
295.358  8.19895e-021
296.38  7.72235e-021
297.402  7.25335e-021
298.424  6.79251e-021
299.446  6.34043e-021
300.468  5.89769e-021
301.49  5.46492e-021
302.512  5.04275e-021
303.534  4.63186e-021
304.556  4.23291e-021
305.578  3.84661e-021
306.6  3.47369e-021
307.622  3.1149e-021
308.644  2.771e-021
309.666  2.44279e-021
310.688  2.13108e-021
311.71  1.83673e-021
312.732  1.5606e-021
313.754  1.30357e-021
314.776  1.06658e-021
315.798  8.50571e-022
316.82  6.5651e-022
317.842  4.85402e-022
318.864  3.38275e-022
319.886  2.16188e-022
320.908  1.20224e-022
321.93  5.14966e-023
322.952  1.11407e-023
