1.022  2.73548e-020
2.044  2.76559e-020
3.066  2.79556e-020
4.088  2.8254e-020
5.11  2.85511e-020
6.132  2.88468e-020
7.154  2.91411e-020
8.176  2.9434e-020
9.198  2.97253e-020
10.22  3.00152e-020
11.242  3.03036e-020
12.264  3.05904e-020
13.286  3.08758e-020
14.308  3.11598e-020
15.33  3.14422e-020
16.352  3.17232e-020
17.374  3.20028e-020
18.396  3.2281e-020
19.418  3.25577e-020
20.44  3.28331e-020
21.462  3.31071e-020
22.484  3.33798e-020
23.506  3.36511e-020
24.528  3.3921e-020
25.55  3.41896e-020
26.572  3.44569e-020
27.594  3.47228e-020
28.616  3.49873e-020
29.638  3.52506e-020
30.66  3.55124e-020
31.682  3.5773e-020
32.704  3.60321e-020
33.726  3.62899e-020
34.748  3.65463e-020
35.77  3.68014e-020
36.792  3.7055e-020
37.814  3.73072e-020
38.836  3.7558e-020
39.858  3.78074e-020
40.88  3.80553e-020
41.902  3.83017e-020
42.924  3.85467e-020
43.946  3.87901e-020
44.968  3.90321e-020
45.99  3.92725e-020
47.012  3.95114e-020
48.034  3.97487e-020
49.056  3.99844e-020
50.078  4.02185e-020
51.1  4.0451e-020
52.122  4.06819e-020
53.144  4.09111e-020
54.166  4.11387e-020
55.188  4.13645e-020
56.21  4.15887e-020
57.232  4.18111e-020
58.254  4.20318e-020
59.276  4.22506e-020
60.298  4.24678e-020
61.32  4.26831e-020
62.342  4.28965e-020
63.364  4.31082e-020
64.386  4.33179e-020
65.408  4.35258e-020
66.43  4.37318e-020
67.452  4.39358e-020
68.474  4.41379e-020
69.496  4.43381e-020
70.518  4.45362e-020
71.54  4.47324e-020
72.562  4.49265e-020
73.584  4.51186e-020
74.606  4.53086e-020
75.628  4.54966e-020
76.65  4.56825e-020
77.672  4.58662e-020
78.694  4.60478e-020
79.716  4.62273e-020
80.738  4.64045e-020
81.76  4.65796e-020
82.782  4.67525e-020
83.804  4.69231e-020
84.826  4.70915e-020
85.848  4.72576e-020
86.87  4.74214e-020
87.892  4.7583e-020
88.914  4.77422e-020
89.936  4.7899e-020
90.958  4.80535e-020
91.98  4.82056e-020
93.002  4.83554e-020
94.024  4.85027e-020
95.046  4.86475e-020
96.068  4.879e-020
97.09  4.89299e-020
98.112  4.90674e-020
99.134  4.92023e-020
100.156  4.93348e-020
101.178  4.94647e-020
102.2  4.9592e-020
103.222  4.97167e-020
104.244  4.98389e-020
105.266  4.99584e-020
106.288  5.00754e-020
107.31  5.01896e-020
108.332  5.03012e-020
109.354  5.04102e-020
110.376  5.05164e-020
111.398  5.06199e-020
112.42  5.07206e-020
113.442  5.08187e-020
114.464  5.09139e-020
115.486  5.10063e-020
116.508  5.1096e-020
117.53  5.11828e-020
118.552  5.12668e-020
119.574  5.13479e-020
120.596  5.14261e-020
121.618  5.15014e-020
122.64  5.15738e-020
123.662  5.16433e-020
124.684  5.17098e-020
125.706  5.17734e-020
126.728  5.1834e-020
127.75  5.18915e-020
128.772  5.19461e-020
129.794  5.19975e-020
130.816  5.2046e-020
131.838  5.20913e-020
132.86  5.21335e-020
133.882  5.21727e-020
134.904  5.22086e-020
135.926  5.22414e-020
136.948  5.22711e-020
137.97  5.22975e-020
138.992  5.23207e-020
140.014  5.23407e-020
141.036  5.23574e-020
142.058  5.23709e-020
143.08  5.2381e-020
144.102  5.23878e-020
145.124  5.23913e-020
146.146  5.23914e-020
147.168  5.23881e-020
148.19  5.23814e-020
149.212  5.23713e-020
150.234  5.23577e-020
151.256  5.23407e-020
152.278  5.23201e-020
153.3  5.22961e-020
154.322  5.22685e-020
155.344  5.22373e-020
156.366  5.22026e-020
157.388  5.21642e-020
158.41  5.21222e-020
159.432  5.20765e-020
160.454  5.20272e-020
161.476  5.19742e-020
162.498  5.19174e-020
163.52  5.18569e-020
164.542  5.17926e-020
165.564  5.17244e-020
166.586  5.16525e-020
167.608  5.15767e-020
168.63  5.1497e-020
169.652  5.14134e-020
170.674  5.13259e-020
171.696  5.12344e-020
172.718  5.11389e-020
173.74  5.10394e-020
174.762  5.09359e-020
175.784  5.08283e-020
176.806  5.07165e-020
177.828  5.06007e-020
178.85  5.04807e-020
179.872  5.03566e-020
180.894  5.02282e-020
181.916  5.00956e-020
182.938  4.99587e-020
183.96  4.98176e-020
184.982  4.96721e-020
186.004  4.95223e-020
187.026  4.93681e-020
188.048  4.92095e-020
189.07  4.90465e-020
190.092  4.8879e-020
191.114  4.8707e-020
192.136  4.85305e-020
193.158  4.83495e-020
194.18  4.81639e-020
195.202  4.79737e-020
196.224  4.77789e-020
197.246  4.75794e-020
198.268  4.73752e-020
199.29  4.71664e-020
200.312  4.69528e-020
201.334  4.67344e-020
202.356  4.65113e-020
203.378  4.62833e-020
204.4  4.60506e-020
205.422  4.58129e-020
206.444  4.55704e-020
207.466  4.5323e-020
208.488  4.50706e-020
209.51  4.48133e-020
210.532  4.45511e-020
211.554  4.42838e-020
212.576  4.40116e-020
213.598  4.37343e-020
214.62  4.34519e-020
215.642  4.31645e-020
216.664  4.28721e-020
217.686  4.25745e-020
218.708  4.22719e-020
219.73  4.19641e-020
220.752  4.16512e-020
221.774  4.13331e-020
222.796  4.101e-020
223.818  4.06816e-020
224.84  4.03482e-020
225.862  4.00095e-020
226.884  3.96657e-020
227.906  3.93168e-020
228.928  3.89627e-020
229.95  3.86034e-020
230.972  3.82391e-020
231.994  3.78695e-020
233.016  3.74949e-020
234.038  3.71152e-020
235.06  3.67304e-020
236.082  3.63405e-020
237.104  3.59455e-020
238.126  3.55456e-020
239.148  3.51406e-020
240.17  3.47307e-020
241.192  3.43159e-020
242.214  3.38962e-020
243.236  3.34716e-020
244.258  3.30423e-020
245.28  3.26082e-020
246.302  3.21694e-020
247.324  3.17259e-020
248.346  3.12779e-020
249.368  3.08254e-020
250.39  3.03684e-020
251.412  2.9907e-020
252.434  2.94414e-020
253.456  2.89716e-020
254.478  2.84976e-020
255.5  2.80197e-020
256.522  2.75378e-020
257.544  2.70522e-020
258.566  2.65628e-020
259.588  2.60699e-020
260.61  2.55735e-020
261.632  2.50738e-020
262.654  2.4571e-020
263.676  2.40651e-020
264.698  2.35563e-020
265.72  2.30448e-020
266.742  2.25308e-020
267.764  2.20144e-020
268.786  2.14959e-020
269.808  2.09753e-020
270.83  2.0453e-020
271.852  1.9929e-020
272.874  1.94038e-020
273.896  1.88774e-020
274.918  1.83501e-020
275.94  1.78221e-020
276.962  1.72938e-020
277.984  1.67654e-020
279.006  1.62372e-020
280.028  1.57094e-020
281.05  1.51824e-020
282.072  1.46565e-020
283.094  1.41321e-020
284.116  1.36093e-020
285.138  1.30887e-020
286.16  1.25706e-020
287.182  1.20553e-020
288.204  1.15433e-020
289.226  1.10349e-020
290.248  1.05306e-020
291.27  1.00308e-020
292.292  9.53606e-021
293.314  9.04672e-021
294.336  8.56332e-021
295.358  8.08635e-021
296.38  7.61634e-021
297.402  7.15382e-021
298.424  6.69934e-021
299.446  6.25349e-021
300.468  5.81685e-021
301.49  5.39004e-021
302.512  4.97368e-021
303.534  4.56843e-021
304.556  4.17497e-021
305.578  3.79398e-021
306.6  3.42617e-021
307.622  3.0723e-021
308.644  2.73311e-021
309.666  2.4094e-021
310.688  2.10197e-021
311.71  1.81164e-021
312.732  1.53929e-021
313.754  1.28578e-021
314.776  1.05203e-021
315.798  8.38965e-022
316.82  6.47554e-022
317.842  4.78782e-022
318.864  3.33663e-022
319.886  2.13241e-022
320.908  1.18586e-022
321.93  5.07949e-023
322.952  1.09889e-023
