1.022  1.18604e-020
2.044  1.21086e-020
3.066  1.23565e-020
4.088  1.26039e-020
5.11  1.28509e-020
6.132  1.30973e-020
7.154  1.33433e-020
8.176  1.35888e-020
9.198  1.38337e-020
10.22  1.4078e-020
11.242  1.43217e-020
12.264  1.45648e-020
13.286  1.48073e-020
14.308  1.50492e-020
15.33  1.52905e-020
16.352  1.55311e-020
17.374  1.57712e-020
18.396  1.60106e-020
19.418  1.62493e-020
20.44  1.64874e-020
21.462  1.67249e-020
22.484  1.69618e-020
23.506  1.71979e-020
24.528  1.74335e-020
25.55  1.76683e-020
26.572  1.79026e-020
27.594  1.81361e-020
28.616  1.83689e-020
29.638  1.8601e-020
30.66  1.88325e-020
31.682  1.90632e-020
32.704  1.92932e-020
33.726  1.95224e-020
34.748  1.97509e-020
35.77  1.99786e-020
36.792  2.02055e-020
37.814  2.04317e-020
38.836  2.0657e-020
39.858  2.08815e-020
40.88  2.11052e-020
41.902  2.1328e-020
42.924  2.15499e-020
43.946  2.17709e-020
44.968  2.19911e-020
45.99  2.22103e-020
47.012  2.24285e-020
48.034  2.26458e-020
49.056  2.28622e-020
50.078  2.30775e-020
51.1  2.32918e-020
52.122  2.35051e-020
53.144  2.37174e-020
54.166  2.39286e-020
55.188  2.41387e-020
56.21  2.43477e-020
57.232  2.45556e-020
58.254  2.47624e-020
59.276  2.4968e-020
60.298  2.51724e-020
61.32  2.53756e-020
62.342  2.55777e-020
63.364  2.57785e-020
64.386  2.5978e-020
65.408  2.61763e-020
66.43  2.63733e-020
67.452  2.6569e-020
68.474  2.67634e-020
69.496  2.69564e-020
70.518  2.71481e-020
71.54  2.73384e-020
72.562  2.75273e-020
73.584  2.77148e-020
74.606  2.79009e-020
75.628  2.80855e-020
76.65  2.82686e-020
77.672  2.84503e-020
78.694  2.86305e-020
79.716  2.88091e-020
80.738  2.89862e-020
81.76  2.91617e-020
82.782  2.93357e-020
83.804  2.9508e-020
84.826  2.96788e-020
85.848  2.98479e-020
86.87  3.00154e-020
87.892  3.01812e-020
88.914  3.03453e-020
89.936  3.05077e-020
90.958  3.06684e-020
91.98  3.08274e-020
93.002  3.09846e-020
94.024  3.114e-020
95.046  3.12937e-020
96.068  3.14455e-020
97.09  3.15956e-020
98.112  3.17437e-020
99.134  3.189e-020
100.156  3.20345e-020
101.178  3.2177e-020
102.2  3.23177e-020
103.222  3.24564e-020
104.244  3.25931e-020
105.266  3.27279e-020
106.288  3.28607e-020
107.31  3.29915e-020
108.332  3.31203e-020
109.354  3.32471e-020
110.376  3.33718e-020
111.398  3.34945e-020
112.42  3.3615e-020
113.442  3.37335e-020
114.464  3.38498e-020
115.486  3.39641e-020
116.508  3.40761e-020
117.53  3.4186e-020
118.552  3.42937e-020
119.574  3.43992e-020
120.596  3.45024e-020
121.618  3.46034e-020
122.64  3.47022e-020
123.662  3.47987e-020
124.684  3.48928e-020
125.706  3.49847e-020
126.728  3.50743e-020
127.75  3.51614e-020
128.772  3.52463e-020
129.794  3.53287e-020
130.816  3.54087e-020
131.838  3.54863e-020
132.86  3.55615e-020
133.882  3.56342e-020
134.904  3.57045e-020
135.926  3.57722e-020
136.948  3.58374e-020
137.97  3.59001e-020
138.992  3.59602e-020
140.014  3.60178e-020
141.036  3.60728e-020
142.058  3.61251e-020
143.08  3.61749e-020
144.102  3.6222e-020
145.124  3.62664e-020
146.146  3.63081e-020
147.168  3.63471e-020
148.19  3.63834e-020
149.212  3.64169e-020
150.234  3.64477e-020
151.256  3.64757e-020
152.278  3.65008e-020
153.3  3.65232e-020
154.322  3.65426e-020
155.344  3.65592e-020
156.366  3.65729e-020
157.388  3.65837e-020
158.41  3.65916e-020
159.432  3.65965e-020
160.454  3.65984e-020
161.476  3.65973e-020
162.498  3.65931e-020
163.52  3.6586e-020
164.542  3.65757e-020
165.564  3.65624e-020
166.586  3.65459e-020
167.608  3.65263e-020
168.63  3.65036e-020
169.652  3.64777e-020
170.674  3.64485e-020
171.696  3.64161e-020
172.718  3.63805e-020
173.74  3.63416e-020
174.762  3.62994e-020
175.784  3.62538e-020
176.806  3.6205e-020
177.828  3.61527e-020
178.85  3.60971e-020
179.872  3.6038e-020
180.894  3.59755e-020
181.916  3.59095e-020
182.938  3.584e-020
183.96  3.5767e-020
184.982  3.56905e-020
186.004  3.56104e-020
187.026  3.55267e-020
188.048  3.54394e-020
189.07  3.53485e-020
190.092  3.5254e-020
191.114  3.51557e-020
192.136  3.50537e-020
193.158  3.4948e-020
194.18  3.48386e-020
195.202  3.47254e-020
196.224  3.46084e-020
197.246  3.44876e-020
198.268  3.43629e-020
199.29  3.42344e-020
200.312  3.41019e-020
201.334  3.39656e-020
202.356  3.38254e-020
203.378  3.36812e-020
204.4  3.3533e-020
205.422  3.33809e-020
206.444  3.32247e-020
207.466  3.30646e-020
208.488  3.29004e-020
209.51  3.27321e-020
210.532  3.25597e-020
211.554  3.23833e-020
212.576  3.22027e-020
213.598  3.20181e-020
214.62  3.18293e-020
215.642  3.16363e-020
216.664  3.14392e-020
217.686  3.12379e-020
218.708  3.10324e-020
219.73  3.08228e-020
220.752  3.06089e-020
221.774  3.03908e-020
222.796  3.01686e-020
223.818  2.99421e-020
224.84  2.97113e-020
225.862  2.94764e-020
226.884  2.92372e-020
227.906  2.89938e-020
228.928  2.87462e-020
229.95  2.84944e-020
230.972  2.82384e-020
231.994  2.79781e-020
233.016  2.77137e-020
234.038  2.74451e-020
235.06  2.71724e-020
236.082  2.68954e-020
237.104  2.66144e-020
238.126  2.63292e-020
239.148  2.604e-020
240.17  2.57466e-020
241.192  2.54493e-020
242.214  2.51479e-020
243.236  2.48426e-020
244.258  2.45333e-020
245.28  2.42202e-020
246.302  2.39031e-020
247.324  2.35823e-020
248.346  2.32577e-020
249.368  2.29294e-020
250.39  2.25974e-020
251.412  2.22618e-020
252.434  2.19227e-020
253.456  2.15801e-020
254.478  2.12341e-020
255.5  2.08848e-020
256.522  2.05323e-020
257.544  2.01766e-020
258.566  1.98178e-020
259.588  1.9456e-020
260.61  1.90914e-020
261.632  1.87239e-020
262.654  1.83538e-020
263.676  1.79812e-020
264.698  1.7606e-020
265.72  1.72286e-020
266.742  1.6849e-020
267.764  1.64673e-020
268.786  1.60838e-020
269.808  1.56984e-020
270.83  1.53115e-020
271.852  1.49231e-020
272.874  1.45335e-020
273.896  1.41428e-020
274.918  1.37511e-020
275.94  1.33587e-020
276.962  1.29658e-020
277.984  1.25726e-020
279.006  1.21793e-020
280.028  1.17862e-020
281.05  1.13934e-020
282.072  1.10011e-020
283.094  1.06098e-020
284.116  1.02196e-020
285.138  9.8307e-021
286.16  9.44352e-021
287.182  9.05829e-021
288.204  8.67532e-021
289.226  8.29493e-021
290.248  7.91743e-021
291.27  7.54316e-021
292.292  7.17247e-021
293.314  6.80571e-021
294.336  6.44326e-021
295.358  6.08551e-021
296.38  5.73284e-021
297.402  5.38567e-021
298.424  5.04443e-021
299.446  4.70954e-021
300.468  4.38147e-021
301.49  4.06067e-021
302.512  3.74764e-021
303.534  3.44287e-021
304.556  3.14686e-021
305.578  2.86016e-021
306.6  2.58331e-021
307.622  2.31686e-021
308.644  2.0614e-021
309.666  1.81753e-021
310.688  1.58586e-021
311.71  1.36703e-021
312.732  1.1617e-021
313.754  9.7052e-022
314.776  7.942e-022
315.798  6.33449e-022
316.82  4.88998e-022
317.842  3.61603e-022
318.864  2.52038e-022
319.886  1.61098e-022
320.908  8.96012e-023
321.93  3.83851e-023
322.952  8.30536e-024
