1.022  5.34963e-021
2.044  5.49029e-021
3.066  5.63195e-021
4.088  5.7746e-021
5.11  5.91819e-021
6.132  6.0627e-021
7.154  6.20808e-021
8.176  6.35432e-021
9.198  6.50136e-021
10.22  6.64919e-021
11.242  6.79778e-021
12.264  6.9471e-021
13.286  7.09713e-021
14.308  7.24785e-021
15.33  7.39923e-021
16.352  7.55125e-021
17.374  7.70389e-021
18.396  7.85713e-021
19.418  8.01096e-021
20.44  8.16535e-021
21.462  8.32028e-021
22.484  8.47573e-021
23.506  8.63168e-021
24.528  8.78811e-021
25.55  8.945e-021
26.572  9.10233e-021
27.594  9.26007e-021
28.616  9.41821e-021
29.638  9.57673e-021
30.66  9.7356e-021
31.682  9.8948e-021
32.704  1.00543e-020
33.726  1.02141e-020
34.748  1.03742e-020
35.77  1.05345e-020
36.792  1.0695e-020
37.814  1.08557e-020
38.836  1.10166e-020
39.858  1.11776e-020
40.88  1.13388e-020
41.902  1.15001e-020
42.924  1.16614e-020
43.946  1.18229e-020
44.968  1.19843e-020
45.99  1.21458e-020
47.012  1.23072e-020
48.034  1.24687e-020
49.056  1.263e-020
50.078  1.27913e-020
51.1  1.29525e-020
52.122  1.31136e-020
53.144  1.32745e-020
54.166  1.34352e-020
55.188  1.35958e-020
56.21  1.37561e-020
57.232  1.39162e-020
58.254  1.40761e-020
59.276  1.42356e-020
60.298  1.43949e-020
61.32  1.45538e-020
62.342  1.47124e-020
63.364  1.48706e-020
64.386  1.50284e-020
65.408  1.51858e-020
66.43  1.53427e-020
67.452  1.54992e-020
68.474  1.56552e-020
69.496  1.58107e-020
70.518  1.59657e-020
71.54  1.61201e-020
72.562  1.62739e-020
73.584  1.64272e-020
74.606  1.65798e-020
75.628  1.67318e-020
76.65  1.68832e-020
77.672  1.70339e-020
78.694  1.71838e-020
79.716  1.73331e-020
80.738  1.74816e-020
81.76  1.76294e-020
82.782  1.77764e-020
83.804  1.79226e-020
84.826  1.80679e-020
85.848  1.82124e-020
86.87  1.83561e-020
87.892  1.84989e-020
88.914  1.86407e-020
89.936  1.87817e-020
90.958  1.89217e-020
91.98  1.90607e-020
93.002  1.91987e-020
94.024  1.93358e-020
95.046  1.94718e-020
96.068  1.96068e-020
97.09  1.97407e-020
98.112  1.98736e-020
99.134  2.00053e-020
100.156  2.01359e-020
101.178  2.02654e-020
102.2  2.03937e-020
103.222  2.05208e-020
104.244  2.06468e-020
105.266  2.07715e-020
106.288  2.08949e-020
107.31  2.10172e-020
108.332  2.11381e-020
109.354  2.12578e-020
110.376  2.13761e-020
111.398  2.14931e-020
112.42  2.16087e-020
113.442  2.1723e-020
114.464  2.18359e-020
115.486  2.19474e-020
116.508  2.20574e-020
117.53  2.2166e-020
118.552  2.22732e-020
119.574  2.23788e-020
120.596  2.2483e-020
121.618  2.25856e-020
122.64  2.26866e-020
123.662  2.27862e-020
124.684  2.28841e-020
125.706  2.29804e-020
126.728  2.30751e-020
127.75  2.31682e-020
128.772  2.32596e-020
129.794  2.33494e-020
130.816  2.34374e-020
131.838  2.35237e-020
132.86  2.36083e-020
133.882  2.36911e-020
134.904  2.37722e-020
135.926  2.38515e-020
136.948  2.39289e-020
137.97  2.40046e-020
138.992  2.40783e-020
140.014  2.41502e-020
141.036  2.42202e-020
142.058  2.42883e-020
143.08  2.43545e-020
144.102  2.44187e-020
145.124  2.4481e-020
146.146  2.45412e-020
147.168  2.45994e-020
148.19  2.46557e-020
149.212  2.47098e-020
150.234  2.47619e-020
151.256  2.48119e-020
152.278  2.48598e-020
153.3  2.49055e-020
154.322  2.49491e-020
155.344  2.49906e-020
156.366  2.50298e-020
157.388  2.50668e-020
158.41  2.51016e-020
159.432  2.51341e-020
160.454  2.51643e-020
161.476  2.51923e-020
162.498  2.52179e-020
163.52  2.52412e-020
164.542  2.52621e-020
165.564  2.52806e-020
166.586  2.52968e-020
167.608  2.53105e-020
168.63  2.53217e-020
169.652  2.53305e-020
170.674  2.53368e-020
171.696  2.53406e-020
172.718  2.53418e-020
173.74  2.53405e-020
174.762  2.53366e-020
175.784  2.53302e-020
176.806  2.53211e-020
177.828  2.53093e-020
178.85  2.52949e-020
179.872  2.52778e-020
180.894  2.5258e-020
181.916  2.52355e-020
182.938  2.52102e-020
183.96  2.51822e-020
184.982  2.51514e-020
186.004  2.51177e-020
187.026  2.50813e-020
188.048  2.50419e-020
189.07  2.49997e-020
190.092  2.49546e-020
191.114  2.49066e-020
192.136  2.48556e-020
193.158  2.48017e-020
194.18  2.47448e-020
195.202  2.46849e-020
196.224  2.4622e-020
197.246  2.4556e-020
198.268  2.4487e-020
199.29  2.4415e-020
200.312  2.43398e-020
201.334  2.42615e-020
202.356  2.41801e-020
203.378  2.40955e-020
204.4  2.40077e-020
205.422  2.39168e-020
206.444  2.38227e-020
207.466  2.37254e-020
208.488  2.36248e-020
209.51  2.3521e-020
210.532  2.34139e-020
211.554  2.33035e-020
212.576  2.31899e-020
213.598  2.30729e-020
214.62  2.29527e-020
215.642  2.28291e-020
216.664  2.27021e-020
217.686  2.25719e-020
218.708  2.24382e-020
219.73  2.23012e-020
220.752  2.21608e-020
221.774  2.20171e-020
222.796  2.18699e-020
223.818  2.17194e-020
224.84  2.15655e-020
225.862  2.14082e-020
226.884  2.12474e-020
227.906  2.10833e-020
228.928  2.09158e-020
229.95  2.07449e-020
230.972  2.05705e-020
231.994  2.03928e-020
233.016  2.02117e-020
234.038  2.00273e-020
235.06  1.98394e-020
236.082  1.96482e-020
237.104  1.94537e-020
238.126  1.92559e-020
239.148  1.90547e-020
240.17  1.88502e-020
241.192  1.86425e-020
242.214  1.84315e-020
243.236  1.82172e-020
244.258  1.79998e-020
245.28  1.77792e-020
246.302  1.75554e-020
247.324  1.73286e-020
248.346  1.70986e-020
249.368  1.68656e-020
250.39  1.66296e-020
251.412  1.63907e-020
252.434  1.61489e-020
253.456  1.59041e-020
254.478  1.56566e-020
255.5  1.54064e-020
256.522  1.51534e-020
257.544  1.48978e-020
258.566  1.46397e-020
259.588  1.4379e-020
260.61  1.41159e-020
261.632  1.38505e-020
262.654  1.35828e-020
263.676  1.3313e-020
264.698  1.3041e-020
265.72  1.27671e-020
266.742  1.24912e-020
267.764  1.22135e-020
268.786  1.19342e-020
269.808  1.16533e-020
270.83  1.13709e-020
271.852  1.10871e-020
272.874  1.08022e-020
273.896  1.05161e-020
274.918  1.02292e-020
275.94  9.94141e-021
276.962  9.65299e-021
277.984  9.36408e-021
279.006  9.07484e-021
280.028  8.78544e-021
281.05  8.49606e-021
282.072  8.20689e-021
283.094  7.9181e-021
284.116  7.6299e-021
285.138  7.34249e-021
286.16  7.05609e-021
287.182  6.77092e-021
288.204  6.4872e-021
289.226  6.20517e-021
290.248  5.92509e-021
291.27  5.64719e-021
292.292  5.37176e-021
293.314  5.09905e-021
294.336  4.82936e-021
295.358  4.56297e-021
296.38  4.30019e-021
297.402  4.04133e-021
298.424  3.78671e-021
299.446  3.53667e-021
300.468  3.29156e-021
301.49  3.05173e-021
302.512  2.81755e-021
303.534  2.5894e-021
304.556  2.36768e-021
305.578  2.15278e-021
306.6  1.94514e-021
307.622  1.74518e-021
308.644  1.55335e-021
309.666  1.3701e-021
310.688  1.19592e-021
311.71  1.03129e-021
312.732  8.76718e-022
313.754  7.3272e-022
314.776  5.99832e-022
315.798  4.78605e-022
316.82  3.69607e-022
317.842  2.7342e-022
318.864  1.90648e-022
319.886  1.21905e-022
320.908  6.78289e-023
321.93  2.90691e-023
322.952  6.2921e-024
