1.022  1.1298e-020
2.044  1.10786e-020
3.066  1.08636e-020
4.088  1.06528e-020
5.11  1.04462e-020
6.132  1.02438e-020
7.154  1.00455e-020
8.176  9.85117e-021
9.198  9.66084e-021
10.22  9.47446e-021
11.242  9.29196e-021
12.264  9.11332e-021
13.286  8.93849e-021
14.308  8.76744e-021
15.33  8.60013e-021
16.352  8.43651e-021
17.374  8.27655e-021
18.396  8.12022e-021
19.418  7.96747e-021
20.44  7.81826e-021
21.462  7.67255e-021
22.484  7.5303e-021
23.506  7.39147e-021
24.528  7.25602e-021
25.55  7.12391e-021
26.572  6.99509e-021
27.594  6.86952e-021
28.616  6.74716e-021
29.638  6.62796e-021
30.66  6.51189e-021
31.682  6.3989e-021
32.704  6.28895e-021
33.726  6.182e-021
34.748  6.078e-021
35.77  5.97692e-021
36.792  5.87871e-021
37.814  5.78334e-021
38.836  5.69075e-021
39.858  5.60092e-021
40.88  5.51381e-021
41.902  5.42937e-021
42.924  5.34756e-021
43.946  5.26836e-021
44.968  5.19171e-021
45.99  5.11758e-021
47.012  5.04594e-021
48.034  4.97676e-021
49.056  4.90998e-021
50.078  4.84558e-021
51.1  4.78353e-021
52.122  4.72378e-021
53.144  4.6663e-021
54.166  4.61107e-021
55.188  4.55804e-021
56.21  4.50719e-021
57.232  4.45848e-021
58.254  4.41187e-021
59.276  4.36735e-021
60.298  4.32486e-021
61.32  4.2844e-021
62.342  4.24592e-021
63.364  4.20939e-021
64.386  4.17478e-021
65.408  4.14207e-021
66.43  4.11123e-021
67.452  4.08222e-021
68.474  4.05502e-021
69.496  4.0296e-021
70.518  4.00593e-021
71.54  3.98399e-021
72.562  3.96374e-021
73.584  3.94517e-021
74.606  3.92824e-021
75.628  3.91293e-021
76.65  3.89922e-021
77.672  3.88707e-021
78.694  3.87646e-021
79.716  3.86737e-021
80.738  3.85977e-021
81.76  3.85365e-021
82.782  3.84896e-021
83.804  3.8457e-021
84.826  3.84383e-021
85.848  3.84333e-021
86.87  3.84419e-021
87.892  3.84637e-021
88.914  3.84986e-021
89.936  3.85462e-021
90.958  3.86065e-021
91.98  3.86792e-021
93.002  3.8764e-021
94.024  3.88608e-021
95.046  3.89693e-021
96.068  3.90893e-021
97.09  3.92206e-021
98.112  3.9363e-021
99.134  3.95163e-021
100.156  3.96803e-021
101.178  3.98547e-021
102.2  4.00395e-021
103.222  4.02343e-021
104.244  4.0439e-021
105.266  4.06534e-021
106.288  4.08773e-021
107.31  4.11104e-021
108.332  4.13526e-021
109.354  4.16038e-021
110.376  4.18636e-021
111.398  4.2132e-021
112.42  4.24087e-021
113.442  4.26935e-021
114.464  4.29862e-021
115.486  4.32867e-021
116.508  4.35948e-021
117.53  4.39103e-021
118.552  4.42329e-021
119.574  4.45625e-021
120.596  4.4899e-021
121.618  4.52421e-021
122.64  4.55917e-021
123.662  4.59475e-021
124.684  4.63094e-021
125.706  4.66771e-021
126.728  4.70506e-021
127.75  4.74296e-021
128.772  4.78139e-021
129.794  4.82034e-021
130.816  4.85979e-021
131.838  4.89971e-021
132.86  4.94009e-021
133.882  4.98091e-021
134.904  5.02215e-021
135.926  5.0638e-021
136.948  5.10583e-021
137.97  5.14822e-021
138.992  5.19096e-021
140.014  5.23402e-021
141.036  5.27739e-021
142.058  5.32105e-021
143.08  5.36498e-021
144.102  5.40916e-021
145.124  5.45357e-021
146.146  5.49818e-021
147.168  5.54299e-021
148.19  5.58796e-021
149.212  5.63309e-021
150.234  5.67834e-021
151.256  5.72371e-021
152.278  5.76916e-021
153.3  5.81468e-021
154.322  5.86024e-021
155.344  5.90584e-021
156.366  5.95143e-021
157.388  5.99701e-021
158.41  6.04256e-021
159.432  6.08804e-021
160.454  6.13344e-021
161.476  6.17873e-021
162.498  6.2239e-021
163.52  6.26892e-021
164.542  6.31377e-021
165.564  6.35843e-021
166.586  6.40287e-021
167.608  6.44707e-021
168.63  6.491e-021
169.652  6.53465e-021
170.674  6.57799e-021
171.696  6.62099e-021
172.718  6.66363e-021
173.74  6.70589e-021
174.762  6.74774e-021
175.784  6.78915e-021
176.806  6.83011e-021
177.828  6.87058e-021
178.85  6.91054e-021
179.872  6.94997e-021
180.894  6.98884e-021
181.916  7.02712e-021
182.938  7.06479e-021
183.96  7.10181e-021
184.982  7.13817e-021
186.004  7.17384e-021
187.026  7.20878e-021
188.048  7.24298e-021
189.07  7.2764e-021
190.092  7.30902e-021
191.114  7.34081e-021
192.136  7.37173e-021
193.158  7.40178e-021
194.18  7.4309e-021
195.202  7.45908e-021
196.224  7.48629e-021
197.246  7.5125e-021
198.268  7.53768e-021
199.29  7.5618e-021
200.312  7.58483e-021
201.334  7.60674e-021
202.356  7.62751e-021
203.378  7.64711e-021
204.4  7.6655e-021
205.422  7.68265e-021
206.444  7.69854e-021
207.466  7.71314e-021
208.488  7.72642e-021
209.51  7.73835e-021
210.532  7.7489e-021
211.554  7.75803e-021
212.576  7.76573e-021
213.598  7.77197e-021
214.62  7.7767e-021
215.642  7.77991e-021
216.664  7.78157e-021
217.686  7.78165e-021
218.708  7.78011e-021
219.73  7.77694e-021
220.752  7.7721e-021
221.774  7.76557e-021
222.796  7.75732e-021
223.818  7.74733e-021
224.84  7.73556e-021
225.862  7.72199e-021
226.884  7.7066e-021
227.906  7.68937e-021
228.928  7.67025e-021
229.95  7.64925e-021
230.972  7.62632e-021
231.994  7.60145e-021
233.016  7.57461e-021
234.038  7.54579e-021
235.06  7.51496e-021
236.082  7.48211e-021
237.104  7.44721e-021
238.126  7.41025e-021
239.148  7.37121e-021
240.17  7.33007e-021
241.192  7.28683e-021
242.214  7.24146e-021
243.236  7.19395e-021
244.258  7.14429e-021
245.28  7.09248e-021
246.302  7.03849e-021
247.324  6.98233e-021
248.346  6.92399e-021
249.368  6.86347e-021
250.39  6.80075e-021
251.412  6.73584e-021
252.434  6.66874e-021
253.456  6.59946e-021
254.478  6.52799e-021
255.5  6.45434e-021
256.522  6.37852e-021
257.544  6.30054e-021
258.566  6.22042e-021
259.588  6.13815e-021
260.61  6.05378e-021
261.632  5.9673e-021
262.654  5.87875e-021
263.676  5.78814e-021
264.698  5.69551e-021
265.72  5.60089e-021
266.742  5.5043e-021
267.764  5.40579e-021
268.786  5.30538e-021
269.808  5.20314e-021
270.83  5.09909e-021
271.852  4.99329e-021
272.874  4.88579e-021
273.896  4.77665e-021
274.918  4.66593e-021
275.94  4.55369e-021
276.962  4.44e-021
277.984  4.32492e-021
279.006  4.20855e-021
280.028  4.09095e-021
281.05  3.97222e-021
282.072  3.85244e-021
283.094  3.73171e-021
284.116  3.61013e-021
285.138  3.4878e-021
286.16  3.36484e-021
287.182  3.24135e-021
288.204  3.11747e-021
289.226  2.99332e-021
290.248  2.86904e-021
291.27  2.74475e-021
292.292  2.62061e-021
293.314  2.49678e-021
294.336  2.37341e-021
295.358  2.25066e-021
296.38  2.12871e-021
297.402  2.00774e-021
298.424  1.88794e-021
299.446  1.7695e-021
300.468  1.65263e-021
301.49  1.53753e-021
302.512  1.42443e-021
303.534  1.31356e-021
304.556  1.20515e-021
305.578  1.09945e-021
306.6  9.96716e-022
307.622  8.97208e-022
308.644  8.01201e-022
309.666  7.0898e-022
310.688  6.2084e-022
311.71  5.37085e-022
312.732  4.5803e-022
313.754  3.84e-022
314.776  3.15335e-022
315.798  2.52381e-022
316.82  1.95498e-022
317.842  1.4506e-022
318.864  1.01449e-022
319.886  6.50624e-023
320.908  3.63078e-023
321.93  1.56057e-023
322.952  3.38767e-024
