1.022  1.57228e-019
2.044  1.57252e-019
3.066  1.57276e-019
4.088  1.57299e-019
5.11  1.57323e-019
6.132  1.57345e-019
7.154  1.57367e-019
8.176  1.57387e-019
9.198  1.57407e-019
10.22  1.57425e-019
11.242  1.57443e-019
12.264  1.57459e-019
13.286  1.57474e-019
14.308  1.57489e-019
15.33  1.57503e-019
16.352  1.57516e-019
17.374  1.57528e-019
18.396  1.5754e-019
19.418  1.57552e-019
20.44  1.57564e-019
21.462  1.57575e-019
22.484  1.57586e-019
23.506  1.57598e-019
24.528  1.57609e-019
25.55  1.5762e-019
26.572  1.57632e-019
27.594  1.57643e-019
28.616  1.57654e-019
29.638  1.57666e-019
30.66  1.57677e-019
31.682  1.57689e-019
32.704  1.57701e-019
33.726  1.57712e-019
34.748  1.57724e-019
35.77  1.57735e-019
36.792  1.57747e-019
37.814  1.57758e-019
38.836  1.57769e-019
39.858  1.5778e-019
40.88  1.57791e-019
41.902  1.57801e-019
42.924  1.57811e-019
43.946  1.5782e-019
44.968  1.57829e-019
45.99  1.57837e-019
47.012  1.57845e-019
48.034  1.57852e-019
49.056  1.57858e-019
50.078  1.57864e-019
51.1  1.57869e-019
52.122  1.57872e-019
53.144  1.57875e-019
54.166  1.57877e-019
55.188  1.57878e-019
56.21  1.57878e-019
57.232  1.57876e-019
58.254  1.57873e-019
59.276  1.57869e-019
60.298  1.57864e-019
61.32  1.57857e-019
62.342  1.57849e-019
63.364  1.57839e-019
64.386  1.57828e-019
65.408  1.57815e-019
66.43  1.578e-019
67.452  1.57784e-019
68.474  1.57766e-019
69.496  1.57746e-019
70.518  1.57724e-019
71.54  1.57701e-019
72.562  1.57675e-019
73.584  1.57647e-019
74.606  1.57617e-019
75.628  1.57586e-019
76.65  1.57551e-019
77.672  1.57515e-019
78.694  1.57477e-019
79.716  1.57436e-019
80.738  1.57393e-019
81.76  1.57347e-019
82.782  1.57299e-019
83.804  1.57249e-019
84.826  1.57196e-019
85.848  1.5714e-019
86.87  1.57082e-019
87.892  1.57021e-019
88.914  1.56958e-019
89.936  1.56891e-019
90.958  1.56823e-019
91.98  1.56751e-019
93.002  1.56676e-019
94.024  1.56599e-019
95.046  1.56518e-019
96.068  1.56435e-019
97.09  1.56349e-019
98.112  1.56259e-019
99.134  1.56167e-019
100.156  1.56071e-019
101.178  1.55973e-019
102.2  1.55871e-019
103.222  1.55766e-019
104.244  1.55658e-019
105.266  1.55546e-019
106.288  1.55432e-019
107.31  1.55314e-019
108.332  1.55192e-019
109.354  1.55067e-019
110.376  1.54939e-019
111.398  1.54807e-019
112.42  1.54672e-019
113.442  1.54533e-019
114.464  1.54391e-019
115.486  1.54245e-019
116.508  1.54096e-019
117.53  1.53942e-019
118.552  1.53786e-019
119.574  1.53625e-019
120.596  1.53461e-019
121.618  1.53293e-019
122.64  1.53121e-019
123.662  1.52945e-019
124.684  1.52765e-019
125.706  1.52582e-019
126.728  1.52394e-019
127.75  1.52203e-019
128.772  1.52008e-019
129.794  1.51808e-019
130.816  1.51605e-019
131.838  1.51397e-019
132.86  1.51185e-019
133.882  1.50969e-019
134.904  1.50749e-019
135.926  1.50524e-019
136.948  1.50296e-019
137.97  1.50063e-019
138.992  1.49825e-019
140.014  1.49584e-019
141.036  1.49337e-019
142.058  1.49087e-019
143.08  1.48831e-019
144.102  1.48572e-019
145.124  1.48307e-019
146.146  1.48038e-019
147.168  1.47764e-019
148.19  1.47486e-019
149.212  1.47203e-019
150.234  1.46915e-019
151.256  1.46622e-019
152.278  1.46324e-019
153.3  1.46021e-019
154.322  1.45713e-019
155.344  1.45401e-019
156.366  1.45083e-019
157.388  1.44759e-019
158.41  1.44431e-019
159.432  1.44097e-019
160.454  1.43758e-019
161.476  1.43414e-019
162.498  1.43064e-019
163.52  1.42709e-019
164.542  1.42348e-019
165.564  1.41981e-019
166.586  1.41609e-019
167.608  1.4123e-019
168.63  1.40846e-019
169.652  1.40456e-019
170.674  1.4006e-019
171.696  1.39658e-019
172.718  1.3925e-019
173.74  1.38836e-019
174.762  1.38415e-019
175.784  1.37988e-019
176.806  1.37555e-019
177.828  1.37115e-019
178.85  1.36668e-019
179.872  1.36215e-019
180.894  1.35754e-019
181.916  1.35287e-019
182.938  1.34813e-019
183.96  1.34332e-019
184.982  1.33844e-019
186.004  1.33348e-019
187.026  1.32845e-019
188.048  1.32335e-019
189.07  1.31817e-019
190.092  1.31291e-019
191.114  1.30758e-019
192.136  1.30217e-019
193.158  1.29667e-019
194.18  1.2911e-019
195.202  1.28545e-019
196.224  1.27971e-019
197.246  1.27389e-019
198.268  1.26798e-019
199.29  1.26198e-019
200.312  1.2559e-019
201.334  1.24973e-019
202.356  1.24347e-019
203.378  1.23712e-019
204.4  1.23068e-019
205.422  1.22414e-019
206.444  1.21751e-019
207.466  1.21078e-019
208.488  1.20396e-019
209.51  1.19703e-019
210.532  1.19001e-019
211.554  1.18289e-019
212.576  1.17566e-019
213.598  1.16834e-019
214.62  1.1609e-019
215.642  1.15337e-019
216.664  1.14572e-019
217.686  1.13797e-019
218.708  1.13011e-019
219.73  1.12214e-019
220.752  1.11405e-019
221.774  1.10586e-019
222.796  1.09755e-019
223.818  1.08912e-019
224.84  1.08059e-019
225.862  1.07193e-019
226.884  1.06316e-019
227.906  1.05426e-019
228.928  1.04525e-019
229.95  1.03612e-019
230.972  1.02687e-019
231.994  1.01749e-019
233.016  1.00799e-019
234.038  9.98367e-020
235.06  9.8862e-020
236.082  9.78747e-020
237.104  9.68749e-020
238.126  9.58625e-020
239.148  9.48375e-020
240.17  9.37998e-020
241.192  9.27493e-020
242.214  9.16862e-020
243.236  9.06102e-020
244.258  8.95216e-020
245.28  8.84202e-020
246.302  8.7306e-020
247.324  8.61792e-020
248.346  8.50397e-020
249.368  8.38877e-020
250.39  8.2723e-020
251.412  8.15459e-020
252.434  8.03564e-020
253.456  7.91547e-020
254.478  7.79407e-020
255.5  7.67148e-020
256.522  7.54769e-020
257.544  7.42273e-020
258.566  7.29662e-020
259.588  7.16937e-020
260.61  7.04101e-020
261.632  6.91157e-020
262.654  6.78105e-020
263.676  6.6495e-020
264.698  6.51695e-020
265.72  6.38342e-020
266.742  6.24895e-020
267.764  6.11358e-020
268.786  5.97735e-020
269.808  5.8403e-020
270.83  5.70247e-020
271.852  5.56392e-020
272.874  5.42469e-020
273.896  5.28483e-020
274.918  5.14441e-020
275.94  5.00349e-020
276.962  4.86212e-020
277.984  4.72038e-020
279.006  4.57834e-020
280.028  4.43606e-020
281.05  4.29364e-020
282.072  4.15114e-020
283.094  4.00867e-020
284.116  3.8663e-020
285.138  3.72414e-020
286.16  3.58228e-020
287.182  3.44083e-020
288.204  3.29989e-020
289.226  3.15959e-020
290.248  3.02004e-020
291.27  2.88137e-020
292.292  2.7437e-020
293.314  2.60718e-020
294.336  2.47194e-020
295.358  2.33813e-020
296.38  2.20591e-020
297.402  2.07543e-020
298.424  1.94687e-020
299.446  1.82039e-020
300.468  1.69618e-020
301.49  1.57443e-020
302.512  1.45532e-020
303.534  1.33906e-020
304.556  1.22587e-020
305.578  1.11595e-020
306.6  1.00954e-020
307.622  9.06871e-021
308.644  8.08184e-021
309.666  7.13732e-021
310.688  6.23775e-021
311.71  5.38585e-021
312.732  4.58441e-021
313.754  3.83632e-021
314.776  3.14458e-021
315.798  2.51229e-021
316.82  1.94265e-021
317.842  1.43897e-021
318.864  1.00466e-021
319.886  6.4325e-022
320.908  3.5838e-022
321.93  1.53792e-022
322.952  3.33329e-023
