1.022  3.16818e-019
2.044  3.16243e-019
3.066  3.15673e-019
4.088  3.15107e-019
5.11  3.14545e-019
6.132  3.13986e-019
7.154  3.13431e-019
8.176  3.12878e-019
9.198  3.12329e-019
10.22  3.11781e-019
11.242  3.11237e-019
12.264  3.10694e-019
13.286  3.10155e-019
14.308  3.09619e-019
15.33  3.09085e-019
16.352  3.08555e-019
17.374  3.08029e-019
18.396  3.07506e-019
19.418  3.06987e-019
20.44  3.06471e-019
21.462  3.0596e-019
22.484  3.05453e-019
23.506  3.0495e-019
24.528  3.04451e-019
25.55  3.03957e-019
26.572  3.03466e-019
27.594  3.0298e-019
28.616  3.02498e-019
29.638  3.02021e-019
30.66  3.01547e-019
31.682  3.01078e-019
32.704  3.00612e-019
33.726  3.0015e-019
34.748  2.99692e-019
35.77  2.99238e-019
36.792  2.98787e-019
37.814  2.9834e-019
38.836  2.97896e-019
39.858  2.97456e-019
40.88  2.97018e-019
41.902  2.96583e-019
42.924  2.96152e-019
43.946  2.95723e-019
44.968  2.95296e-019
45.99  2.94872e-019
47.012  2.9445e-019
48.034  2.94031e-019
49.056  2.93613e-019
50.078  2.93198e-019
51.1  2.92784e-019
52.122  2.92372e-019
53.144  2.91961e-019
54.166  2.91552e-019
55.188  2.91143e-019
56.21  2.90736e-019
57.232  2.9033e-019
58.254  2.89925e-019
59.276  2.89521e-019
60.298  2.89117e-019
61.32  2.88714e-019
62.342  2.88311e-019
63.364  2.87908e-019
64.386  2.87506e-019
65.408  2.87103e-019
66.43  2.867e-019
67.452  2.86298e-019
68.474  2.85894e-019
69.496  2.85491e-019
70.518  2.85087e-019
71.54  2.84682e-019
72.562  2.84276e-019
73.584  2.8387e-019
74.606  2.83462e-019
75.628  2.83054e-019
76.65  2.82644e-019
77.672  2.82233e-019
78.694  2.81821e-019
79.716  2.81407e-019
80.738  2.80991e-019
81.76  2.80574e-019
82.782  2.80156e-019
83.804  2.79735e-019
84.826  2.79312e-019
85.848  2.78888e-019
86.87  2.78461e-019
87.892  2.78032e-019
88.914  2.77601e-019
89.936  2.77168e-019
90.958  2.76732e-019
91.98  2.76294e-019
93.002  2.75853e-019
94.024  2.75409e-019
95.046  2.74963e-019
96.068  2.74514e-019
97.09  2.74062e-019
98.112  2.73607e-019
99.134  2.73149e-019
100.156  2.72687e-019
101.178  2.72223e-019
102.2  2.71756e-019
103.222  2.71285e-019
104.244  2.70811e-019
105.266  2.70333e-019
106.288  2.69852e-019
107.31  2.69367e-019
108.332  2.68879e-019
109.354  2.68386e-019
110.376  2.67891e-019
111.398  2.67391e-019
112.42  2.66887e-019
113.442  2.6638e-019
114.464  2.65868e-019
115.486  2.65353e-019
116.508  2.64833e-019
117.53  2.64309e-019
118.552  2.63781e-019
119.574  2.63248e-019
120.596  2.62711e-019
121.618  2.6217e-019
122.64  2.61624e-019
123.662  2.61074e-019
124.684  2.60519e-019
125.706  2.5996e-019
126.728  2.59395e-019
127.75  2.58826e-019
128.772  2.58252e-019
129.794  2.57674e-019
130.816  2.5709e-019
131.838  2.56501e-019
132.86  2.55908e-019
133.882  2.55309e-019
134.904  2.54705e-019
135.926  2.54095e-019
136.948  2.53481e-019
137.97  2.52861e-019
138.992  2.52236e-019
140.014  2.51605e-019
141.036  2.50968e-019
142.058  2.50326e-019
143.08  2.49679e-019
144.102  2.49025e-019
145.124  2.48366e-019
146.146  2.47701e-019
147.168  2.4703e-019
148.19  2.46353e-019
149.212  2.4567e-019
150.234  2.44981e-019
151.256  2.44285e-019
152.278  2.43583e-019
153.3  2.42875e-019
154.322  2.42161e-019
155.344  2.4144e-019
156.366  2.40712e-019
157.388  2.39978e-019
158.41  2.39236e-019
159.432  2.38489e-019
160.454  2.37734e-019
161.476  2.36972e-019
162.498  2.36203e-019
163.52  2.35426e-019
164.542  2.34643e-019
165.564  2.33852e-019
166.586  2.33053e-019
167.608  2.32247e-019
168.63  2.31434e-019
169.652  2.30612e-019
170.674  2.29783e-019
171.696  2.28945e-019
172.718  2.281e-019
173.74  2.27246e-019
174.762  2.26384e-019
175.784  2.25514e-019
176.806  2.24635e-019
177.828  2.23747e-019
178.85  2.2285e-019
179.872  2.21945e-019
180.894  2.2103e-019
181.916  2.20107e-019
182.938  2.19174e-019
183.96  2.18231e-019
184.982  2.17279e-019
186.004  2.16317e-019
187.026  2.15345e-019
188.048  2.14364e-019
189.07  2.13372e-019
190.092  2.1237e-019
191.114  2.11357e-019
192.136  2.10334e-019
193.158  2.093e-019
194.18  2.08255e-019
195.202  2.07199e-019
196.224  2.06132e-019
197.246  2.05053e-019
198.268  2.03963e-019
199.29  2.02861e-019
200.312  2.01747e-019
201.334  2.00621e-019
202.356  1.99483e-019
203.378  1.98333e-019
204.4  1.9717e-019
205.422  1.95994e-019
206.444  1.94806e-019
207.466  1.93604e-019
208.488  1.92389e-019
209.51  1.91161e-019
210.532  1.89919e-019
211.554  1.88663e-019
212.576  1.87394e-019
213.598  1.8611e-019
214.62  1.84812e-019
215.642  1.83499e-019
216.664  1.82172e-019
217.686  1.8083e-019
218.708  1.79473e-019
219.73  1.78101e-019
220.752  1.76714e-019
221.774  1.75311e-019
222.796  1.73892e-019
223.818  1.72458e-019
224.84  1.71008e-019
225.862  1.69542e-019
226.884  1.68059e-019
227.906  1.6656e-019
228.928  1.65045e-019
229.95  1.63513e-019
230.972  1.61964e-019
231.994  1.60398e-019
233.016  1.58816e-019
234.038  1.57216e-019
235.06  1.55599e-019
236.082  1.53965e-019
237.104  1.52313e-019
238.126  1.50644e-019
239.148  1.48958e-019
240.17  1.47254e-019
241.192  1.45532e-019
242.214  1.43793e-019
243.236  1.42036e-019
244.258  1.40262e-019
245.28  1.3847e-019
246.302  1.3666e-019
247.324  1.34833e-019
248.346  1.32989e-019
249.368  1.31127e-019
250.39  1.29248e-019
251.412  1.27352e-019
252.434  1.25438e-019
253.456  1.23508e-019
254.478  1.21561e-019
255.5  1.19598e-019
256.522  1.17618e-019
257.544  1.15622e-019
258.566  1.13611e-019
259.588  1.11584e-019
260.61  1.09542e-019
261.632  1.07485e-019
262.654  1.05414e-019
263.676  1.03328e-019
264.698  1.0123e-019
265.72  9.91178e-020
266.742  9.69936e-020
267.764  9.48573e-020
268.786  9.27098e-020
269.808  9.05515e-020
270.83  8.83831e-020
271.852  8.62055e-020
272.874  8.40192e-020
273.896  8.18253e-020
274.918  7.96244e-020
275.94  7.74176e-020
276.962  7.52058e-020
277.984  7.29899e-020
279.006  7.07711e-020
280.028  6.85505e-020
281.05  6.63292e-020
282.072  6.41086e-020
283.094  6.18898e-020
284.116  5.96743e-020
285.138  5.74635e-020
286.16  5.5259e-020
287.182  5.30622e-020
288.204  5.08749e-020
289.226  4.86987e-020
290.248  4.65355e-020
291.27  4.43871e-020
292.292  4.22555e-020
293.314  4.01428e-020
294.336  3.80511e-020
295.358  3.59826e-020
296.38  3.39397e-020
297.402  3.19247e-020
298.424  2.99402e-020
299.446  2.79888e-020
300.468  2.60733e-020
301.49  2.41964e-020
302.512  2.23611e-020
303.534  2.05705e-020
304.556  1.88278e-020
305.578  1.71362e-020
306.6  1.54991e-020
307.622  1.39202e-020
308.644  1.2403e-020
309.666  1.09514e-020
310.688  9.56942e-021
311.71  8.26104e-021
312.732  7.03053e-021
313.754  5.88228e-021
314.776  4.82083e-021
315.798  3.85087e-021
316.82  2.97724e-021
317.842  2.20497e-021
318.864  1.53923e-021
319.886  9.85376e-022
320.908  5.48912e-022
321.93  2.35522e-022
322.952  5.10401e-023
