1.022  1.0046e-020
2.044  1.00201e-020
3.066  9.99446e-021
4.088  9.9692e-021
5.11  9.94427e-021
6.132  9.91963e-021
7.154  9.89529e-021
8.176  9.87122e-021
9.198  9.84741e-021
10.22  9.82386e-021
11.242  9.80055e-021
12.264  9.7775e-021
13.286  9.7547e-021
14.308  9.73214e-021
15.33  9.70984e-021
16.352  9.6878e-021
17.374  9.66601e-021
18.396  9.64448e-021
19.418  9.62321e-021
20.44  9.60219e-021
21.462  9.58144e-021
22.484  9.56095e-021
23.506  9.54071e-021
24.528  9.52073e-021
25.55  9.501e-021
26.572  9.48152e-021
27.594  9.46229e-021
28.616  9.44329e-021
29.638  9.42453e-021
30.66  9.406e-021
31.682  9.3877e-021
32.704  9.36962e-021
33.726  9.35175e-021
34.748  9.33409e-021
35.77  9.31663e-021
36.792  9.29937e-021
37.814  9.2823e-021
38.836  9.26541e-021
39.858  9.24869e-021
40.88  9.23214e-021
41.902  9.21576e-021
42.924  9.19953e-021
43.946  9.18344e-021
44.968  9.1675e-021
45.99  9.15169e-021
47.012  9.13602e-021
48.034  9.12046e-021
49.056  9.10501e-021
50.078  9.08968e-021
51.1  9.07444e-021
52.122  9.0593e-021
53.144  9.04425e-021
54.166  9.02927e-021
55.188  9.01438e-021
56.21  8.99955e-021
57.232  8.98478e-021
58.254  8.97007e-021
59.276  8.9554e-021
60.298  8.94079e-021
61.32  8.92621e-021
62.342  8.91166e-021
63.364  8.89714e-021
64.386  8.88263e-021
65.408  8.86814e-021
66.43  8.85367e-021
67.452  8.83919e-021
68.474  8.82471e-021
69.496  8.81023e-021
70.518  8.79573e-021
71.54  8.78121e-021
72.562  8.76667e-021
73.584  8.7521e-021
74.606  8.7375e-021
75.628  8.72286e-021
76.65  8.70817e-021
77.672  8.69344e-021
78.694  8.67865e-021
79.716  8.66381e-021
80.738  8.6489e-021
81.76  8.63393e-021
82.782  8.61889e-021
83.804  8.60377e-021
84.826  8.58856e-021
85.848  8.57328e-021
86.87  8.55791e-021
87.892  8.54244e-021
88.914  8.52687e-021
89.936  8.51121e-021
90.958  8.49544e-021
91.98  8.47955e-021
93.002  8.46356e-021
94.024  8.44745e-021
95.046  8.43122e-021
96.068  8.41486e-021
97.09  8.39837e-021
98.112  8.38176e-021
99.134  8.365e-021
100.156  8.34811e-021
101.178  8.33107e-021
102.2  8.31389e-021
103.222  8.29656e-021
104.244  8.27908e-021
105.266  8.26144e-021
106.288  8.24364e-021
107.31  8.22567e-021
108.332  8.20754e-021
109.354  8.18925e-021
110.376  8.17078e-021
111.398  8.15213e-021
112.42  8.1333e-021
113.442  8.1143e-021
114.464  8.09511e-021
115.486  8.07573e-021
116.508  8.05616e-021
117.53  8.0364e-021
118.552  8.01645e-021
119.574  7.99629e-021
120.596  7.97594e-021
121.618  7.95538e-021
122.64  7.93461e-021
123.662  7.91364e-021
124.684  7.89245e-021
125.706  7.87105e-021
126.728  7.84944e-021
127.75  7.8276e-021
128.772  7.80554e-021
129.794  7.78326e-021
130.816  7.76075e-021
131.838  7.73802e-021
132.86  7.71505e-021
133.882  7.69185e-021
134.904  7.66842e-021
135.926  7.64474e-021
136.948  7.62083e-021
137.97  7.59667e-021
138.992  7.57228e-021
140.014  7.54763e-021
141.036  7.52274e-021
142.058  7.49759e-021
143.08  7.4722e-021
144.102  7.44655e-021
145.124  7.42064e-021
146.146  7.39447e-021
147.168  7.36805e-021
148.19  7.34136e-021
149.212  7.31441e-021
150.234  7.28719e-021
151.256  7.25971e-021
152.278  7.23196e-021
153.3  7.20393e-021
154.322  7.17564e-021
155.344  7.14707e-021
156.366  7.11822e-021
157.388  7.0891e-021
158.41  7.05969e-021
159.432  7.03001e-021
160.454  7.00004e-021
161.476  6.96979e-021
162.498  6.93925e-021
163.52  6.90843e-021
164.542  6.87732e-021
165.564  6.84592e-021
166.586  6.81422e-021
167.608  6.78224e-021
168.63  6.74996e-021
169.652  6.71739e-021
170.674  6.68451e-021
171.696  6.65135e-021
172.718  6.61788e-021
173.74  6.58411e-021
174.762  6.55004e-021
175.784  6.51567e-021
176.806  6.481e-021
177.828  6.44602e-021
178.85  6.41073e-021
179.872  6.37514e-021
180.894  6.33924e-021
181.916  6.30303e-021
182.938  6.26651e-021
183.96  6.22968e-021
184.982  6.19254e-021
186.004  6.15509e-021
187.026  6.11732e-021
188.048  6.07924e-021
189.07  6.04085e-021
190.092  6.00214e-021
191.114  5.96312e-021
192.136  5.92378e-021
193.158  5.88413e-021
194.18  5.84415e-021
195.202  5.80386e-021
196.224  5.76326e-021
197.246  5.72233e-021
198.268  5.68109e-021
199.29  5.63952e-021
200.312  5.59764e-021
201.334  5.55544e-021
202.356  5.51293e-021
203.378  5.47009e-021
204.4  5.42694e-021
205.422  5.38346e-021
206.444  5.33967e-021
207.466  5.29556e-021
208.488  5.25114e-021
209.51  5.2064e-021
210.532  5.16134e-021
211.554  5.11597e-021
212.576  5.07028e-021
213.598  5.02428e-021
214.62  4.97797e-021
215.642  4.93135e-021
216.664  4.88441e-021
217.686  4.83717e-021
218.708  4.78962e-021
219.73  4.74176e-021
220.752  4.6936e-021
221.774  4.64514e-021
222.796  4.59638e-021
223.818  4.54732e-021
224.84  4.49796e-021
225.862  4.44831e-021
226.884  4.39836e-021
227.906  4.34813e-021
228.928  4.29761e-021
229.95  4.24681e-021
230.972  4.19573e-021
231.994  4.14438e-021
233.016  4.09275e-021
234.038  4.04085e-021
235.06  3.98869e-021
236.082  3.93627e-021
237.104  3.88359e-021
238.126  3.83066e-021
239.148  3.77748e-021
240.17  3.72406e-021
241.192  3.67041e-021
242.214  3.61652e-021
243.236  3.56241e-021
244.258  3.50808e-021
245.28  3.45354e-021
246.302  3.39879e-021
247.324  3.34385e-021
248.346  3.28872e-021
249.368  3.2334e-021
250.39  3.17791e-021
251.412  3.12225e-021
252.434  3.06643e-021
253.456  3.01047e-021
254.478  2.95437e-021
255.5  2.89814e-021
256.522  2.84179e-021
257.544  2.78534e-021
258.566  2.72878e-021
259.588  2.67215e-021
260.61  2.61545e-021
261.632  2.55868e-021
262.654  2.50187e-021
263.676  2.44503e-021
264.698  2.38818e-021
265.72  2.33132e-021
266.742  2.27447e-021
267.764  2.21766e-021
268.786  2.16089e-021
269.808  2.10419e-021
270.83  2.04757e-021
271.852  1.99105e-021
272.874  1.93466e-021
273.896  1.8784e-021
274.918  1.82231e-021
275.94  1.7664e-021
276.962  1.7107e-021
277.984  1.65523e-021
279.006  1.60001e-021
280.028  1.54508e-021
281.05  1.49045e-021
282.072  1.43615e-021
283.094  1.38222e-021
284.116  1.32867e-021
285.138  1.27555e-021
286.16  1.22288e-021
287.182  1.17069e-021
288.204  1.11902e-021
289.226  1.0679e-021
290.248  1.01737e-021
291.27  9.67466e-022
292.292  9.18222e-022
293.314  8.6968e-022
294.336  8.21881e-022
295.358  7.74867e-022
296.38  7.28681e-022
297.402  6.83368e-022
298.424  6.38976e-022
299.446  5.95551e-022
300.468  5.53144e-022
301.49  5.11806e-022
302.512  4.7159e-022
303.534  4.32549e-022
304.556  3.94742e-022
305.578  3.58225e-022
306.6  3.23059e-022
307.622  2.89305e-022
308.644  2.57028e-022
309.666  2.26293e-022
310.688  1.97168e-022
311.71  1.69724e-022
312.732  1.44032e-022
313.754  1.20167e-022
314.776  9.82049e-023
315.798  7.82256e-023
316.82  6.031e-023
317.842  4.4542e-023
318.864  3.10076e-023
319.886  1.97956e-023
320.908  1.09971e-023
321.93  4.7057e-024
322.952  1.01702e-024
