1.022  4.57265e-021
2.044  4.5717e-021
3.066  4.57087e-021
4.088  4.57017e-021
5.11  4.56958e-021
6.132  4.5691e-021
7.154  4.56873e-021
8.176  4.56845e-021
9.198  4.56825e-021
10.22  4.56814e-021
11.242  4.56811e-021
12.264  4.56816e-021
13.286  4.56828e-021
14.308  4.56849e-021
15.33  4.56878e-021
16.352  4.56914e-021
17.374  4.56959e-021
18.396  4.57012e-021
19.418  4.57072e-021
20.44  4.57141e-021
21.462  4.57218e-021
22.484  4.57303e-021
23.506  4.57396e-021
24.528  4.57496e-021
25.55  4.57604e-021
26.572  4.57719e-021
27.594  4.57842e-021
28.616  4.57971e-021
29.638  4.58107e-021
30.66  4.5825e-021
31.682  4.58398e-021
32.704  4.58553e-021
33.726  4.58713e-021
34.748  4.58879e-021
35.77  4.59049e-021
36.792  4.59224e-021
37.814  4.59403e-021
38.836  4.59586e-021
39.858  4.59773e-021
40.88  4.59963e-021
41.902  4.60156e-021
42.924  4.60352e-021
43.946  4.60549e-021
44.968  4.60749e-021
45.99  4.6095e-021
47.012  4.61152e-021
48.034  4.61355e-021
49.056  4.61559e-021
50.078  4.61762e-021
51.1  4.61966e-021
52.122  4.62169e-021
53.144  4.6237e-021
54.166  4.62571e-021
55.188  4.6277e-021
56.21  4.62967e-021
57.232  4.63162e-021
58.254  4.63354e-021
59.276  4.63543e-021
60.298  4.63729e-021
61.32  4.63912e-021
62.342  4.6409e-021
63.364  4.64265e-021
64.386  4.64435e-021
65.408  4.646e-021
66.43  4.6476e-021
67.452  4.64914e-021
68.474  4.65063e-021
69.496  4.65206e-021
70.518  4.65343e-021
71.54  4.65473e-021
72.562  4.65596e-021
73.584  4.65712e-021
74.606  4.6582e-021
75.628  4.65921e-021
76.65  4.66014e-021
77.672  4.66099e-021
78.694  4.66175e-021
79.716  4.66242e-021
80.738  4.66301e-021
81.76  4.6635e-021
82.782  4.66389e-021
83.804  4.66419e-021
84.826  4.66439e-021
85.848  4.66448e-021
86.87  4.66447e-021
87.892  4.66435e-021
88.914  4.66412e-021
89.936  4.66378e-021
90.958  4.66332e-021
91.98  4.66275e-021
93.002  4.66206e-021
94.024  4.66124e-021
95.046  4.6603e-021
96.068  4.65924e-021
97.09  4.65805e-021
98.112  4.65672e-021
99.134  4.65527e-021
100.156  4.65368e-021
101.178  4.65195e-021
102.2  4.65008e-021
103.222  4.64808e-021
104.244  4.64593e-021
105.266  4.64363e-021
106.288  4.64119e-021
107.31  4.6386e-021
108.332  4.63586e-021
109.354  4.63297e-021
110.376  4.62992e-021
111.398  4.62672e-021
112.42  4.62336e-021
113.442  4.61984e-021
114.464  4.61615e-021
115.486  4.6123e-021
116.508  4.60829e-021
117.53  4.60411e-021
118.552  4.59976e-021
119.574  4.59524e-021
120.596  4.59055e-021
121.618  4.58568e-021
122.64  4.58064e-021
123.662  4.57542e-021
124.684  4.57003e-021
125.706  4.56445e-021
126.728  4.55869e-021
127.75  4.55274e-021
128.772  4.54661e-021
129.794  4.5403e-021
130.816  4.53379e-021
131.838  4.5271e-021
132.86  4.52021e-021
133.882  4.51313e-021
134.904  4.50585e-021
135.926  4.49838e-021
136.948  4.49072e-021
137.97  4.48285e-021
138.992  4.47478e-021
140.014  4.46652e-021
141.036  4.45804e-021
142.058  4.44937e-021
143.08  4.44049e-021
144.102  4.4314e-021
145.124  4.4221e-021
146.146  4.41259e-021
147.168  4.40288e-021
148.19  4.39294e-021
149.212  4.3828e-021
150.234  4.37244e-021
151.256  4.36186e-021
152.278  4.35107e-021
153.3  4.34006e-021
154.322  4.32883e-021
155.344  4.31737e-021
156.366  4.3057e-021
157.388  4.2938e-021
158.41  4.28167e-021
159.432  4.26932e-021
160.454  4.25674e-021
161.476  4.24393e-021
162.498  4.2309e-021
163.52  4.21763e-021
164.542  4.20413e-021
165.564  4.1904e-021
166.586  4.17643e-021
167.608  4.16223e-021
168.63  4.1478e-021
169.652  4.13312e-021
170.674  4.11821e-021
171.696  4.10306e-021
172.718  4.08766e-021
173.74  4.07203e-021
174.762  4.05615e-021
175.784  4.04003e-021
176.806  4.02366e-021
177.828  4.00705e-021
178.85  3.9902e-021
179.872  3.97309e-021
180.894  3.95574e-021
181.916  3.93814e-021
182.938  3.92028e-021
183.96  3.90218e-021
184.982  3.88382e-021
186.004  3.86522e-021
187.026  3.84635e-021
188.048  3.82724e-021
189.07  3.80786e-021
190.092  3.78823e-021
191.114  3.76835e-021
192.136  3.7482e-021
193.158  3.7278e-021
194.18  3.70714e-021
195.202  3.68622e-021
196.224  3.66504e-021
197.246  3.64359e-021
198.268  3.62188e-021
199.29  3.59992e-021
200.312  3.57768e-021
201.334  3.55519e-021
202.356  3.53243e-021
203.378  3.5094e-021
204.4  3.48611e-021
205.422  3.46255e-021
206.444  3.43873e-021
207.466  3.41464e-021
208.488  3.39028e-021
209.51  3.36566e-021
210.532  3.34076e-021
211.554  3.3156e-021
212.576  3.29018e-021
213.598  3.26448e-021
214.62  3.23852e-021
215.642  3.21228e-021
216.664  3.18578e-021
217.686  3.15901e-021
218.708  3.13198e-021
219.73  3.10467e-021
220.752  3.0771e-021
221.774  3.04926e-021
222.796  3.02115e-021
223.818  2.99278e-021
224.84  2.96414e-021
225.862  2.93524e-021
226.884  2.90607e-021
227.906  2.87664e-021
228.928  2.84695e-021
229.95  2.817e-021
230.972  2.78678e-021
231.994  2.75631e-021
233.016  2.72558e-021
234.038  2.69459e-021
235.06  2.66335e-021
236.082  2.63186e-021
237.104  2.60012e-021
238.126  2.56812e-021
239.148  2.53589e-021
240.17  2.50341e-021
241.192  2.47068e-021
242.214  2.43772e-021
243.236  2.40452e-021
244.258  2.37109e-021
245.28  2.33744e-021
246.302  2.30355e-021
247.324  2.26944e-021
248.346  2.23512e-021
249.368  2.20058e-021
250.39  2.16584e-021
251.412  2.13088e-021
252.434  2.09573e-021
253.456  2.06039e-021
254.478  2.02485e-021
255.5  1.98914e-021
256.522  1.95324e-021
257.544  1.91718e-021
258.566  1.88095e-021
259.588  1.84457e-021
260.61  1.80804e-021
261.632  1.77136e-021
262.654  1.73456e-021
263.676  1.69763e-021
264.698  1.66059e-021
265.72  1.62344e-021
266.742  1.5862e-021
267.764  1.54887e-021
268.786  1.51147e-021
269.808  1.47401e-021
270.83  1.4365e-021
271.852  1.39895e-021
272.874  1.36138e-021
273.896  1.3238e-021
274.918  1.28622e-021
275.94  1.24866e-021
276.962  1.21114e-021
277.984  1.17367e-021
279.006  1.13627e-021
280.028  1.09896e-021
281.05  1.06175e-021
282.072  1.02467e-021
283.094  9.87735e-022
284.116  9.50965e-022
285.138  9.14383e-022
286.16  8.78013e-022
287.182  8.41878e-022
288.204  8.06003e-022
289.226  7.70413e-022
290.248  7.35136e-022
291.27  7.002e-022
292.292  6.65632e-022
293.314  6.31465e-022
294.336  5.97728e-022
295.358  5.64455e-022
296.38  5.31678e-022
297.402  4.99434e-022
298.424  4.67759e-022
299.446  4.36689e-022
300.468  4.06266e-022
301.49  3.76528e-022
302.512  3.47519e-022
303.534  3.19282e-022
304.556  2.91862e-022
305.578  2.65307e-022
306.6  2.39665e-022
307.622  2.14987e-022
308.644  1.91324e-022
309.666  1.68732e-022
310.688  1.47266e-022
311.71  1.26983e-022
312.732  1.07945e-022
313.754  9.02137e-023
314.776  7.38528e-023
315.798  5.8929e-023
316.82  4.55112e-023
317.842  3.36704e-023
318.864  2.348e-023
319.886  1.50159e-023
320.908  8.35635e-024
321.93  3.58194e-024
322.952  7.75494e-025
