1.022  1.63297e-019
2.044  1.62174e-019
3.066  1.61063e-019
4.088  1.59961e-019
5.11  1.5887e-019
6.132  1.5779e-019
7.154  1.56719e-019
8.176  1.55657e-019
9.198  1.54606e-019
10.22  1.53563e-019
11.242  1.5253e-019
12.264  1.51506e-019
13.286  1.50491e-019
14.308  1.49485e-019
15.33  1.48489e-019
16.352  1.47502e-019
17.374  1.46524e-019
18.396  1.45556e-019
19.418  1.44597e-019
20.44  1.43647e-019
21.462  1.42707e-019
22.484  1.41776e-019
23.506  1.40854e-019
24.528  1.39942e-019
25.55  1.39038e-019
26.572  1.38144e-019
27.594  1.37258e-019
28.616  1.36382e-019
29.638  1.35514e-019
30.66  1.34655e-019
31.682  1.33805e-019
32.704  1.32963e-019
33.726  1.32129e-019
34.748  1.31304e-019
35.77  1.30487e-019
36.792  1.29679e-019
37.814  1.28878e-019
38.836  1.28085e-019
39.858  1.273e-019
40.88  1.26522e-019
41.902  1.25752e-019
42.924  1.2499e-019
43.946  1.24234e-019
44.968  1.23486e-019
45.99  1.22745e-019
47.012  1.22011e-019
48.034  1.21284e-019
49.056  1.20563e-019
50.078  1.19849e-019
51.1  1.19142e-019
52.122  1.18441e-019
53.144  1.17747e-019
54.166  1.17058e-019
55.188  1.16376e-019
56.21  1.157e-019
57.232  1.15029e-019
58.254  1.14365e-019
59.276  1.13706e-019
60.298  1.13053e-019
61.32  1.12406e-019
62.342  1.11763e-019
63.364  1.11127e-019
64.386  1.10495e-019
65.408  1.09869e-019
66.43  1.09248e-019
67.452  1.08632e-019
68.474  1.0802e-019
69.496  1.07414e-019
70.518  1.06812e-019
71.54  1.06216e-019
72.562  1.05623e-019
73.584  1.05036e-019
74.606  1.04452e-019
75.628  1.03874e-019
76.65  1.03299e-019
77.672  1.02729e-019
78.694  1.02163e-019
79.716  1.01601e-019
80.738  1.01043e-019
81.76  1.00489e-019
82.782  9.99396e-020
83.804  9.93936e-020
84.826  9.88514e-020
85.848  9.83129e-020
86.87  9.77782e-020
87.892  9.7247e-020
88.914  9.67195e-020
89.936  9.61954e-020
90.958  9.56749e-020
91.98  9.51577e-020
93.002  9.46438e-020
94.024  9.41333e-020
95.046  9.3626e-020
96.068  9.31219e-020
97.09  9.2621e-020
98.112  9.21231e-020
99.134  9.16283e-020
100.156  9.11365e-020
101.178  9.06477e-020
102.2  9.01617e-020
103.222  8.96786e-020
104.244  8.91983e-020
105.266  8.87208e-020
106.288  8.8246e-020
107.31  8.77739e-020
108.332  8.73045e-020
109.354  8.68376e-020
110.376  8.63733e-020
111.398  8.59116e-020
112.42  8.54523e-020
113.442  8.49954e-020
114.464  8.4541e-020
115.486  8.40889e-020
116.508  8.36391e-020
117.53  8.31917e-020
118.552  8.27465e-020
119.574  8.23035e-020
120.596  8.18627e-020
121.618  8.1424e-020
122.64  8.09875e-020
123.662  8.05531e-020
124.684  8.01207e-020
125.706  7.96903e-020
126.728  7.92619e-020
127.75  7.88355e-020
128.772  7.8411e-020
129.794  7.79884e-020
130.816  7.75676e-020
131.838  7.71487e-020
132.86  7.67316e-020
133.882  7.63162e-020
134.904  7.59026e-020
135.926  7.54907e-020
136.948  7.50805e-020
137.97  7.46719e-020
138.992  7.4265e-020
140.014  7.38596e-020
141.036  7.34559e-020
142.058  7.30536e-020
143.08  7.26529e-020
144.102  7.22536e-020
145.124  7.18559e-020
146.146  7.14595e-020
147.168  7.10645e-020
148.19  7.06709e-020
149.212  7.02786e-020
150.234  6.98877e-020
151.256  6.9498e-020
152.278  6.91096e-020
153.3  6.87224e-020
154.322  6.83365e-020
155.344  6.79517e-020
156.366  6.7568e-020
157.388  6.71854e-020
158.41  6.6804e-020
159.432  6.64236e-020
160.454  6.60442e-020
161.476  6.56658e-020
162.498  6.52883e-020
163.52  6.49119e-020
164.542  6.45363e-020
165.564  6.41616e-020
166.586  6.37877e-020
167.608  6.34146e-020
168.63  6.30423e-020
169.652  6.26708e-020
170.674  6.23e-020
171.696  6.19298e-020
172.718  6.15603e-020
173.74  6.11914e-020
174.762  6.08231e-020
175.784  6.04553e-020
176.806  6.0088e-020
177.828  5.97212e-020
178.85  5.93548e-020
179.872  5.89887e-020
180.894  5.86231e-020
181.916  5.82577e-020
182.938  5.78927e-020
183.96  5.75278e-020
184.982  5.71631e-020
186.004  5.67986e-020
187.026  5.64342e-020
188.048  5.60699e-020
189.07  5.57055e-020
190.092  5.53412e-020
191.114  5.49767e-020
192.136  5.46121e-020
193.158  5.42474e-020
194.18  5.38825e-020
195.202  5.35172e-020
196.224  5.31517e-020
197.246  5.27858e-020
198.268  5.24195e-020
199.29  5.20527e-020
200.312  5.16853e-020
201.334  5.13174e-020
202.356  5.09489e-020
203.378  5.05797e-020
204.4  5.02097e-020
205.422  4.9839e-020
206.444  4.94674e-020
207.466  4.90948e-020
208.488  4.87213e-020
209.51  4.83468e-020
210.532  4.79712e-020
211.554  4.75944e-020
212.576  4.72164e-020
213.598  4.68372e-020
214.62  4.64566e-020
215.642  4.60746e-020
216.664  4.56912e-020
217.686  4.53062e-020
218.708  4.49196e-020
219.73  4.45314e-020
220.752  4.41415e-020
221.774  4.37498e-020
222.796  4.33563e-020
223.818  4.29608e-020
224.84  4.25634e-020
225.862  4.2164e-020
226.884  4.17624e-020
227.906  4.13587e-020
228.928  4.09528e-020
229.95  4.05446e-020
230.972  4.01341e-020
231.994  3.97211e-020
233.016  3.93057e-020
234.038  3.88878e-020
235.06  3.84673e-020
236.082  3.80442e-020
237.104  3.76184e-020
238.126  3.71898e-020
239.148  3.67584e-020
240.17  3.63242e-020
241.192  3.58871e-020
242.214  3.54471e-020
243.236  3.5004e-020
244.258  3.4558e-020
245.28  3.41089e-020
246.302  3.36567e-020
247.324  3.32014e-020
248.346  3.27429e-020
249.368  3.22812e-020
250.39  3.18163e-020
251.412  3.13482e-020
252.434  3.08769e-020
253.456  3.04023e-020
254.478  2.99245e-020
255.5  2.94434e-020
256.522  2.89591e-020
257.544  2.84716e-020
258.566  2.79808e-020
259.588  2.74869e-020
260.61  2.69898e-020
261.632  2.64895e-020
262.654  2.59862e-020
263.676  2.54799e-020
264.698  2.49706e-020
265.72  2.44584e-020
266.742  2.39435e-020
267.764  2.34257e-020
268.786  2.29054e-020
269.808  2.23825e-020
270.83  2.18572e-020
271.852  2.13296e-020
272.874  2.07999e-020
273.896  2.02682e-020
274.918  1.97346e-020
275.94  1.91994e-020
276.962  1.86628e-020
277.984  1.81248e-020
279.006  1.75859e-020
280.028  1.70461e-020
281.05  1.65058e-020
282.072  1.59652e-020
283.094  1.54246e-020
284.116  1.48843e-020
285.138  1.43446e-020
286.16  1.38058e-020
287.182  1.32683e-020
288.204  1.27326e-020
289.226  1.21989e-020
290.248  1.16678e-020
291.27  1.11396e-020
292.292  1.06148e-020
293.314  1.00939e-020
294.336  9.57748e-021
295.358  9.06602e-021
296.38  8.56012e-021
297.402  8.06036e-021
298.424  7.56739e-021
299.446  7.08184e-021
300.468  6.60442e-021
301.49  6.13585e-021
302.512  5.67688e-021
303.534  5.22829e-021
304.556  4.79091e-021
305.578  4.3656e-021
306.6  3.95326e-021
307.622  3.55481e-021
308.644  3.17124e-021
309.666  2.80356e-021
310.688  2.45282e-021
311.71  2.12013e-021
312.732  1.80663e-021
313.754  1.51351e-021
314.776  1.24201e-021
315.798  9.93412e-022
316.82  7.69057e-022
317.842  5.7033e-022
318.864  3.98668e-022
319.886  2.55562e-022
320.908  1.42557e-022
321.93  6.12513e-023
322.952  1.32922e-023
