1.022  2.0636e-019
2.044  2.04954e-019
3.066  2.03562e-019
4.088  2.02183e-019
5.11  2.00817e-019
6.132  1.99463e-019
7.154  1.98122e-019
8.176  1.96793e-019
9.198  1.95475e-019
10.22  1.94169e-019
11.242  1.92875e-019
12.264  1.91592e-019
13.286  1.9032e-019
14.308  1.8906e-019
15.33  1.87812e-019
16.352  1.86575e-019
17.374  1.8535e-019
18.396  1.84136e-019
19.418  1.82934e-019
20.44  1.81744e-019
21.462  1.80565e-019
22.484  1.79398e-019
23.506  1.78242e-019
24.528  1.77098e-019
25.55  1.75965e-019
26.572  1.74844e-019
27.594  1.73733e-019
28.616  1.72634e-019
29.638  1.71546e-019
30.66  1.70469e-019
31.682  1.69402e-019
32.704  1.68346e-019
33.726  1.67301e-019
34.748  1.66265e-019
35.77  1.6524e-019
36.792  1.64226e-019
37.814  1.63221e-019
38.836  1.62226e-019
39.858  1.6124e-019
40.88  1.60264e-019
41.902  1.59298e-019
42.924  1.5834e-019
43.946  1.57392e-019
44.968  1.56453e-019
45.99  1.55522e-019
47.012  1.546e-019
48.034  1.53687e-019
49.056  1.52782e-019
50.078  1.51885e-019
51.1  1.50997e-019
52.122  1.50116e-019
53.144  1.49243e-019
54.166  1.48378e-019
55.188  1.4752e-019
56.21  1.4667e-019
57.232  1.45828e-019
58.254  1.44992e-019
59.276  1.44164e-019
60.298  1.43343e-019
61.32  1.42528e-019
62.342  1.4172e-019
63.364  1.40919e-019
64.386  1.40125e-019
65.408  1.39337e-019
66.43  1.38555e-019
67.452  1.37779e-019
68.474  1.3701e-019
69.496  1.36247e-019
70.518  1.35489e-019
71.54  1.34737e-019
72.562  1.33991e-019
73.584  1.33251e-019
74.606  1.32516e-019
75.628  1.31787e-019
76.65  1.31063e-019
77.672  1.30344e-019
78.694  1.2963e-019
79.716  1.28922e-019
80.738  1.28219e-019
81.76  1.2752e-019
82.782  1.26826e-019
83.804  1.26137e-019
84.826  1.25453e-019
85.848  1.24774e-019
86.87  1.24098e-019
87.892  1.23428e-019
88.914  1.22762e-019
89.936  1.221e-019
90.958  1.21442e-019
91.98  1.20789e-019
93.002  1.20139e-019
94.024  1.19494e-019
95.046  1.18853e-019
96.068  1.18215e-019
97.09  1.17582e-019
98.112  1.16952e-019
99.134  1.16326e-019
100.156  1.15704e-019
101.178  1.15085e-019
102.2  1.1447e-019
103.222  1.13858e-019
104.244  1.1325e-019
105.266  1.12645e-019
106.288  1.12044e-019
107.31  1.11446e-019
108.332  1.10851e-019
109.354  1.10259e-019
110.376  1.0967e-019
111.398  1.09084e-019
112.42  1.08502e-019
113.442  1.07922e-019
114.464  1.07346e-019
115.486  1.06772e-019
116.508  1.06201e-019
117.53  1.05633e-019
118.552  1.05067e-019
119.574  1.04504e-019
120.596  1.03944e-019
121.618  1.03387e-019
122.64  1.02832e-019
123.662  1.0228e-019
124.684  1.0173e-019
125.706  1.01182e-019
126.728  1.00637e-019
127.75  1.00095e-019
128.772  9.95542e-020
129.794  9.90162e-020
130.816  9.84804e-020
131.838  9.79468e-020
132.86  9.74154e-020
133.882  9.68861e-020
134.904  9.63589e-020
135.926  9.58338e-020
136.948  9.53107e-020
137.97  9.47896e-020
138.992  9.42704e-020
140.014  9.37532e-020
141.036  9.32378e-020
142.058  9.27243e-020
143.08  9.22126e-020
144.102  9.17027e-020
145.124  9.11945e-020
146.146  9.0688e-020
147.168  9.01832e-020
148.19  8.96801e-020
149.212  8.91785e-020
150.234  8.86785e-020
151.256  8.81801e-020
152.278  8.76831e-020
153.3  8.71876e-020
154.322  8.66935e-020
155.344  8.62009e-020
156.366  8.57095e-020
157.388  8.52195e-020
158.41  8.47308e-020
159.432  8.42434e-020
160.454  8.37571e-020
161.476  8.3272e-020
162.498  8.27881e-020
163.52  8.23053e-020
164.542  8.18235e-020
165.564  8.13427e-020
166.586  8.0863e-020
167.608  8.03842e-020
168.63  7.99063e-020
169.652  7.94292e-020
170.674  7.8953e-020
171.696  7.84776e-020
172.718  7.80029e-020
173.74  7.7529e-020
174.762  7.70557e-020
175.784  7.6583e-020
176.806  7.61109e-020
177.828  7.56393e-020
178.85  7.51681e-020
179.872  7.46975e-020
180.894  7.42272e-020
181.916  7.37572e-020
182.938  7.32876e-020
183.96  7.28182e-020
184.982  7.23489e-020
186.004  7.18799e-020
187.026  7.14109e-020
188.048  7.09419e-020
189.07  7.04729e-020
190.092  7.00039e-020
191.114  6.95347e-020
192.136  6.90654e-020
193.158  6.85958e-020
194.18  6.81259e-020
195.202  6.76556e-020
196.224  6.7185e-020
197.246  6.67138e-020
198.268  6.62421e-020
199.29  6.57698e-020
200.312  6.52969e-020
201.334  6.48232e-020
202.356  6.43487e-020
203.378  6.38734e-020
204.4  6.33971e-020
205.422  6.29198e-020
206.444  6.24415e-020
207.466  6.1962e-020
208.488  6.14814e-020
209.51  6.09994e-020
210.532  6.05161e-020
211.554  6.00314e-020
212.576  5.95453e-020
213.598  5.90575e-020
214.62  5.85681e-020
215.642  5.8077e-020
216.664  5.75841e-020
217.686  5.70894e-020
218.708  5.65927e-020
219.73  5.6094e-020
220.752  5.55932e-020
221.774  5.50903e-020
222.796  5.45851e-020
223.818  5.40777e-020
224.84  5.35678e-020
225.862  5.30555e-020
226.884  5.25406e-020
227.906  5.20231e-020
228.928  5.1503e-020
229.95  5.09801e-020
230.972  5.04543e-020
231.994  4.99257e-020
233.016  4.93941e-020
234.038  4.88595e-020
235.06  4.83217e-020
236.082  4.77808e-020
237.104  4.72367e-020
238.126  4.66893e-020
239.148  4.61385e-020
240.17  4.55843e-020
241.192  4.50267e-020
242.214  4.44655e-020
243.236  4.39008e-020
244.258  4.33325e-020
245.28  4.27605e-020
246.302  4.21848e-020
247.324  4.16054e-020
248.346  4.10223e-020
249.368  4.04354e-020
250.39  3.98446e-020
251.412  3.92501e-020
252.434  3.86517e-020
253.456  3.80495e-020
254.478  3.74434e-020
255.5  3.68335e-020
256.522  3.62198e-020
257.544  3.56023e-020
258.566  3.4981e-020
259.588  3.4356e-020
260.61  3.37273e-020
261.632  3.30949e-020
262.654  3.2459e-020
263.676  3.18195e-020
264.698  3.11766e-020
265.72  3.05304e-020
266.742  2.9881e-020
267.764  2.92284e-020
268.786  2.85728e-020
269.808  2.79143e-020
270.83  2.72531e-020
271.852  2.65894e-020
272.874  2.59233e-020
273.896  2.5255e-020
274.918  2.45847e-020
275.94  2.39126e-020
276.962  2.3239e-020
277.984  2.25642e-020
279.006  2.18883e-020
280.028  2.12118e-020
281.05  2.05349e-020
282.072  1.98579e-020
283.094  1.91812e-020
284.116  1.85052e-020
285.138  1.78302e-020
286.16  1.71567e-020
287.182  1.64852e-020
288.204  1.58161e-020
289.226  1.51498e-020
290.248  1.4487e-020
291.27  1.38281e-020
292.292  1.31738e-020
293.314  1.25246e-020
294.336  1.18812e-020
295.358  1.12443e-020
296.38  1.06145e-020
297.402  9.99266e-021
298.424  9.37948e-021
299.446  8.77577e-021
300.468  8.1824e-021
301.49  7.60024e-021
302.512  7.03023e-021
303.534  6.47332e-021
304.556  5.93052e-021
305.578  5.4029e-021
306.6  4.89155e-021
307.622  4.39761e-021
308.644  3.92228e-021
309.666  3.46679e-021
310.688  3.03245e-021
311.71  2.6206e-021
312.732  2.23263e-021
313.754  1.87001e-021
314.776  1.53424e-021
315.798  1.2269e-021
316.82  9.49625e-022
317.842  7.04096e-022
318.864  4.92073e-022
319.886  3.15375e-022
320.908  1.75887e-022
321.93  7.55568e-023
322.952  1.63934e-023
