1.022  8.14184e-020
2.044  8.15785e-020
3.066  8.17376e-020
4.088  8.18957e-020
5.11  8.20526e-020
6.132  8.22084e-020
7.154  8.23629e-020
8.176  8.25161e-020
9.198  8.26678e-020
10.22  8.2818e-020
11.242  8.29668e-020
12.264  8.31141e-020
13.286  8.32601e-020
14.308  8.34047e-020
15.33  8.3548e-020
16.352  8.369e-020
17.374  8.38309e-020
18.396  8.39707e-020
19.418  8.41093e-020
20.44  8.42469e-020
21.462  8.43835e-020
22.484  8.45191e-020
23.506  8.46538e-020
24.528  8.47875e-020
25.55  8.49203e-020
26.572  8.50522e-020
27.594  8.51832e-020
28.616  8.53132e-020
29.638  8.54424e-020
30.66  8.55707e-020
31.682  8.5698e-020
32.704  8.58244e-020
33.726  8.59498e-020
34.748  8.60742e-020
35.77  8.61977e-020
36.792  8.63201e-020
37.814  8.64415e-020
38.836  8.65618e-020
39.858  8.6681e-020
40.88  8.6799e-020
41.902  8.69159e-020
42.924  8.70316e-020
43.946  8.71461e-020
44.968  8.72593e-020
45.99  8.73713e-020
47.012  8.74819e-020
48.034  8.75911e-020
49.056  8.7699e-020
50.078  8.78054e-020
51.1  8.79103e-020
52.122  8.80138e-020
53.144  8.81157e-020
54.166  8.82161e-020
55.188  8.83148e-020
56.21  8.84119e-020
57.232  8.85074e-020
58.254  8.86011e-020
59.276  8.86931e-020
60.298  8.87833e-020
61.32  8.88717e-020
62.342  8.89583e-020
63.364  8.90429e-020
64.386  8.91257e-020
65.408  8.92065e-020
66.43  8.92854e-020
67.452  8.93622e-020
68.474  8.9437e-020
69.496  8.95097e-020
70.518  8.95803e-020
71.54  8.96487e-020
72.562  8.9715e-020
73.584  8.97791e-020
74.606  8.98409e-020
75.628  8.99005e-020
76.65  8.99578e-020
77.672  9.00127e-020
78.694  9.00653e-020
79.716  9.01155e-020
80.738  9.01633e-020
81.76  9.02087e-020
82.782  9.02516e-020
83.804  9.0292e-020
84.826  9.03298e-020
85.848  9.03652e-020
86.87  9.03979e-020
87.892  9.0428e-020
88.914  9.04555e-020
89.936  9.04803e-020
90.958  9.05024e-020
91.98  9.05218e-020
93.002  9.05385e-020
94.024  9.05524e-020
95.046  9.05635e-020
96.068  9.05718e-020
97.09  9.05773e-020
98.112  9.05798e-020
99.134  9.05795e-020
100.156  9.05763e-020
101.178  9.05702e-020
102.2  9.0561e-020
103.222  9.05489e-020
104.244  9.05338e-020
105.266  9.05157e-020
106.288  9.04945e-020
107.31  9.04702e-020
108.332  9.04428e-020
109.354  9.04123e-020
110.376  9.03786e-020
111.398  9.03418e-020
112.42  9.03018e-020
113.442  9.02585e-020
114.464  9.02121e-020
115.486  9.01623e-020
116.508  9.01093e-020
117.53  9.0053e-020
118.552  8.99934e-020
119.574  8.99304e-020
120.596  8.98641e-020
121.618  8.97943e-020
122.64  8.97212e-020
123.662  8.96446e-020
124.684  8.95646e-020
125.706  8.94811e-020
126.728  8.93941e-020
127.75  8.93036e-020
128.772  8.92095e-020
129.794  8.91119e-020
130.816  8.90107e-020
131.838  8.89059e-020
132.86  8.87974e-020
133.882  8.86853e-020
134.904  8.85696e-020
135.926  8.84501e-020
136.948  8.83269e-020
137.97  8.82e-020
138.992  8.80693e-020
140.014  8.79349e-020
141.036  8.77966e-020
142.058  8.76545e-020
143.08  8.75085e-020
144.102  8.73587e-020
145.124  8.72049e-020
146.146  8.70473e-020
147.168  8.68857e-020
148.19  8.67201e-020
149.212  8.65505e-020
150.234  8.63768e-020
151.256  8.61992e-020
152.278  8.60174e-020
153.3  8.58315e-020
154.322  8.56416e-020
155.344  8.54474e-020
156.366  8.52491e-020
157.388  8.50466e-020
158.41  8.48398e-020
159.432  8.46288e-020
160.454  8.44134e-020
161.476  8.41938e-020
162.498  8.39698e-020
163.52  8.37414e-020
164.542  8.35086e-020
165.564  8.32714e-020
166.586  8.30297e-020
167.608  8.27835e-020
168.63  8.25328e-020
169.652  8.22776e-020
170.674  8.20177e-020
171.696  8.17532e-020
172.718  8.14841e-020
173.74  8.12102e-020
174.762  8.09317e-020
175.784  8.06484e-020
176.806  8.03603e-020
177.828  8.00674e-020
178.85  7.97696e-020
179.872  7.9467e-020
180.894  7.91594e-020
181.916  7.88469e-020
182.938  7.85294e-020
183.96  7.82068e-020
184.982  7.78792e-020
186.004  7.75466e-020
187.026  7.72087e-020
188.048  7.68657e-020
189.07  7.65175e-020
190.092  7.61641e-020
191.114  7.58054e-020
192.136  7.54413e-020
193.158  7.50719e-020
194.18  7.46972e-020
195.202  7.4317e-020
196.224  7.39314e-020
197.246  7.35402e-020
198.268  7.31436e-020
199.29  7.27413e-020
200.312  7.23335e-020
201.334  7.19201e-020
202.356  7.1501e-020
203.378  7.10761e-020
204.4  7.06456e-020
205.422  7.02092e-020
206.444  6.97671e-020
207.466  6.93191e-020
208.488  6.88653e-020
209.51  6.84056e-020
210.532  6.79399e-020
211.554  6.74683e-020
212.576  6.69907e-020
213.598  6.65071e-020
214.62  6.60175e-020
215.642  6.55218e-020
216.664  6.502e-020
217.686  6.45121e-020
218.708  6.39981e-020
219.73  6.34779e-020
220.752  6.29516e-020
221.774  6.24191e-020
222.796  6.18804e-020
223.818  6.13354e-020
224.84  6.07843e-020
225.862  6.0227e-020
226.884  5.96634e-020
227.906  5.90935e-020
228.928  5.85175e-020
229.95  5.79352e-020
230.972  5.73467e-020
231.994  5.67519e-020
233.016  5.6151e-020
234.038  5.55438e-020
235.06  5.49305e-020
236.082  5.4311e-020
237.104  5.36854e-020
238.126  5.30536e-020
239.148  5.24158e-020
240.17  5.1772e-020
241.192  5.11222e-020
242.214  5.04664e-020
243.236  4.98047e-020
244.258  4.91372e-020
245.28  4.84639e-020
246.302  4.77849e-020
247.324  4.71003e-020
248.346  4.64101e-020
249.368  4.57144e-020
250.39  4.50133e-020
251.412  4.43069e-020
252.434  4.35954e-020
253.456  4.28787e-020
254.478  4.21571e-020
255.5  4.14307e-020
256.522  4.06995e-020
257.544  3.99638e-020
258.566  3.92237e-020
259.588  3.84793e-020
260.61  3.77308e-020
261.632  3.69785e-020
262.654  3.62224e-020
263.676  3.54628e-020
264.698  3.46998e-020
265.72  3.39338e-020
266.742  3.31649e-020
267.764  3.23934e-020
268.786  3.16195e-020
269.808  3.08434e-020
270.83  3.00656e-020
271.852  2.92861e-020
272.874  2.85055e-020
273.896  2.77239e-020
274.918  2.69417e-020
275.94  2.61592e-020
276.962  2.53768e-020
277.984  2.4595e-020
279.006  2.38139e-020
280.028  2.30342e-020
281.05  2.22562e-020
282.072  2.14803e-020
283.094  2.0707e-020
284.116  1.99367e-020
285.138  1.91701e-020
286.16  1.84075e-020
287.182  1.76496e-020
288.204  1.68969e-020
289.226  1.61499e-020
290.248  1.54092e-020
291.27  1.46755e-020
292.292  1.39495e-020
293.314  1.32317e-020
294.336  1.2523e-020
295.358  1.18239e-020
296.38  1.11352e-020
297.402  1.04577e-020
298.424  9.79226e-021
299.446  9.13959e-021
300.468  8.50059e-021
301.49  7.87612e-021
302.512  7.2671e-021
303.534  6.67445e-021
304.556  6.09914e-021
305.578  5.54218e-021
306.6  5.00459e-021
307.622  4.48743e-021
308.644  3.99181e-021
309.666  3.51886e-021
310.688  3.06974e-021
311.71  2.64566e-021
312.732  2.24786e-021
313.754  1.87761e-021
314.776  1.53624e-021
315.798  1.2251e-021
316.82  9.45583e-022
317.842  6.99133e-022
318.864  4.87228e-022
319.886  3.11385e-022
320.908  1.73167e-022
321.93  7.41754e-023
322.952  1.60474e-023
