1.022  5.9129e-020
2.044  5.93406e-020
3.066  5.95509e-020
4.088  5.97599e-020
5.11  5.99676e-020
6.132  6.01739e-020
7.154  6.03787e-020
8.176  6.0582e-020
9.198  6.07837e-020
10.22  6.09838e-020
11.242  6.11824e-020
12.264  6.13793e-020
13.286  6.15748e-020
14.308  6.17687e-020
15.33  6.19611e-020
16.352  6.21521e-020
17.374  6.23417e-020
18.396  6.253e-020
19.418  6.2717e-020
20.44  6.29026e-020
21.462  6.3087e-020
22.484  6.32702e-020
23.506  6.34522e-020
24.528  6.3633e-020
25.55  6.38126e-020
26.572  6.39911e-020
27.594  6.41683e-020
28.616  6.43444e-020
29.638  6.45194e-020
30.66  6.46932e-020
31.682  6.48658e-020
32.704  6.50372e-020
33.726  6.52074e-020
34.748  6.53764e-020
35.77  6.55442e-020
36.792  6.57107e-020
37.814  6.5876e-020
38.836  6.60401e-020
39.858  6.62028e-020
40.88  6.63642e-020
41.902  6.65242e-020
42.924  6.66829e-020
43.946  6.68403e-020
44.968  6.69962e-020
45.99  6.71506e-020
47.012  6.73037e-020
48.034  6.74552e-020
49.056  6.76052e-020
50.078  6.77537e-020
51.1  6.79006e-020
52.122  6.8046e-020
53.144  6.81897e-020
54.166  6.83318e-020
55.188  6.84722e-020
56.21  6.86109e-020
57.232  6.87479e-020
58.254  6.88832e-020
59.276  6.90167e-020
60.298  6.91484e-020
61.32  6.92783e-020
62.342  6.94063e-020
63.364  6.95324e-020
64.386  6.96566e-020
65.408  6.97789e-020
66.43  6.98993e-020
67.452  7.00177e-020
68.474  7.0134e-020
69.496  7.02484e-020
70.518  7.03607e-020
71.54  7.04708e-020
72.562  7.05789e-020
73.584  7.06849e-020
74.606  7.07887e-020
75.628  7.08903e-020
76.65  7.09898e-020
77.672  7.1087e-020
78.694  7.11819e-020
79.716  7.12746e-020
80.738  7.1365e-020
81.76  7.1453e-020
82.782  7.15387e-020
83.804  7.16221e-020
84.826  7.1703e-020
85.848  7.17816e-020
86.87  7.18577e-020
87.892  7.19314e-020
88.914  7.20025e-020
89.936  7.20712e-020
90.958  7.21374e-020
91.98  7.2201e-020
93.002  7.22621e-020
94.024  7.23206e-020
95.046  7.23765e-020
96.068  7.24297e-020
97.09  7.24803e-020
98.112  7.25283e-020
99.134  7.25735e-020
100.156  7.26161e-020
101.178  7.26559e-020
102.2  7.2693e-020
103.222  7.27274e-020
104.244  7.27589e-020
105.266  7.27876e-020
106.288  7.28135e-020
107.31  7.28366e-020
108.332  7.28568e-020
109.354  7.28742e-020
110.376  7.28886e-020
111.398  7.29001e-020
112.42  7.29087e-020
113.442  7.29143e-020
114.464  7.2917e-020
115.486  7.29166e-020
116.508  7.29133e-020
117.53  7.29069e-020
118.552  7.28974e-020
119.574  7.28849e-020
120.596  7.28693e-020
121.618  7.28506e-020
122.64  7.28288e-020
123.662  7.28039e-020
124.684  7.27757e-020
125.706  7.27444e-020
126.728  7.27099e-020
127.75  7.26722e-020
128.772  7.26313e-020
129.794  7.2587e-020
130.816  7.25396e-020
131.838  7.24888e-020
132.86  7.24347e-020
133.882  7.23773e-020
134.904  7.23165e-020
135.926  7.22523e-020
136.948  7.21848e-020
137.97  7.21138e-020
138.992  7.20395e-020
140.014  7.19616e-020
141.036  7.18803e-020
142.058  7.17955e-020
143.08  7.17072e-020
144.102  7.16153e-020
145.124  7.15199e-020
146.146  7.1421e-020
147.168  7.13184e-020
148.19  7.12122e-020
149.212  7.11024e-020
150.234  7.09889e-020
151.256  7.08717e-020
152.278  7.07508e-020
153.3  7.06262e-020
154.322  7.04978e-020
155.344  7.03656e-020
156.366  7.02297e-020
157.388  7.00899e-020
158.41  6.99463e-020
159.432  6.97987e-020
160.454  6.96473e-020
161.476  6.9492e-020
162.498  6.93327e-020
163.52  6.91695e-020
164.542  6.90022e-020
165.564  6.8831e-020
166.586  6.86556e-020
167.608  6.84762e-020
168.63  6.82927e-020
169.652  6.81051e-020
170.674  6.79133e-020
171.696  6.77173e-020
172.718  6.7517e-020
173.74  6.73126e-020
174.762  6.71039e-020
175.784  6.68908e-020
176.806  6.66735e-020
177.828  6.64518e-020
178.85  6.62256e-020
179.872  6.59951e-020
180.894  6.57601e-020
181.916  6.55207e-020
182.938  6.52767e-020
183.96  6.50282e-020
184.982  6.47751e-020
186.004  6.45175e-020
187.026  6.42552e-020
188.048  6.39882e-020
189.07  6.37165e-020
190.092  6.34402e-020
191.114  6.3159e-020
192.136  6.28731e-020
193.158  6.25824e-020
194.18  6.22868e-020
195.202  6.19863e-020
196.224  6.1681e-020
197.246  6.13706e-020
198.268  6.10554e-020
199.29  6.07351e-020
200.312  6.04098e-020
201.334  6.00794e-020
202.356  5.9744e-020
203.378  5.94034e-020
204.4  5.90577e-020
205.422  5.87068e-020
206.444  5.83507e-020
207.466  5.79894e-020
208.488  5.76228e-020
209.51  5.7251e-020
210.532  5.68738e-020
211.554  5.64913e-020
212.576  5.61035e-020
213.598  5.57103e-020
214.62  5.53117e-020
215.642  5.49077e-020
216.664  5.44982e-020
217.686  5.40833e-020
218.708  5.36629e-020
219.73  5.32371e-020
220.752  5.28057e-020
221.774  5.23689e-020
222.796  5.19265e-020
223.818  5.14786e-020
224.84  5.10251e-020
225.862  5.05662e-020
226.884  5.01016e-020
227.906  4.96316e-020
228.928  4.91559e-020
229.95  4.86748e-020
230.972  4.81881e-020
231.994  4.76959e-020
233.016  4.71981e-020
234.038  4.66949e-020
235.06  4.61862e-020
236.082  4.5672e-020
237.104  4.51524e-020
238.126  4.46274e-020
239.148  4.40969e-020
240.17  4.35612e-020
241.192  4.30201e-020
242.214  4.24738e-020
243.236  4.19222e-020
244.258  4.13654e-020
245.28  4.08036e-020
246.302  4.02367e-020
247.324  3.96647e-020
248.346  3.90879e-020
249.368  3.85062e-020
250.39  3.79197e-020
251.412  3.73286e-020
252.434  3.67328e-020
253.456  3.61325e-020
254.478  3.55279e-020
255.5  3.4919e-020
256.522  3.43058e-020
257.544  3.36887e-020
258.566  3.30676e-020
259.588  3.24428e-020
260.61  3.18143e-020
261.632  3.11824e-020
262.654  3.05471e-020
263.676  2.99087e-020
264.698  2.92673e-020
265.72  2.86231e-020
266.742  2.79764e-020
267.764  2.73273e-020
268.786  2.66761e-020
269.808  2.60229e-020
270.83  2.5368e-020
271.852  2.47117e-020
272.874  2.40542e-020
273.896  2.33958e-020
274.918  2.27367e-020
275.94  2.20774e-020
276.962  2.1418e-020
277.984  2.07589e-020
279.006  2.01005e-020
280.028  1.9443e-020
281.05  1.87869e-020
282.072  1.81325e-020
283.094  1.74802e-020
284.116  1.68305e-020
285.138  1.61837e-020
286.16  1.55402e-020
287.182  1.49007e-020
288.204  1.42654e-020
289.226  1.3635e-020
290.248  1.30099e-020
291.27  1.23906e-020
292.292  1.17777e-020
293.314  1.11718e-020
294.336  1.05734e-020
295.358  9.9832e-021
296.38  9.40177e-021
297.402  8.82978e-021
298.424  8.26789e-021
299.446  7.71681e-021
300.468  7.17725e-021
301.49  6.64995e-021
302.512  6.13569e-021
303.534  5.63526e-021
304.556  5.14947e-021
305.578  4.67917e-021
306.6  4.22523e-021
307.622  3.78855e-021
308.644  3.37006e-021
309.666  2.97071e-021
310.688  2.5915e-021
311.71  2.23344e-021
312.732  1.89757e-021
313.754  1.58498e-021
314.776  1.29678e-021
315.798  1.03411e-021
316.82  7.98145e-022
317.842  5.90104e-022
318.864  4.11232e-022
319.886  2.62808e-022
320.908  1.46147e-022
321.93  6.25993e-023
322.952  1.35425e-023
