1.022  1.95949e-020
2.044  1.98331e-020
3.066  2.00703e-020
4.088  2.03067e-020
5.11  2.0542e-020
6.132  2.07764e-020
7.154  2.10098e-020
8.176  2.12421e-020
9.198  2.14733e-020
10.22  2.17034e-020
11.242  2.19325e-020
12.264  2.21605e-020
13.286  2.23873e-020
14.308  2.26131e-020
15.33  2.28378e-020
16.352  2.30615e-020
17.374  2.32841e-020
18.396  2.35057e-020
19.418  2.37262e-020
20.44  2.39457e-020
21.462  2.41642e-020
22.484  2.43817e-020
23.506  2.45982e-020
24.528  2.48136e-020
25.55  2.50281e-020
26.572  2.52415e-020
27.594  2.5454e-020
28.616  2.56654e-020
29.638  2.58759e-020
30.66  2.60853e-020
31.682  2.62937e-020
32.704  2.65011e-020
33.726  2.67074e-020
34.748  2.69127e-020
35.77  2.7117e-020
36.792  2.73202e-020
37.814  2.75223e-020
38.836  2.77234e-020
39.858  2.79234e-020
40.88  2.81222e-020
41.902  2.832e-020
42.924  2.85166e-020
43.946  2.87121e-020
44.968  2.89064e-020
45.99  2.90996e-020
47.012  2.92916e-020
48.034  2.94823e-020
49.056  2.96719e-020
50.078  2.98603e-020
51.1  3.00474e-020
52.122  3.02333e-020
53.144  3.04179e-020
54.166  3.06012e-020
55.188  3.07833e-020
56.21  3.0964e-020
57.232  3.11434e-020
58.254  3.13214e-020
59.276  3.14981e-020
60.298  3.16734e-020
61.32  3.18474e-020
62.342  3.20199e-020
63.364  3.2191e-020
64.386  3.23607e-020
65.408  3.25289e-020
66.43  3.26956e-020
67.452  3.28609e-020
68.474  3.30247e-020
69.496  3.31869e-020
70.518  3.33477e-020
71.54  3.35069e-020
72.562  3.36645e-020
73.584  3.38205e-020
74.606  3.3975e-020
75.628  3.41278e-020
76.65  3.4279e-020
77.672  3.44286e-020
78.694  3.45766e-020
79.716  3.47228e-020
80.738  3.48674e-020
81.76  3.50103e-020
82.782  3.51514e-020
83.804  3.52909e-020
84.826  3.54286e-020
85.848  3.55645e-020
86.87  3.56987e-020
87.892  3.5831e-020
88.914  3.59616e-020
89.936  3.60903e-020
90.958  3.62172e-020
91.98  3.63423e-020
93.002  3.64655e-020
94.024  3.65868e-020
95.046  3.67063e-020
96.068  3.68238e-020
97.09  3.69394e-020
98.112  3.7053e-020
99.134  3.71648e-020
100.156  3.72745e-020
101.178  3.73823e-020
102.2  3.74881e-020
103.222  3.75918e-020
104.244  3.76936e-020
105.266  3.77933e-020
106.288  3.78909e-020
107.31  3.79865e-020
108.332  3.808e-020
109.354  3.81714e-020
110.376  3.82607e-020
111.398  3.83479e-020
112.42  3.8433e-020
113.442  3.85159e-020
114.464  3.85966e-020
115.486  3.86751e-020
116.508  3.87515e-020
117.53  3.88256e-020
118.552  3.88976e-020
119.574  3.89672e-020
120.596  3.90347e-020
121.618  3.90998e-020
122.64  3.91627e-020
123.662  3.92233e-020
124.684  3.92816e-020
125.706  3.93375e-020
126.728  3.93911e-020
127.75  3.94424e-020
128.772  3.94912e-020
129.794  3.95377e-020
130.816  3.95818e-020
131.838  3.96235e-020
132.86  3.96628e-020
133.882  3.96995e-020
134.904  3.97339e-020
135.926  3.97657e-020
136.948  3.97951e-020
137.97  3.9822e-020
138.992  3.98463e-020
140.014  3.98681e-020
141.036  3.98873e-020
142.058  3.9904e-020
143.08  3.9918e-020
144.102  3.99295e-020
145.124  3.99383e-020
146.146  3.99445e-020
147.168  3.99481e-020
148.19  3.99489e-020
149.212  3.99471e-020
150.234  3.99426e-020
151.256  3.99353e-020
152.278  3.99253e-020
153.3  3.99125e-020
154.322  3.9897e-020
155.344  3.98787e-020
156.366  3.98575e-020
157.388  3.98335e-020
158.41  3.98067e-020
159.432  3.97769e-020
160.454  3.97443e-020
161.476  3.97088e-020
162.498  3.96704e-020
163.52  3.9629e-020
164.542  3.95846e-020
165.564  3.95373e-020
166.586  3.94869e-020
167.608  3.94335e-020
168.63  3.93771e-020
169.652  3.93176e-020
170.674  3.9255e-020
171.696  3.91893e-020
172.718  3.91205e-020
173.74  3.90485e-020
174.762  3.89734e-020
175.784  3.88951e-020
176.806  3.88135e-020
177.828  3.87288e-020
178.85  3.86407e-020
179.872  3.85494e-020
180.894  3.84548e-020
181.916  3.83569e-020
182.938  3.82556e-020
183.96  3.8151e-020
184.982  3.8043e-020
186.004  3.79316e-020
187.026  3.78168e-020
188.048  3.76985e-020
189.07  3.75767e-020
190.092  3.74515e-020
191.114  3.73228e-020
192.136  3.71905e-020
193.158  3.70546e-020
194.18  3.69152e-020
195.202  3.67722e-020
196.224  3.66256e-020
197.246  3.64753e-020
198.268  3.63214e-020
199.29  3.61638e-020
200.312  3.60025e-020
201.334  3.58375e-020
202.356  3.56688e-020
203.378  3.54963e-020
204.4  3.532e-020
205.422  3.51399e-020
206.444  3.49561e-020
207.466  3.47684e-020
208.488  3.45768e-020
209.51  3.43814e-020
210.532  3.41821e-020
211.554  3.3979e-020
212.576  3.37719e-020
213.598  3.35609e-020
214.62  3.3346e-020
215.642  3.31271e-020
216.664  3.29043e-020
217.686  3.26776e-020
218.708  3.24468e-020
219.73  3.22121e-020
220.752  3.19733e-020
221.774  3.17306e-020
222.796  3.14839e-020
223.818  3.12332e-020
224.84  3.09785e-020
225.862  3.07197e-020
226.884  3.0457e-020
227.906  3.01902e-020
228.928  2.99195e-020
229.95  2.96447e-020
230.972  2.9366e-020
231.994  2.90833e-020
233.016  2.87965e-020
234.038  2.85059e-020
235.06  2.82113e-020
236.082  2.79127e-020
237.104  2.76103e-020
238.126  2.73039e-020
239.148  2.69937e-020
240.17  2.66796e-020
241.192  2.63617e-020
242.214  2.604e-020
243.236  2.57145e-020
244.258  2.53854e-020
245.28  2.50525e-020
246.302  2.4716e-020
247.324  2.43759e-020
248.346  2.40323e-020
249.368  2.36852e-020
250.39  2.33346e-020
251.412  2.29807e-020
252.434  2.26234e-020
253.456  2.22629e-020
254.478  2.18991e-020
255.5  2.15323e-020
256.522  2.11625e-020
257.544  2.07897e-020
258.566  2.0414e-020
259.588  2.00356e-020
260.61  1.96545e-020
261.632  1.92708e-020
262.654  1.88847e-020
263.676  1.84962e-020
264.698  1.81055e-020
265.72  1.77127e-020
266.742  1.73179e-020
267.764  1.69213e-020
268.786  1.6523e-020
269.808  1.61231e-020
270.83  1.57219e-020
271.852  1.53194e-020
272.874  1.49159e-020
273.896  1.45115e-020
274.918  1.41064e-020
275.94  1.37007e-020
276.962  1.32948e-020
277.984  1.28888e-020
279.006  1.24829e-020
280.028  1.20774e-020
281.05  1.16724e-020
282.072  1.12683e-020
283.094  1.08652e-020
284.116  1.04635e-020
285.138  1.00634e-020
286.16  9.66518e-021
287.182  9.26914e-021
288.204  8.8756e-021
289.226  8.48486e-021
290.248  8.09724e-021
291.27  7.7131e-021
292.292  7.33277e-021
293.314  6.95661e-021
294.336  6.58501e-021
295.358  6.21834e-021
296.38  5.85701e-021
297.402  5.50143e-021
298.424  5.15203e-021
299.446  4.80925e-021
300.468  4.47354e-021
301.49  4.14537e-021
302.512  3.82524e-021
303.534  3.51363e-021
304.556  3.21108e-021
305.578  2.91811e-021
306.6  2.63528e-021
307.622  2.36314e-021
308.644  2.1023e-021
309.666  1.85334e-021
310.688  1.61689e-021
311.71  1.3936e-021
312.732  1.18412e-021
313.754  9.8913e-022
314.776  8.09329e-022
315.798  6.45436e-022
316.82  4.98192e-022
317.842  3.68358e-022
318.864  2.56716e-022
319.886  1.64069e-022
320.908  9.12434e-023
321.93  3.90842e-023
322.952  8.45569e-024
