1.022  4.368e-021
2.044  4.45212e-021
3.066  4.53745e-021
4.088  4.62396e-021
5.11  4.71163e-021
6.132  4.80041e-021
7.154  4.89029e-021
8.176  4.98123e-021
9.198  5.07319e-021
10.22  5.16616e-021
11.242  5.2601e-021
12.264  5.355e-021
13.286  5.45083e-021
14.308  5.54756e-021
15.33  5.64518e-021
16.352  5.74366e-021
17.374  5.84299e-021
18.396  5.94313e-021
19.418  6.04409e-021
20.44  6.14582e-021
21.462  6.24832e-021
22.484  6.35156e-021
23.506  6.45552e-021
24.528  6.56019e-021
25.55  6.66553e-021
26.572  6.77153e-021
27.594  6.87818e-021
28.616  6.98544e-021
29.638  7.0933e-021
30.66  7.20174e-021
31.682  7.31073e-021
32.704  7.42026e-021
33.726  7.53029e-021
34.748  7.64083e-021
35.77  7.75183e-021
36.792  7.86328e-021
37.814  7.97516e-021
38.836  8.08744e-021
39.858  8.20011e-021
40.88  8.31314e-021
41.902  8.42652e-021
42.924  8.54022e-021
43.946  8.65421e-021
44.968  8.76849e-021
45.99  8.88302e-021
47.012  8.99779e-021
48.034  9.11278e-021
49.056  9.22796e-021
50.078  9.34332e-021
51.1  9.45882e-021
52.122  9.57446e-021
53.144  9.69021e-021
54.166  9.80605e-021
55.188  9.92196e-021
56.21  1.00379e-020
57.232  1.01539e-020
58.254  1.02699e-020
59.276  1.03859e-020
60.298  1.05019e-020
61.32  1.06178e-020
62.342  1.07336e-020
63.364  1.08493e-020
64.386  1.0965e-020
65.408  1.10805e-020
66.43  1.11958e-020
67.452  1.1311e-020
68.474  1.1426e-020
69.496  1.15408e-020
70.518  1.16553e-020
71.54  1.17696e-020
72.562  1.18837e-020
73.584  1.19974e-020
74.606  1.21109e-020
75.628  1.2224e-020
76.65  1.23368e-020
77.672  1.24492e-020
78.694  1.25613e-020
79.716  1.26729e-020
80.738  1.27842e-020
81.76  1.2895e-020
82.782  1.30054e-020
83.804  1.31153e-020
84.826  1.32247e-020
85.848  1.33336e-020
86.87  1.34419e-020
87.892  1.35498e-020
88.914  1.36571e-020
89.936  1.37638e-020
90.958  1.38699e-020
91.98  1.39754e-020
93.002  1.40802e-020
94.024  1.41845e-020
95.046  1.4288e-020
96.068  1.43909e-020
97.09  1.44931e-020
98.112  1.45946e-020
99.134  1.46954e-020
100.156  1.47954e-020
101.178  1.48946e-020
102.2  1.49931e-020
103.222  1.50907e-020
104.244  1.51876e-020
105.266  1.52836e-020
106.288  1.53788e-020
107.31  1.54731e-020
108.332  1.55665e-020
109.354  1.5659e-020
110.376  1.57506e-020
111.398  1.58413e-020
112.42  1.59311e-020
113.442  1.60199e-020
114.464  1.61077e-020
115.486  1.61945e-020
116.508  1.62803e-020
117.53  1.6365e-020
118.552  1.64488e-020
119.574  1.65314e-020
120.596  1.6613e-020
121.618  1.66935e-020
122.64  1.67729e-020
123.662  1.68512e-020
124.684  1.69283e-020
125.706  1.70043e-020
126.728  1.70791e-020
127.75  1.71527e-020
128.772  1.72251e-020
129.794  1.72963e-020
130.816  1.73662e-020
131.838  1.74349e-020
132.86  1.75024e-020
133.882  1.75685e-020
134.904  1.76333e-020
135.926  1.76968e-020
136.948  1.7759e-020
137.97  1.78199e-020
138.992  1.78793e-020
140.014  1.79374e-020
141.036  1.79941e-020
142.058  1.80493e-020
143.08  1.81032e-020
144.102  1.81556e-020
145.124  1.82065e-020
146.146  1.82559e-020
147.168  1.83038e-020
148.19  1.83503e-020
149.212  1.83952e-020
150.234  1.84385e-020
151.256  1.84803e-020
152.278  1.85205e-020
153.3  1.85591e-020
154.322  1.8596e-020
155.344  1.86314e-020
156.366  1.86651e-020
157.388  1.86971e-020
158.41  1.87275e-020
159.432  1.87561e-020
160.454  1.87831e-020
161.476  1.88083e-020
162.498  1.88317e-020
163.52  1.88534e-020
164.542  1.88733e-020
165.564  1.88914e-020
166.586  1.89077e-020
167.608  1.89222e-020
168.63  1.89348e-020
169.652  1.89455e-020
170.674  1.89543e-020
171.696  1.89613e-020
172.718  1.89663e-020
173.74  1.89693e-020
174.762  1.89705e-020
175.784  1.89696e-020
176.806  1.89668e-020
177.828  1.89619e-020
178.85  1.89551e-020
179.872  1.89461e-020
180.894  1.89352e-020
181.916  1.89221e-020
182.938  1.8907e-020
183.96  1.88898e-020
184.982  1.88704e-020
186.004  1.88489e-020
187.026  1.88252e-020
188.048  1.87994e-020
189.07  1.87713e-020
190.092  1.87411e-020
191.114  1.87086e-020
192.136  1.86739e-020
193.158  1.8637e-020
194.18  1.85977e-020
195.202  1.85562e-020
196.224  1.85124e-020
197.246  1.84662e-020
198.268  1.84177e-020
199.29  1.83669e-020
200.312  1.83137e-020
201.334  1.82582e-020
202.356  1.82002e-020
203.378  1.81398e-020
204.4  1.8077e-020
205.422  1.80118e-020
206.444  1.79441e-020
207.466  1.7874e-020
208.488  1.78014e-020
209.51  1.77263e-020
210.532  1.76487e-020
211.554  1.75687e-020
212.576  1.74861e-020
213.598  1.74009e-020
214.62  1.73132e-020
215.642  1.7223e-020
216.664  1.71303e-020
217.686  1.70349e-020
218.708  1.6937e-020
219.73  1.68365e-020
220.752  1.67334e-020
221.774  1.66278e-020
222.796  1.65195e-020
223.818  1.64086e-020
224.84  1.62952e-020
225.862  1.61791e-020
226.884  1.60604e-020
227.906  1.59391e-020
228.928  1.58152e-020
229.95  1.56886e-020
230.972  1.55595e-020
231.994  1.54278e-020
233.016  1.52934e-020
234.038  1.51565e-020
235.06  1.50169e-020
236.082  1.48748e-020
237.104  1.47301e-020
238.126  1.45829e-020
239.148  1.44331e-020
240.17  1.42807e-020
241.192  1.41258e-020
242.214  1.39684e-020
243.236  1.38085e-020
244.258  1.36462e-020
245.28  1.34813e-020
246.302  1.33141e-020
247.324  1.31444e-020
248.346  1.29723e-020
249.368  1.27979e-020
250.39  1.26212e-020
251.412  1.24421e-020
252.434  1.22608e-020
253.456  1.20773e-020
254.478  1.18915e-020
255.5  1.17037e-020
256.522  1.15137e-020
257.544  1.13217e-020
258.566  1.11276e-020
259.588  1.09316e-020
260.61  1.07337e-020
261.632  1.05339e-020
262.654  1.03324e-020
263.676  1.01291e-020
264.698  9.92419e-021
265.72  9.71766e-021
266.742  9.50962e-021
267.764  9.30014e-021
268.786  9.0893e-021
269.808  8.87718e-021
270.83  8.66387e-021
271.852  8.44947e-021
272.874  8.23406e-021
273.896  8.01774e-021
274.918  7.80063e-021
275.94  7.58283e-021
276.962  7.36446e-021
277.984  7.14562e-021
279.006  6.92645e-021
280.028  6.70708e-021
281.05  6.48763e-021
282.072  6.26824e-021
283.094  6.04907e-021
284.116  5.83025e-021
285.138  5.61195e-021
286.16  5.39433e-021
287.182  5.17755e-021
288.204  4.96179e-021
289.226  4.74724e-021
290.248  4.53407e-021
291.27  4.32248e-021
292.292  4.11268e-021
293.314  3.90488e-021
294.336  3.69928e-021
295.358  3.49612e-021
296.38  3.29563e-021
297.402  3.09805e-021
298.424  2.90363e-021
299.446  2.71262e-021
300.468  2.52529e-021
301.49  2.34192e-021
302.512  2.1628e-021
303.534  1.98821e-021
304.556  1.81847e-021
305.578  1.65389e-021
306.6  1.49478e-021
307.622  1.3415e-021
308.644  1.19438e-021
309.666  1.05379e-021
310.688  9.20089e-022
311.71  7.93664e-022
312.732  6.74907e-022
313.754  5.64224e-022
314.776  4.62034e-022
315.798  3.68768e-022
316.82  2.84871e-022
317.842  2.10802e-022
318.864  1.47031e-022
319.886  9.40456e-023
320.908  5.23441e-023
321.93  2.244e-023
322.952  4.85877e-024
