1.022  4.46495e-021
2.044  4.53548e-021
3.066  4.60739e-021
4.088  4.68064e-021
5.11  4.75521e-021
6.132  4.83105e-021
7.154  4.90815e-021
8.176  4.98647e-021
9.198  5.06596e-021
10.22  5.14662e-021
11.242  5.22841e-021
12.264  5.31129e-021
13.286  5.39526e-021
14.308  5.48029e-021
15.33  5.56634e-021
16.352  5.65341e-021
17.374  5.74147e-021
18.396  5.83049e-021
19.418  5.92045e-021
20.44  6.01134e-021
21.462  6.10313e-021
22.484  6.1958e-021
23.506  6.28933e-021
24.528  6.38369e-021
25.55  6.47887e-021
26.572  6.57484e-021
27.594  6.67157e-021
28.616  6.76906e-021
29.638  6.86726e-021
30.66  6.96617e-021
31.682  7.06576e-021
32.704  7.16601e-021
33.726  7.26689e-021
34.748  7.36838e-021
35.77  7.47047e-021
36.792  7.57312e-021
37.814  7.67631e-021
38.836  7.78003e-021
39.858  7.88424e-021
40.88  7.98893e-021
41.902  8.09408e-021
42.924  8.19966e-021
43.946  8.30565e-021
44.968  8.41203e-021
45.99  8.51877e-021
47.012  8.62586e-021
48.034  8.73326e-021
49.056  8.84097e-021
50.078  8.94896e-021
51.1  9.0572e-021
52.122  9.16567e-021
53.144  9.27436e-021
54.166  9.38324e-021
55.188  9.49229e-021
56.21  9.60149e-021
57.232  9.71081e-021
58.254  9.82024e-021
59.276  9.92976e-021
60.298  1.00393e-020
61.32  1.0149e-020
62.342  1.02586e-020
63.364  1.03683e-020
64.386  1.04779e-020
65.408  1.05875e-020
66.43  1.0697e-020
67.452  1.08065e-020
68.474  1.09158e-020
69.496  1.10251e-020
70.518  1.11342e-020
71.54  1.12431e-020
72.562  1.13519e-020
73.584  1.14605e-020
74.606  1.15688e-020
75.628  1.16769e-020
76.65  1.17848e-020
77.672  1.18924e-020
78.694  1.19997e-020
79.716  1.21066e-020
80.738  1.22133e-020
81.76  1.23196e-020
82.782  1.24255e-020
83.804  1.25311e-020
84.826  1.26362e-020
85.848  1.27409e-020
86.87  1.28452e-020
87.892  1.2949e-020
88.914  1.30524e-020
89.936  1.31552e-020
90.958  1.32575e-020
91.98  1.33593e-020
93.002  1.34606e-020
94.024  1.35612e-020
95.046  1.36613e-020
96.068  1.37608e-020
97.09  1.38597e-020
98.112  1.39579e-020
99.134  1.40555e-020
100.156  1.41524e-020
101.178  1.42486e-020
102.2  1.43441e-020
103.222  1.44389e-020
104.244  1.4533e-020
105.266  1.46263e-020
106.288  1.47188e-020
107.31  1.48105e-020
108.332  1.49014e-020
109.354  1.49915e-020
110.376  1.50808e-020
111.398  1.51692e-020
112.42  1.52567e-020
113.442  1.53433e-020
114.464  1.5429e-020
115.486  1.55138e-020
116.508  1.55977e-020
117.53  1.56806e-020
118.552  1.57625e-020
119.574  1.58434e-020
120.596  1.59234e-020
121.618  1.60023e-020
122.64  1.60801e-020
123.662  1.61569e-020
124.684  1.62327e-020
125.706  1.63073e-020
126.728  1.63808e-020
127.75  1.64532e-020
128.772  1.65245e-020
129.794  1.65946e-020
130.816  1.66636e-020
131.838  1.67313e-020
132.86  1.67979e-020
133.882  1.68632e-020
134.904  1.69273e-020
135.926  1.69902e-020
136.948  1.70517e-020
137.97  1.7112e-020
138.992  1.7171e-020
140.014  1.72287e-020
141.036  1.7285e-020
142.058  1.734e-020
143.08  1.73936e-020
144.102  1.74458e-020
145.124  1.74966e-020
146.146  1.7546e-020
147.168  1.7594e-020
148.19  1.76405e-020
149.212  1.76856e-020
150.234  1.77291e-020
151.256  1.77712e-020
152.278  1.78117e-020
153.3  1.78507e-020
154.322  1.78882e-020
155.344  1.79241e-020
156.366  1.79584e-020
157.388  1.7991e-020
158.41  1.80221e-020
159.432  1.80516e-020
160.454  1.80793e-020
161.476  1.81054e-020
162.498  1.81299e-020
163.52  1.81526e-020
164.542  1.81736e-020
165.564  1.81928e-020
166.586  1.82103e-020
167.608  1.82261e-020
168.63  1.824e-020
169.652  1.82521e-020
170.674  1.82624e-020
171.696  1.82709e-020
172.718  1.82775e-020
173.74  1.82822e-020
174.762  1.82851e-020
175.784  1.8286e-020
176.806  1.8285e-020
177.828  1.8282e-020
178.85  1.82771e-020
179.872  1.82702e-020
180.894  1.82614e-020
181.916  1.82505e-020
182.938  1.82375e-020
183.96  1.82226e-020
184.982  1.82056e-020
186.004  1.81864e-020
187.026  1.81652e-020
188.048  1.81419e-020
189.07  1.81165e-020
190.092  1.80889e-020
191.114  1.80592e-020
192.136  1.80272e-020
193.158  1.79931e-020
194.18  1.79568e-020
195.202  1.79182e-020
196.224  1.78775e-020
197.246  1.78344e-020
198.268  1.77891e-020
199.29  1.77415e-020
200.312  1.76916e-020
201.334  1.76394e-020
202.356  1.75849e-020
203.378  1.7528e-020
204.4  1.74687e-020
205.422  1.74071e-020
206.444  1.73431e-020
207.466  1.72768e-020
208.488  1.7208e-020
209.51  1.71368e-020
210.532  1.70631e-020
211.554  1.6987e-020
212.576  1.69085e-020
213.598  1.68275e-020
214.62  1.6744e-020
215.642  1.66581e-020
216.664  1.65696e-020
217.686  1.64787e-020
218.708  1.63852e-020
219.73  1.62892e-020
220.752  1.61907e-020
221.774  1.60897e-020
222.796  1.59862e-020
223.818  1.58801e-020
224.84  1.57714e-020
225.862  1.56603e-020
226.884  1.55465e-020
227.906  1.54303e-020
228.928  1.53114e-020
229.95  1.51901e-020
230.972  1.50661e-020
231.994  1.49397e-020
233.016  1.48106e-020
234.038  1.46791e-020
235.06  1.4545e-020
236.082  1.44084e-020
237.104  1.42693e-020
238.126  1.41277e-020
239.148  1.39835e-020
240.17  1.38369e-020
241.192  1.36878e-020
242.214  1.35363e-020
243.236  1.33823e-020
244.258  1.32258e-020
245.28  1.3067e-020
246.302  1.29058e-020
247.324  1.27422e-020
248.346  1.25763e-020
249.368  1.24081e-020
250.39  1.22376e-020
251.412  1.20649e-020
252.434  1.18899e-020
253.456  1.17127e-020
254.478  1.15334e-020
255.5  1.1352e-020
256.522  1.11685e-020
257.544  1.0983e-020
258.566  1.07956e-020
259.588  1.06061e-020
260.61  1.04149e-020
261.632  1.02218e-020
262.654  1.00269e-020
263.676  9.83032e-021
264.698  9.63212e-021
265.72  9.43234e-021
266.742  9.23106e-021
267.764  9.02836e-021
268.786  8.8243e-021
269.808  8.61898e-021
270.83  8.41248e-021
271.852  8.20488e-021
272.874  7.99627e-021
273.896  7.78677e-021
274.918  7.57646e-021
275.94  7.36544e-021
276.962  7.15384e-021
277.984  6.94177e-021
279.006  6.72934e-021
280.028  6.51668e-021
281.05  6.30392e-021
282.072  6.09119e-021
283.094  5.87864e-021
284.116  5.66641e-021
285.138  5.45464e-021
286.16  5.24351e-021
287.182  5.03317e-021
288.204  4.82378e-021
289.226  4.61554e-021
290.248  4.40862e-021
291.27  4.2032e-021
292.292  3.99949e-021
293.314  3.79769e-021
294.336  3.59802e-021
295.358  3.40068e-021
296.38  3.20591e-021
297.402  3.01394e-021
298.424  2.82501e-021
299.446  2.63938e-021
300.468  2.4573e-021
301.49  2.27905e-021
302.512  2.1049e-021
303.534  1.93514e-021
304.556  1.77007e-021
305.578  1.60999e-021
306.6  1.45523e-021
307.622  1.30611e-021
308.644  1.16296e-021
309.666  1.02615e-021
310.688  8.96031e-022
311.71  7.72974e-022
312.732  6.57367e-022
313.754  5.49606e-022
314.776  4.50101e-022
315.798  3.59274e-022
316.82  2.7756e-022
317.842  2.05409e-022
318.864  1.43282e-022
319.886  9.16552e-023
320.908  5.1018e-023
321.93  2.18734e-023
322.952  4.73649e-024
