1.022  7.85893e-020
2.044  7.90863e-020
3.066  7.95808e-020
4.088  8.00726e-020
5.11  8.05617e-020
6.132  8.10479e-020
7.154  8.15312e-020
8.176  8.20115e-020
9.198  8.24887e-020
10.22  8.29628e-020
11.242  8.34338e-020
12.264  8.39016e-020
13.286  8.43664e-020
14.308  8.48282e-020
15.33  8.5287e-020
16.352  8.57429e-020
17.374  8.61958e-020
18.396  8.6646e-020
19.418  8.70933e-020
20.44  8.75379e-020
21.462  8.79798e-020
22.484  8.84191e-020
23.506  8.88556e-020
24.528  8.92895e-020
25.55  8.97209e-020
26.572  9.01496e-020
27.594  9.05757e-020
28.616  9.09991e-020
29.638  9.142e-020
30.66  9.18383e-020
31.682  9.22539e-020
32.704  9.26669e-020
33.726  9.30772e-020
34.748  9.34849e-020
35.77  9.38898e-020
36.792  9.4292e-020
37.814  9.46914e-020
38.836  9.50881e-020
39.858  9.54819e-020
40.88  9.58729e-020
41.902  9.6261e-020
42.924  9.66461e-020
43.946  9.70283e-020
44.968  9.74075e-020
45.99  9.77837e-020
47.012  9.81568e-020
48.034  9.85268e-020
49.056  9.88936e-020
50.078  9.92572e-020
51.1  9.96176e-020
52.122  9.99747e-020
53.144  1.00328e-019
54.166  1.00679e-019
55.188  1.01026e-019
56.21  1.01369e-019
57.232  1.0171e-019
58.254  1.02046e-019
59.276  1.02379e-019
60.298  1.02708e-019
61.32  1.03034e-019
62.342  1.03356e-019
63.364  1.03674e-019
64.386  1.03989e-019
65.408  1.04299e-019
66.43  1.04606e-019
67.452  1.04909e-019
68.474  1.05208e-019
69.496  1.05503e-019
70.518  1.05793e-019
71.54  1.0608e-019
72.562  1.06363e-019
73.584  1.06641e-019
74.606  1.06915e-019
75.628  1.07185e-019
76.65  1.07451e-019
77.672  1.07712e-019
78.694  1.07969e-019
79.716  1.08222e-019
80.738  1.0847e-019
81.76  1.08714e-019
82.782  1.08953e-019
83.804  1.09187e-019
84.826  1.09417e-019
85.848  1.09643e-019
86.87  1.09863e-019
87.892  1.10079e-019
88.914  1.1029e-019
89.936  1.10497e-019
90.958  1.10698e-019
91.98  1.10895e-019
93.002  1.11087e-019
94.024  1.11273e-019
95.046  1.11455e-019
96.068  1.11632e-019
97.09  1.11804e-019
98.112  1.1197e-019
99.134  1.12132e-019
100.156  1.12288e-019
101.178  1.1244e-019
102.2  1.12585e-019
103.222  1.12726e-019
104.244  1.12862e-019
105.266  1.12992e-019
106.288  1.13116e-019
107.31  1.13236e-019
108.332  1.13349e-019
109.354  1.13458e-019
110.376  1.13561e-019
111.398  1.13658e-019
112.42  1.1375e-019
113.442  1.13836e-019
114.464  1.13916e-019
115.486  1.13991e-019
116.508  1.1406e-019
117.53  1.14123e-019
118.552  1.14181e-019
119.574  1.14233e-019
120.596  1.14279e-019
121.618  1.14319e-019
122.64  1.14353e-019
123.662  1.14381e-019
124.684  1.14403e-019
125.706  1.14419e-019
126.728  1.14429e-019
127.75  1.14433e-019
128.772  1.14431e-019
129.794  1.14423e-019
130.816  1.14408e-019
131.838  1.14387e-019
132.86  1.14361e-019
133.882  1.14327e-019
134.904  1.14288e-019
135.926  1.14242e-019
136.948  1.14189e-019
137.97  1.14131e-019
138.992  1.14065e-019
140.014  1.13994e-019
141.036  1.13915e-019
142.058  1.1383e-019
143.08  1.13739e-019
144.102  1.13641e-019
145.124  1.13536e-019
146.146  1.13424e-019
147.168  1.13306e-019
148.19  1.13181e-019
149.212  1.13049e-019
150.234  1.1291e-019
151.256  1.12765e-019
152.278  1.12612e-019
153.3  1.12452e-019
154.322  1.12285e-019
155.344  1.12112e-019
156.366  1.11931e-019
157.388  1.11743e-019
158.41  1.11548e-019
159.432  1.11345e-019
160.454  1.11136e-019
161.476  1.10919e-019
162.498  1.10694e-019
163.52  1.10463e-019
164.542  1.10223e-019
165.564  1.09977e-019
166.586  1.09723e-019
167.608  1.09461e-019
168.63  1.09192e-019
169.652  1.08915e-019
170.674  1.0863e-019
171.696  1.08338e-019
172.718  1.08038e-019
173.74  1.0773e-019
174.762  1.07415e-019
175.784  1.07091e-019
176.806  1.0676e-019
177.828  1.0642e-019
178.85  1.06073e-019
179.872  1.05717e-019
180.894  1.05353e-019
181.916  1.04982e-019
182.938  1.04602e-019
183.96  1.04213e-019
184.982  1.03817e-019
186.004  1.03412e-019
187.026  1.02999e-019
188.048  1.02578e-019
189.07  1.02148e-019
190.092  1.01709e-019
191.114  1.01262e-019
192.136  1.00807e-019
193.158  1.00343e-019
194.18  9.98699e-020
195.202  9.93884e-020
196.224  9.88983e-020
197.246  9.83994e-020
198.268  9.78918e-020
199.29  9.73753e-020
200.312  9.685e-020
201.334  9.63158e-020
202.356  9.57726e-020
203.378  9.52206e-020
204.4  9.46595e-020
205.422  9.40894e-020
206.444  9.35103e-020
207.466  9.29222e-020
208.488  9.23249e-020
209.51  9.17186e-020
210.532  9.11031e-020
211.554  9.04784e-020
212.576  8.98446e-020
213.598  8.92017e-020
214.62  8.85495e-020
215.642  8.78881e-020
216.664  8.72175e-020
217.686  8.65377e-020
218.708  8.58486e-020
219.73  8.51504e-020
220.752  8.44429e-020
221.774  8.37262e-020
222.796  8.30002e-020
223.818  8.22651e-020
224.84  8.15208e-020
225.862  8.07673e-020
226.884  8.00047e-020
227.906  7.9233e-020
228.928  7.84522e-020
229.95  7.76623e-020
230.972  7.68634e-020
231.994  7.60555e-020
233.016  7.52387e-020
234.038  7.4413e-020
235.06  7.35785e-020
236.082  7.27353e-020
237.104  7.18833e-020
238.126  7.10228e-020
239.148  7.01537e-020
240.17  6.92761e-020
241.192  6.83902e-020
242.214  6.74961e-020
243.236  6.65938e-020
244.258  6.56834e-020
245.28  6.47652e-020
246.302  6.38391e-020
247.324  6.29054e-020
248.346  6.19642e-020
249.368  6.10156e-020
250.39  6.00598e-020
251.412  5.90969e-020
252.434  5.81272e-020
253.456  5.71509e-020
254.478  5.6168e-020
255.5  5.51789e-020
256.522  5.41838e-020
257.544  5.31828e-020
258.566  5.21763e-020
259.588  5.11644e-020
260.61  5.01475e-020
261.632  4.91257e-020
262.654  4.80995e-020
263.676  4.7069e-020
264.698  4.60347e-020
265.72  4.49968e-020
266.742  4.39557e-020
267.764  4.29117e-020
268.786  4.18652e-020
269.808  4.08166e-020
270.83  3.97663e-020
271.852  3.87146e-020
272.874  3.76621e-020
273.896  3.66092e-020
274.918  3.55564e-020
275.94  3.4504e-020
276.962  3.34528e-020
277.984  3.2403e-020
279.006  3.13554e-020
280.028  3.03105e-020
281.05  2.92687e-020
282.072  2.82309e-020
283.094  2.71975e-020
284.116  2.61692e-020
285.138  2.51467e-020
286.16  2.41307e-020
287.182  2.31219e-020
288.204  2.2121e-020
289.226  2.11289e-020
290.248  2.01462e-020
291.27  1.91738e-020
292.292  1.82125e-020
293.314  1.72633e-020
294.336  1.6327e-020
295.358  1.54045e-020
296.38  1.44968e-020
297.402  1.36049e-020
298.424  1.27298e-020
299.446  1.18725e-020
300.468  1.10342e-020
301.49  1.02159e-020
302.512  9.41873e-021
303.534  8.64397e-021
304.556  7.89279e-021
305.578  7.16645e-021
306.6  6.46622e-021
307.622  5.79344e-021
308.644  5.14947e-021
309.666  4.53572e-021
310.688  3.95362e-021
311.71  3.40466e-021
312.732  2.89036e-021
313.754  2.4123e-021
314.776  1.97208e-021
315.798  1.57135e-021
316.82  1.21182e-021
317.842  8.95225e-022
318.864  6.23355e-022
319.886  3.98043e-022
320.908  2.21169e-022
321.93  9.46553e-023
322.952  2.04603e-023
