1.022  6.2708e-021
2.044  6.40902e-021
3.066  6.54965e-021
4.088  6.69263e-021
5.11  6.83791e-021
6.132  6.98543e-021
7.154  7.13513e-021
8.176  7.28695e-021
9.198  7.44085e-021
10.22  7.59676e-021
11.242  7.75464e-021
12.264  7.91444e-021
13.286  8.07611e-021
14.308  8.23961e-021
15.33  8.40489e-021
16.352  8.57191e-021
17.374  8.74064e-021
18.396  8.91102e-021
19.418  9.08302e-021
20.44  9.2566e-021
21.462  9.43171e-021
22.484  9.60832e-021
23.506  9.78638e-021
24.528  9.96585e-021
25.55  1.01467e-020
26.572  1.03289e-020
27.594  1.05123e-020
28.616  1.0697e-020
29.638  1.0883e-020
30.66  1.107e-020
31.682  1.12583e-020
32.704  1.14475e-020
33.726  1.16379e-020
34.748  1.18292e-020
35.77  1.20215e-020
36.792  1.22147e-020
37.814  1.24088e-020
38.836  1.26037e-020
39.858  1.27994e-020
40.88  1.29958e-020
41.902  1.3193e-020
42.924  1.33909e-020
43.946  1.35893e-020
44.968  1.37884e-020
45.99  1.3988e-020
47.012  1.41881e-020
48.034  1.43886e-020
49.056  1.45896e-020
50.078  1.4791e-020
51.1  1.49927e-020
52.122  1.51948e-020
53.144  1.53971e-020
54.166  1.55996e-020
55.188  1.58023e-020
56.21  1.60052e-020
57.232  1.62081e-020
58.254  1.64112e-020
59.276  1.66142e-020
60.298  1.68173e-020
61.32  1.70203e-020
62.342  1.72232e-020
63.364  1.7426e-020
64.386  1.76287e-020
65.408  1.78311e-020
66.43  1.80333e-020
67.452  1.82353e-020
68.474  1.84369e-020
69.496  1.86382e-020
70.518  1.88391e-020
71.54  1.90396e-020
72.562  1.92396e-020
73.584  1.94391e-020
74.606  1.96381e-020
75.628  1.98366e-020
76.65  2.00344e-020
77.672  2.02316e-020
78.694  2.04282e-020
79.716  2.0624e-020
80.738  2.08191e-020
81.76  2.10134e-020
82.782  2.12069e-020
83.804  2.13996e-020
84.826  2.15914e-020
85.848  2.17822e-020
86.87  2.19721e-020
87.892  2.21611e-020
88.914  2.2349e-020
89.936  2.25359e-020
90.958  2.27217e-020
91.98  2.29064e-020
93.002  2.30899e-020
94.024  2.32723e-020
95.046  2.34534e-020
96.068  2.36333e-020
97.09  2.3812e-020
98.112  2.39893e-020
99.134  2.41652e-020
100.156  2.43398e-020
101.178  2.4513e-020
102.2  2.46847e-020
103.222  2.4855e-020
104.244  2.50238e-020
105.266  2.5191e-020
106.288  2.53567e-020
107.31  2.55207e-020
108.332  2.56832e-020
109.354  2.58439e-020
110.376  2.6003e-020
111.398  2.61604e-020
112.42  2.6316e-020
113.442  2.64698e-020
114.464  2.66218e-020
115.486  2.67719e-020
116.508  2.69202e-020
117.53  2.70665e-020
118.552  2.7211e-020
119.574  2.73534e-020
120.596  2.74938e-020
121.618  2.76322e-020
122.64  2.77686e-020
123.662  2.79028e-020
124.684  2.8035e-020
125.706  2.81649e-020
126.728  2.82927e-020
127.75  2.84183e-020
128.772  2.85416e-020
129.794  2.86626e-020
130.816  2.87814e-020
131.838  2.88978e-020
132.86  2.90118e-020
133.882  2.91235e-020
134.904  2.92327e-020
135.926  2.93394e-020
136.948  2.94437e-020
137.97  2.95454e-020
138.992  2.96446e-020
140.014  2.97412e-020
141.036  2.98352e-020
142.058  2.99266e-020
143.08  3.00153e-020
144.102  3.01013e-020
145.124  3.01846e-020
146.146  3.02651e-020
147.168  3.03428e-020
148.19  3.04178e-020
149.212  3.04898e-020
150.234  3.0559e-020
151.256  3.06253e-020
152.278  3.06887e-020
153.3  3.07491e-020
154.322  3.08065e-020
155.344  3.08608e-020
156.366  3.09122e-020
157.388  3.09604e-020
158.41  3.10055e-020
159.432  3.10475e-020
160.454  3.10864e-020
161.476  3.1122e-020
162.498  3.11544e-020
163.52  3.11835e-020
164.542  3.12094e-020
165.564  3.1232e-020
166.586  3.12512e-020
167.608  3.12671e-020
168.63  3.12795e-020
169.652  3.12886e-020
170.674  3.12942e-020
171.696  3.12963e-020
172.718  3.12949e-020
173.74  3.129e-020
174.762  3.12815e-020
175.784  3.12695e-020
176.806  3.12538e-020
177.828  3.12345e-020
178.85  3.12115e-020
179.872  3.11849e-020
180.894  3.11546e-020
181.916  3.11205e-020
182.938  3.10826e-020
183.96  3.1041e-020
184.982  3.09956e-020
186.004  3.09463e-020
187.026  3.08932e-020
188.048  3.08363e-020
189.07  3.07754e-020
190.092  3.07106e-020
191.114  3.06419e-020
192.136  3.05692e-020
193.158  3.04925e-020
194.18  3.04119e-020
195.202  3.03272e-020
196.224  3.02385e-020
197.246  3.01458e-020
198.268  3.00489e-020
199.29  2.99481e-020
200.312  2.98431e-020
201.334  2.97339e-020
202.356  2.96207e-020
203.378  2.95033e-020
204.4  2.93818e-020
205.422  2.92561e-020
206.444  2.91263e-020
207.466  2.89922e-020
208.488  2.8854e-020
209.51  2.87116e-020
210.532  2.8565e-020
211.554  2.84141e-020
212.576  2.82591e-020
213.598  2.80998e-020
214.62  2.79363e-020
215.642  2.77686e-020
216.664  2.75966e-020
217.686  2.74205e-020
218.708  2.72401e-020
219.73  2.70555e-020
220.752  2.68668e-020
221.774  2.66738e-020
222.796  2.64766e-020
223.818  2.62753e-020
224.84  2.60697e-020
225.862  2.58601e-020
226.884  2.56463e-020
227.906  2.54283e-020
228.928  2.52063e-020
229.95  2.49802e-020
230.972  2.475e-020
231.994  2.45158e-020
233.016  2.42776e-020
234.038  2.40354e-020
235.06  2.37892e-020
236.082  2.35391e-020
237.104  2.32852e-020
238.126  2.30274e-020
239.148  2.27658e-020
240.17  2.25004e-020
241.192  2.22313e-020
242.214  2.19586e-020
243.236  2.16822e-020
244.258  2.14023e-020
245.28  2.11188e-020
246.302  2.08319e-020
247.324  2.05416e-020
248.346  2.0248e-020
249.368  1.99511e-020
250.39  1.9651e-020
251.412  1.93478e-020
252.434  1.90416e-020
253.456  1.87324e-020
254.478  1.84203e-020
255.5  1.81054e-020
256.522  1.77879e-020
257.544  1.74677e-020
258.566  1.7145e-020
259.588  1.682e-020
260.61  1.64926e-020
261.632  1.61631e-020
262.654  1.58315e-020
263.676  1.54979e-020
264.698  1.51626e-020
265.72  1.48255e-020
266.742  1.44869e-020
267.764  1.41468e-020
268.786  1.38055e-020
269.808  1.3463e-020
270.83  1.31196e-020
271.852  1.27753e-020
272.874  1.24304e-020
273.896  1.2085e-020
274.918  1.17393e-020
275.94  1.13934e-020
276.962  1.10477e-020
277.984  1.07021e-020
279.006  1.0357e-020
280.028  1.00126e-020
281.05  9.66904e-021
282.072  9.32655e-021
283.094  8.98537e-021
284.116  8.64572e-021
285.138  8.30786e-021
286.16  7.97202e-021
287.182  7.63845e-021
288.204  7.30742e-021
289.226  6.9792e-021
290.248  6.65406e-021
291.27  6.33228e-021
292.292  6.01416e-021
293.314  5.7e-021
294.336  5.39011e-021
295.358  5.0848e-021
296.38  4.78441e-021
297.402  4.48926e-021
298.424  4.1997e-021
299.446  3.91609e-021
300.468  3.63879e-021
301.49  3.36817e-021
302.512  3.10462e-021
303.534  2.84854e-021
304.556  2.60032e-021
305.578  2.36038e-021
306.6  2.12915e-021
307.622  1.90706e-021
308.644  1.69457e-021
309.666  1.49213e-021
310.688  1.30021e-021
311.71  1.1193e-021
312.732  9.499e-022
313.754  7.92508e-022
314.776  6.47649e-022
315.798  5.15856e-022
316.82  3.97675e-022
317.842  2.93666e-022
318.864  2.04402e-022
319.886  1.30468e-022
320.908  7.24638e-023
321.93  3.09998e-023
322.952  6.69793e-024
