1.022  6.59227e-021
2.044  6.67432e-021
3.066  6.75941e-021
4.088  6.84749e-021
5.11  6.93848e-021
6.132  7.03234e-021
7.154  7.12899e-021
8.176  7.22838e-021
9.198  7.33044e-021
10.22  7.43511e-021
11.242  7.54235e-021
12.264  7.65209e-021
13.286  7.76429e-021
14.308  7.87889e-021
15.33  7.99586e-021
16.352  8.11513e-021
17.374  8.23667e-021
18.396  8.36042e-021
19.418  8.48635e-021
20.44  8.6144e-021
21.462  8.74452e-021
22.484  8.87668e-021
23.506  9.01081e-021
24.528  9.14689e-021
25.55  9.28486e-021
26.572  9.42467e-021
27.594  9.56628e-021
28.616  9.70965e-021
29.638  9.85471e-021
30.66  1.00014e-020
31.682  1.01498e-020
32.704  1.02997e-020
33.726  1.04511e-020
34.748  1.0604e-020
35.77  1.07584e-020
36.792  1.09141e-020
37.814  1.10711e-020
38.836  1.12295e-020
39.858  1.13891e-020
40.88  1.15498e-020
41.902  1.17118e-020
42.924  1.18748e-020
43.946  1.2039e-020
44.968  1.22041e-020
45.99  1.23702e-020
47.012  1.25373e-020
48.034  1.27052e-020
49.056  1.2874e-020
50.078  1.30436e-020
51.1  1.3214e-020
52.122  1.33851e-020
53.144  1.35568e-020
54.166  1.37292e-020
55.188  1.39021e-020
56.21  1.40757e-020
57.232  1.42497e-020
58.254  1.44242e-020
59.276  1.45991e-020
60.298  1.47743e-020
61.32  1.495e-020
62.342  1.51259e-020
63.364  1.53021e-020
64.386  1.54785e-020
65.408  1.56551e-020
66.43  1.58318e-020
67.452  1.60086e-020
68.474  1.61855e-020
69.496  1.63624e-020
70.518  1.65393e-020
71.54  1.67161e-020
72.562  1.68929e-020
73.584  1.70695e-020
74.606  1.72459e-020
75.628  1.74221e-020
76.65  1.75981e-020
77.672  1.77738e-020
78.694  1.79492e-020
79.716  1.81242e-020
80.738  1.82988e-020
81.76  1.8473e-020
82.782  1.86468e-020
83.804  1.882e-020
84.826  1.89927e-020
85.848  1.91648e-020
86.87  1.93363e-020
87.892  1.95072e-020
88.914  1.96774e-020
89.936  1.98469e-020
90.958  2.00156e-020
91.98  2.01835e-020
93.002  2.03507e-020
94.024  2.05169e-020
95.046  2.06823e-020
96.068  2.08468e-020
97.09  2.10103e-020
98.112  2.11728e-020
99.134  2.13343e-020
100.156  2.14947e-020
101.178  2.16541e-020
102.2  2.18123e-020
103.222  2.19694e-020
104.244  2.21253e-020
105.266  2.22799e-020
106.288  2.24333e-020
107.31  2.25854e-020
108.332  2.27362e-020
109.354  2.28857e-020
110.376  2.30337e-020
111.398  2.31804e-020
112.42  2.33256e-020
113.442  2.34693e-020
114.464  2.36115e-020
115.486  2.37522e-020
116.508  2.38912e-020
117.53  2.40287e-020
118.552  2.41645e-020
119.574  2.42987e-020
120.596  2.44312e-020
121.618  2.45619e-020
122.64  2.46908e-020
123.662  2.4818e-020
124.684  2.49433e-020
125.706  2.50668e-020
126.728  2.51884e-020
127.75  2.5308e-020
128.772  2.54257e-020
129.794  2.55415e-020
130.816  2.56552e-020
131.838  2.57668e-020
132.86  2.58764e-020
133.882  2.59839e-020
134.904  2.60892e-020
135.926  2.61924e-020
136.948  2.62934e-020
137.97  2.63921e-020
138.992  2.64886e-020
140.014  2.65828e-020
141.036  2.66746e-020
142.058  2.67642e-020
143.08  2.68513e-020
144.102  2.6936e-020
145.124  2.70183e-020
146.146  2.70981e-020
147.168  2.71754e-020
148.19  2.72502e-020
149.212  2.73224e-020
150.234  2.73921e-020
151.256  2.74591e-020
152.278  2.75234e-020
153.3  2.75851e-020
154.322  2.76441e-020
155.344  2.77003e-020
156.366  2.77537e-020
157.388  2.78044e-020
158.41  2.78522e-020
159.432  2.78972e-020
160.454  2.79393e-020
161.476  2.79785e-020
162.498  2.80147e-020
163.52  2.8048e-020
164.542  2.80783e-020
165.564  2.81055e-020
166.586  2.81297e-020
167.608  2.81508e-020
168.63  2.81688e-020
169.652  2.81837e-020
170.674  2.81954e-020
171.696  2.82039e-020
172.718  2.82092e-020
173.74  2.82112e-020
174.762  2.821e-020
175.784  2.82055e-020
176.806  2.81976e-020
177.828  2.81865e-020
178.85  2.81719e-020
179.872  2.81539e-020
180.894  2.81326e-020
181.916  2.81077e-020
182.938  2.80794e-020
183.96  2.80476e-020
184.982  2.80123e-020
186.004  2.79735e-020
187.026  2.79311e-020
188.048  2.78851e-020
189.07  2.78355e-020
190.092  2.77823e-020
191.114  2.77254e-020
192.136  2.76649e-020
193.158  2.76007e-020
194.18  2.75328e-020
195.202  2.74611e-020
196.224  2.73857e-020
197.246  2.73066e-020
198.268  2.72237e-020
199.29  2.7137e-020
200.312  2.70465e-020
201.334  2.69522e-020
202.356  2.6854e-020
203.378  2.6752e-020
204.4  2.66462e-020
205.422  2.65365e-020
206.444  2.64229e-020
207.466  2.63054e-020
208.488  2.6184e-020
209.51  2.60588e-020
210.532  2.59296e-020
211.554  2.57965e-020
212.576  2.56595e-020
213.598  2.55185e-020
214.62  2.53736e-020
215.642  2.52248e-020
216.664  2.50721e-020
217.686  2.49155e-020
218.708  2.47549e-020
219.73  2.45904e-020
220.752  2.4422e-020
221.774  2.42497e-020
222.796  2.40735e-020
223.818  2.38934e-020
224.84  2.37094e-020
225.862  2.35216e-020
226.884  2.33299e-020
227.906  2.31343e-020
228.928  2.29349e-020
229.95  2.27318e-020
230.972  2.25248e-020
231.994  2.23141e-020
233.016  2.20997e-020
234.038  2.18815e-020
235.06  2.16597e-020
236.082  2.14342e-020
237.104  2.12051e-020
238.126  2.09725e-020
239.148  2.07362e-020
240.17  2.04965e-020
241.192  2.02533e-020
242.214  2.00067e-020
243.236  1.97567e-020
244.258  1.95034e-020
245.28  1.92468e-020
246.302  1.89869e-020
247.324  1.87239e-020
248.346  1.84578e-020
249.368  1.81887e-020
250.39  1.79166e-020
251.412  1.76416e-020
252.434  1.73637e-020
253.456  1.70831e-020
254.478  1.67997e-020
255.5  1.65138e-020
256.522  1.62253e-020
257.544  1.59345e-020
258.566  1.56412e-020
259.588  1.53457e-020
260.61  1.50481e-020
261.632  1.47484e-020
262.654  1.44468e-020
263.676  1.41433e-020
264.698  1.38382e-020
265.72  1.35314e-020
266.742  1.32231e-020
267.764  1.29135e-020
268.786  1.26027e-020
269.808  1.22908e-020
270.83  1.1978e-020
271.852  1.16643e-020
272.874  1.135e-020
273.896  1.10353e-020
274.918  1.07202e-020
275.94  1.04049e-020
276.962  1.00897e-020
277.984  9.7746e-021
279.006  9.45991e-021
280.028  9.14577e-021
281.05  8.83239e-021
282.072  8.51996e-021
283.094  8.20868e-021
284.116  7.89878e-021
285.138  7.59046e-021
286.16  7.28396e-021
287.182  6.97951e-021
288.204  6.67735e-021
289.226  6.37771e-021
290.248  6.08087e-021
291.27  5.78707e-021
292.292  5.49658e-021
293.314  5.20969e-021
294.336  4.92667e-021
295.358  4.64781e-021
296.38  4.37342e-021
297.402  4.1038e-021
298.424  3.83926e-021
299.446  3.58014e-021
300.468  3.32677e-021
301.49  3.07949e-021
302.512  2.83865e-021
303.534  2.60461e-021
304.556  2.37774e-021
305.578  2.15843e-021
306.6  1.94706e-021
307.622  1.74404e-021
308.644  1.54978e-021
309.666  1.36469e-021
310.688  1.18922e-021
311.71  1.0238e-021
312.732  8.68883e-022
313.754  7.24946e-022
314.776  5.92461e-022
315.798  4.71918e-022
316.82  3.63819e-022
317.842  2.68676e-022
318.864  1.87016e-022
319.886  1.19376e-022
320.908  6.6306e-023
321.93  2.83668e-023
322.952  6.12931e-024
