1.022  3.84132e-020
2.044  3.78083e-020
3.066  3.72139e-020
4.088  3.66298e-020
5.11  3.60558e-020
6.132  3.54919e-020
7.154  3.49378e-020
8.176  3.43934e-020
9.198  3.38586e-020
10.22  3.33333e-020
11.242  3.28172e-020
12.264  3.23104e-020
13.286  3.18128e-020
14.308  3.13242e-020
15.33  3.08446e-020
16.352  3.03738e-020
17.374  2.99118e-020
18.396  2.94585e-020
19.418  2.90138e-020
20.44  2.85777e-020
21.462  2.81499e-020
22.484  2.77304e-020
23.506  2.73191e-020
24.528  2.6916e-020
25.55  2.65208e-020
26.572  2.61335e-020
27.594  2.5754e-020
28.616  2.53822e-020
29.638  2.5018e-020
30.66  2.46612e-020
31.682  2.43118e-020
32.704  2.39696e-020
33.726  2.36346e-020
34.748  2.33066e-020
35.77  2.29856e-020
36.792  2.26714e-020
37.814  2.2364e-020
38.836  2.20631e-020
39.858  2.17688e-020
40.88  2.14809e-020
41.902  2.11994e-020
42.924  2.0924e-020
43.946  2.06548e-020
44.968  2.03916e-020
45.99  2.01344e-020
47.012  1.9883e-020
48.034  1.96374e-020
49.056  1.93974e-020
50.078  1.91629e-020
51.1  1.8934e-020
52.122  1.87104e-020
53.144  1.84922e-020
54.166  1.82791e-020
55.188  1.80712e-020
56.21  1.78683e-020
57.232  1.76704e-020
58.254  1.74773e-020
59.276  1.72891e-020
60.298  1.71056e-020
61.32  1.69267e-020
62.342  1.67523e-020
63.364  1.65825e-020
64.386  1.6417e-020
65.408  1.62559e-020
66.43  1.6099e-020
67.452  1.59463e-020
68.474  1.57977e-020
69.496  1.56531e-020
70.518  1.55125e-020
71.54  1.53758e-020
72.562  1.5243e-020
73.584  1.51138e-020
74.606  1.49884e-020
75.628  1.48666e-020
76.65  1.47483e-020
77.672  1.46335e-020
78.694  1.45222e-020
79.716  1.44142e-020
80.738  1.43095e-020
81.76  1.4208e-020
82.782  1.41097e-020
83.804  1.40145e-020
84.826  1.39224e-020
85.848  1.38332e-020
86.87  1.3747e-020
87.892  1.36636e-020
88.914  1.3583e-020
89.936  1.35052e-020
90.958  1.34301e-020
91.98  1.33576e-020
93.002  1.32878e-020
94.024  1.32204e-020
95.046  1.31555e-020
96.068  1.3093e-020
97.09  1.30329e-020
98.112  1.29751e-020
99.134  1.29195e-020
100.156  1.28661e-020
101.178  1.28149e-020
102.2  1.27658e-020
103.222  1.27187e-020
104.244  1.26737e-020
105.266  1.26305e-020
106.288  1.25893e-020
107.31  1.25499e-020
108.332  1.25123e-020
109.354  1.24764e-020
110.376  1.24423e-020
111.398  1.24098e-020
112.42  1.23789e-020
113.442  1.23495e-020
114.464  1.23217e-020
115.486  1.22953e-020
116.508  1.22703e-020
117.53  1.22467e-020
118.552  1.22245e-020
119.574  1.22035e-020
120.596  1.21837e-020
121.618  1.21651e-020
122.64  1.21477e-020
123.662  1.21314e-020
124.684  1.21161e-020
125.706  1.21018e-020
126.728  1.20885e-020
127.75  1.20762e-020
128.772  1.20647e-020
129.794  1.20541e-020
130.816  1.20443e-020
131.838  1.20352e-020
132.86  1.20268e-020
133.882  1.20192e-020
134.904  1.20121e-020
135.926  1.20057e-020
136.948  1.19999e-020
137.97  1.19945e-020
138.992  1.19896e-020
140.014  1.19852e-020
141.036  1.19812e-020
142.058  1.19775e-020
143.08  1.19742e-020
144.102  1.19712e-020
145.124  1.19684e-020
146.146  1.19658e-020
147.168  1.19634e-020
148.19  1.19611e-020
149.212  1.1959e-020
150.234  1.19569e-020
151.256  1.19549e-020
152.278  1.19528e-020
153.3  1.19507e-020
154.322  1.19486e-020
155.344  1.19463e-020
156.366  1.19439e-020
157.388  1.19413e-020
158.41  1.19385e-020
159.432  1.19355e-020
160.454  1.19321e-020
161.476  1.19285e-020
162.498  1.19246e-020
163.52  1.19202e-020
164.542  1.19155e-020
165.564  1.19103e-020
166.586  1.19047e-020
167.608  1.18986e-020
168.63  1.18919e-020
169.652  1.18847e-020
170.674  1.18769e-020
171.696  1.18685e-020
172.718  1.18594e-020
173.74  1.18497e-020
174.762  1.18393e-020
175.784  1.18281e-020
176.806  1.18162e-020
177.828  1.18034e-020
178.85  1.17899e-020
179.872  1.17755e-020
180.894  1.17603e-020
181.916  1.17442e-020
182.938  1.17272e-020
183.96  1.17092e-020
184.982  1.16902e-020
186.004  1.16703e-020
187.026  1.16494e-020
188.048  1.16274e-020
189.07  1.16043e-020
190.092  1.15802e-020
191.114  1.15549e-020
192.136  1.15286e-020
193.158  1.15011e-020
194.18  1.14724e-020
195.202  1.14425e-020
196.224  1.14114e-020
197.246  1.13791e-020
198.268  1.13455e-020
199.29  1.13107e-020
200.312  1.12746e-020
201.334  1.12372e-020
202.356  1.11984e-020
203.378  1.11583e-020
204.4  1.11169e-020
205.422  1.10741e-020
206.444  1.10299e-020
207.466  1.09843e-020
208.488  1.09373e-020
209.51  1.08889e-020
210.532  1.0839e-020
211.554  1.07877e-020
212.576  1.07349e-020
213.598  1.06807e-020
214.62  1.06249e-020
215.642  1.05677e-020
216.664  1.05089e-020
217.686  1.04486e-020
218.708  1.03869e-020
219.73  1.03235e-020
220.752  1.02587e-020
221.774  1.01923e-020
222.796  1.01243e-020
223.818  1.00548e-020
224.84  9.98374e-021
225.862  9.9111e-021
226.884  9.83691e-021
227.906  9.76114e-021
228.928  9.68381e-021
229.95  9.6049e-021
230.972  9.52443e-021
231.994  9.44239e-021
233.016  9.35878e-021
234.038  9.27361e-021
235.06  9.18687e-021
236.082  9.09858e-021
237.104  9.00875e-021
238.126  8.91736e-021
239.148  8.82445e-021
240.17  8.73e-021
241.192  8.63403e-021
242.214  8.53656e-021
243.236  8.43759e-021
244.258  8.33713e-021
245.28  8.2352e-021
246.302  8.13181e-021
247.324  8.02699e-021
248.346  7.92073e-021
249.368  7.81308e-021
250.39  7.70403e-021
251.412  7.59362e-021
252.434  7.48186e-021
253.456  7.36879e-021
254.478  7.25441e-021
255.5  7.13877e-021
256.522  7.02189e-021
257.544  6.90379e-021
258.566  6.78451e-021
259.588  6.66407e-021
260.61  6.54253e-021
261.632  6.4199e-021
262.654  6.29623e-021
263.676  6.17155e-021
264.698  6.04591e-021
265.72  5.91935e-021
266.742  5.79192e-021
267.764  5.66365e-021
268.786  5.53461e-021
269.808  5.40484e-021
270.83  5.2744e-021
271.852  5.14333e-021
272.874  5.01171e-021
273.896  4.87958e-021
274.918  4.74701e-021
275.94  4.61408e-021
276.962  4.48084e-021
277.984  4.34736e-021
279.006  4.21373e-021
280.028  4.08001e-021
281.05  3.9463e-021
282.072  3.81266e-021
283.094  3.67918e-021
284.116  3.54597e-021
285.138  3.4131e-021
286.16  3.28067e-021
287.182  3.14879e-021
288.204  3.01756e-021
289.226  2.88709e-021
290.248  2.75748e-021
291.27  2.62885e-021
292.292  2.50133e-021
293.314  2.37504e-021
294.336  2.2501e-021
295.358  2.12665e-021
296.38  2.00483e-021
297.402  1.88479e-021
298.424  1.76667e-021
299.446  1.65062e-021
300.468  1.5368e-021
301.49  1.42539e-021
302.512  1.31655e-021
303.534  1.21045e-021
304.556  1.10729e-021
305.578  1.00724e-021
306.6  9.10516e-022
307.622  8.17308e-022
308.644  7.27831e-022
309.666  6.42301e-022
310.688  5.60942e-022
311.71  4.83987e-022
312.732  4.11677e-022
313.754  3.4426e-022
314.776  2.81992e-022
315.798  2.25139e-022
316.82  1.73975e-022
317.842  1.28784e-022
318.864  8.98566e-023
319.886  5.74962e-023
320.908  3.20137e-023
321.93  1.37298e-023
322.952  2.97406e-024
