1.022  5.86996e-019
2.044  5.88023e-019
3.066  5.89043e-019
4.088  5.90056e-019
5.11  5.91061e-019
6.132  5.92058e-019
7.154  5.93046e-019
8.176  5.94025e-019
9.198  5.94993e-019
10.22  5.95952e-019
11.242  5.969e-019
12.264  5.97838e-019
13.286  5.98767e-019
14.308  5.99686e-019
15.33  6.00597e-019
16.352  6.01499e-019
17.374  6.02392e-019
18.396  6.03278e-019
19.418  6.04157e-019
20.44  6.05028e-019
21.462  6.05892e-019
22.484  6.0675e-019
23.506  6.07602e-019
24.528  6.08447e-019
25.55  6.09286e-019
26.572  6.10119e-019
27.594  6.10946e-019
28.616  6.11767e-019
29.638  6.12582e-019
30.66  6.1339e-019
31.682  6.14193e-019
32.704  6.14989e-019
33.726  6.15778e-019
34.748  6.16562e-019
35.77  6.17338e-019
36.792  6.18108e-019
37.814  6.1887e-019
38.836  6.19626e-019
39.858  6.20374e-019
40.88  6.21114e-019
41.902  6.21847e-019
42.924  6.22571e-019
43.946  6.23287e-019
44.968  6.23995e-019
45.99  6.24694e-019
47.012  6.25384e-019
48.034  6.26065e-019
49.056  6.26736e-019
50.078  6.27397e-019
51.1  6.28049e-019
52.122  6.28691e-019
53.144  6.29322e-019
54.166  6.29942e-019
55.188  6.30551e-019
56.21  6.3115e-019
57.232  6.31736e-019
58.254  6.32312e-019
59.276  6.32875e-019
60.298  6.33426e-019
61.32  6.33965e-019
62.342  6.34491e-019
63.364  6.35004e-019
64.386  6.35504e-019
65.408  6.35991e-019
66.43  6.36465e-019
67.452  6.36924e-019
68.474  6.3737e-019
69.496  6.37801e-019
70.518  6.38218e-019
71.54  6.3862e-019
72.562  6.39007e-019
73.584  6.39379e-019
74.606  6.39736e-019
75.628  6.40077e-019
76.65  6.40402e-019
77.672  6.40711e-019
78.694  6.41005e-019
79.716  6.41282e-019
80.738  6.41542e-019
81.76  6.41785e-019
82.782  6.42012e-019
83.804  6.42221e-019
84.826  6.42413e-019
85.848  6.42587e-019
86.87  6.42744e-019
87.892  6.42882e-019
88.914  6.43003e-019
89.936  6.43105e-019
90.958  6.43189e-019
91.98  6.43254e-019
93.002  6.433e-019
94.024  6.43327e-019
95.046  6.43335e-019
96.068  6.43323e-019
97.09  6.43292e-019
98.112  6.43241e-019
99.134  6.4317e-019
100.156  6.4308e-019
101.178  6.42969e-019
102.2  6.42837e-019
103.222  6.42685e-019
104.244  6.42512e-019
105.266  6.42319e-019
106.288  6.42104e-019
107.31  6.41868e-019
108.332  6.41611e-019
109.354  6.41332e-019
110.376  6.41032e-019
111.398  6.40709e-019
112.42  6.40365e-019
113.442  6.39999e-019
114.464  6.3961e-019
115.486  6.39199e-019
116.508  6.38765e-019
117.53  6.38309e-019
118.552  6.3783e-019
119.574  6.37327e-019
120.596  6.36802e-019
121.618  6.36253e-019
122.64  6.3568e-019
123.662  6.35084e-019
124.684  6.34464e-019
125.706  6.33821e-019
126.728  6.33153e-019
127.75  6.32461e-019
128.772  6.31744e-019
129.794  6.31003e-019
130.816  6.30237e-019
131.838  6.29447e-019
132.86  6.28631e-019
133.882  6.27791e-019
134.904  6.26925e-019
135.926  6.26033e-019
136.948  6.25116e-019
137.97  6.24173e-019
138.992  6.23204e-019
140.014  6.22209e-019
141.036  6.21188e-019
142.058  6.20141e-019
143.08  6.19067e-019
144.102  6.17966e-019
145.124  6.16838e-019
146.146  6.15683e-019
147.168  6.14501e-019
148.19  6.13291e-019
149.212  6.12054e-019
150.234  6.10789e-019
151.256  6.09497e-019
152.278  6.08176e-019
153.3  6.06826e-019
154.322  6.05449e-019
155.344  6.04042e-019
156.366  6.02607e-019
157.388  6.01143e-019
158.41  5.99649e-019
159.432  5.98126e-019
160.454  5.96573e-019
161.476  5.94991e-019
162.498  5.93378e-019
163.52  5.91735e-019
164.542  5.90062e-019
165.564  5.88358e-019
166.586  5.86623e-019
167.608  5.84857e-019
168.63  5.8306e-019
169.652  5.81231e-019
170.674  5.79371e-019
171.696  5.77478e-019
172.718  5.75554e-019
173.74  5.73597e-019
174.762  5.71607e-019
175.784  5.69584e-019
176.806  5.67528e-019
177.828  5.65439e-019
178.85  5.63316e-019
179.872  5.6116e-019
180.894  5.58969e-019
181.916  5.56744e-019
182.938  5.54484e-019
183.96  5.52189e-019
184.982  5.49859e-019
186.004  5.47494e-019
187.026  5.45093e-019
188.048  5.42657e-019
189.07  5.40184e-019
190.092  5.37675e-019
191.114  5.35129e-019
192.136  5.32546e-019
193.158  5.29926e-019
194.18  5.27269e-019
195.202  5.24574e-019
196.224  5.21841e-019
197.246  5.1907e-019
198.268  5.1626e-019
199.29  5.13412e-019
200.312  5.10524e-019
201.334  5.07597e-019
202.356  5.04631e-019
203.378  5.01625e-019
204.4  4.98579e-019
205.422  4.95493e-019
206.444  4.92367e-019
207.466  4.89199e-019
208.488  4.85991e-019
209.51  4.82742e-019
210.532  4.79451e-019
211.554  4.76118e-019
212.576  4.72744e-019
213.598  4.69328e-019
214.62  4.65869e-019
215.642  4.62369e-019
216.664  4.58825e-019
217.686  4.55239e-019
218.708  4.5161e-019
219.73  4.47938e-019
220.752  4.44223e-019
221.774  4.40464e-019
222.796  4.36662e-019
223.818  4.32817e-019
224.84  4.28928e-019
225.862  4.24995e-019
226.884  4.21018e-019
227.906  4.16998e-019
228.928  4.12934e-019
229.95  4.08827e-019
230.972  4.04675e-019
231.994  4.0048e-019
233.016  3.96241e-019
234.038  3.91959e-019
235.06  3.87633e-019
236.082  3.83264e-019
237.104  3.78852e-019
238.126  3.74397e-019
239.148  3.69899e-019
240.17  3.65359e-019
241.192  3.60777e-019
242.214  3.56152e-019
243.236  3.51486e-019
244.258  3.46779e-019
245.28  3.42031e-019
246.302  3.37243e-019
247.324  3.32415e-019
248.346  3.27548e-019
249.368  3.22642e-019
250.39  3.17698e-019
251.412  3.12717e-019
252.434  3.07699e-019
253.456  3.02645e-019
254.478  2.97557e-019
255.5  2.92434e-019
256.522  2.87277e-019
257.544  2.82089e-019
258.566  2.76869e-019
259.588  2.71619e-019
260.61  2.6634e-019
261.632  2.61034e-019
262.654  2.55701e-019
263.676  2.50343e-019
264.698  2.44961e-019
265.72  2.39558e-019
266.742  2.34134e-019
267.764  2.28691e-019
268.786  2.23232e-019
269.808  2.17757e-019
270.83  2.12269e-019
271.852  2.0677e-019
272.874  2.01262e-019
273.896  1.95747e-019
274.918  1.90228e-019
275.94  1.84707e-019
276.962  1.79186e-019
277.984  1.73669e-019
279.006  1.68157e-019
280.028  1.62654e-019
281.05  1.57163e-019
282.072  1.51687e-019
283.094  1.46229e-019
284.116  1.40793e-019
285.138  1.35382e-019
286.16  1.29999e-019
287.182  1.24649e-019
288.204  1.19335e-019
289.226  1.14061e-019
290.248  1.08832e-019
291.27  1.03653e-019
292.292  9.85264e-020
293.314  9.34585e-020
294.336  8.84539e-020
295.358  8.35175e-020
296.38  7.86546e-020
297.402  7.38707e-020
298.424  6.91712e-020
299.446  6.4562e-020
300.468  6.00492e-020
301.49  5.56389e-020
302.512  5.13374e-020
303.534  4.71516e-020
304.556  4.30881e-020
305.578  3.9154e-020
306.6  3.53566e-020
307.622  3.17035e-020
308.644  2.82025e-020
309.666  2.48614e-020
310.688  2.16886e-020
311.71  1.86927e-020
312.732  1.58823e-020
313.754  1.32665e-020
314.776  1.08546e-020
315.798  8.6563e-021
316.82  6.6814e-021
317.842  4.94008e-021
318.864  3.4428e-021
319.886  2.2003e-021
320.908  1.22365e-021
321.93  5.2415e-022
322.952  1.13398e-022
