1.022  4.23774e-019
2.044  4.25167e-019
3.066  4.2655e-019
4.088  4.27924e-019
5.11  4.29289e-019
6.132  4.30644e-019
7.154  4.31989e-019
8.176  4.33322e-019
9.198  4.34645e-019
10.22  4.35956e-019
11.242  4.37256e-019
12.264  4.38545e-019
13.286  4.39823e-019
14.308  4.4109e-019
15.33  4.42347e-019
16.352  4.43594e-019
17.374  4.44832e-019
18.396  4.46059e-019
19.418  4.47278e-019
20.44  4.48488e-019
21.462  4.49689e-019
22.484  4.50881e-019
23.506  4.52065e-019
24.528  4.53241e-019
25.55  4.54409e-019
26.572  4.55569e-019
27.594  4.5672e-019
28.616  4.57864e-019
29.638  4.58999e-019
30.66  4.60127e-019
31.682  4.61246e-019
32.704  4.62357e-019
33.726  4.6346e-019
34.748  4.64555e-019
35.77  4.65641e-019
36.792  4.66719e-019
37.814  4.67788e-019
38.836  4.68849e-019
39.858  4.69901e-019
40.88  4.70943e-019
41.902  4.71976e-019
42.924  4.73001e-019
43.946  4.74015e-019
44.968  4.7502e-019
45.99  4.76015e-019
47.012  4.77e-019
48.034  4.77975e-019
49.056  4.7894e-019
50.078  4.79894e-019
51.1  4.80837e-019
52.122  4.8177e-019
53.144  4.82691e-019
54.166  4.83602e-019
55.188  4.84501e-019
56.21  4.85388e-019
57.232  4.86263e-019
58.254  4.87127e-019
59.276  4.87978e-019
60.298  4.88817e-019
61.32  4.89644e-019
62.342  4.90458e-019
63.364  4.91259e-019
64.386  4.92047e-019
65.408  4.92822e-019
66.43  4.93583e-019
67.452  4.94331e-019
68.474  4.95065e-019
69.496  4.95786e-019
70.518  4.96492e-019
71.54  4.97184e-019
72.562  4.97861e-019
73.584  4.98524e-019
74.606  4.99173e-019
75.628  4.99806e-019
76.65  5.00424e-019
77.672  5.01027e-019
78.694  5.01615e-019
79.716  5.02187e-019
80.738  5.02743e-019
81.76  5.03284e-019
82.782  5.03808e-019
83.804  5.04316e-019
84.826  5.04808e-019
85.848  5.05284e-019
86.87  5.05743e-019
87.892  5.06185e-019
88.914  5.0661e-019
89.936  5.07018e-019
90.958  5.07409e-019
91.98  5.07782e-019
93.002  5.08138e-019
94.024  5.08476e-019
95.046  5.08797e-019
96.068  5.091e-019
97.09  5.09384e-019
98.112  5.09651e-019
99.134  5.09899e-019
100.156  5.10128e-019
101.178  5.10339e-019
102.2  5.10531e-019
103.222  5.10704e-019
104.244  5.10859e-019
105.266  5.10994e-019
106.288  5.1111e-019
107.31  5.11206e-019
108.332  5.11283e-019
109.354  5.11341e-019
110.376  5.11378e-019
111.398  5.11396e-019
112.42  5.11394e-019
113.442  5.11371e-019
114.464  5.11328e-019
115.486  5.11265e-019
116.508  5.11181e-019
117.53  5.11077e-019
118.552  5.10951e-019
119.574  5.10805e-019
120.596  5.10638e-019
121.618  5.10449e-019
122.64  5.1024e-019
123.662  5.10009e-019
124.684  5.09756e-019
125.706  5.09482e-019
126.728  5.09186e-019
127.75  5.08867e-019
128.772  5.08527e-019
129.794  5.08165e-019
130.816  5.0778e-019
131.838  5.07373e-019
132.86  5.06944e-019
133.882  5.06491e-019
134.904  5.06016e-019
135.926  5.05518e-019
136.948  5.04996e-019
137.97  5.04452e-019
138.992  5.03884e-019
140.014  5.03292e-019
141.036  5.02677e-019
142.058  5.02038e-019
143.08  5.01376e-019
144.102  5.00689e-019
145.124  4.99978e-019
146.146  4.99242e-019
147.168  4.98482e-019
148.19  4.97697e-019
149.212  4.96888e-019
150.234  4.96053e-019
151.256  4.95194e-019
152.278  4.94309e-019
153.3  4.93398e-019
154.322  4.92462e-019
155.344  4.91501e-019
156.366  4.90513e-019
157.388  4.89499e-019
158.41  4.88459e-019
159.432  4.87393e-019
160.454  4.863e-019
161.476  4.8518e-019
162.498  4.84034e-019
163.52  4.8286e-019
164.542  4.81659e-019
165.564  4.8043e-019
166.586  4.79174e-019
167.608  4.7789e-019
168.63  4.76578e-019
169.652  4.75237e-019
170.674  4.73868e-019
171.696  4.72471e-019
172.718  4.71045e-019
173.74  4.6959e-019
174.762  4.68105e-019
175.784  4.66591e-019
176.806  4.65048e-019
177.828  4.63475e-019
178.85  4.61871e-019
179.872  4.60238e-019
180.894  4.58574e-019
181.916  4.56879e-019
182.938  4.55154e-019
183.96  4.53397e-019
184.982  4.51609e-019
186.004  4.4979e-019
187.026  4.47939e-019
188.048  4.46056e-019
189.07  4.44141e-019
190.092  4.42193e-019
191.114  4.40213e-019
192.136  4.382e-019
193.158  4.36154e-019
194.18  4.34075e-019
195.202  4.31962e-019
196.224  4.29815e-019
197.246  4.27635e-019
198.268  4.25421e-019
199.29  4.23172e-019
200.312  4.20888e-019
201.334  4.1857e-019
202.356  4.16217e-019
203.378  4.13829e-019
204.4  4.11405e-019
205.422  4.08946e-019
206.444  4.06451e-019
207.466  4.0392e-019
208.488  4.01353e-019
209.51  3.98749e-019
210.532  3.96109e-019
211.554  3.93432e-019
212.576  3.90719e-019
213.598  3.87968e-019
214.62  3.8518e-019
215.642  3.82355e-019
216.664  3.79493e-019
217.686  3.76592e-019
218.708  3.73655e-019
219.73  3.70679e-019
220.752  3.67665e-019
221.774  3.64614e-019
222.796  3.61524e-019
223.818  3.58396e-019
224.84  3.5523e-019
225.862  3.52025e-019
226.884  3.48783e-019
227.906  3.45502e-019
228.928  3.42183e-019
229.95  3.38825e-019
230.972  3.35429e-019
231.994  3.31995e-019
233.016  3.28523e-019
234.038  3.25013e-019
235.06  3.21465e-019
236.082  3.17879e-019
237.104  3.14256e-019
238.126  3.10595e-019
239.148  3.06897e-019
240.17  3.03162e-019
241.192  2.9939e-019
242.214  2.95581e-019
243.236  2.91737e-019
244.258  2.87857e-019
245.28  2.83941e-019
246.302  2.7999e-019
247.324  2.76005e-019
248.346  2.71986e-019
249.368  2.67933e-019
250.39  2.63847e-019
251.412  2.59728e-019
252.434  2.55578e-019
253.456  2.51396e-019
254.478  2.47185e-019
255.5  2.42943e-019
256.522  2.38673e-019
257.544  2.34375e-019
258.566  2.30049e-019
259.588  2.25698e-019
260.61  2.21321e-019
261.632  2.1692e-019
262.654  2.12497e-019
263.676  2.08051e-019
264.698  2.03586e-019
265.72  1.99101e-019
266.742  1.94598e-019
267.764  1.90079e-019
268.786  1.85545e-019
269.808  1.80998e-019
270.83  1.76439e-019
271.852  1.7187e-019
272.874  1.67294e-019
273.896  1.62711e-019
274.918  1.58124e-019
275.94  1.53535e-019
276.962  1.48945e-019
277.984  1.44358e-019
279.006  1.39776e-019
280.028  1.35201e-019
281.05  1.30635e-019
282.072  1.26081e-019
283.094  1.21543e-019
284.116  1.17022e-019
285.138  1.12522e-019
286.16  1.08045e-019
287.182  1.03595e-019
288.204  9.9176e-020
289.226  9.47903e-020
290.248  9.04417e-020
291.27  8.6134e-020
292.292  8.1871e-020
293.314  7.76566e-020
294.336  7.34949e-020
295.358  6.93901e-020
296.38  6.53466e-020
297.402  6.13689e-020
298.424  5.74616e-020
299.446  5.36297e-020
300.468  4.98781e-020
301.49  4.6212e-020
302.512  4.26367e-020
303.534  3.91577e-020
304.556  3.57807e-020
305.578  3.25116e-020
306.6  2.93564e-020
307.622  2.63213e-020
308.644  2.34128e-020
309.666  2.06376e-020
310.688  1.80024e-020
311.71  1.55144e-020
312.732  1.31807e-020
313.754  1.10089e-020
314.776  9.00671e-021
315.798  7.182e-021
316.82  5.54295e-021
317.842  4.09795e-021
318.864  2.85564e-021
319.886  1.82487e-021
320.908  1.01476e-021
321.93  4.34629e-022
322.952  9.40208e-023
