1.022  1.24578e-019
2.044  1.2611e-019
3.066  1.27635e-019
4.088  1.29153e-019
5.11  1.30664e-019
6.132  1.32168e-019
7.154  1.33665e-019
8.176  1.35154e-019
9.198  1.36635e-019
10.22  1.38109e-019
11.242  1.39576e-019
12.264  1.41034e-019
13.286  1.42485e-019
14.308  1.43929e-019
15.33  1.45365e-019
16.352  1.46793e-019
17.374  1.48215e-019
18.396  1.49629e-019
19.418  1.51035e-019
20.44  1.52435e-019
21.462  1.53828e-019
22.484  1.55213e-019
23.506  1.56592e-019
24.528  1.57963e-019
25.55  1.59328e-019
26.572  1.60686e-019
27.594  1.62037e-019
28.616  1.6338e-019
29.638  1.64717e-019
30.66  1.66047e-019
31.682  1.67371e-019
32.704  1.68687e-019
33.726  1.69996e-019
34.748  1.71298e-019
35.77  1.72593e-019
36.792  1.7388e-019
37.814  1.75161e-019
38.836  1.76434e-019
39.858  1.777e-019
40.88  1.78958e-019
41.902  1.80209e-019
42.924  1.81453e-019
43.946  1.82689e-019
44.968  1.83917e-019
45.99  1.85137e-019
47.012  1.8635e-019
48.034  1.87554e-019
49.056  1.88751e-019
50.078  1.8994e-019
51.1  1.9112e-019
52.122  1.92292e-019
53.144  1.93456e-019
54.166  1.94611e-019
55.188  1.95758e-019
56.21  1.96896e-019
57.232  1.98025e-019
58.254  1.99146e-019
59.276  2.00258e-019
60.298  2.0136e-019
61.32  2.02454e-019
62.342  2.03539e-019
63.364  2.04614e-019
64.386  2.0568e-019
65.408  2.06736e-019
66.43  2.07783e-019
67.452  2.0882e-019
68.474  2.09848e-019
69.496  2.10865e-019
70.518  2.11873e-019
71.54  2.12871e-019
72.562  2.13859e-019
73.584  2.14836e-019
74.606  2.15803e-019
75.628  2.1676e-019
76.65  2.17706e-019
77.672  2.18642e-019
78.694  2.19567e-019
79.716  2.20482e-019
80.738  2.21385e-019
81.76  2.22278e-019
82.782  2.23159e-019
83.804  2.2403e-019
84.826  2.24889e-019
85.848  2.25737e-019
86.87  2.26574e-019
87.892  2.27399e-019
88.914  2.28212e-019
89.936  2.29014e-019
90.958  2.29804e-019
91.98  2.30583e-019
93.002  2.31349e-019
94.024  2.32103e-019
95.046  2.32846e-019
96.068  2.33576e-019
97.09  2.34294e-019
98.112  2.34999e-019
99.134  2.35692e-019
100.156  2.36373e-019
101.178  2.37041e-019
102.2  2.37696e-019
103.222  2.38339e-019
104.244  2.38968e-019
105.266  2.39585e-019
106.288  2.40188e-019
107.31  2.40779e-019
108.332  2.41356e-019
109.354  2.4192e-019
110.376  2.4247e-019
111.398  2.43008e-019
112.42  2.43531e-019
113.442  2.44041e-019
114.464  2.44537e-019
115.486  2.45019e-019
116.508  2.45487e-019
117.53  2.45942e-019
118.552  2.46382e-019
119.574  2.46808e-019
120.596  2.4722e-019
121.618  2.47617e-019
122.64  2.48e-019
123.662  2.48368e-019
124.684  2.48722e-019
125.706  2.49061e-019
126.728  2.49385e-019
127.75  2.49694e-019
128.772  2.49989e-019
129.794  2.50268e-019
130.816  2.50532e-019
131.838  2.50781e-019
132.86  2.51014e-019
133.882  2.51232e-019
134.904  2.51434e-019
135.926  2.51621e-019
136.948  2.51792e-019
137.97  2.51947e-019
138.992  2.52086e-019
140.014  2.52209e-019
141.036  2.52316e-019
142.058  2.52406e-019
143.08  2.5248e-019
144.102  2.52538e-019
145.124  2.52579e-019
146.146  2.52604e-019
147.168  2.52611e-019
148.19  2.52602e-019
149.212  2.52576e-019
150.234  2.52533e-019
151.256  2.52472e-019
152.278  2.52394e-019
153.3  2.52299e-019
154.322  2.52186e-019
155.344  2.52055e-019
156.366  2.51907e-019
157.388  2.51741e-019
158.41  2.51556e-019
159.432  2.51354e-019
160.454  2.51133e-019
161.476  2.50894e-019
162.498  2.50636e-019
163.52  2.5036e-019
164.542  2.50065e-019
165.564  2.49751e-019
166.586  2.49418e-019
167.608  2.49066e-019
168.63  2.48694e-019
169.652  2.48303e-019
170.674  2.47893e-019
171.696  2.47463e-019
172.718  2.47013e-019
173.74  2.46544e-019
174.762  2.46054e-019
175.784  2.45544e-019
176.806  2.45014e-019
177.828  2.44463e-019
178.85  2.43891e-019
179.872  2.43299e-019
180.894  2.42686e-019
181.916  2.42052e-019
182.938  2.41397e-019
183.96  2.40721e-019
184.982  2.40023e-019
186.004  2.39304e-019
187.026  2.38563e-019
188.048  2.378e-019
189.07  2.37015e-019
190.092  2.36208e-019
191.114  2.35379e-019
192.136  2.34527e-019
193.158  2.33653e-019
194.18  2.32756e-019
195.202  2.31837e-019
196.224  2.30894e-019
197.246  2.29929e-019
198.268  2.2894e-019
199.29  2.27928e-019
200.312  2.26893e-019
201.334  2.25834e-019
202.356  2.24752e-019
203.378  2.23646e-019
204.4  2.22516e-019
205.422  2.21362e-019
206.444  2.20183e-019
207.466  2.18981e-019
208.488  2.17754e-019
209.51  2.16503e-019
210.532  2.15227e-019
211.554  2.13927e-019
212.576  2.12602e-019
213.598  2.11253e-019
214.62  2.09878e-019
215.642  2.08479e-019
216.664  2.07055e-019
217.686  2.05605e-019
218.708  2.04131e-019
219.73  2.02631e-019
220.752  2.01107e-019
221.774  1.99557e-019
222.796  1.97982e-019
223.818  1.96382e-019
224.84  1.94756e-019
225.862  1.93105e-019
226.884  1.91429e-019
227.906  1.89728e-019
228.928  1.88002e-019
229.95  1.86251e-019
230.972  1.84474e-019
231.994  1.82673e-019
233.016  1.80847e-019
234.038  1.78995e-019
235.06  1.7712e-019
236.082  1.75219e-019
237.104  1.73294e-019
238.126  1.71345e-019
239.148  1.69372e-019
240.17  1.67374e-019
241.192  1.65353e-019
242.214  1.63308e-019
243.236  1.6124e-019
244.258  1.59149e-019
245.28  1.57035e-019
246.302  1.54899e-019
247.324  1.5274e-019
248.346  1.50559e-019
249.368  1.48357e-019
250.39  1.46133e-019
251.412  1.43889e-019
252.434  1.41624e-019
253.456  1.3934e-019
254.478  1.37036e-019
255.5  1.34713e-019
256.522  1.32371e-019
257.544  1.30012e-019
258.566  1.27635e-019
259.588  1.25242e-019
260.61  1.22832e-019
261.632  1.20407e-019
262.654  1.17968e-019
263.676  1.15514e-019
264.698  1.13047e-019
265.72  1.10568e-019
266.742  1.08078e-019
267.764  1.05576e-019
268.786  1.03065e-019
269.808  1.00545e-019
270.83  9.80179e-020
271.852  9.54837e-020
272.874  9.29438e-020
273.896  9.03994e-020
274.918  8.78518e-020
275.94  8.5302e-020
276.962  8.27514e-020
277.984  8.02014e-020
279.006  7.76532e-020
280.028  7.51084e-020
281.05  7.25683e-020
282.072  7.00346e-020
283.094  6.75089e-020
284.116  6.49927e-020
285.138  6.24878e-020
286.16  5.9996e-020
287.182  5.75191e-020
288.204  5.5059e-020
289.226  5.26176e-020
290.248  5.01971e-020
291.27  4.77994e-020
292.292  4.54268e-020
293.314  4.30815e-020
294.336  4.07659e-020
295.358  3.84822e-020
296.38  3.6233e-020
297.402  3.40209e-020
298.424  3.18484e-020
299.446  2.97183e-020
300.468  2.76333e-020
301.49  2.55964e-020
302.512  2.36105e-020
303.534  2.16787e-020
304.556  1.98041e-020
305.578  1.799e-020
306.6  1.62398e-020
307.622  1.45568e-020
308.644  1.29446e-020
309.666  1.14069e-020
310.688  9.94744e-021
311.71  8.57003e-021
312.732  7.27866e-021
313.754  6.07742e-021
314.776  4.97048e-021
315.798  3.96217e-021
316.82  3.05689e-021
317.842  2.2592e-021
318.864  1.57376e-021
319.886  1.00533e-021
320.908  5.58832e-022
321.93  2.39263e-022
322.952  5.17386e-023
