1.022  3.01146e-020
2.044  2.9757e-020
3.066  2.94151e-020
4.088  2.90886e-020
5.11  2.87774e-020
6.132  2.84812e-020
7.154  2.81997e-020
8.176  2.79328e-020
9.198  2.76801e-020
10.22  2.74414e-020
11.242  2.72166e-020
12.264  2.70054e-020
13.286  2.68077e-020
14.308  2.66233e-020
15.33  2.64519e-020
16.352  2.62934e-020
17.374  2.61476e-020
18.396  2.60143e-020
19.418  2.58934e-020
20.44  2.57846e-020
21.462  2.56877e-020
22.484  2.56026e-020
23.506  2.55291e-020
24.528  2.5467e-020
25.55  2.5416e-020
26.572  2.53761e-020
27.594  2.53469e-020
28.616  2.53284e-020
29.638  2.53204e-020
30.66  2.53226e-020
31.682  2.53348e-020
32.704  2.53569e-020
33.726  2.53888e-020
34.748  2.54301e-020
35.77  2.54808e-020
36.792  2.55405e-020
37.814  2.56093e-020
38.836  2.56869e-020
39.858  2.5773e-020
40.88  2.58676e-020
41.902  2.59704e-020
42.924  2.60813e-020
43.946  2.62002e-020
44.968  2.63267e-020
45.99  2.64608e-020
47.012  2.66024e-020
48.034  2.67511e-020
49.056  2.69069e-020
50.078  2.70696e-020
51.1  2.72391e-020
52.122  2.74151e-020
53.144  2.75976e-020
54.166  2.77863e-020
55.188  2.79811e-020
56.21  2.81819e-020
57.232  2.83885e-020
58.254  2.86007e-020
59.276  2.88184e-020
60.298  2.90414e-020
61.32  2.92697e-020
62.342  2.95029e-020
63.364  2.97411e-020
64.386  2.9984e-020
65.408  3.02316e-020
66.43  3.04836e-020
67.452  3.07399e-020
68.474  3.10004e-020
69.496  3.1265e-020
70.518  3.15335e-020
71.54  3.18057e-020
72.562  3.20816e-020
73.584  3.2361e-020
74.606  3.26438e-020
75.628  3.29298e-020
76.65  3.32189e-020
77.672  3.3511e-020
78.694  3.38059e-020
79.716  3.41036e-020
80.738  3.44038e-020
81.76  3.47066e-020
82.782  3.50116e-020
83.804  3.53189e-020
84.826  3.56283e-020
85.848  3.59396e-020
86.87  3.62528e-020
87.892  3.65678e-020
88.914  3.68843e-020
89.936  3.72023e-020
90.958  3.75218e-020
91.98  3.78424e-020
93.002  3.81642e-020
94.024  3.8487e-020
95.046  3.88108e-020
96.068  3.91353e-020
97.09  3.94605e-020
98.112  3.97863e-020
99.134  4.01125e-020
100.156  4.04391e-020
101.178  4.07658e-020
102.2  4.10928e-020
103.222  4.14197e-020
104.244  4.17465e-020
105.266  4.20731e-020
106.288  4.23994e-020
107.31  4.27252e-020
108.332  4.30506e-020
109.354  4.33752e-020
110.376  4.36992e-020
111.398  4.40222e-020
112.42  4.43443e-020
113.442  4.46654e-020
114.464  4.49852e-020
115.486  4.53038e-020
116.508  4.5621e-020
117.53  4.59368e-020
118.552  4.62509e-020
119.574  4.65633e-020
120.596  4.6874e-020
121.618  4.71827e-020
122.64  4.74894e-020
123.662  4.77941e-020
124.684  4.80965e-020
125.706  4.83966e-020
126.728  4.86943e-020
127.75  4.89895e-020
128.772  4.92821e-020
129.794  4.95719e-020
130.816  4.9859e-020
131.838  5.01431e-020
132.86  5.04242e-020
133.882  5.07022e-020
134.904  5.0977e-020
135.926  5.12484e-020
136.948  5.15165e-020
137.97  5.1781e-020
138.992  5.20419e-020
140.014  5.22991e-020
141.036  5.25525e-020
142.058  5.2802e-020
143.08  5.30474e-020
144.102  5.32888e-020
145.124  5.35259e-020
146.146  5.37587e-020
147.168  5.39871e-020
148.19  5.42111e-020
149.212  5.44304e-020
150.234  5.4645e-020
151.256  5.48548e-020
152.278  5.50597e-020
153.3  5.52597e-020
154.322  5.54545e-020
155.344  5.56441e-020
156.366  5.58285e-020
157.388  5.60075e-020
158.41  5.6181e-020
159.432  5.6349e-020
160.454  5.65112e-020
161.476  5.66678e-020
162.498  5.68184e-020
163.52  5.69631e-020
164.542  5.71018e-020
165.564  5.72343e-020
166.586  5.73606e-020
167.608  5.74805e-020
168.63  5.7594e-020
169.652  5.7701e-020
170.674  5.78015e-020
171.696  5.78952e-020
172.718  5.79821e-020
173.74  5.80621e-020
174.762  5.81352e-020
175.784  5.82012e-020
176.806  5.82601e-020
177.828  5.83117e-020
178.85  5.8356e-020
179.872  5.83929e-020
180.894  5.84223e-020
181.916  5.84442e-020
182.938  5.84584e-020
183.96  5.84648e-020
184.982  5.84634e-020
186.004  5.84541e-020
187.026  5.84368e-020
188.048  5.84114e-020
189.07  5.83779e-020
190.092  5.83361e-020
191.114  5.82861e-020
192.136  5.82277e-020
193.158  5.81609e-020
194.18  5.80855e-020
195.202  5.80016e-020
196.224  5.7909e-020
197.246  5.78077e-020
198.268  5.76976e-020
199.29  5.75786e-020
200.312  5.74508e-020
201.334  5.73139e-020
202.356  5.71681e-020
203.378  5.70132e-020
204.4  5.68491e-020
205.422  5.66759e-020
206.444  5.64934e-020
207.466  5.63016e-020
208.488  5.61005e-020
209.51  5.58901e-020
210.532  5.56702e-020
211.554  5.54409e-020
212.576  5.52021e-020
213.598  5.49539e-020
214.62  5.4696e-020
215.642  5.44287e-020
216.664  5.41517e-020
217.686  5.38651e-020
218.708  5.3569e-020
219.73  5.32632e-020
220.752  5.29477e-020
221.774  5.26226e-020
222.796  5.22879e-020
223.818  5.19436e-020
224.84  5.15896e-020
225.862  5.1226e-020
226.884  5.08527e-020
227.906  5.04699e-020
228.928  5.00776e-020
229.95  4.96757e-020
230.972  4.92643e-020
231.994  4.88434e-020
233.016  4.84131e-020
234.038  4.79735e-020
235.06  4.75245e-020
236.082  4.70662e-020
237.104  4.65988e-020
238.126  4.61222e-020
239.148  4.56366e-020
240.17  4.5142e-020
241.192  4.46385e-020
242.214  4.41263e-020
243.236  4.36053e-020
244.258  4.30758e-020
245.28  4.25378e-020
246.302  4.19914e-020
247.324  4.14368e-020
248.346  4.08741e-020
249.368  4.03035e-020
250.39  3.9725e-020
251.412  3.9139e-020
252.434  3.85454e-020
253.456  3.79445e-020
254.478  3.73365e-020
255.5  3.67216e-020
256.522  3.60999e-020
257.544  3.54716e-020
258.566  3.48371e-020
259.588  3.41964e-020
260.61  3.35499e-020
261.632  3.28977e-020
262.654  3.22402e-020
263.676  3.15776e-020
264.698  3.09101e-020
265.72  3.02381e-020
266.742  2.95618e-020
267.764  2.88815e-020
268.786  2.81976e-020
269.808  2.75104e-020
270.83  2.68202e-020
271.852  2.61274e-020
272.874  2.54323e-020
273.896  2.47353e-020
274.918  2.40368e-020
275.94  2.33371e-020
276.962  2.26368e-020
277.984  2.19362e-020
279.006  2.12357e-020
280.028  2.05358e-020
281.05  1.9837e-020
282.072  1.91397e-020
283.094  1.84445e-020
284.116  1.77518e-020
285.138  1.70622e-020
286.16  1.63761e-020
287.182  1.56942e-020
288.204  1.50171e-020
289.226  1.43452e-020
290.248  1.36792e-020
291.27  1.30197e-020
292.292  1.23674e-020
293.314  1.17229e-020
294.336  1.10868e-020
295.358  1.04599e-020
296.38  9.84276e-021
297.402  9.23623e-021
298.424  8.64098e-021
299.446  8.0578e-021
300.468  7.48744e-021
301.49  6.9307e-021
302.512  6.3884e-021
303.534  5.86137e-021
304.556  5.35047e-021
305.578  4.85657e-021
306.6  4.38055e-021
307.622  3.92335e-021
308.644  3.4859e-021
309.666  3.06916e-021
310.688  2.67411e-021
311.71  2.30175e-021
312.732  1.95311e-021
313.754  1.62924e-021
314.776  1.33121e-021
315.798  1.06012e-021
316.82  8.1709e-022
317.842  6.03258e-022
318.864  4.19793e-022
319.886  2.67886e-022
320.908  1.4875e-022
321.93  6.36175e-023
322.952  1.37415e-023
