1.022  3.89555e-020
2.044  3.83555e-020
3.066  3.77737e-020
4.088  3.72101e-020
5.11  3.66642e-020
6.132  3.61359e-020
7.154  3.56248e-020
8.176  3.51307e-020
9.198  3.46533e-020
10.22  3.41924e-020
11.242  3.37477e-020
12.264  3.33191e-020
13.286  3.29063e-020
14.308  3.25091e-020
15.33  3.21274e-020
16.352  3.17608e-020
17.374  3.14093e-020
18.396  3.10725e-020
19.418  3.07504e-020
20.44  3.04426e-020
21.462  3.0149e-020
22.484  2.98694e-020
23.506  2.96036e-020
24.528  2.93513e-020
25.55  2.91124e-020
26.572  2.88866e-020
27.594  2.86737e-020
28.616  2.84735e-020
29.638  2.82859e-020
30.66  2.81105e-020
31.682  2.79472e-020
32.704  2.77958e-020
33.726  2.76561e-020
34.748  2.75278e-020
35.77  2.74108e-020
36.792  2.73049e-020
37.814  2.72098e-020
38.836  2.71254e-020
39.858  2.70514e-020
40.88  2.69878e-020
41.902  2.69342e-020
42.924  2.68904e-020
43.946  2.68564e-020
44.968  2.68319e-020
45.99  2.68167e-020
47.012  2.68106e-020
48.034  2.68135e-020
49.056  2.68251e-020
50.078  2.68453e-020
51.1  2.6874e-020
52.122  2.69108e-020
53.144  2.69557e-020
54.166  2.70085e-020
55.188  2.7069e-020
56.21  2.71371e-020
57.232  2.72125e-020
58.254  2.72951e-020
59.276  2.73848e-020
60.298  2.74813e-020
61.32  2.75846e-020
62.342  2.76944e-020
63.364  2.78106e-020
64.386  2.79331e-020
65.408  2.80617e-020
66.43  2.81961e-020
67.452  2.83364e-020
68.474  2.84823e-020
69.496  2.86337e-020
70.518  2.87904e-020
71.54  2.89522e-020
72.562  2.91191e-020
73.584  2.9291e-020
74.606  2.94675e-020
75.628  2.96487e-020
76.65  2.98343e-020
77.672  3.00243e-020
78.694  3.02184e-020
79.716  3.04166e-020
80.738  3.06187e-020
81.76  3.08246e-020
82.782  3.10342e-020
83.804  3.12472e-020
84.826  3.14637e-020
85.848  3.16834e-020
86.87  3.19062e-020
87.892  3.2132e-020
88.914  3.23607e-020
89.936  3.25921e-020
90.958  3.28262e-020
91.98  3.30627e-020
93.002  3.33016e-020
94.024  3.35427e-020
95.046  3.3786e-020
96.068  3.40312e-020
97.09  3.42783e-020
98.112  3.45272e-020
99.134  3.47777e-020
100.156  3.50298e-020
101.178  3.52832e-020
102.2  3.5538e-020
103.222  3.57939e-020
104.244  3.60508e-020
105.266  3.63087e-020
106.288  3.65674e-020
107.31  3.68268e-020
108.332  3.70869e-020
109.354  3.73474e-020
110.376  3.76082e-020
111.398  3.78694e-020
112.42  3.81307e-020
113.442  3.8392e-020
114.464  3.86532e-020
115.486  3.89143e-020
116.508  3.91751e-020
117.53  3.94355e-020
118.552  3.96953e-020
119.574  3.99546e-020
120.596  4.02131e-020
121.618  4.04708e-020
122.64  4.07276e-020
123.662  4.09833e-020
124.684  4.12379e-020
125.706  4.14912e-020
126.728  4.17432e-020
127.75  4.19937e-020
128.772  4.22426e-020
129.794  4.24898e-020
130.816  4.27353e-020
131.838  4.29789e-020
132.86  4.32205e-020
133.882  4.346e-020
134.904  4.36973e-020
135.926  4.39324e-020
136.948  4.4165e-020
137.97  4.43951e-020
138.992  4.46226e-020
140.014  4.48475e-020
141.036  4.50695e-020
142.058  4.52886e-020
143.08  4.55047e-020
144.102  4.57177e-020
145.124  4.59275e-020
146.146  4.61339e-020
147.168  4.6337e-020
148.19  4.65366e-020
149.212  4.67325e-020
150.234  4.69248e-020
151.256  4.71132e-020
152.278  4.72977e-020
153.3  4.74783e-020
154.322  4.76547e-020
155.344  4.78269e-020
156.366  4.79948e-020
157.388  4.81584e-020
158.41  4.83174e-020
159.432  4.84719e-020
160.454  4.86217e-020
161.476  4.87667e-020
162.498  4.89068e-020
163.52  4.90419e-020
164.542  4.9172e-020
165.564  4.92969e-020
166.586  4.94166e-020
167.608  4.95309e-020
168.63  4.96398e-020
169.652  4.97432e-020
170.674  4.98409e-020
171.696  4.9933e-020
172.718  5.00192e-020
173.74  5.00995e-020
174.762  5.01739e-020
175.784  5.02422e-020
176.806  5.03043e-020
177.828  5.03602e-020
178.85  5.04097e-020
179.872  5.04529e-020
180.894  5.04895e-020
181.916  5.05196e-020
182.938  5.0543e-020
183.96  5.05596e-020
184.982  5.05694e-020
186.004  5.05723e-020
187.026  5.05682e-020
188.048  5.05571e-020
189.07  5.05388e-020
190.092  5.05133e-020
191.114  5.04805e-020
192.136  5.04404e-020
193.158  5.03928e-020
194.18  5.03377e-020
195.202  5.02751e-020
196.224  5.02048e-020
197.246  5.01268e-020
198.268  5.00411e-020
199.29  4.99475e-020
200.312  4.98461e-020
201.334  4.97367e-020
202.356  4.96193e-020
203.378  4.94938e-020
204.4  4.93603e-020
205.422  4.92186e-020
206.444  4.90687e-020
207.466  4.89105e-020
208.488  4.87441e-020
209.51  4.85693e-020
210.532  4.83862e-020
211.554  4.81947e-020
212.576  4.79947e-020
213.598  4.77862e-020
214.62  4.75693e-020
215.642  4.73439e-020
216.664  4.71099e-020
217.686  4.68673e-020
218.708  4.66162e-020
219.73  4.63564e-020
220.752  4.60881e-020
221.774  4.58112e-020
222.796  4.55257e-020
223.818  4.52315e-020
224.84  4.49288e-020
225.862  4.46174e-020
226.884  4.42975e-020
227.906  4.39691e-020
228.928  4.36321e-020
229.95  4.32865e-020
230.972  4.29325e-020
231.994  4.25701e-020
233.016  4.21992e-020
234.038  4.18199e-020
235.06  4.14323e-020
236.082  4.10365e-020
237.104  4.06324e-020
238.126  4.02202e-020
239.148  3.97999e-020
240.17  3.93716e-020
241.192  3.89353e-020
242.214  3.84912e-020
243.236  3.80393e-020
244.258  3.75798e-020
245.28  3.71127e-020
246.302  3.66381e-020
247.324  3.61562e-020
248.346  3.56671e-020
249.368  3.51709e-020
250.39  3.46677e-020
251.412  3.41577e-020
252.434  3.3641e-020
253.456  3.31178e-020
254.478  3.25883e-020
255.5  3.20525e-020
256.522  3.15108e-020
257.544  3.09632e-020
258.566  3.04099e-020
259.588  2.98513e-020
260.61  2.92874e-020
261.632  2.87185e-020
262.654  2.81448e-020
263.676  2.75666e-020
264.698  2.6984e-020
265.72  2.63974e-020
266.742  2.5807e-020
267.764  2.52131e-020
268.786  2.46159e-020
269.808  2.40158e-020
270.83  2.3413e-020
271.852  2.28079e-020
272.874  2.22007e-020
273.896  2.15919e-020
274.918  2.09817e-020
275.94  2.03705e-020
276.962  1.97586e-020
277.984  1.91465e-020
279.006  1.85345e-020
280.028  1.79231e-020
281.05  1.73125e-020
282.072  1.67033e-020
283.094  1.60959e-020
284.116  1.54907e-020
285.138  1.48883e-020
286.16  1.42889e-020
287.182  1.36932e-020
288.204  1.31017e-020
289.226  1.25148e-020
290.248  1.19331e-020
291.27  1.13571e-020
292.292  1.07874e-020
293.314  1.02246e-020
294.336  9.66916e-021
295.358  9.12175e-021
296.38  8.58299e-021
297.402  8.05349e-021
298.424  7.5339e-021
299.446  7.02489e-021
300.468  6.52712e-021
301.49  6.0413e-021
302.512  5.56812e-021
303.534  5.10833e-021
304.556  4.66266e-021
305.578  4.23187e-021
306.6  3.81674e-021
307.622  3.41806e-021
308.644  3.03666e-021
309.666  2.67337e-021
310.688  2.32903e-021
311.71  2.00452e-021
312.732  1.70073e-021
313.754  1.41856e-021
314.776  1.15895e-021
315.798  9.22843e-022
316.82  7.11204e-022
317.842  5.25025e-022
318.864  3.65312e-022
319.886  2.33093e-022
320.908  1.29415e-022
321.93  5.53421e-023
322.952  1.19526e-023
