1.022  7.67472e-021
2.044  7.9275e-021
3.066  8.18116e-021
4.088  8.43568e-021
5.11  8.691e-021
6.132  8.94709e-021
7.154  9.2039e-021
8.176  9.46138e-021
9.198  9.7195e-021
10.22  9.97821e-021
11.242  1.02375e-020
12.264  1.04973e-020
13.286  1.07575e-020
14.308  1.10183e-020
15.33  1.12795e-020
16.352  1.1541e-020
17.374  1.1803e-020
18.396  1.20653e-020
19.418  1.2328e-020
20.44  1.25909e-020
21.462  1.28542e-020
22.484  1.31177e-020
23.506  1.33814e-020
24.528  1.36453e-020
25.55  1.39094e-020
26.572  1.41736e-020
27.594  1.4438e-020
28.616  1.47025e-020
29.638  1.4967e-020
30.66  1.52315e-020
31.682  1.54961e-020
32.704  1.57607e-020
33.726  1.60252e-020
34.748  1.62896e-020
35.77  1.65539e-020
36.792  1.68181e-020
37.814  1.70821e-020
38.836  1.73459e-020
39.858  1.76094e-020
40.88  1.78727e-020
41.902  1.81357e-020
42.924  1.83984e-020
43.946  1.86608e-020
44.968  1.89227e-020
45.99  1.91842e-020
47.012  1.94453e-020
48.034  1.97059e-020
49.056  1.9966e-020
50.078  2.02255e-020
51.1  2.04844e-020
52.122  2.07428e-020
53.144  2.10005e-020
54.166  2.12575e-020
55.188  2.15138e-020
56.21  2.17694e-020
57.232  2.20242e-020
58.254  2.22782e-020
59.276  2.25313e-020
60.298  2.27836e-020
61.32  2.3035e-020
62.342  2.32855e-020
63.364  2.3535e-020
64.386  2.37835e-020
65.408  2.4031e-020
66.43  2.42775e-020
67.452  2.45228e-020
68.474  2.47671e-020
69.496  2.50101e-020
70.518  2.52521e-020
71.54  2.54928e-020
72.562  2.57322e-020
73.584  2.59704e-020
74.606  2.62073e-020
75.628  2.64428e-020
76.65  2.6677e-020
77.672  2.69098e-020
78.694  2.71411e-020
79.716  2.7371e-020
80.738  2.75995e-020
81.76  2.78264e-020
82.782  2.80517e-020
83.804  2.82755e-020
84.826  2.84977e-020
85.848  2.87183e-020
86.87  2.89371e-020
87.892  2.91543e-020
88.914  2.93698e-020
89.936  2.95835e-020
90.958  2.97955e-020
91.98  3.00056e-020
93.002  3.02139e-020
94.024  3.04203e-020
95.046  3.06248e-020
96.068  3.08274e-020
97.09  3.10281e-020
98.112  3.12268e-020
99.134  3.14234e-020
100.156  3.1618e-020
101.178  3.18106e-020
102.2  3.20011e-020
103.222  3.21894e-020
104.244  3.23756e-020
105.266  3.25596e-020
106.288  3.27414e-020
107.31  3.29209e-020
108.332  3.30982e-020
109.354  3.32732e-020
110.376  3.34459e-020
111.398  3.36162e-020
112.42  3.37842e-020
113.442  3.39497e-020
114.464  3.41128e-020
115.486  3.42735e-020
116.508  3.44316e-020
117.53  3.45873e-020
118.552  3.47404e-020
119.574  3.48909e-020
120.596  3.50389e-020
121.618  3.51842e-020
122.64  3.53268e-020
123.662  3.54668e-020
124.684  3.5604e-020
125.706  3.57386e-020
126.728  3.58703e-020
127.75  3.59993e-020
128.772  3.61254e-020
129.794  3.62487e-020
130.816  3.63691e-020
131.838  3.64865e-020
132.86  3.66011e-020
133.882  3.67127e-020
134.904  3.68213e-020
135.926  3.69269e-020
136.948  3.70294e-020
137.97  3.71288e-020
138.992  3.72252e-020
140.014  3.73184e-020
141.036  3.74084e-020
142.058  3.74953e-020
143.08  3.75789e-020
144.102  3.76593e-020
145.124  3.77364e-020
146.146  3.78102e-020
147.168  3.78807e-020
148.19  3.79478e-020
149.212  3.80115e-020
150.234  3.80718e-020
151.256  3.81286e-020
152.278  3.8182e-020
153.3  3.82319e-020
154.322  3.82782e-020
155.344  3.83209e-020
156.366  3.83601e-020
157.388  3.83956e-020
158.41  3.84275e-020
159.432  3.84557e-020
160.454  3.84802e-020
161.476  3.8501e-020
162.498  3.8518e-020
163.52  3.85312e-020
164.542  3.85405e-020
165.564  3.8546e-020
166.586  3.85477e-020
167.608  3.85454e-020
168.63  3.85392e-020
169.652  3.8529e-020
170.674  3.85148e-020
171.696  3.84966e-020
172.718  3.84744e-020
173.74  3.84481e-020
174.762  3.84176e-020
175.784  3.8383e-020
176.806  3.83443e-020
177.828  3.83014e-020
178.85  3.82543e-020
179.872  3.82029e-020
180.894  3.81472e-020
181.916  3.80873e-020
182.938  3.8023e-020
183.96  3.79544e-020
184.982  3.78815e-020
186.004  3.78041e-020
187.026  3.77223e-020
188.048  3.76361e-020
189.07  3.75454e-020
190.092  3.74502e-020
191.114  3.73505e-020
192.136  3.72462e-020
193.158  3.71374e-020
194.18  3.70241e-020
195.202  3.69061e-020
196.224  3.67835e-020
197.246  3.66563e-020
198.268  3.65244e-020
199.29  3.63878e-020
200.312  3.62466e-020
201.334  3.61007e-020
202.356  3.595e-020
203.378  3.57946e-020
204.4  3.56344e-020
205.422  3.54695e-020
206.444  3.52998e-020
207.466  3.51253e-020
208.488  3.4946e-020
209.51  3.4762e-020
210.532  3.45731e-020
211.554  3.43794e-020
212.576  3.41808e-020
213.598  3.39775e-020
214.62  3.37693e-020
215.642  3.35563e-020
216.664  3.33384e-020
217.686  3.31157e-020
218.708  3.28882e-020
219.73  3.26559e-020
220.752  3.24187e-020
221.774  3.21768e-020
222.796  3.193e-020
223.818  3.16785e-020
224.84  3.14222e-020
225.862  3.11611e-020
226.884  3.08953e-020
227.906  3.06248e-020
228.928  3.03495e-020
229.95  3.00696e-020
230.972  2.97851e-020
231.994  2.94959e-020
233.016  2.92021e-020
234.038  2.89038e-020
235.06  2.86009e-020
236.082  2.82936e-020
237.104  2.79818e-020
238.126  2.76656e-020
239.148  2.73451e-020
240.17  2.70202e-020
241.192  2.66911e-020
242.214  2.63578e-020
243.236  2.60203e-020
244.258  2.56788e-020
245.28  2.53333e-020
246.302  2.49838e-020
247.324  2.46304e-020
248.346  2.42732e-020
249.368  2.39123e-020
250.39  2.35478e-020
251.412  2.31798e-020
252.434  2.28082e-020
253.456  2.24333e-020
254.478  2.20552e-020
255.5  2.16739e-020
256.522  2.12895e-020
257.544  2.09022e-020
258.566  2.0512e-020
259.588  2.01192e-020
260.61  1.97238e-020
261.632  1.93259e-020
262.654  1.89258e-020
263.676  1.85234e-020
264.698  1.81191e-020
265.72  1.77129e-020
266.742  1.7305e-020
267.764  1.68955e-020
268.786  1.64847e-020
269.808  1.60727e-020
270.83  1.56596e-020
271.852  1.52458e-020
272.874  1.48313e-020
273.896  1.44164e-020
274.918  1.40013e-020
275.94  1.35862e-020
276.962  1.31712e-020
277.984  1.27568e-020
279.006  1.2343e-020
280.028  1.19302e-020
281.05  1.15185e-020
282.072  1.11083e-020
283.094  1.06997e-020
284.116  1.02932e-020
285.138  9.88893e-021
286.16  9.48721e-021
287.182  9.08835e-021
288.204  8.69267e-021
289.226  8.30046e-021
290.248  7.91208e-021
291.27  7.52784e-021
292.292  7.1481e-021
293.314  6.77322e-021
294.336  6.40355e-021
295.358  6.03948e-021
296.38  5.68139e-021
297.402  5.32968e-021
298.424  4.98476e-021
299.446  4.64704e-021
300.468  4.31695e-021
301.49  3.99493e-021
302.512  3.68144e-021
303.534  3.37694e-021
304.556  3.08191e-021
305.578  2.79682e-021
306.6  2.52218e-021
307.622  2.25851e-021
308.644  2.00633e-021
309.666  1.76617e-021
310.688  1.53859e-021
311.71  1.32415e-021
312.732  1.12343e-021
313.754  9.37019e-022
314.776  7.65525e-022
315.798  6.09566e-022
316.82  4.69778e-022
317.842  3.46807e-022
318.864  2.41316e-022
319.886  1.53983e-022
320.908  8.5497e-023
321.93  3.65637e-023
322.952  7.89754e-024
