1.022  2.42202e-020
2.044  2.3805e-020
3.066  2.3398e-020
4.088  2.2999e-020
5.11  2.26081e-020
6.132  2.2225e-020
7.154  2.18497e-020
8.176  2.1482e-020
9.198  2.11218e-020
10.22  2.0769e-020
11.242  2.04235e-020
12.264  2.00853e-020
13.286  1.97542e-020
14.308  1.94302e-020
15.33  1.91132e-020
16.352  1.88032e-020
17.374  1.85e-020
18.396  1.82035e-020
19.418  1.79138e-020
20.44  1.76306e-020
21.462  1.7354e-020
22.484  1.70838e-020
23.506  1.682e-020
24.528  1.65625e-020
25.55  1.63111e-020
26.572  1.60658e-020
27.594  1.58265e-020
28.616  1.55932e-020
29.638  1.53657e-020
30.66  1.5144e-020
31.682  1.49279e-020
32.704  1.47174e-020
33.726  1.45123e-020
34.748  1.43127e-020
35.77  1.41185e-020
36.792  1.39294e-020
37.814  1.37455e-020
38.836  1.35667e-020
39.858  1.33929e-020
40.88  1.3224e-020
41.902  1.30599e-020
42.924  1.29006e-020
43.946  1.27459e-020
44.968  1.25959e-020
45.99  1.24503e-020
47.012  1.23092e-020
48.034  1.21725e-020
49.056  1.204e-020
50.078  1.19118e-020
51.1  1.17877e-020
52.122  1.16677e-020
53.144  1.15517e-020
54.166  1.14396e-020
55.188  1.13314e-020
56.21  1.1227e-020
57.232  1.11263e-020
58.254  1.10293e-020
59.276  1.09359e-020
60.298  1.0846e-020
61.32  1.07595e-020
62.342  1.06765e-020
63.364  1.05968e-020
64.386  1.05204e-020
65.408  1.04472e-020
66.43  1.03771e-020
67.452  1.03101e-020
68.474  1.02462e-020
69.496  1.01852e-020
70.518  1.01272e-020
71.54  1.0072e-020
72.562  1.00196e-020
73.584  9.96994e-021
74.606  9.92297e-021
75.628  9.87864e-021
76.65  9.83688e-021
77.672  9.79764e-021
78.694  9.76088e-021
79.716  9.72652e-021
80.738  9.69453e-021
81.76  9.66485e-021
82.782  9.63743e-021
83.804  9.61222e-021
84.826  9.58916e-021
85.848  9.56821e-021
86.87  9.54931e-021
87.892  9.53243e-021
88.914  9.5175e-021
89.936  9.50448e-021
90.958  9.49332e-021
91.98  9.48398e-021
93.002  9.47641e-021
94.024  9.47055e-021
95.046  9.46637e-021
96.068  9.46382e-021
97.09  9.46285e-021
98.112  9.46342e-021
99.134  9.46549e-021
100.156  9.469e-021
101.178  9.47391e-021
102.2  9.48018e-021
103.222  9.48777e-021
104.244  9.49663e-021
105.266  9.50673e-021
106.288  9.51801e-021
107.31  9.53044e-021
108.332  9.54397e-021
109.354  9.55856e-021
110.376  9.57417e-021
111.398  9.59076e-021
112.42  9.60829e-021
113.442  9.62672e-021
114.464  9.64601e-021
115.486  9.66611e-021
116.508  9.68699e-021
117.53  9.70862e-021
118.552  9.73094e-021
119.574  9.75392e-021
120.596  9.77752e-021
121.618  9.80171e-021
122.64  9.82644e-021
123.662  9.85167e-021
124.684  9.87738e-021
125.706  9.90352e-021
126.728  9.93005e-021
127.75  9.95694e-021
128.772  9.98415e-021
129.794  1.00116e-020
130.816  1.00394e-020
131.838  1.00673e-020
132.86  1.00955e-020
133.882  1.01237e-020
134.904  1.01521e-020
135.926  1.01805e-020
136.948  1.0209e-020
137.97  1.02375e-020
138.992  1.02659e-020
140.014  1.02943e-020
141.036  1.03225e-020
142.058  1.03507e-020
143.08  1.03786e-020
144.102  1.04063e-020
145.124  1.04338e-020
146.146  1.04611e-020
147.168  1.0488e-020
148.19  1.05146e-020
149.212  1.05408e-020
150.234  1.05666e-020
151.256  1.05919e-020
152.278  1.06168e-020
153.3  1.06413e-020
154.322  1.06651e-020
155.344  1.06884e-020
156.366  1.07111e-020
157.388  1.07332e-020
158.41  1.07547e-020
159.432  1.07754e-020
160.454  1.07955e-020
161.476  1.08148e-020
162.498  1.08333e-020
163.52  1.0851e-020
164.542  1.08679e-020
165.564  1.0884e-020
166.586  1.08991e-020
167.608  1.09133e-020
168.63  1.09266e-020
169.652  1.0939e-020
170.674  1.09503e-020
171.696  1.09606e-020
172.718  1.09698e-020
173.74  1.0978e-020
174.762  1.09851e-020
175.784  1.0991e-020
176.806  1.09958e-020
177.828  1.09994e-020
178.85  1.10019e-020
179.872  1.1003e-020
180.894  1.1003e-020
181.916  1.10017e-020
182.938  1.0999e-020
183.96  1.09951e-020
184.982  1.09898e-020
186.004  1.09832e-020
187.026  1.09751e-020
188.048  1.09657e-020
189.07  1.09549e-020
190.092  1.09426e-020
191.114  1.09288e-020
192.136  1.09136e-020
193.158  1.08969e-020
194.18  1.08786e-020
195.202  1.08589e-020
196.224  1.08375e-020
197.246  1.08146e-020
198.268  1.07902e-020
199.29  1.07641e-020
200.312  1.07364e-020
201.334  1.07071e-020
202.356  1.06762e-020
203.378  1.06436e-020
204.4  1.06093e-020
205.422  1.05734e-020
206.444  1.05357e-020
207.466  1.04964e-020
208.488  1.04554e-020
209.51  1.04126e-020
210.532  1.03682e-020
211.554  1.0322e-020
212.576  1.0274e-020
213.598  1.02243e-020
214.62  1.01729e-020
215.642  1.01197e-020
216.664  1.00647e-020
217.686  1.0008e-020
218.708  9.94956e-021
219.73  9.88932e-021
220.752  9.82731e-021
221.774  9.76353e-021
222.796  9.69799e-021
223.818  9.63069e-021
224.84  9.56162e-021
225.862  9.4908e-021
226.884  9.41822e-021
227.906  9.3439e-021
228.928  9.26784e-021
229.95  9.19004e-021
230.972  9.11051e-021
231.994  9.02927e-021
233.016  8.94633e-021
234.038  8.86169e-021
235.06  8.77536e-021
236.082  8.68737e-021
237.104  8.59773e-021
238.126  8.50645e-021
239.148  8.41354e-021
240.17  8.31903e-021
241.192  8.22294e-021
242.214  8.12528e-021
243.236  8.02608e-021
244.258  7.92536e-021
245.28  7.82315e-021
246.302  7.71946e-021
247.324  7.61433e-021
248.346  7.50778e-021
249.368  7.39984e-021
250.39  7.29055e-021
251.412  7.17993e-021
252.434  7.06802e-021
253.456  6.95485e-021
254.478  6.84046e-021
255.5  6.72488e-021
256.522  6.60816e-021
257.544  6.49034e-021
258.566  6.37145e-021
259.588  6.25155e-021
260.61  6.13067e-021
261.632  6.00886e-021
262.654  5.88618e-021
263.676  5.76266e-021
264.698  5.63837e-021
265.72  5.51336e-021
266.742  5.38768e-021
267.764  5.26139e-021
268.786  5.13455e-021
269.808  5.00722e-021
270.83  4.87946e-021
271.852  4.75134e-021
272.874  4.62292e-021
273.896  4.49427e-021
274.918  4.36547e-021
275.94  4.23658e-021
276.962  4.10768e-021
277.984  3.97884e-021
279.006  3.85016e-021
280.028  3.7217e-021
281.05  3.59355e-021
282.072  3.46579e-021
283.094  3.33853e-021
284.116  3.21183e-021
285.138  3.08581e-021
286.16  2.96055e-021
287.182  2.83615e-021
288.204  2.71271e-021
289.226  2.59034e-021
290.248  2.46913e-021
291.27  2.34921e-021
292.292  2.23068e-021
293.314  2.11365e-021
294.336  1.99824e-021
295.358  1.88458e-021
296.38  1.77277e-021
297.402  1.66296e-021
298.424  1.55527e-021
299.446  1.44983e-021
300.468  1.34677e-021
301.49  1.24624e-021
302.512  1.14838e-021
303.534  1.05333e-021
304.556  9.61237e-022
305.578  8.72261e-022
306.6  7.86554e-022
307.622  7.04277e-022
308.644  6.25593e-022
309.666  5.50669e-022
310.688  4.79677e-022
311.71  4.12792e-022
312.732  3.50194e-022
313.754  2.92065e-022
314.776  2.38594e-022
315.798  1.89972e-022
316.82  1.46397e-022
317.842  1.08068e-022
318.864  7.51914e-023
319.886  4.79762e-023
320.908  2.66367e-023
321.93  1.13908e-023
322.952  2.46022e-024
