1.022  8.81899e-020
2.044  8.69128e-020
3.066  8.56528e-020
4.088  8.44097e-020
5.11  8.31833e-020
6.132  8.19734e-020
7.154  8.07795e-020
8.176  7.96015e-020
9.198  7.84392e-020
10.22  7.72924e-020
11.242  7.61609e-020
12.264  7.50447e-020
13.286  7.39435e-020
14.308  7.28573e-020
15.33  7.1786e-020
16.352  7.07294e-020
17.374  6.96875e-020
18.396  6.86601e-020
19.418  6.76471e-020
20.44  6.66484e-020
21.462  6.56638e-020
22.484  6.46933e-020
23.506  6.37366e-020
24.528  6.27937e-020
25.55  6.18643e-020
26.572  6.09483e-020
27.594  6.00456e-020
28.616  5.9156e-020
29.638  5.82794e-020
30.66  5.74155e-020
31.682  5.65642e-020
32.704  5.57254e-020
33.726  5.48989e-020
34.748  5.40846e-020
35.77  5.32822e-020
36.792  5.24916e-020
37.814  5.17127e-020
38.836  5.09453e-020
39.858  5.01892e-020
40.88  4.94443e-020
41.902  4.87104e-020
42.924  4.79874e-020
43.946  4.72751e-020
44.968  4.65734e-020
45.99  4.58821e-020
47.012  4.52011e-020
48.034  4.45302e-020
49.056  4.38694e-020
50.078  4.32184e-020
51.1  4.25771e-020
52.122  4.19454e-020
53.144  4.13232e-020
54.166  4.07102e-020
55.188  4.01065e-020
56.21  3.95118e-020
57.232  3.89261e-020
58.254  3.83492e-020
59.276  3.77809e-020
60.298  3.72212e-020
61.32  3.667e-020
62.342  3.61271e-020
63.364  3.55925e-020
64.386  3.50659e-020
65.408  3.45473e-020
66.43  3.40366e-020
67.452  3.35336e-020
68.474  3.30384e-020
69.496  3.25507e-020
70.518  3.20704e-020
71.54  3.15975e-020
72.562  3.11318e-020
73.584  3.06733e-020
74.606  3.02218e-020
75.628  2.97773e-020
76.65  2.93396e-020
77.672  2.89087e-020
78.694  2.84845e-020
79.716  2.80668e-020
80.738  2.76556e-020
81.76  2.72509e-020
82.782  2.68524e-020
83.804  2.64601e-020
84.826  2.6074e-020
85.848  2.56939e-020
86.87  2.53198e-020
87.892  2.49515e-020
88.914  2.45891e-020
89.936  2.42324e-020
90.958  2.38813e-020
91.98  2.35358e-020
93.002  2.31957e-020
94.024  2.28611e-020
95.046  2.25317e-020
96.068  2.22077e-020
97.09  2.18888e-020
98.112  2.1575e-020
99.134  2.12662e-020
100.156  2.09624e-020
101.178  2.06635e-020
102.2  2.03694e-020
103.222  2.008e-020
104.244  1.97953e-020
105.266  1.95153e-020
106.288  1.92397e-020
107.31  1.89687e-020
108.332  1.87021e-020
109.354  1.84398e-020
110.376  1.81818e-020
111.398  1.7928e-020
112.42  1.76784e-020
113.442  1.74328e-020
114.464  1.71913e-020
115.486  1.69538e-020
116.508  1.67202e-020
117.53  1.64904e-020
118.552  1.62644e-020
119.574  1.60422e-020
120.596  1.58236e-020
121.618  1.56087e-020
122.64  1.53973e-020
123.662  1.51894e-020
124.684  1.4985e-020
125.706  1.4784e-020
126.728  1.45863e-020
127.75  1.43919e-020
128.772  1.42007e-020
129.794  1.40128e-020
130.816  1.38279e-020
131.838  1.36462e-020
132.86  1.34674e-020
133.882  1.32917e-020
134.904  1.31189e-020
135.926  1.29489e-020
136.948  1.27818e-020
137.97  1.26175e-020
138.992  1.24559e-020
140.014  1.2297e-020
141.036  1.21407e-020
142.058  1.1987e-020
143.08  1.18359e-020
144.102  1.16872e-020
145.124  1.15411e-020
146.146  1.13973e-020
147.168  1.12559e-020
148.19  1.11169e-020
149.212  1.09801e-020
150.234  1.08456e-020
151.256  1.07132e-020
152.278  1.0583e-020
153.3  1.0455e-020
154.322  1.0329e-020
155.344  1.0205e-020
156.366  1.00831e-020
157.388  9.96306e-021
158.41  9.84498e-021
159.432  9.72877e-021
160.454  9.6144e-021
161.476  9.50183e-021
162.498  9.39103e-021
163.52  9.28196e-021
164.542  9.17459e-021
165.564  9.06887e-021
166.586  8.96477e-021
167.608  8.86226e-021
168.63  8.7613e-021
169.652  8.66186e-021
170.674  8.56391e-021
171.696  8.46741e-021
172.718  8.37233e-021
173.74  8.27863e-021
174.762  8.18629e-021
175.784  8.09528e-021
176.806  8.00555e-021
177.828  7.91709e-021
178.85  7.82986e-021
179.872  7.74383e-021
180.894  7.65898e-021
181.916  7.57526e-021
182.938  7.49267e-021
183.96  7.41115e-021
184.982  7.3307e-021
186.004  7.25127e-021
187.026  7.17286e-021
188.048  7.09541e-021
189.07  7.01892e-021
190.092  6.94335e-021
191.114  6.86869e-021
192.136  6.79489e-021
193.158  6.72195e-021
194.18  6.64983e-021
195.202  6.57851e-021
196.224  6.50797e-021
197.246  6.43818e-021
198.268  6.36912e-021
199.29  6.30077e-021
200.312  6.23311e-021
201.334  6.16611e-021
202.356  6.09975e-021
203.378  6.03401e-021
204.4  5.96888e-021
205.422  5.90432e-021
206.444  5.84032e-021
207.466  5.77686e-021
208.488  5.71392e-021
209.51  5.65148e-021
210.532  5.58952e-021
211.554  5.52803e-021
212.576  5.46697e-021
213.598  5.40635e-021
214.62  5.34613e-021
215.642  5.2863e-021
216.664  5.22685e-021
217.686  5.16775e-021
218.708  5.10899e-021
219.73  5.05056e-021
220.752  4.99244e-021
221.774  4.93461e-021
222.796  4.87705e-021
223.818  4.81976e-021
224.84  4.76271e-021
225.862  4.70589e-021
226.884  4.6493e-021
227.906  4.5929e-021
228.928  4.5367e-021
229.95  4.48067e-021
230.972  4.42481e-021
231.994  4.3691e-021
233.016  4.31352e-021
234.038  4.25808e-021
235.06  4.20274e-021
236.082  4.14751e-021
237.104  4.09236e-021
238.126  4.0373e-021
239.148  3.9823e-021
240.17  3.92736e-021
241.192  3.87247e-021
242.214  3.81762e-021
243.236  3.76279e-021
244.258  3.70798e-021
245.28  3.65318e-021
246.302  3.59838e-021
247.324  3.54357e-021
248.346  3.48875e-021
249.368  3.4339e-021
250.39  3.37903e-021
251.412  3.32412e-021
252.434  3.26916e-021
253.456  3.21415e-021
254.478  3.15909e-021
255.5  3.10397e-021
256.522  3.04879e-021
257.544  2.99354e-021
258.566  2.93821e-021
259.588  2.88281e-021
260.61  2.82734e-021
261.632  2.77179e-021
262.654  2.71616e-021
263.676  2.66045e-021
264.698  2.60466e-021
265.72  2.54879e-021
266.742  2.49285e-021
267.764  2.43683e-021
268.786  2.38075e-021
269.808  2.3246e-021
270.83  2.26839e-021
271.852  2.21212e-021
272.874  2.15582e-021
273.896  2.09947e-021
274.918  2.0431e-021
275.94  1.98672e-021
276.962  1.93033e-021
277.984  1.87395e-021
279.006  1.81759e-021
280.028  1.76128e-021
281.05  1.70502e-021
282.072  1.64885e-021
283.094  1.59277e-021
284.116  1.53682e-021
285.138  1.48102e-021
286.16  1.42539e-021
287.182  1.36996e-021
288.204  1.31477e-021
289.226  1.25985e-021
290.248  1.20523e-021
291.27  1.15095e-021
292.292  1.09706e-021
293.314  1.04359e-021
294.336  9.90587e-022
295.358  9.38108e-022
296.38  8.86201e-022
297.402  8.34921e-022
298.424  7.84325e-022
299.446  7.34477e-022
300.468  6.85442e-022
301.49  6.37287e-022
302.512  5.90088e-022
303.534  5.4392e-022
304.556  4.98866e-022
305.578  4.5501e-022
306.6  4.12443e-022
307.622  3.71261e-022
308.644  3.31564e-022
309.666  2.93457e-022
310.688  2.5705e-022
311.71  2.2246e-022
312.732  1.89809e-022
313.754  1.59225e-022
314.776  1.30843e-022
315.798  1.04804e-022
316.82  8.12545e-023
317.842  6.03497e-023
318.864  4.22514e-023
319.886  2.71285e-023
320.908  1.51579e-023
321.93  6.52384e-024
322.952  1.41822e-024
