1.022  3.04652e-020
2.044  2.99921e-020
3.066  2.95255e-020
4.088  2.90652e-020
5.11  2.86112e-020
6.132  2.81634e-020
7.154  2.77216e-020
8.176  2.72859e-020
9.198  2.68561e-020
10.22  2.64321e-020
11.242  2.60139e-020
12.264  2.56015e-020
13.286  2.51948e-020
14.308  2.47938e-020
15.33  2.43983e-020
16.352  2.40085e-020
17.374  2.36241e-020
18.396  2.32453e-020
19.418  2.28719e-020
20.44  2.25039e-020
21.462  2.21413e-020
22.484  2.1784e-020
23.506  2.14319e-020
24.528  2.1085e-020
25.55  2.07432e-020
26.572  2.04065e-020
27.594  2.00748e-020
28.616  1.9748e-020
29.638  1.94262e-020
30.66  1.91092e-020
31.682  1.8797e-020
32.704  1.84895e-020
33.726  1.81866e-020
34.748  1.78884e-020
35.77  1.75947e-020
36.792  1.73055e-020
37.814  1.70207e-020
38.836  1.67402e-020
39.858  1.64641e-020
40.88  1.61923e-020
41.902  1.59246e-020
42.924  1.5661e-020
43.946  1.54016e-020
44.968  1.51461e-020
45.99  1.48947e-020
47.012  1.46472e-020
48.034  1.44035e-020
49.056  1.41637e-020
50.078  1.39276e-020
51.1  1.36952e-020
52.122  1.34665e-020
53.144  1.32415e-020
54.166  1.302e-020
55.188  1.2802e-020
56.21  1.25875e-020
57.232  1.23764e-020
58.254  1.21688e-020
59.276  1.19644e-020
60.298  1.17634e-020
61.32  1.15656e-020
62.342  1.13711e-020
63.364  1.11797e-020
64.386  1.09914e-020
65.408  1.08063e-020
66.43  1.06242e-020
67.452  1.04451e-020
68.474  1.02689e-020
69.496  1.00957e-020
70.518  9.92546e-021
71.54  9.75803e-021
72.562  9.59342e-021
73.584  9.43161e-021
74.606  9.27255e-021
75.628  9.11621e-021
76.65  8.96256e-021
77.672  8.81156e-021
78.694  8.66318e-021
79.716  8.51738e-021
80.738  8.37414e-021
81.76  8.23342e-021
82.782  8.09519e-021
83.804  7.95943e-021
84.826  7.82609e-021
85.848  7.69515e-021
86.87  7.56658e-021
87.892  7.44035e-021
88.914  7.31644e-021
89.936  7.19481e-021
90.958  7.07543e-021
91.98  6.95828e-021
93.002  6.84334e-021
94.024  6.73056e-021
95.046  6.61994e-021
96.068  6.51143e-021
97.09  6.40502e-021
98.112  6.30068e-021
99.134  6.19838e-021
100.156  6.0981e-021
101.178  5.99982e-021
102.2  5.90351e-021
103.222  5.80914e-021
104.244  5.71669e-021
105.266  5.62615e-021
106.288  5.53747e-021
107.31  5.45065e-021
108.332  5.36566e-021
109.354  5.28248e-021
110.376  5.20107e-021
111.398  5.12144e-021
112.42  5.04354e-021
113.442  4.96736e-021
114.464  4.89287e-021
115.486  4.82007e-021
116.508  4.74891e-021
117.53  4.67939e-021
118.552  4.61149e-021
119.574  4.54517e-021
120.596  4.48043e-021
121.618  4.41724e-021
122.64  4.35559e-021
123.662  4.29544e-021
124.684  4.23679e-021
125.706  4.17961e-021
126.728  4.12388e-021
127.75  4.06959e-021
128.772  4.01671e-021
129.794  3.96522e-021
130.816  3.91512e-021
131.838  3.86637e-021
132.86  3.81896e-021
133.882  3.77287e-021
134.904  3.72808e-021
135.926  3.68458e-021
136.948  3.64234e-021
137.97  3.60134e-021
138.992  3.56158e-021
140.014  3.52302e-021
141.036  3.48566e-021
142.058  3.44947e-021
143.08  3.41444e-021
144.102  3.38054e-021
145.124  3.34777e-021
146.146  3.31609e-021
147.168  3.2855e-021
148.19  3.25598e-021
149.212  3.2275e-021
150.234  3.20006e-021
151.256  3.17363e-021
152.278  3.14819e-021
153.3  3.12373e-021
154.322  3.10023e-021
155.344  3.07767e-021
156.366  3.05604e-021
157.388  3.03531e-021
158.41  3.01547e-021
159.432  2.9965e-021
160.454  2.97839e-021
161.476  2.96111e-021
162.498  2.94464e-021
163.52  2.92897e-021
164.542  2.91409e-021
165.564  2.89997e-021
166.586  2.88659e-021
167.608  2.87394e-021
168.63  2.862e-021
169.652  2.85075e-021
170.674  2.84018e-021
171.696  2.83025e-021
172.718  2.82096e-021
173.74  2.81229e-021
174.762  2.80422e-021
175.784  2.79673e-021
176.806  2.7898e-021
177.828  2.78342e-021
178.85  2.77756e-021
179.872  2.7722e-021
180.894  2.76733e-021
181.916  2.76293e-021
182.938  2.75898e-021
183.96  2.75545e-021
184.982  2.75234e-021
186.004  2.74962e-021
187.026  2.74727e-021
188.048  2.74527e-021
189.07  2.74361e-021
190.092  2.74226e-021
191.114  2.7412e-021
192.136  2.74042e-021
193.158  2.73989e-021
194.18  2.7396e-021
195.202  2.73952e-021
196.224  2.73963e-021
197.246  2.73992e-021
198.268  2.74036e-021
199.29  2.74094e-021
200.312  2.74163e-021
201.334  2.74241e-021
202.356  2.74327e-021
203.378  2.74418e-021
204.4  2.74512e-021
205.422  2.74607e-021
206.444  2.74701e-021
207.466  2.74792e-021
208.488  2.74879e-021
209.51  2.74958e-021
210.532  2.75028e-021
211.554  2.75086e-021
212.576  2.75132e-021
213.598  2.75162e-021
214.62  2.75174e-021
215.642  2.75167e-021
216.664  2.75138e-021
217.686  2.75086e-021
218.708  2.75008e-021
219.73  2.74902e-021
220.752  2.74766e-021
221.774  2.74599e-021
222.796  2.74397e-021
223.818  2.7416e-021
224.84  2.73884e-021
225.862  2.73569e-021
226.884  2.73212e-021
227.906  2.7281e-021
228.928  2.72363e-021
229.95  2.71869e-021
230.972  2.71324e-021
231.994  2.70728e-021
233.016  2.70078e-021
234.038  2.69373e-021
235.06  2.68611e-021
236.082  2.6779e-021
237.104  2.66908e-021
238.126  2.65963e-021
239.148  2.64955e-021
240.17  2.6388e-021
241.192  2.62738e-021
242.214  2.61528e-021
243.236  2.60246e-021
244.258  2.58893e-021
245.28  2.57465e-021
246.302  2.55963e-021
247.324  2.54385e-021
248.346  2.52729e-021
249.368  2.50995e-021
250.39  2.49181e-021
251.412  2.47285e-021
252.434  2.45308e-021
253.456  2.43247e-021
254.478  2.41103e-021
255.5  2.38874e-021
256.522  2.3656e-021
257.544  2.3416e-021
258.566  2.31673e-021
259.588  2.291e-021
260.61  2.26439e-021
261.632  2.23691e-021
262.654  2.20855e-021
263.676  2.17932e-021
264.698  2.14922e-021
265.72  2.11824e-021
266.742  2.08639e-021
267.764  2.05369e-021
268.786  2.02012e-021
269.808  1.98571e-021
270.83  1.95046e-021
271.852  1.91438e-021
272.874  1.87749e-021
273.896  1.8398e-021
274.918  1.80132e-021
275.94  1.76208e-021
276.962  1.72208e-021
277.984  1.68137e-021
279.006  1.63996e-021
280.028  1.59787e-021
281.05  1.55513e-021
282.072  1.51178e-021
283.094  1.46784e-021
284.116  1.42336e-021
285.138  1.37836e-021
286.16  1.3329e-021
287.182  1.287e-021
288.204  1.24073e-021
289.226  1.19412e-021
290.248  1.14723e-021
291.27  1.10012e-021
292.292  1.05283e-021
293.314  1.00544e-021
294.336  9.58e-022
295.358  9.10585e-022
296.38  8.63264e-022
297.402  8.16112e-022
298.424  7.69209e-022
299.446  7.22636e-022
300.468  6.76481e-022
301.49  6.30834e-022
302.512  5.8579e-022
303.534  5.41448e-022
304.556  4.97913e-022
305.578  4.55294e-022
306.6  4.13702e-022
307.622  3.73258e-022
308.644  3.34084e-022
309.666  2.96308e-022
310.688  2.60066e-022
311.71  2.25495e-022
312.732  1.92743e-022
313.754  1.61958e-022
314.776  1.333e-022
315.798  1.06929e-022
316.82  8.30164e-023
317.842  6.17371e-023
318.864  4.32737e-023
319.886  2.7815e-023
320.908  1.55568e-023
321.93  6.7015e-024
322.952  1.458e-024
