1.022  1.53227e-020
2.044  1.50534e-020
3.066  1.47885e-020
4.088  1.45279e-020
5.11  1.42715e-020
6.132  1.40193e-020
7.154  1.37712e-020
8.176  1.35271e-020
9.198  1.32871e-020
10.22  1.30509e-020
11.242  1.28187e-020
12.264  1.25904e-020
13.286  1.23659e-020
14.308  1.21452e-020
15.33  1.19283e-020
16.352  1.17152e-020
17.374  1.15057e-020
18.396  1.12999e-020
19.418  1.10977e-020
20.44  1.08992e-020
21.462  1.07042e-020
22.484  1.05127e-020
23.506  1.03248e-020
24.528  1.01402e-020
25.55  9.95912e-021
26.572  9.78137e-021
27.594  9.60695e-021
28.616  9.43581e-021
29.638  9.26792e-021
30.66  9.10324e-021
31.682  8.94172e-021
32.704  8.78332e-021
33.726  8.62801e-021
34.748  8.47574e-021
35.77  8.32647e-021
36.792  8.18016e-021
37.814  8.03678e-021
38.836  7.89628e-021
39.858  7.75863e-021
40.88  7.62378e-021
41.902  7.4917e-021
42.924  7.36235e-021
43.946  7.23569e-021
44.968  7.11169e-021
45.99  6.99031e-021
47.012  6.87152e-021
48.034  6.75528e-021
49.056  6.64155e-021
50.078  6.5303e-021
51.1  6.4215e-021
52.122  6.31511e-021
53.144  6.2111e-021
54.166  6.10944e-021
55.188  6.01009e-021
56.21  5.91303e-021
57.232  5.81822e-021
58.254  5.72563e-021
59.276  5.63524e-021
60.298  5.54701e-021
61.32  5.46091e-021
62.342  5.37691e-021
63.364  5.29499e-021
64.386  5.21511e-021
65.408  5.13725e-021
66.43  5.06139e-021
67.452  4.98749e-021
68.474  4.91552e-021
69.496  4.84547e-021
70.518  4.7773e-021
71.54  4.711e-021
72.562  4.64652e-021
73.584  4.58386e-021
74.606  4.52298e-021
75.628  4.46386e-021
76.65  4.40648e-021
77.672  4.35082e-021
78.694  4.29684e-021
79.716  4.24453e-021
80.738  4.19386e-021
81.76  4.14482e-021
82.782  4.09737e-021
83.804  4.05151e-021
84.826  4.0072e-021
85.848  3.96442e-021
86.87  3.92316e-021
87.892  3.88339e-021
88.914  3.84509e-021
89.936  3.80825e-021
90.958  3.77284e-021
91.98  3.73884e-021
93.002  3.70623e-021
94.024  3.675e-021
95.046  3.64512e-021
96.068  3.61657e-021
97.09  3.58934e-021
98.112  3.56341e-021
99.134  3.53876e-021
100.156  3.51537e-021
101.178  3.49322e-021
102.2  3.4723e-021
103.222  3.45258e-021
104.244  3.43405e-021
105.266  3.4167e-021
106.288  3.4005e-021
107.31  3.38543e-021
108.332  3.37149e-021
109.354  3.35865e-021
110.376  3.3469e-021
111.398  3.33622e-021
112.42  3.32659e-021
113.442  3.318e-021
114.464  3.31043e-021
115.486  3.30387e-021
116.508  3.29829e-021
117.53  3.29369e-021
118.552  3.29005e-021
119.574  3.28734e-021
120.596  3.28556e-021
121.618  3.28469e-021
122.64  3.28472e-021
123.662  3.28562e-021
124.684  3.28738e-021
125.706  3.28999e-021
126.728  3.29343e-021
127.75  3.29769e-021
128.772  3.30275e-021
129.794  3.30859e-021
130.816  3.3152e-021
131.838  3.32257e-021
132.86  3.33067e-021
133.882  3.3395e-021
134.904  3.34904e-021
135.926  3.35927e-021
136.948  3.37017e-021
137.97  3.38174e-021
138.992  3.39395e-021
140.014  3.40679e-021
141.036  3.42025e-021
142.058  3.4343e-021
143.08  3.44894e-021
144.102  3.46415e-021
145.124  3.4799e-021
146.146  3.4962e-021
147.168  3.51301e-021
148.19  3.53033e-021
149.212  3.54813e-021
150.234  3.56641e-021
151.256  3.58514e-021
152.278  3.60431e-021
153.3  3.62391e-021
154.322  3.6439e-021
155.344  3.66429e-021
156.366  3.68505e-021
157.388  3.70617e-021
158.41  3.72762e-021
159.432  3.7494e-021
160.454  3.77147e-021
161.476  3.79384e-021
162.498  3.81647e-021
163.52  3.83936e-021
164.542  3.86248e-021
165.564  3.88581e-021
166.586  3.90934e-021
167.608  3.93305e-021
168.63  3.95692e-021
169.652  3.98093e-021
170.674  4.00506e-021
171.696  4.0293e-021
172.718  4.05362e-021
173.74  4.07801e-021
174.762  4.10244e-021
175.784  4.1269e-021
176.806  4.15137e-021
177.828  4.17582e-021
178.85  4.20024e-021
179.872  4.22461e-021
180.894  4.2489e-021
181.916  4.27309e-021
182.938  4.29717e-021
183.96  4.32111e-021
184.982  4.3449e-021
186.004  4.3685e-021
187.026  4.3919e-021
188.048  4.41508e-021
189.07  4.43801e-021
190.092  4.46068e-021
191.114  4.48305e-021
192.136  4.50511e-021
193.158  4.52684e-021
194.18  4.54821e-021
195.202  4.5692e-021
196.224  4.58978e-021
197.246  4.60994e-021
198.268  4.62965e-021
199.29  4.64888e-021
200.312  4.66761e-021
201.334  4.68582e-021
202.356  4.70349e-021
203.378  4.72058e-021
204.4  4.73708e-021
205.422  4.75297e-021
206.444  4.76821e-021
207.466  4.78278e-021
208.488  4.79666e-021
209.51  4.80982e-021
210.532  4.82224e-021
211.554  4.83389e-021
212.576  4.84476e-021
213.598  4.85481e-021
214.62  4.86401e-021
215.642  4.87235e-021
216.664  4.87981e-021
217.686  4.88634e-021
218.708  4.89194e-021
219.73  4.89658e-021
220.752  4.90022e-021
221.774  4.90285e-021
222.796  4.90445e-021
223.818  4.90498e-021
224.84  4.90443e-021
225.862  4.90277e-021
226.884  4.89998e-021
227.906  4.89603e-021
228.928  4.8909e-021
229.95  4.88457e-021
230.972  4.87702e-021
231.994  4.86822e-021
233.016  4.85815e-021
234.038  4.8468e-021
235.06  4.83413e-021
236.082  4.82014e-021
237.104  4.80479e-021
238.126  4.78808e-021
239.148  4.76997e-021
240.17  4.75046e-021
241.192  4.72953e-021
242.214  4.70715e-021
243.236  4.68332e-021
244.258  4.65802e-021
245.28  4.63122e-021
246.302  4.60293e-021
247.324  4.57313e-021
248.346  4.54179e-021
249.368  4.50893e-021
250.39  4.47451e-021
251.412  4.43854e-021
252.434  4.40101e-021
253.456  4.36191e-021
254.478  4.32124e-021
255.5  4.27899e-021
256.522  4.23516e-021
257.544  4.18974e-021
258.566  4.14275e-021
259.588  4.09418e-021
260.61  4.04404e-021
261.632  3.99233e-021
262.654  3.93906e-021
263.676  3.88423e-021
264.698  3.82787e-021
265.72  3.76998e-021
266.742  3.71057e-021
267.764  3.64968e-021
268.786  3.58731e-021
269.808  3.52348e-021
270.83  3.45823e-021
271.852  3.39158e-021
272.874  3.32356e-021
273.896  3.2542e-021
274.918  3.18354e-021
275.94  3.11162e-021
276.962  3.03847e-021
277.984  2.96415e-021
279.006  2.8887e-021
280.028  2.81217e-021
281.05  2.73462e-021
282.072  2.6561e-021
283.094  2.57668e-021
284.116  2.49643e-021
285.138  2.4154e-021
286.16  2.33369e-021
287.182  2.25137e-021
288.204  2.16851e-021
289.226  2.08521e-021
290.248  2.00156e-021
291.27  1.91766e-021
292.292  1.83361e-021
293.314  1.74952e-021
294.336  1.66549e-021
295.358  1.58165e-021
296.38  1.49812e-021
297.402  1.41504e-021
298.424  1.33253e-021
299.446  1.25074e-021
300.468  1.16981e-021
301.49  1.08991e-021
302.512  1.01119e-021
303.534  9.33816e-022
304.556  8.57973e-022
305.578  7.83841e-022
306.6  7.11609e-022
307.622  6.41475e-022
308.644  5.73647e-022
309.666  5.08337e-022
310.688  4.45771e-022
311.71  3.86178e-022
312.732  3.29799e-022
313.754  2.76884e-022
314.776  2.27691e-022
315.798  1.8249e-022
316.82  1.41557e-022
317.842  1.05182e-022
318.864  7.36627e-023
319.886  4.73077e-023
320.908  2.64365e-023
321.93  1.13786e-023
322.952  2.47346e-024
