1.022  2.57019e-019
2.044  2.56486e-019
3.066  2.55958e-019
4.088  2.55435e-019
5.11  2.54915e-019
6.132  2.54399e-019
7.154  2.53887e-019
8.176  2.53377e-019
9.198  2.5287e-019
10.22  2.52367e-019
11.242  2.51866e-019
12.264  2.51368e-019
13.286  2.50873e-019
14.308  2.50381e-019
15.33  2.49892e-019
16.352  2.49407e-019
17.374  2.48925e-019
18.396  2.48447e-019
19.418  2.47972e-019
20.44  2.47502e-019
21.462  2.47035e-019
22.484  2.46572e-019
23.506  2.46114e-019
24.528  2.4566e-019
25.55  2.45209e-019
26.572  2.44763e-019
27.594  2.44321e-019
28.616  2.43883e-019
29.638  2.43449e-019
30.66  2.43019e-019
31.682  2.42593e-019
32.704  2.42171e-019
33.726  2.41753e-019
34.748  2.41338e-019
35.77  2.40927e-019
36.792  2.40519e-019
37.814  2.40115e-019
38.836  2.39714e-019
39.858  2.39317e-019
40.88  2.38922e-019
41.902  2.38531e-019
42.924  2.38142e-019
43.946  2.37757e-019
44.968  2.37374e-019
45.99  2.36993e-019
47.012  2.36615e-019
48.034  2.36239e-019
49.056  2.35866e-019
50.078  2.35495e-019
51.1  2.35125e-019
52.122  2.34758e-019
53.144  2.34392e-019
54.166  2.34028e-019
55.188  2.33666e-019
56.21  2.33305e-019
57.232  2.32946e-019
58.254  2.32588e-019
59.276  2.32231e-019
60.298  2.31875e-019
61.32  2.3152e-019
62.342  2.31165e-019
63.364  2.30812e-019
64.386  2.30459e-019
65.408  2.30107e-019
66.43  2.29755e-019
67.452  2.29404e-019
68.474  2.29053e-019
69.496  2.28702e-019
70.518  2.28351e-019
71.54  2.28e-019
72.562  2.27649e-019
73.584  2.27298e-019
74.606  2.26947e-019
75.628  2.26596e-019
76.65  2.26244e-019
77.672  2.25891e-019
78.694  2.25538e-019
79.716  2.25184e-019
80.738  2.2483e-019
81.76  2.24474e-019
82.782  2.24118e-019
83.804  2.23761e-019
84.826  2.23403e-019
85.848  2.23044e-019
86.87  2.22683e-019
87.892  2.22321e-019
88.914  2.21958e-019
89.936  2.21594e-019
90.958  2.21228e-019
91.98  2.20861e-019
93.002  2.20492e-019
94.024  2.20121e-019
95.046  2.19749e-019
96.068  2.19375e-019
97.09  2.18999e-019
98.112  2.18621e-019
99.134  2.18242e-019
100.156  2.1786e-019
101.178  2.17476e-019
102.2  2.1709e-019
103.222  2.16702e-019
104.244  2.16312e-019
105.266  2.1592e-019
106.288  2.15525e-019
107.31  2.15127e-019
108.332  2.14728e-019
109.354  2.14325e-019
110.376  2.13921e-019
111.398  2.13513e-019
112.42  2.13103e-019
113.442  2.1269e-019
114.464  2.12275e-019
115.486  2.11857e-019
116.508  2.11436e-019
117.53  2.11012e-019
118.552  2.10585e-019
119.574  2.10155e-019
120.596  2.09722e-019
121.618  2.09286e-019
122.64  2.08846e-019
123.662  2.08404e-019
124.684  2.07958e-019
125.706  2.07509e-019
126.728  2.07057e-019
127.75  2.06602e-019
128.772  2.06142e-019
129.794  2.0568e-019
130.816  2.05214e-019
131.838  2.04744e-019
132.86  2.04271e-019
133.882  2.03794e-019
134.904  2.03314e-019
135.926  2.02829e-019
136.948  2.02341e-019
137.97  2.01849e-019
138.992  2.01353e-019
140.014  2.00853e-019
141.036  2.0035e-019
142.058  1.99842e-019
143.08  1.9933e-019
144.102  1.98813e-019
145.124  1.98293e-019
146.146  1.97768e-019
147.168  1.97239e-019
148.19  1.96706e-019
149.212  1.96168e-019
150.234  1.95625e-019
151.256  1.95078e-019
152.278  1.94526e-019
153.3  1.9397e-019
154.322  1.93409e-019
155.344  1.92843e-019
156.366  1.92272e-019
157.388  1.91697e-019
158.41  1.91116e-019
159.432  1.9053e-019
160.454  1.89939e-019
161.476  1.89343e-019
162.498  1.88741e-019
163.52  1.88134e-019
164.542  1.87521e-019
165.564  1.86903e-019
166.586  1.8628e-019
167.608  1.8565e-019
168.63  1.85015e-019
169.652  1.84374e-019
170.674  1.83727e-019
171.696  1.83074e-019
172.718  1.82415e-019
173.74  1.81749e-019
174.762  1.81078e-019
175.784  1.80399e-019
176.806  1.79714e-019
177.828  1.79023e-019
178.85  1.78325e-019
179.872  1.7762e-019
180.894  1.76908e-019
181.916  1.76189e-019
182.938  1.75462e-019
183.96  1.74729e-019
184.982  1.73988e-019
186.004  1.73239e-019
187.026  1.72483e-019
188.048  1.71719e-019
189.07  1.70947e-019
190.092  1.70168e-019
191.114  1.6938e-019
192.136  1.68583e-019
193.158  1.67779e-019
194.18  1.66965e-019
195.202  1.66143e-019
196.224  1.65313e-019
197.246  1.64473e-019
198.268  1.63624e-019
199.29  1.62766e-019
200.312  1.61899e-019
201.334  1.61022e-019
202.356  1.60135e-019
203.378  1.59238e-019
204.4  1.58332e-019
205.422  1.57415e-019
206.444  1.56488e-019
207.466  1.55551e-019
208.488  1.54603e-019
209.51  1.53644e-019
210.532  1.52675e-019
211.554  1.51694e-019
212.576  1.50702e-019
213.598  1.49699e-019
214.62  1.48684e-019
215.642  1.47658e-019
216.664  1.4662e-019
217.686  1.45569e-019
218.708  1.44507e-019
219.73  1.43432e-019
220.752  1.42345e-019
221.774  1.41246e-019
222.796  1.40133e-019
223.818  1.39008e-019
224.84  1.3787e-019
225.862  1.36718e-019
226.884  1.35554e-019
227.906  1.34376e-019
228.928  1.33184e-019
229.95  1.31979e-019
230.972  1.30759e-019
231.994  1.29526e-019
233.016  1.28279e-019
234.038  1.27018e-019
235.06  1.25742e-019
236.082  1.24453e-019
237.104  1.23149e-019
238.126  1.2183e-019
239.148  1.20497e-019
240.17  1.19149e-019
241.192  1.17786e-019
242.214  1.16409e-019
243.236  1.15017e-019
244.258  1.1361e-019
245.28  1.12189e-019
246.302  1.10753e-019
247.324  1.09302e-019
248.346  1.07836e-019
249.368  1.06355e-019
250.39  1.0486e-019
251.412  1.03351e-019
252.434  1.01826e-019
253.456  1.00288e-019
254.478  9.87349e-020
255.5  9.71679e-020
256.522  9.5587e-020
257.544  9.39923e-020
258.566  9.2384e-020
259.588  9.07623e-020
260.61  8.91275e-020
261.632  8.74798e-020
262.654  8.58195e-020
263.676  8.41471e-020
264.698  8.24627e-020
265.72  8.07668e-020
266.742  7.90598e-020
267.764  7.73421e-020
268.786  7.56142e-020
269.808  7.38766e-020
270.83  7.21299e-020
271.852  7.03745e-020
272.874  6.86111e-020
273.896  6.68404e-020
274.918  6.5063e-020
275.94  6.32797e-020
276.962  6.14912e-020
277.984  5.96983e-020
279.006  5.7902e-020
280.028  5.61031e-020
281.05  5.43026e-020
282.072  5.25014e-020
283.094  5.07007e-020
284.116  4.89016e-020
285.138  4.71052e-020
286.16  4.53127e-020
287.182  4.35255e-020
288.204  4.17449e-020
289.226  3.99724e-020
290.248  3.82093e-020
291.27  3.64573e-020
292.292  3.4718e-020
293.314  3.2993e-020
294.336  3.12842e-020
295.358  2.95934e-020
296.38  2.79225e-020
297.402  2.62735e-020
298.424  2.46485e-020
299.446  2.30497e-020
300.468  2.14794e-020
301.49  1.99398e-020
302.512  1.84336e-020
303.534  1.69632e-020
304.556  1.55313e-020
305.578  1.41406e-020
306.6  1.2794e-020
307.622  1.14945e-020
308.644  1.02452e-020
309.666  9.0492e-021
310.688  7.90991e-021
311.71  6.83073e-021
312.732  5.81524e-021
313.754  4.86712e-021
314.776  3.9902e-021
315.798  3.18844e-021
316.82  2.46593e-021
317.842  1.82691e-021
318.864  1.27575e-021
319.886  8.16978e-022
320.908  4.55258e-022
321.93  1.95404e-022
322.952  4.23605e-023
