1.022  1.68998e-019
2.044  1.69839e-019
3.066  1.70674e-019
4.088  1.71505e-019
5.11  1.7233e-019
6.132  1.73149e-019
7.154  1.73963e-019
8.176  1.74771e-019
9.198  1.75573e-019
10.22  1.76369e-019
11.242  1.77159e-019
12.264  1.77943e-019
13.286  1.78721e-019
14.308  1.79494e-019
15.33  1.80261e-019
16.352  1.81022e-019
17.374  1.81778e-019
18.396  1.82528e-019
19.418  1.83274e-019
20.44  1.84014e-019
21.462  1.84749e-019
22.484  1.8548e-019
23.506  1.86206e-019
24.528  1.86926e-019
25.55  1.87643e-019
26.572  1.88354e-019
27.594  1.89061e-019
28.616  1.89764e-019
29.638  1.90461e-019
30.66  1.91155e-019
31.682  1.91843e-019
32.704  1.92527e-019
33.726  1.93206e-019
34.748  1.93881e-019
35.77  1.9455e-019
36.792  1.95215e-019
37.814  1.95876e-019
38.836  1.96531e-019
39.858  1.97181e-019
40.88  1.97827e-019
41.902  1.98467e-019
42.924  1.99103e-019
43.946  1.99733e-019
44.968  2.00358e-019
45.99  2.00978e-019
47.012  2.01592e-019
48.034  2.02201e-019
49.056  2.02805e-019
50.078  2.03402e-019
51.1  2.03995e-019
52.122  2.04581e-019
53.144  2.05162e-019
54.166  2.05737e-019
55.188  2.06306e-019
56.21  2.0687e-019
57.232  2.07427e-019
58.254  2.07977e-019
59.276  2.08522e-019
60.298  2.09061e-019
61.32  2.09593e-019
62.342  2.10118e-019
63.364  2.10637e-019
64.386  2.1115e-019
65.408  2.11656e-019
66.43  2.12155e-019
67.452  2.12647e-019
68.474  2.13133e-019
69.496  2.13611e-019
70.518  2.14082e-019
71.54  2.14547e-019
72.562  2.15004e-019
73.584  2.15454e-019
74.606  2.15896e-019
75.628  2.16332e-019
76.65  2.16759e-019
77.672  2.1718e-019
78.694  2.17592e-019
79.716  2.17997e-019
80.738  2.18395e-019
81.76  2.18784e-019
82.782  2.19166e-019
83.804  2.19539e-019
84.826  2.19905e-019
85.848  2.20263e-019
86.87  2.20612e-019
87.892  2.20953e-019
88.914  2.21286e-019
89.936  2.21611e-019
90.958  2.21927e-019
91.98  2.22235e-019
93.002  2.22535e-019
94.024  2.22825e-019
95.046  2.23107e-019
96.068  2.23381e-019
97.09  2.23646e-019
98.112  2.23901e-019
99.134  2.24148e-019
100.156  2.24386e-019
101.178  2.24615e-019
102.2  2.24835e-019
103.222  2.25046e-019
104.244  2.25248e-019
105.266  2.2544e-019
106.288  2.25623e-019
107.31  2.25797e-019
108.332  2.25961e-019
109.354  2.26116e-019
110.376  2.26261e-019
111.398  2.26397e-019
112.42  2.26523e-019
113.442  2.26639e-019
114.464  2.26746e-019
115.486  2.26842e-019
116.508  2.26929e-019
117.53  2.27006e-019
118.552  2.27073e-019
119.574  2.2713e-019
120.596  2.27176e-019
121.618  2.27213e-019
122.64  2.27239e-019
123.662  2.27255e-019
124.684  2.27261e-019
125.706  2.27256e-019
126.728  2.2724e-019
127.75  2.27215e-019
128.772  2.27178e-019
129.794  2.27131e-019
130.816  2.27073e-019
131.838  2.27004e-019
132.86  2.26925e-019
133.882  2.26835e-019
134.904  2.26733e-019
135.926  2.26621e-019
136.948  2.26497e-019
137.97  2.26362e-019
138.992  2.26216e-019
140.014  2.26059e-019
141.036  2.25891e-019
142.058  2.2571e-019
143.08  2.25519e-019
144.102  2.25316e-019
145.124  2.25101e-019
146.146  2.24874e-019
147.168  2.24636e-019
148.19  2.24386e-019
149.212  2.24123e-019
150.234  2.23849e-019
151.256  2.23563e-019
152.278  2.23264e-019
153.3  2.22954e-019
154.322  2.22631e-019
155.344  2.22295e-019
156.366  2.21947e-019
157.388  2.21587e-019
158.41  2.21213e-019
159.432  2.20827e-019
160.454  2.20429e-019
161.476  2.20017e-019
162.498  2.19592e-019
163.52  2.19154e-019
164.542  2.18703e-019
165.564  2.18239e-019
166.586  2.17761e-019
167.608  2.1727e-019
168.63  2.16765e-019
169.652  2.16247e-019
170.674  2.15715e-019
171.696  2.15169e-019
172.718  2.14609e-019
173.74  2.14035e-019
174.762  2.13447e-019
175.784  2.12844e-019
176.806  2.12228e-019
177.828  2.11596e-019
178.85  2.1095e-019
179.872  2.1029e-019
180.894  2.09615e-019
181.916  2.08924e-019
182.938  2.08219e-019
183.96  2.07499e-019
184.982  2.06763e-019
186.004  2.06013e-019
187.026  2.05246e-019
188.048  2.04464e-019
189.07  2.03667e-019
190.092  2.02853e-019
191.114  2.02024e-019
192.136  2.01179e-019
193.158  2.00317e-019
194.18  1.9944e-019
195.202  1.98546e-019
196.224  1.97635e-019
197.246  1.96708e-019
198.268  1.95764e-019
199.29  1.94804e-019
200.312  1.93826e-019
201.334  1.92832e-019
202.356  1.9182e-019
203.378  1.90791e-019
204.4  1.89745e-019
205.422  1.88681e-019
206.444  1.87599e-019
207.466  1.865e-019
208.488  1.85384e-019
209.51  1.84249e-019
210.532  1.83096e-019
211.554  1.81925e-019
212.576  1.80736e-019
213.598  1.79529e-019
214.62  1.78304e-019
215.642  1.7706e-019
216.664  1.75797e-019
217.686  1.74516e-019
218.708  1.73217e-019
219.73  1.71898e-019
220.752  1.70561e-019
221.774  1.69205e-019
222.796  1.6783e-019
223.818  1.66437e-019
224.84  1.65024e-019
225.862  1.63592e-019
226.884  1.62141e-019
227.906  1.60671e-019
228.928  1.59183e-019
229.95  1.57675e-019
230.972  1.56148e-019
231.994  1.54601e-019
233.016  1.53036e-019
234.038  1.51452e-019
235.06  1.49849e-019
236.082  1.48227e-019
237.104  1.46586e-019
238.126  1.44927e-019
239.148  1.43249e-019
240.17  1.41552e-019
241.192  1.39836e-019
242.214  1.38103e-019
243.236  1.36351e-019
244.258  1.34581e-019
245.28  1.32793e-019
246.302  1.30987e-019
247.324  1.29164e-019
248.346  1.27323e-019
249.368  1.25466e-019
250.39  1.23591e-019
251.412  1.217e-019
252.434  1.19793e-019
253.456  1.1787e-019
254.478  1.15931e-019
255.5  1.13977e-019
256.522  1.12008e-019
257.544  1.10024e-019
258.566  1.08027e-019
259.588  1.06015e-019
260.61  1.03991e-019
261.632  1.01954e-019
262.654  9.99042e-020
263.676  9.78433e-020
264.698  9.57714e-020
265.72  9.36891e-020
266.742  9.15971e-020
267.764  8.9496e-020
268.786  8.73866e-020
269.808  8.52696e-020
270.83  8.31457e-020
271.852  8.10159e-020
272.874  7.88809e-020
273.896  7.67417e-020
274.918  7.45992e-020
275.94  7.24544e-020
276.962  7.03082e-020
277.984  6.81619e-020
279.006  6.60164e-020
280.028  6.3873e-020
281.05  6.17328e-020
282.072  5.95971e-020
283.094  5.74672e-020
284.116  5.53444e-020
285.138  5.32302e-020
286.16  5.11261e-020
287.182  4.90335e-020
288.204  4.69541e-020
289.226  4.48894e-020
290.248  4.28412e-020
291.27  4.08112e-020
292.292  3.88013e-020
293.314  3.68133e-020
294.336  3.48493e-020
295.358  3.29112e-020
296.38  3.10012e-020
297.402  2.91214e-020
298.424  2.7274e-020
299.446  2.54615e-020
300.468  2.36862e-020
301.49  2.19506e-020
302.512  2.02572e-020
303.534  1.86088e-020
304.556  1.70081e-020
305.578  1.54578e-020
306.6  1.39609e-020
307.622  1.25205e-020
308.644  1.11396e-020
309.666  9.82146e-021
310.688  8.56937e-021
311.71  7.38673e-021
312.732  6.27706e-021
313.754  5.24398e-021
314.776  4.29122e-021
315.798  3.42261e-021
316.82  2.64211e-021
317.842  1.95377e-021
318.864  1.36178e-021
319.886  8.70423e-022
320.908  4.84123e-022
321.93  2.07399e-022
322.952  4.48751e-023
