1.022  1.31691e-019
2.044  1.32564e-019
3.066  1.33433e-019
4.088  1.34296e-019
5.11  1.35155e-019
6.132  1.36007e-019
7.154  1.36855e-019
8.176  1.37697e-019
9.198  1.38533e-019
10.22  1.39364e-019
11.242  1.40189e-019
12.264  1.41008e-019
13.286  1.41822e-019
14.308  1.4263e-019
15.33  1.43433e-019
16.352  1.4423e-019
17.374  1.45022e-019
18.396  1.45809e-019
19.418  1.46591e-019
20.44  1.47369e-019
21.462  1.48141e-019
22.484  1.48908e-019
23.506  1.49671e-019
24.528  1.50429e-019
25.55  1.51183e-019
26.572  1.51932e-019
27.594  1.52676e-019
28.616  1.53415e-019
29.638  1.5415e-019
30.66  1.54881e-019
31.682  1.55607e-019
32.704  1.56328e-019
33.726  1.57045e-019
34.748  1.57757e-019
35.77  1.58464e-019
36.792  1.59166e-019
37.814  1.59864e-019
38.836  1.60557e-019
39.858  1.61246e-019
40.88  1.61929e-019
41.902  1.62608e-019
42.924  1.63281e-019
43.946  1.6395e-019
44.968  1.64613e-019
45.99  1.65271e-019
47.012  1.65924e-019
48.034  1.66572e-019
49.056  1.67215e-019
50.078  1.67852e-019
51.1  1.68484e-019
52.122  1.69111e-019
53.144  1.69731e-019
54.166  1.70347e-019
55.188  1.70956e-019
56.21  1.7156e-019
57.232  1.72158e-019
58.254  1.72751e-019
59.276  1.73337e-019
60.298  1.73917e-019
61.32  1.74492e-019
62.342  1.7506e-019
63.364  1.75622e-019
64.386  1.76178e-019
65.408  1.76728e-019
66.43  1.77271e-019
67.452  1.77808e-019
68.474  1.78338e-019
69.496  1.78862e-019
70.518  1.79379e-019
71.54  1.7989e-019
72.562  1.80393e-019
73.584  1.8089e-019
74.606  1.8138e-019
75.628  1.81864e-019
76.65  1.8234e-019
77.672  1.82809e-019
78.694  1.83271e-019
79.716  1.83726e-019
80.738  1.84174e-019
81.76  1.84614e-019
82.782  1.85047e-019
83.804  1.85473e-019
84.826  1.85891e-019
85.848  1.86302e-019
86.87  1.86705e-019
87.892  1.87101e-019
88.914  1.87489e-019
89.936  1.87869e-019
90.958  1.88241e-019
91.98  1.88605e-019
93.002  1.88962e-019
94.024  1.8931e-019
95.046  1.89651e-019
96.068  1.89983e-019
97.09  1.90308e-019
98.112  1.90624e-019
99.134  1.90932e-019
100.156  1.91231e-019
101.178  1.91522e-019
102.2  1.91805e-019
103.222  1.92079e-019
104.244  1.92345e-019
105.266  1.92602e-019
106.288  1.92851e-019
107.31  1.93091e-019
108.332  1.93322e-019
109.354  1.93544e-019
110.376  1.93758e-019
111.398  1.93963e-019
112.42  1.94158e-019
113.442  1.94345e-019
114.464  1.94522e-019
115.486  1.94691e-019
116.508  1.9485e-019
117.53  1.95e-019
118.552  1.95141e-019
119.574  1.95273e-019
120.596  1.95395e-019
121.618  1.95508e-019
122.64  1.95611e-019
123.662  1.95705e-019
124.684  1.95789e-019
125.706  1.95863e-019
126.728  1.95928e-019
127.75  1.95983e-019
128.772  1.96028e-019
129.794  1.96063e-019
130.816  1.96088e-019
131.838  1.96104e-019
132.86  1.96109e-019
133.882  1.96104e-019
134.904  1.96089e-019
135.926  1.96064e-019
136.948  1.96028e-019
137.97  1.95982e-019
138.992  1.95926e-019
140.014  1.95859e-019
141.036  1.95781e-019
142.058  1.95693e-019
143.08  1.95595e-019
144.102  1.95485e-019
145.124  1.95365e-019
146.146  1.95234e-019
147.168  1.95092e-019
148.19  1.94939e-019
149.212  1.94775e-019
150.234  1.94599e-019
151.256  1.94413e-019
152.278  1.94215e-019
153.3  1.94006e-019
154.322  1.93785e-019
155.344  1.93553e-019
156.366  1.93309e-019
157.388  1.93054e-019
158.41  1.92787e-019
159.432  1.92508e-019
160.454  1.92217e-019
161.476  1.91914e-019
162.498  1.91599e-019
163.52  1.91272e-019
164.542  1.90933e-019
165.564  1.90582e-019
166.586  1.90218e-019
167.608  1.89841e-019
168.63  1.89452e-019
169.652  1.8905e-019
170.674  1.88636e-019
171.696  1.88208e-019
172.718  1.87768e-019
173.74  1.87315e-019
174.762  1.86848e-019
175.784  1.86369e-019
176.806  1.85876e-019
177.828  1.85369e-019
178.85  1.84849e-019
179.872  1.84316e-019
180.894  1.83769e-019
181.916  1.83208e-019
182.938  1.82633e-019
183.96  1.82044e-019
184.982  1.81441e-019
186.004  1.80823e-019
187.026  1.80192e-019
188.048  1.79546e-019
189.07  1.78885e-019
190.092  1.7821e-019
191.114  1.7752e-019
192.136  1.76816e-019
193.158  1.76096e-019
194.18  1.75362e-019
195.202  1.74612e-019
196.224  1.73847e-019
197.246  1.73066e-019
198.268  1.72271e-019
199.29  1.71459e-019
200.312  1.70632e-019
201.334  1.6979e-019
202.356  1.68931e-019
203.378  1.68057e-019
204.4  1.67166e-019
205.422  1.66259e-019
206.444  1.65336e-019
207.466  1.64397e-019
208.488  1.63442e-019
209.51  1.62469e-019
210.532  1.61481e-019
211.554  1.60475e-019
212.576  1.59453e-019
213.598  1.58414e-019
214.62  1.57358e-019
215.642  1.56285e-019
216.664  1.55195e-019
217.686  1.54088e-019
218.708  1.52964e-019
219.73  1.51823e-019
220.752  1.50664e-019
221.774  1.49488e-019
222.796  1.48294e-019
223.818  1.47083e-019
224.84  1.45855e-019
225.862  1.44609e-019
226.884  1.43346e-019
227.906  1.42065e-019
228.928  1.40767e-019
229.95  1.39451e-019
230.972  1.38118e-019
231.994  1.36767e-019
233.016  1.35398e-019
234.038  1.34013e-019
235.06  1.32609e-019
236.082  1.31189e-019
237.104  1.29751e-019
238.126  1.28296e-019
239.148  1.26824e-019
240.17  1.25334e-019
241.192  1.23828e-019
242.214  1.22305e-019
243.236  1.20765e-019
244.258  1.19209e-019
245.28  1.17636e-019
246.302  1.16047e-019
247.324  1.14442e-019
248.346  1.12821e-019
249.368  1.11184e-019
250.39  1.09532e-019
251.412  1.07865e-019
252.434  1.06182e-019
253.456  1.04486e-019
254.478  1.02774e-019
255.5  1.01049e-019
256.522  9.93102e-020
257.544  9.7558e-020
258.566  9.57929e-020
259.588  9.40152e-020
260.61  9.22255e-020
261.632  9.04241e-020
262.654  8.86115e-020
263.676  8.67883e-020
264.698  8.4955e-020
265.72  8.31121e-020
266.742  8.12602e-020
267.764  7.93999e-020
268.786  7.75319e-020
269.808  7.56568e-020
270.83  7.37754e-020
271.852  7.18884e-020
272.874  6.99966e-020
273.896  6.81007e-020
274.918  6.62016e-020
275.94  6.43003e-020
276.962  6.23975e-020
277.984  6.04943e-020
279.006  5.85917e-020
280.028  5.66907e-020
281.05  5.47924e-020
282.072  5.28979e-020
283.094  5.10084e-020
284.116  4.9125e-020
285.138  4.72492e-020
286.16  4.53821e-020
287.182  4.35251e-020
288.204  4.16797e-020
289.226  3.98473e-020
290.248  3.80294e-020
291.27  3.62276e-020
292.292  3.44436e-020
293.314  3.2679e-020
294.336  3.09355e-020
295.358  2.92151e-020
296.38  2.75195e-020
297.402  2.58507e-020
298.424  2.42107e-020
299.446  2.26016e-020
300.468  2.10255e-020
301.49  1.94847e-020
302.512  1.79814e-020
303.534  1.65179e-020
304.556  1.50968e-020
305.578  1.37205e-020
306.6  1.23917e-020
307.622  1.1113e-020
308.644  9.88713e-021
309.666  8.717e-021
310.688  7.60554e-021
311.71  6.55576e-021
312.732  5.57079e-021
313.754  4.65383e-021
314.776  3.80819e-021
315.798  3.03727e-021
316.82  2.34457e-021
317.842  1.73369e-021
318.864  1.20834e-021
319.886  7.72326e-022
320.908  4.29547e-022
321.93  1.84012e-022
322.952  3.98134e-023
