1.022  1.09627e-019
2.044  1.10505e-019
3.066  1.11379e-019
4.088  1.12247e-019
5.11  1.13111e-019
6.132  1.1397e-019
7.154  1.14823e-019
8.176  1.15672e-019
9.198  1.16515e-019
10.22  1.17352e-019
11.242  1.18185e-019
12.264  1.19012e-019
13.286  1.19834e-019
14.308  1.2065e-019
15.33  1.21462e-019
16.352  1.22268e-019
17.374  1.2307e-019
18.396  1.23867e-019
19.418  1.24659e-019
20.44  1.25446e-019
21.462  1.26228e-019
22.484  1.27006e-019
23.506  1.2778e-019
24.528  1.28548e-019
25.55  1.29313e-019
26.572  1.30073e-019
27.594  1.30828e-019
28.616  1.31579e-019
29.638  1.32326e-019
30.66  1.33068e-019
31.682  1.33806e-019
32.704  1.34539e-019
33.726  1.35268e-019
34.748  1.35992e-019
35.77  1.36712e-019
36.792  1.37427e-019
37.814  1.38138e-019
38.836  1.38844e-019
39.858  1.39545e-019
40.88  1.40242e-019
41.902  1.40934e-019
42.924  1.41621e-019
43.946  1.42304e-019
44.968  1.42981e-019
45.99  1.43654e-019
47.012  1.44322e-019
48.034  1.44984e-019
49.056  1.45642e-019
50.078  1.46294e-019
51.1  1.46942e-019
52.122  1.47584e-019
53.144  1.48221e-019
54.166  1.48852e-019
55.188  1.49478e-019
56.21  1.50099e-019
57.232  1.50714e-019
58.254  1.51323e-019
59.276  1.51927e-019
60.298  1.52526e-019
61.32  1.53118e-019
62.342  1.53705e-019
63.364  1.54286e-019
64.386  1.54861e-019
65.408  1.55429e-019
66.43  1.55992e-019
67.452  1.56549e-019
68.474  1.571e-019
69.496  1.57644e-019
70.518  1.58183e-019
71.54  1.58715e-019
72.562  1.5924e-019
73.584  1.59759e-019
74.606  1.60272e-019
75.628  1.60778e-019
76.65  1.61277e-019
77.672  1.6177e-019
78.694  1.62256e-019
79.716  1.62736e-019
80.738  1.63208e-019
81.76  1.63674e-019
82.782  1.64132e-019
83.804  1.64584e-019
84.826  1.65029e-019
85.848  1.65466e-019
86.87  1.65896e-019
87.892  1.6632e-019
88.914  1.66736e-019
89.936  1.67144e-019
90.958  1.67545e-019
91.98  1.67939e-019
93.002  1.68325e-019
94.024  1.68704e-019
95.046  1.69075e-019
96.068  1.69439e-019
97.09  1.69795e-019
98.112  1.70143e-019
99.134  1.70483e-019
100.156  1.70816e-019
101.178  1.7114e-019
102.2  1.71457e-019
103.222  1.71766e-019
104.244  1.72066e-019
105.266  1.72359e-019
106.288  1.72643e-019
107.31  1.72919e-019
108.332  1.73187e-019
109.354  1.73447e-019
110.376  1.73698e-019
111.398  1.73941e-019
112.42  1.74175e-019
113.442  1.74401e-019
114.464  1.74618e-019
115.486  1.74827e-019
116.508  1.75027e-019
117.53  1.75219e-019
118.552  1.75401e-019
119.574  1.75575e-019
120.596  1.7574e-019
121.618  1.75896e-019
122.64  1.76043e-019
123.662  1.76181e-019
124.684  1.7631e-019
125.706  1.7643e-019
126.728  1.7654e-019
127.75  1.76642e-019
128.772  1.76734e-019
129.794  1.76817e-019
130.816  1.7689e-019
131.838  1.76954e-019
132.86  1.77008e-019
133.882  1.77053e-019
134.904  1.77088e-019
135.926  1.77114e-019
136.948  1.77129e-019
137.97  1.77135e-019
138.992  1.77131e-019
140.014  1.77117e-019
141.036  1.77094e-019
142.058  1.7706e-019
143.08  1.77016e-019
144.102  1.76962e-019
145.124  1.76897e-019
146.146  1.76823e-019
147.168  1.76738e-019
148.19  1.76642e-019
149.212  1.76536e-019
150.234  1.7642e-019
151.256  1.76292e-019
152.278  1.76155e-019
153.3  1.76006e-019
154.322  1.75846e-019
155.344  1.75676e-019
156.366  1.75495e-019
157.388  1.75302e-019
158.41  1.75099e-019
159.432  1.74884e-019
160.454  1.74658e-019
161.476  1.74421e-019
162.498  1.74172e-019
163.52  1.73911e-019
164.542  1.7364e-019
165.564  1.73356e-019
166.586  1.73061e-019
167.608  1.72753e-019
168.63  1.72434e-019
169.652  1.72103e-019
170.674  1.7176e-019
171.696  1.71404e-019
172.718  1.71037e-019
173.74  1.70657e-019
174.762  1.70264e-019
175.784  1.69859e-019
176.806  1.69441e-019
177.828  1.69011e-019
178.85  1.68568e-019
179.872  1.68112e-019
180.894  1.67643e-019
181.916  1.67161e-019
182.938  1.66665e-019
183.96  1.66157e-019
184.982  1.65635e-019
186.004  1.65099e-019
187.026  1.6455e-019
188.048  1.63988e-019
189.07  1.63411e-019
190.092  1.62821e-019
191.114  1.62217e-019
192.136  1.61598e-019
193.158  1.60966e-019
194.18  1.60319e-019
195.202  1.59658e-019
196.224  1.58983e-019
197.246  1.58293e-019
198.268  1.57588e-019
199.29  1.56869e-019
200.312  1.56135e-019
201.334  1.55386e-019
202.356  1.54622e-019
203.378  1.53843e-019
204.4  1.53049e-019
205.422  1.52239e-019
206.444  1.51414e-019
207.466  1.50574e-019
208.488  1.49718e-019
209.51  1.48847e-019
210.532  1.47959e-019
211.554  1.47057e-019
212.576  1.46138e-019
213.598  1.45203e-019
214.62  1.44253e-019
215.642  1.43286e-019
216.664  1.42303e-019
217.686  1.41304e-019
218.708  1.40289e-019
219.73  1.39257e-019
220.752  1.3821e-019
221.774  1.37146e-019
222.796  1.36065e-019
223.818  1.34968e-019
224.84  1.33854e-019
225.862  1.32725e-019
226.884  1.31578e-019
227.906  1.30415e-019
228.928  1.29235e-019
229.95  1.28039e-019
230.972  1.26827e-019
231.994  1.25598e-019
233.016  1.24352e-019
234.038  1.2309e-019
235.06  1.21812e-019
236.082  1.20517e-019
237.104  1.19206e-019
238.126  1.17878e-019
239.148  1.16535e-019
240.17  1.15175e-019
241.192  1.138e-019
242.214  1.12408e-019
243.236  1.11001e-019
244.258  1.09578e-019
245.28  1.0814e-019
246.302  1.06686e-019
247.324  1.05218e-019
248.346  1.03734e-019
249.368  1.02235e-019
250.39  1.00722e-019
251.412  9.91952e-020
252.434  9.76538e-020
253.456  9.60987e-020
254.478  9.45301e-020
255.5  9.29483e-020
256.522  9.13535e-020
257.544  8.97463e-020
258.566  8.81268e-020
259.588  8.64955e-020
260.61  8.48529e-020
261.632  8.31992e-020
262.654  8.1535e-020
263.676  7.98608e-020
264.698  7.81769e-020
265.72  7.6484e-020
266.742  7.47826e-020
267.764  7.30733e-020
268.786  7.13566e-020
269.808  6.96332e-020
270.83  6.79038e-020
271.852  6.6169e-020
272.874  6.44296e-020
273.896  6.26863e-020
274.918  6.09398e-020
275.94  5.91911e-020
276.962  5.74409e-020
277.984  5.56902e-020
279.006  5.39399e-020
280.028  5.21908e-020
281.05  5.04442e-020
282.072  4.87009e-020
283.094  4.69621e-020
284.116  4.52288e-020
285.138  4.35024e-020
286.16  4.17839e-020
287.182  4.00746e-020
288.204  3.83759e-020
289.226  3.66891e-020
290.248  3.50156e-020
291.27  3.33568e-020
292.292  3.17144e-020
293.314  3.00897e-020
294.336  2.84845e-020
295.358  2.69005e-020
296.38  2.53393e-020
297.402  2.38027e-020
298.424  2.22926e-020
299.446  2.0811e-020
300.468  1.93597e-020
301.49  1.79409e-020
302.512  1.65566e-020
303.534  1.5209e-020
304.556  1.39004e-020
305.578  1.26331e-020
306.6  1.14095e-020
307.622  1.0232e-020
308.644  9.10328e-021
309.666  8.02583e-021
310.688  7.00241e-021
311.71  6.03581e-021
312.732  5.12888e-021
313.754  4.2846e-021
314.776  3.50599e-021
315.798  2.7962e-021
316.82  2.15844e-021
317.842  1.59603e-021
318.864  1.11238e-021
319.886  7.10974e-022
320.908  3.95417e-022
321.93  1.69388e-022
322.952  3.66484e-023
