1.022  8.07426e-020
2.044  8.16019e-020
3.066  8.24571e-020
4.088  8.33082e-020
5.11  8.41551e-020
6.132  8.49977e-020
7.154  8.58359e-020
8.176  8.66697e-020
9.198  8.74988e-020
10.22  8.83234e-020
11.242  8.91434e-020
12.264  8.99588e-020
13.286  9.07697e-020
14.308  9.1576e-020
15.33  9.2378e-020
16.352  9.31755e-020
17.374  9.39686e-020
18.396  9.47575e-020
19.418  9.55421e-020
20.44  9.63226e-020
21.462  9.70989e-020
22.484  9.78711e-020
23.506  9.86392e-020
24.528  9.94033e-020
25.55  1.00163e-019
26.572  1.00919e-019
27.594  1.01671e-019
28.616  1.02419e-019
29.638  1.03163e-019
30.66  1.03903e-019
31.682  1.04639e-019
32.704  1.05371e-019
33.726  1.06099e-019
34.748  1.06823e-019
35.77  1.07543e-019
36.792  1.08258e-019
37.814  1.0897e-019
38.836  1.09677e-019
39.858  1.1038e-019
40.88  1.11079e-019
41.902  1.11773e-019
42.924  1.12464e-019
43.946  1.13149e-019
44.968  1.13831e-019
45.99  1.14508e-019
47.012  1.1518e-019
48.034  1.15848e-019
49.056  1.16512e-019
50.078  1.17171e-019
51.1  1.17825e-019
52.122  1.18474e-019
53.144  1.19119e-019
54.166  1.19758e-019
55.188  1.20393e-019
56.21  1.21023e-019
57.232  1.21648e-019
58.254  1.22268e-019
59.276  1.22883e-019
60.298  1.23493e-019
61.32  1.24097e-019
62.342  1.24697e-019
63.364  1.25291e-019
64.386  1.2588e-019
65.408  1.26463e-019
66.43  1.27041e-019
67.452  1.27613e-019
68.474  1.2818e-019
69.496  1.28741e-019
70.518  1.29297e-019
71.54  1.29847e-019
72.562  1.30391e-019
73.584  1.3093e-019
74.606  1.31462e-019
75.628  1.31989e-019
76.65  1.32509e-019
77.672  1.33024e-019
78.694  1.33533e-019
79.716  1.34035e-019
80.738  1.34531e-019
81.76  1.35022e-019
82.782  1.35505e-019
83.804  1.35983e-019
84.826  1.36454e-019
85.848  1.36919e-019
86.87  1.37377e-019
87.892  1.37829e-019
88.914  1.38274e-019
89.936  1.38713e-019
90.958  1.39145e-019
91.98  1.3957e-019
93.002  1.39988e-019
94.024  1.404e-019
95.046  1.40805e-019
96.068  1.41203e-019
97.09  1.41594e-019
98.112  1.41978e-019
99.134  1.42355e-019
100.156  1.42724e-019
101.178  1.43087e-019
102.2  1.43443e-019
103.222  1.43791e-019
104.244  1.44132e-019
105.266  1.44465e-019
106.288  1.44792e-019
107.31  1.4511e-019
108.332  1.45422e-019
109.354  1.45725e-019
110.376  1.46022e-019
111.398  1.4631e-019
112.42  1.46591e-019
113.442  1.46864e-019
114.464  1.4713e-019
115.486  1.47387e-019
116.508  1.47637e-019
117.53  1.47879e-019
118.552  1.48113e-019
119.574  1.48338e-019
120.596  1.48556e-019
121.618  1.48766e-019
122.64  1.48967e-019
123.662  1.49161e-019
124.684  1.49346e-019
125.706  1.49522e-019
126.728  1.49691e-019
127.75  1.49851e-019
128.772  1.50002e-019
129.794  1.50145e-019
130.816  1.50279e-019
131.838  1.50405e-019
132.86  1.50522e-019
133.882  1.5063e-019
134.904  1.5073e-019
135.926  1.50821e-019
136.948  1.50902e-019
137.97  1.50975e-019
138.992  1.51039e-019
140.014  1.51094e-019
141.036  1.5114e-019
142.058  1.51176e-019
143.08  1.51203e-019
144.102  1.51221e-019
145.124  1.5123e-019
146.146  1.51229e-019
147.168  1.51218e-019
148.19  1.51199e-019
149.212  1.51169e-019
150.234  1.5113e-019
151.256  1.51081e-019
152.278  1.51022e-019
153.3  1.50954e-019
154.322  1.50875e-019
155.344  1.50787e-019
156.366  1.50688e-019
157.388  1.50579e-019
158.41  1.50461e-019
159.432  1.50331e-019
160.454  1.50192e-019
161.476  1.50042e-019
162.498  1.49881e-019
163.52  1.4971e-019
164.542  1.49529e-019
165.564  1.49336e-019
166.586  1.49133e-019
167.608  1.48919e-019
168.63  1.48694e-019
169.652  1.48458e-019
170.674  1.48211e-019
171.696  1.47953e-019
172.718  1.47683e-019
173.74  1.47402e-019
174.762  1.4711e-019
175.784  1.46806e-019
176.806  1.46491e-019
177.828  1.46163e-019
178.85  1.45825e-019
179.872  1.45474e-019
180.894  1.45111e-019
181.916  1.44736e-019
182.938  1.4435e-019
183.96  1.43951e-019
184.982  1.43539e-019
186.004  1.43116e-019
187.026  1.4268e-019
188.048  1.42231e-019
189.07  1.4177e-019
190.092  1.41296e-019
191.114  1.40809e-019
192.136  1.40309e-019
193.158  1.39797e-019
194.18  1.39271e-019
195.202  1.38732e-019
196.224  1.3818e-019
197.246  1.37614e-019
198.268  1.37035e-019
199.29  1.36443e-019
200.312  1.35837e-019
201.334  1.35217e-019
202.356  1.34584e-019
203.378  1.33937e-019
204.4  1.33275e-019
205.422  1.326e-019
206.444  1.31911e-019
207.466  1.31208e-019
208.488  1.3049e-019
209.51  1.29758e-019
210.532  1.29012e-019
211.554  1.28251e-019
212.576  1.27476e-019
213.598  1.26686e-019
214.62  1.25881e-019
215.642  1.25062e-019
216.664  1.24228e-019
217.686  1.2338e-019
218.708  1.22516e-019
219.73  1.21638e-019
220.752  1.20744e-019
221.774  1.19836e-019
222.796  1.18913e-019
223.818  1.17975e-019
224.84  1.17021e-019
225.862  1.16053e-019
226.884  1.15069e-019
227.906  1.1407e-019
228.928  1.13057e-019
229.95  1.12028e-019
230.972  1.10984e-019
231.994  1.09925e-019
233.016  1.08851e-019
234.038  1.07762e-019
235.06  1.06658e-019
236.082  1.05539e-019
237.104  1.04405e-019
238.126  1.03256e-019
239.148  1.02093e-019
240.17  1.00915e-019
241.192  9.97224e-020
242.214  9.85153e-020
243.236  9.72938e-020
244.258  9.60582e-020
245.28  9.48084e-020
246.302  9.35447e-020
247.324  9.22671e-020
248.346  9.0976e-020
249.368  8.96714e-020
250.39  8.83535e-020
251.412  8.70226e-020
252.434  8.56789e-020
253.456  8.43226e-020
254.478  8.2954e-020
255.5  8.15734e-020
256.522  8.0181e-020
257.544  7.87771e-020
258.566  7.73622e-020
259.588  7.59364e-020
260.61  7.45002e-020
261.632  7.3054e-020
262.654  7.15981e-020
263.676  7.0133e-020
264.698  6.86591e-020
265.72  6.71769e-020
266.742  6.56869e-020
267.764  6.41896e-020
268.786  6.26855e-020
269.808  6.11752e-020
270.83  5.96593e-020
271.852  5.81383e-020
272.874  5.6613e-020
273.896  5.5084e-020
274.918  5.3552e-020
275.94  5.20177e-020
276.962  5.04819e-020
277.984  4.89454e-020
279.006  4.74089e-020
280.028  4.58735e-020
281.05  4.43399e-020
282.072  4.2809e-020
283.094  4.12819e-020
284.116  3.97596e-020
285.138  3.8243e-020
286.16  3.67332e-020
287.182  3.52315e-020
288.204  3.37389e-020
289.226  3.22566e-020
290.248  3.07859e-020
291.27  2.9328e-020
292.292  2.78844e-020
293.314  2.64563e-020
294.336  2.50453e-020
295.358  2.36527e-020
296.38  2.22802e-020
297.402  2.09293e-020
298.424  1.96017e-020
299.446  1.8299e-020
300.468  1.70229e-020
301.49  1.57754e-020
302.512  1.45582e-020
303.534  1.33732e-020
304.556  1.22226e-020
305.578  1.11082e-020
306.6  1.00322e-020
307.622  8.9968e-021
308.644  8.00422e-021
309.666  7.05678e-021
310.688  6.15686e-021
311.71  5.3069e-021
312.732  4.50943e-021
313.754  3.76706e-021
314.776  3.08245e-021
315.798  2.45836e-021
316.82  1.89762e-021
317.842  1.40314e-021
318.864  9.77915e-022
319.886  6.25018e-022
320.908  3.47603e-022
321.93  1.48901e-022
322.952  3.22151e-023
