1.022  4.14845e-020
2.044  4.22324e-020
3.066  4.29781e-020
4.088  4.37216e-020
5.11  4.44628e-020
6.132  4.52017e-020
7.154  4.59381e-020
8.176  4.6672e-020
9.198  4.74034e-020
10.22  4.81321e-020
11.242  4.88582e-020
12.264  4.95817e-020
13.286  5.03025e-020
14.308  5.10206e-020
15.33  5.17361e-020
16.352  5.2449e-020
17.374  5.31592e-020
18.396  5.38668e-020
19.418  5.45719e-020
20.44  5.52743e-020
21.462  5.59741e-020
22.484  5.66714e-020
23.506  5.73661e-020
24.528  5.80581e-020
25.55  5.87476e-020
26.572  5.94345e-020
27.594  6.01188e-020
28.616  6.08005e-020
29.638  6.14795e-020
30.66  6.21559e-020
31.682  6.28296e-020
32.704  6.35006e-020
33.726  6.41689e-020
34.748  6.48344e-020
35.77  6.54972e-020
36.792  6.61571e-020
37.814  6.68142e-020
38.836  6.74685e-020
39.858  6.81198e-020
40.88  6.87682e-020
41.902  6.94135e-020
42.924  7.00559e-020
43.946  7.06952e-020
44.968  7.13314e-020
45.99  7.19645e-020
47.012  7.25944e-020
48.034  7.3221e-020
49.056  7.38444e-020
50.078  7.44645e-020
51.1  7.50812e-020
52.122  7.56945e-020
53.144  7.63044e-020
54.166  7.69108e-020
55.188  7.75136e-020
56.21  7.81129e-020
57.232  7.87085e-020
58.254  7.93004e-020
59.276  7.98887e-020
60.298  8.04731e-020
61.32  8.10537e-020
62.342  8.16305e-020
63.364  8.22033e-020
64.386  8.27722e-020
65.408  8.33371e-020
66.43  8.38979e-020
67.452  8.44546e-020
68.474  8.50072e-020
69.496  8.55555e-020
70.518  8.60996e-020
71.54  8.66394e-020
72.562  8.71749e-020
73.584  8.77059e-020
74.606  8.82326e-020
75.628  8.87547e-020
76.65  8.92723e-020
77.672  8.97853e-020
78.694  9.02937e-020
79.716  9.07974e-020
80.738  9.12964e-020
81.76  9.17906e-020
82.782  9.228e-020
83.804  9.27646e-020
84.826  9.32442e-020
85.848  9.37188e-020
86.87  9.41885e-020
87.892  9.46531e-020
88.914  9.51126e-020
89.936  9.55669e-020
90.958  9.60161e-020
91.98  9.646e-020
93.002  9.68987e-020
94.024  9.7332e-020
95.046  9.77599e-020
96.068  9.81824e-020
97.09  9.85995e-020
98.112  9.9011e-020
99.134  9.9417e-020
100.156  9.98173e-020
101.178  1.00212e-019
102.2  1.00601e-019
103.222  1.00984e-019
104.244  1.01362e-019
105.266  1.01734e-019
106.288  1.02099e-019
107.31  1.02459e-019
108.332  1.02813e-019
109.354  1.03161e-019
110.376  1.03503e-019
111.398  1.03838e-019
112.42  1.04168e-019
113.442  1.04491e-019
114.464  1.04808e-019
115.486  1.05119e-019
116.508  1.05424e-019
117.53  1.05722e-019
118.552  1.06013e-019
119.574  1.06299e-019
120.596  1.06577e-019
121.618  1.06849e-019
122.64  1.07115e-019
123.662  1.07374e-019
124.684  1.07626e-019
125.706  1.07871e-019
126.728  1.08109e-019
127.75  1.08341e-019
128.772  1.08566e-019
129.794  1.08784e-019
130.816  1.08994e-019
131.838  1.09198e-019
132.86  1.09394e-019
133.882  1.09584e-019
134.904  1.09766e-019
135.926  1.09941e-019
136.948  1.10109e-019
137.97  1.10269e-019
138.992  1.10422e-019
140.014  1.10567e-019
141.036  1.10705e-019
142.058  1.10835e-019
143.08  1.10957e-019
144.102  1.11072e-019
145.124  1.11179e-019
146.146  1.11279e-019
147.168  1.1137e-019
148.19  1.11453e-019
149.212  1.11529e-019
150.234  1.11596e-019
151.256  1.11656e-019
152.278  1.11707e-019
153.3  1.1175e-019
154.322  1.11785e-019
155.344  1.11811e-019
156.366  1.11829e-019
157.388  1.11838e-019
158.41  1.11839e-019
159.432  1.11832e-019
160.454  1.11815e-019
161.476  1.1179e-019
162.498  1.11756e-019
163.52  1.11714e-019
164.542  1.11662e-019
165.564  1.11601e-019
166.586  1.11532e-019
167.608  1.11453e-019
168.63  1.11365e-019
169.652  1.11268e-019
170.674  1.11161e-019
171.696  1.11045e-019
172.718  1.1092e-019
173.74  1.10784e-019
174.762  1.1064e-019
175.784  1.10485e-019
176.806  1.10321e-019
177.828  1.10147e-019
178.85  1.09963e-019
179.872  1.09769e-019
180.894  1.09565e-019
181.916  1.09351e-019
182.938  1.09127e-019
183.96  1.08892e-019
184.982  1.08647e-019
186.004  1.08392e-019
187.026  1.08126e-019
188.048  1.0785e-019
189.07  1.07562e-019
190.092  1.07264e-019
191.114  1.06956e-019
192.136  1.06636e-019
193.158  1.06306e-019
194.18  1.05964e-019
195.202  1.05611e-019
196.224  1.05247e-019
197.246  1.04872e-019
198.268  1.04486e-019
199.29  1.04088e-019
200.312  1.03678e-019
201.334  1.03257e-019
202.356  1.02825e-019
203.378  1.02381e-019
204.4  1.01925e-019
205.422  1.01457e-019
206.444  1.00977e-019
207.466  1.00486e-019
208.488  9.99823e-020
209.51  9.94667e-020
210.532  9.8939e-020
211.554  9.83991e-020
212.576  9.7847e-020
213.598  9.72826e-020
214.62  9.67058e-020
215.642  9.61168e-020
216.664  9.55153e-020
217.686  9.49013e-020
218.708  9.42748e-020
219.73  9.36359e-020
220.752  9.29843e-020
221.774  9.23202e-020
222.796  9.16434e-020
223.818  9.0954e-020
224.84  9.0252e-020
225.862  8.95373e-020
226.884  8.88099e-020
227.906  8.80698e-020
228.928  8.73171e-020
229.95  8.65517e-020
230.972  8.57736e-020
231.994  8.49829e-020
233.016  8.41795e-020
234.038  8.33636e-020
235.06  8.25351e-020
236.082  8.16941e-020
237.104  8.08406e-020
238.126  7.99746e-020
239.148  7.90964e-020
240.17  7.82058e-020
241.192  7.7303e-020
242.214  7.63881e-020
243.236  7.54612e-020
244.258  7.45223e-020
245.28  7.35716e-020
246.302  7.26093e-020
247.324  7.16353e-020
248.346  7.06499e-020
249.368  6.96533e-020
250.39  6.86455e-020
251.412  6.76269e-020
252.434  6.65974e-020
253.456  6.55574e-020
254.478  6.45071e-020
255.5  6.34466e-020
256.522  6.23763e-020
257.544  6.12963e-020
258.566  6.02069e-020
259.588  5.91085e-020
260.61  5.80012e-020
261.632  5.68855e-020
262.654  5.57616e-020
263.676  5.46299e-020
264.698  5.34907e-020
265.72  5.23444e-020
266.742  5.11914e-020
267.764  5.00322e-020
268.786  4.88671e-020
269.808  4.76966e-020
270.83  4.65212e-020
271.852  4.53414e-020
272.874  4.41576e-020
273.896  4.29705e-020
274.918  4.17806e-020
275.94  4.05884e-020
276.962  3.93946e-020
277.984  3.81998e-020
279.006  3.70047e-020
280.028  3.58099e-020
281.05  3.46162e-020
282.072  3.34243e-020
283.094  3.2235e-020
284.116  3.1049e-020
285.138  2.98673e-020
286.16  2.86906e-020
287.182  2.75198e-020
288.204  2.63558e-020
289.226  2.51997e-020
290.248  2.40524e-020
291.27  2.29149e-020
292.292  2.17883e-020
293.314  2.06736e-020
294.336  1.95721e-020
295.358  1.84848e-020
296.38  1.7413e-020
297.402  1.6358e-020
298.424  1.5321e-020
299.446  1.43033e-020
300.468  1.33064e-020
301.49  1.23316e-020
302.512  1.13805e-020
303.534  1.04545e-020
304.556  9.5552e-021
305.578  8.6842e-021
306.6  7.84318e-021
307.622  7.03382e-021
308.644  6.25791e-021
309.666  5.51724e-021
310.688  4.81369e-021
311.71  4.14919e-021
312.732  3.52571e-021
313.754  2.94528e-021
314.776  2.41002e-021
315.798  1.92207e-021
316.82  1.48364e-021
317.842  1.09703e-021
318.864  7.64566e-022
319.886  4.88654e-022
320.908  2.7176e-022
321.93  1.16411e-022
322.952  2.51853e-023
