1.022  3.35143e-019
2.044  3.34201e-019
3.066  3.33266e-019
4.088  3.32338e-019
5.11  3.31418e-019
6.132  3.30505e-019
7.154  3.29597e-019
8.176  3.28696e-019
9.198  3.278e-019
10.22  3.2691e-019
11.242  3.26025e-019
12.264  3.25146e-019
13.286  3.24273e-019
14.308  3.23405e-019
15.33  3.22544e-019
16.352  3.21688e-019
17.374  3.20839e-019
18.396  3.19996e-019
19.418  3.1916e-019
20.44  3.18331e-019
21.462  3.17509e-019
22.484  3.16693e-019
23.506  3.15884e-019
24.528  3.15083e-019
25.55  3.14288e-019
26.572  3.135e-019
27.594  3.1272e-019
28.616  3.11946e-019
29.638  3.11178e-019
30.66  3.10418e-019
31.682  3.09664e-019
32.704  3.08917e-019
33.726  3.08176e-019
34.748  3.07441e-019
35.77  3.06713e-019
36.792  3.0599e-019
37.814  3.05274e-019
38.836  3.04563e-019
39.858  3.03858e-019
40.88  3.03158e-019
41.902  3.02464e-019
42.924  3.01775e-019
43.946  3.0109e-019
44.968  3.00411e-019
45.99  2.99736e-019
47.012  2.99066e-019
48.034  2.984e-019
49.056  2.97739e-019
50.078  2.97081e-019
51.1  2.96428e-019
52.122  2.95778e-019
53.144  2.95132e-019
54.166  2.94489e-019
55.188  2.9385e-019
56.21  2.93214e-019
57.232  2.92581e-019
58.254  2.91951e-019
59.276  2.91324e-019
60.298  2.90699e-019
61.32  2.90077e-019
62.342  2.89457e-019
63.364  2.88839e-019
64.386  2.88223e-019
65.408  2.8761e-019
66.43  2.86998e-019
67.452  2.86388e-019
68.474  2.85779e-019
69.496  2.85172e-019
70.518  2.84566e-019
71.54  2.83962e-019
72.562  2.83358e-019
73.584  2.82756e-019
74.606  2.82154e-019
75.628  2.81553e-019
76.65  2.80953e-019
77.672  2.80353e-019
78.694  2.79754e-019
79.716  2.79155e-019
80.738  2.78556e-019
81.76  2.77958e-019
82.782  2.77359e-019
83.804  2.76761e-019
84.826  2.76162e-019
85.848  2.75563e-019
86.87  2.74963e-019
87.892  2.74363e-019
88.914  2.73763e-019
89.936  2.73162e-019
90.958  2.7256e-019
91.98  2.71957e-019
93.002  2.71354e-019
94.024  2.70749e-019
95.046  2.70143e-019
96.068  2.69537e-019
97.09  2.68929e-019
98.112  2.6832e-019
99.134  2.67709e-019
100.156  2.67097e-019
101.178  2.66483e-019
102.2  2.65868e-019
103.222  2.65251e-019
104.244  2.64632e-019
105.266  2.64012e-019
106.288  2.6339e-019
107.31  2.62765e-019
108.332  2.62139e-019
109.354  2.61511e-019
110.376  2.6088e-019
111.398  2.60247e-019
112.42  2.59612e-019
113.442  2.58975e-019
114.464  2.58335e-019
115.486  2.57692e-019
116.508  2.57048e-019
117.53  2.564e-019
118.552  2.5575e-019
119.574  2.55097e-019
120.596  2.54441e-019
121.618  2.53783e-019
122.64  2.53121e-019
123.662  2.52457e-019
124.684  2.51789e-019
125.706  2.51119e-019
126.728  2.50445e-019
127.75  2.49768e-019
128.772  2.49088e-019
129.794  2.48405e-019
130.816  2.47718e-019
131.838  2.47028e-019
132.86  2.46334e-019
133.882  2.45637e-019
134.904  2.44936e-019
135.926  2.44231e-019
136.948  2.43523e-019
137.97  2.42811e-019
138.992  2.42095e-019
140.014  2.41375e-019
141.036  2.40652e-019
142.058  2.39924e-019
143.08  2.39192e-019
144.102  2.38456e-019
145.124  2.37716e-019
146.146  2.36971e-019
147.168  2.36222e-019
148.19  2.35469e-019
149.212  2.34711e-019
150.234  2.33949e-019
151.256  2.33182e-019
152.278  2.3241e-019
153.3  2.31634e-019
154.322  2.30853e-019
155.344  2.30067e-019
156.366  2.29276e-019
157.388  2.2848e-019
158.41  2.27678e-019
159.432  2.26872e-019
160.454  2.2606e-019
161.476  2.25243e-019
162.498  2.24421e-019
163.52  2.23593e-019
164.542  2.22759e-019
165.564  2.21919e-019
166.586  2.21074e-019
167.608  2.20223e-019
168.63  2.19366e-019
169.652  2.18503e-019
170.674  2.17634e-019
171.696  2.16758e-019
172.718  2.15876e-019
173.74  2.14988e-019
174.762  2.14093e-019
175.784  2.13191e-019
176.806  2.12283e-019
177.828  2.11367e-019
178.85  2.10445e-019
179.872  2.09515e-019
180.894  2.08579e-019
181.916  2.07635e-019
182.938  2.06683e-019
183.96  2.05724e-019
184.982  2.04757e-019
186.004  2.03782e-019
187.026  2.02799e-019
188.048  2.01808e-019
189.07  2.00809e-019
190.092  1.99801e-019
191.114  1.98785e-019
192.136  1.9776e-019
193.158  1.96726e-019
194.18  1.95684e-019
195.202  1.94632e-019
196.224  1.93571e-019
197.246  1.92501e-019
198.268  1.91421e-019
199.29  1.90331e-019
200.312  1.89231e-019
201.334  1.88122e-019
202.356  1.87002e-019
203.378  1.85872e-019
204.4  1.84731e-019
205.422  1.8358e-019
206.444  1.82418e-019
207.466  1.81245e-019
208.488  1.80061e-019
209.51  1.78865e-019
210.532  1.77658e-019
211.554  1.7644e-019
212.576  1.75209e-019
213.598  1.73967e-019
214.62  1.72712e-019
215.642  1.71446e-019
216.664  1.70166e-019
217.686  1.68874e-019
218.708  1.6757e-019
219.73  1.66252e-019
220.752  1.64921e-019
221.774  1.63577e-019
222.796  1.6222e-019
223.818  1.60849e-019
224.84  1.59464e-019
225.862  1.58066e-019
226.884  1.56653e-019
227.906  1.55227e-019
228.928  1.53786e-019
229.95  1.52331e-019
230.972  1.50861e-019
231.994  1.49377e-019
233.016  1.47877e-019
234.038  1.46363e-019
235.06  1.44834e-019
236.082  1.43291e-019
237.104  1.41731e-019
238.126  1.40157e-019
239.148  1.38568e-019
240.17  1.36963e-019
241.192  1.35342e-019
242.214  1.33707e-019
243.236  1.32056e-019
244.258  1.30389e-019
245.28  1.28707e-019
246.302  1.2701e-019
247.324  1.25297e-019
248.346  1.23569e-019
249.368  1.21826e-019
250.39  1.20067e-019
251.412  1.18293e-019
252.434  1.16505e-019
253.456  1.14701e-019
254.478  1.12882e-019
255.5  1.11049e-019
256.522  1.09202e-019
257.544  1.0734e-019
258.566  1.05465e-019
259.588  1.03575e-019
260.61  1.01673e-019
261.632  9.97571e-020
262.654  9.78286e-020
263.676  9.58877e-020
264.698  9.39349e-020
265.72  9.19704e-020
266.742  8.99949e-020
267.764  8.80088e-020
268.786  8.60127e-020
269.808  8.4007e-020
270.83  8.19925e-020
271.852  7.99697e-020
272.874  7.79394e-020
273.896  7.59023e-020
274.918  7.38591e-020
275.94  7.18107e-020
276.962  6.97579e-020
277.984  6.77017e-020
279.006  6.56431e-020
280.028  6.3583e-020
281.05  6.15225e-020
282.072  5.94627e-020
283.094  5.74049e-020
284.116  5.53503e-020
285.138  5.33002e-020
286.16  5.1256e-020
287.182  4.9219e-020
288.204  4.7191e-020
289.226  4.51733e-020
290.248  4.31677e-020
291.27  4.11758e-020
292.292  3.91996e-020
293.314  3.72409e-020
294.336  3.53016e-020
295.358  3.33838e-020
296.38  3.14896e-020
297.402  2.96214e-020
298.424  2.77813e-020
299.446  2.59719e-020
300.468  2.41956e-020
301.49  2.2455e-020
302.512  2.0753e-020
303.534  1.90923e-020
304.556  1.74758e-020
305.578  1.59066e-020
306.6  1.4388e-020
307.622  1.29231e-020
308.644  1.15154e-020
309.666  1.01684e-020
310.688  8.88584e-021
311.71  7.6715e-021
312.732  6.52931e-021
313.754  5.46335e-021
314.776  4.47786e-021
315.798  3.5772e-021
316.82  2.7659e-021
317.842  2.04863e-021
318.864  1.43022e-021
319.886  9.15672e-022
320.908  5.1013e-022
321.93  2.18903e-022
322.952  4.74431e-023
