1.022  6.62575e-020
2.044  6.53745e-020
3.066  6.45023e-020
4.088  6.36406e-020
5.11  6.27893e-020
6.132  6.19483e-020
7.154  6.11174e-020
8.176  6.02963e-020
9.198  5.94851e-020
10.22  5.86835e-020
11.242  5.78916e-020
12.264  5.71091e-020
13.286  5.63361e-020
14.308  5.55725e-020
15.33  5.48183e-020
16.352  5.40733e-020
17.374  5.33376e-020
18.396  5.2611e-020
19.418  5.18935e-020
20.44  5.11851e-020
21.462  5.04856e-020
22.484  4.9795e-020
23.506  4.91132e-020
24.528  4.84401e-020
25.55  4.77756e-020
26.572  4.71197e-020
27.594  4.64722e-020
28.616  4.58331e-020
29.638  4.52022e-020
30.66  4.45795e-020
31.682  4.39648e-020
32.704  4.33581e-020
33.726  4.27593e-020
34.748  4.21682e-020
35.77  4.15847e-020
36.792  4.10089e-020
37.814  4.04404e-020
38.836  3.98794e-020
39.858  3.93256e-020
40.88  3.8779e-020
41.902  3.82394e-020
42.924  3.77069e-020
43.946  3.71812e-020
44.968  3.66623e-020
45.99  3.61501e-020
47.012  3.56446e-020
48.034  3.51456e-020
49.056  3.4653e-020
50.078  3.41667e-020
51.1  3.36867e-020
52.122  3.32129e-020
53.144  3.27453e-020
54.166  3.22836e-020
55.188  3.18279e-020
56.21  3.1378e-020
57.232  3.09339e-020
58.254  3.04956e-020
59.276  3.00628e-020
60.298  2.96357e-020
61.32  2.9214e-020
62.342  2.87977e-020
63.364  2.83868e-020
64.386  2.79812e-020
65.408  2.75808e-020
66.43  2.71855e-020
67.452  2.67953e-020
68.474  2.64101e-020
69.496  2.60299e-020
70.518  2.56546e-020
71.54  2.52841e-020
72.562  2.49183e-020
73.584  2.45573e-020
74.606  2.42009e-020
75.628  2.38491e-020
76.65  2.35019e-020
77.672  2.31591e-020
78.694  2.28208e-020
79.716  2.24868e-020
80.738  2.21572e-020
81.76  2.18318e-020
82.782  2.15106e-020
83.804  2.11936e-020
84.826  2.08808e-020
85.848  2.05719e-020
86.87  2.02671e-020
87.892  1.99663e-020
88.914  1.96694e-020
89.936  1.93764e-020
90.958  1.90872e-020
91.98  1.88017e-020
93.002  1.85201e-020
94.024  1.82421e-020
95.046  1.79678e-020
96.068  1.76971e-020
97.09  1.74299e-020
98.112  1.71663e-020
99.134  1.69062e-020
100.156  1.66495e-020
101.178  1.63963e-020
102.2  1.61464e-020
103.222  1.58998e-020
104.244  1.56566e-020
105.266  1.54166e-020
106.288  1.51798e-020
107.31  1.49462e-020
108.332  1.47158e-020
109.354  1.44884e-020
110.376  1.42642e-020
111.398  1.4043e-020
112.42  1.38248e-020
113.442  1.36095e-020
114.464  1.33973e-020
115.486  1.31879e-020
116.508  1.29814e-020
117.53  1.27777e-020
118.552  1.25769e-020
119.574  1.23789e-020
120.596  1.21836e-020
121.618  1.1991e-020
122.64  1.18011e-020
123.662  1.16139e-020
124.684  1.14293e-020
125.706  1.12473e-020
126.728  1.10679e-020
127.75  1.0891e-020
128.772  1.07167e-020
129.794  1.05448e-020
130.816  1.03754e-020
131.838  1.02084e-020
132.86  1.00439e-020
133.882  9.88173e-021
134.904  9.72192e-021
135.926  9.56443e-021
136.948  9.40925e-021
137.97  9.25635e-021
138.992  9.1057e-021
140.014  8.95728e-021
141.036  8.81106e-021
142.058  8.66702e-021
143.08  8.52514e-021
144.102  8.38538e-021
145.124  8.24773e-021
146.146  8.11216e-021
147.168  7.97865e-021
148.19  7.84718e-021
149.212  7.71772e-021
150.234  7.59024e-021
151.256  7.46474e-021
152.278  7.34117e-021
153.3  7.21953e-021
154.322  7.09979e-021
155.344  6.98193e-021
156.366  6.86592e-021
157.388  6.75174e-021
158.41  6.63937e-021
159.432  6.5288e-021
160.454  6.42e-021
161.476  6.31294e-021
162.498  6.20761e-021
163.52  6.10399e-021
164.542  6.00205e-021
165.564  5.90178e-021
166.586  5.80315e-021
167.608  5.70614e-021
168.63  5.61074e-021
169.652  5.51693e-021
170.674  5.42468e-021
171.696  5.33397e-021
172.718  5.24478e-021
173.74  5.1571e-021
174.762  5.07091e-021
175.784  4.98618e-021
176.806  4.90289e-021
177.828  4.82103e-021
178.85  4.74058e-021
179.872  4.66152e-021
180.894  4.58382e-021
181.916  4.50748e-021
182.938  4.43247e-021
183.96  4.35876e-021
184.982  4.28636e-021
186.004  4.21522e-021
187.026  4.14534e-021
188.048  4.0767e-021
189.07  4.00928e-021
190.092  3.94306e-021
191.114  3.87802e-021
192.136  3.81414e-021
193.158  3.75141e-021
194.18  3.6898e-021
195.202  3.6293e-021
196.224  3.56989e-021
197.246  3.51156e-021
198.268  3.45428e-021
199.29  3.39803e-021
200.312  3.3428e-021
201.334  3.28857e-021
202.356  3.23532e-021
203.378  3.18304e-021
204.4  3.1317e-021
205.422  3.08129e-021
206.444  3.03179e-021
207.466  2.98318e-021
208.488  2.93545e-021
209.51  2.88857e-021
210.532  2.84253e-021
211.554  2.79732e-021
212.576  2.75291e-021
213.598  2.70928e-021
214.62  2.66643e-021
215.642  2.62432e-021
216.664  2.58295e-021
217.686  2.5423e-021
218.708  2.50234e-021
219.73  2.46307e-021
220.752  2.42446e-021
221.774  2.3865e-021
222.796  2.34917e-021
223.818  2.31246e-021
224.84  2.27634e-021
225.862  2.2408e-021
226.884  2.20582e-021
227.906  2.17138e-021
228.928  2.13748e-021
229.95  2.10409e-021
230.972  2.07119e-021
231.994  2.03878e-021
233.016  2.00683e-021
234.038  1.97532e-021
235.06  1.94424e-021
236.082  1.91358e-021
237.104  1.88332e-021
238.126  1.85344e-021
239.148  1.82392e-021
240.17  1.79476e-021
241.192  1.76593e-021
242.214  1.73743e-021
243.236  1.70923e-021
244.258  1.68132e-021
245.28  1.65369e-021
246.302  1.62632e-021
247.324  1.59919e-021
248.346  1.5723e-021
249.368  1.54563e-021
250.39  1.51917e-021
251.412  1.4929e-021
252.434  1.46681e-021
253.456  1.44089e-021
254.478  1.41512e-021
255.5  1.38949e-021
256.522  1.364e-021
257.544  1.33863e-021
258.566  1.31336e-021
259.588  1.28819e-021
260.61  1.26312e-021
261.632  1.23811e-021
262.654  1.21318e-021
263.676  1.18831e-021
264.698  1.16349e-021
265.72  1.13872e-021
266.742  1.11398e-021
267.764  1.08927e-021
268.786  1.06458e-021
269.808  1.03992e-021
270.83  1.01526e-021
271.852  9.9062e-022
272.874  9.65983e-022
273.896  9.41349e-022
274.918  9.16716e-022
275.94  8.92084e-022
276.962  8.67452e-022
277.984  8.42821e-022
279.006  8.18191e-022
280.028  7.93566e-022
281.05  7.68949e-022
282.072  7.44344e-022
283.094  7.19757e-022
284.116  6.95194e-022
285.138  6.70663e-022
286.16  6.46173e-022
287.182  6.21734e-022
288.204  5.97357e-022
289.226  5.73056e-022
290.248  5.48844e-022
291.27  5.24737e-022
292.292  5.00752e-022
293.314  4.76907e-022
294.336  4.53223e-022
295.358  4.29722e-022
296.38  4.06427e-022
297.402  3.83363e-022
298.424  3.60557e-022
299.446  3.3804e-022
300.468  3.15841e-022
301.49  2.93994e-022
302.512  2.72533e-022
303.534  2.51497e-022
304.556  2.30925e-022
305.578  2.10858e-022
306.6  1.91342e-022
307.622  1.72423e-022
308.644  1.54149e-022
309.666  1.36574e-022
310.688  1.19752e-022
311.71  1.03741e-022
312.732  8.86007e-023
313.754  7.43949e-023
314.776  6.11902e-023
315.798  4.90564e-023
316.82  3.80663e-023
317.842  2.82964e-023
318.864  1.98266e-023
319.886  1.274e-023
320.908  7.12371e-024
321.93  3.06818e-024
322.952  6.67446e-025
