1.022  4.19836e-020
2.044  4.13653e-020
3.066  4.07551e-020
4.088  4.01528e-020
5.11  3.95582e-020
6.132  3.89714e-020
7.154  3.83922e-020
8.176  3.78204e-020
9.198  3.7256e-020
10.22  3.66988e-020
11.242  3.61489e-020
12.264  3.56062e-020
13.286  3.50705e-020
14.308  3.45419e-020
15.33  3.40203e-020
16.352  3.35056e-020
17.374  3.29979e-020
18.396  3.2497e-020
19.418  3.20029e-020
20.44  3.15155e-020
21.462  3.10348e-020
22.484  3.05608e-020
23.506  3.00933e-020
24.528  2.96323e-020
25.55  2.91777e-020
26.572  2.87295e-020
27.594  2.82875e-020
28.616  2.78518e-020
29.638  2.74222e-020
30.66  2.69986e-020
31.682  2.6581e-020
32.704  2.61694e-020
33.726  2.57636e-020
34.748  2.53635e-020
35.77  2.49692e-020
36.792  2.45804e-020
37.814  2.41972e-020
38.836  2.38195e-020
39.858  2.34471e-020
40.88  2.30801e-020
41.902  2.27183e-020
42.924  2.23618e-020
43.946  2.20103e-020
44.968  2.16639e-020
45.99  2.13225e-020
47.012  2.0986e-020
48.034  2.06543e-020
49.056  2.03274e-020
50.078  2.00053e-020
51.1  1.96878e-020
52.122  1.93749e-020
53.144  1.90665e-020
54.166  1.87627e-020
55.188  1.84632e-020
56.21  1.81681e-020
57.232  1.78773e-020
58.254  1.75907e-020
59.276  1.73084e-020
60.298  1.70302e-020
61.32  1.6756e-020
62.342  1.64859e-020
63.364  1.62198e-020
64.386  1.59576e-020
65.408  1.56992e-020
66.43  1.54448e-020
67.452  1.5194e-020
68.474  1.4947e-020
69.496  1.47037e-020
70.518  1.44641e-020
71.54  1.4228e-020
72.562  1.39955e-020
73.584  1.37665e-020
74.606  1.35409e-020
75.628  1.33187e-020
76.65  1.31e-020
77.672  1.28845e-020
78.694  1.26724e-020
79.716  1.24635e-020
80.738  1.22578e-020
81.76  1.20552e-020
82.782  1.18559e-020
83.804  1.16596e-020
84.826  1.14663e-020
85.848  1.12761e-020
86.87  1.10889e-020
87.892  1.09046e-020
88.914  1.07232e-020
89.936  1.05447e-020
90.958  1.0369e-020
91.98  1.01962e-020
93.002  1.00261e-020
94.024  9.85876e-021
95.046  9.69414e-021
96.068  9.53219e-021
97.09  9.37288e-021
98.112  9.21619e-021
99.134  9.06208e-021
100.156  8.91052e-021
101.178  8.76148e-021
102.2  8.61493e-021
103.222  8.47085e-021
104.244  8.3292e-021
105.266  8.18995e-021
106.288  8.05308e-021
107.31  7.91856e-021
108.332  7.78635e-021
109.354  7.65644e-021
110.376  7.5288e-021
111.398  7.40339e-021
112.42  7.2802e-021
113.442  7.1592e-021
114.464  7.04035e-021
115.486  6.92364e-021
116.508  6.80904e-021
117.53  6.69652e-021
118.552  6.58606e-021
119.574  6.47763e-021
120.596  6.37122e-021
121.618  6.26679e-021
122.64  6.16433e-021
123.662  6.0638e-021
124.684  5.96519e-021
125.706  5.86847e-021
126.728  5.77362e-021
127.75  5.68061e-021
128.772  5.58943e-021
129.794  5.50005e-021
130.816  5.41244e-021
131.838  5.3266e-021
132.86  5.24248e-021
133.882  5.16008e-021
134.904  5.07937e-021
135.926  5.00033e-021
136.948  4.92294e-021
137.97  4.84717e-021
138.992  4.77301e-021
140.014  4.70043e-021
141.036  4.62942e-021
142.058  4.55995e-021
143.08  4.492e-021
144.102  4.42556e-021
145.124  4.36059e-021
146.146  4.29709e-021
147.168  4.23502e-021
148.19  4.17438e-021
149.212  4.11514e-021
150.234  4.05727e-021
151.256  4.00077e-021
152.278  3.94561e-021
153.3  3.89177e-021
154.322  3.83923e-021
155.344  3.78797e-021
156.366  3.73797e-021
157.388  3.68922e-021
158.41  3.64169e-021
159.432  3.59536e-021
160.454  3.55022e-021
161.476  3.50624e-021
162.498  3.46341e-021
163.52  3.4217e-021
164.542  3.3811e-021
165.564  3.34158e-021
166.586  3.30313e-021
167.608  3.26574e-021
168.63  3.22937e-021
169.652  3.19401e-021
170.674  3.15964e-021
171.696  3.12624e-021
172.718  3.0938e-021
173.74  3.06229e-021
174.762  3.03169e-021
175.784  3.00199e-021
176.806  2.97316e-021
177.828  2.94519e-021
178.85  2.91806e-021
179.872  2.89174e-021
180.894  2.86622e-021
181.916  2.84148e-021
182.938  2.8175e-021
183.96  2.79426e-021
184.982  2.77174e-021
186.004  2.74992e-021
187.026  2.72878e-021
188.048  2.7083e-021
189.07  2.68847e-021
190.092  2.66926e-021
191.114  2.65065e-021
192.136  2.63263e-021
193.158  2.61517e-021
194.18  2.59826e-021
195.202  2.58187e-021
196.224  2.56598e-021
197.246  2.55059e-021
198.268  2.53565e-021
199.29  2.52116e-021
200.312  2.5071e-021
201.334  2.49345e-021
202.356  2.48018e-021
203.378  2.46727e-021
204.4  2.45472e-021
205.422  2.44249e-021
206.444  2.43057e-021
207.466  2.41893e-021
208.488  2.40756e-021
209.51  2.39644e-021
210.532  2.38554e-021
211.554  2.37485e-021
212.576  2.36435e-021
213.598  2.35402e-021
214.62  2.34383e-021
215.642  2.33378e-021
216.664  2.32383e-021
217.686  2.31396e-021
218.708  2.30417e-021
219.73  2.29443e-021
220.752  2.28471e-021
221.774  2.27501e-021
222.796  2.26529e-021
223.818  2.25555e-021
224.84  2.24575e-021
225.862  2.2359e-021
226.884  2.22595e-021
227.906  2.2159e-021
228.928  2.20572e-021
229.95  2.19541e-021
230.972  2.18493e-021
231.994  2.17427e-021
233.016  2.16341e-021
234.038  2.15234e-021
235.06  2.14104e-021
236.082  2.12949e-021
237.104  2.11766e-021
238.126  2.10556e-021
239.148  2.09315e-021
240.17  2.08042e-021
241.192  2.06736e-021
242.214  2.05395e-021
243.236  2.04017e-021
244.258  2.02602e-021
245.28  2.01147e-021
246.302  1.99651e-021
247.324  1.98112e-021
248.346  1.9653e-021
249.368  1.94903e-021
250.39  1.9323e-021
251.412  1.91509e-021
252.434  1.8974e-021
253.456  1.87921e-021
254.478  1.86051e-021
255.5  1.8413e-021
256.522  1.82156e-021
257.544  1.80129e-021
258.566  1.78048e-021
259.588  1.75912e-021
260.61  1.7372e-021
261.632  1.71473e-021
262.654  1.69169e-021
263.676  1.66809e-021
264.698  1.64392e-021
265.72  1.61917e-021
266.742  1.59386e-021
267.764  1.56797e-021
268.786  1.54151e-021
269.808  1.51449e-021
270.83  1.4869e-021
271.852  1.45875e-021
272.874  1.43005e-021
273.896  1.40081e-021
274.918  1.37104e-021
275.94  1.34073e-021
276.962  1.30992e-021
277.984  1.27861e-021
279.006  1.24681e-021
280.028  1.21454e-021
281.05  1.18183e-021
282.072  1.14869e-021
283.094  1.11514e-021
284.116  1.0812e-021
285.138  1.04691e-021
286.16  1.01229e-021
287.182  9.77371e-022
288.204  9.42183e-022
289.226  9.06763e-022
290.248  8.71145e-022
291.27  8.35371e-022
292.292  7.9948e-022
293.314  7.63518e-022
294.336  7.2753e-022
295.358  6.91566e-022
296.38  6.55679e-022
297.402  6.19923e-022
298.424  5.84356e-022
299.446  5.49041e-022
300.468  5.1404e-022
301.49  4.79422e-022
302.512  4.45258e-022
303.534  4.11621e-022
304.556  3.78591e-022
305.578  3.46249e-022
306.6  3.1468e-022
307.622  2.83974e-022
308.644  2.54225e-022
309.666  2.25529e-022
310.688  1.97989e-022
311.71  1.71711e-022
312.732  1.46807e-022
313.754  1.2339e-022
314.776  1.01583e-022
315.798  8.15084e-023
316.82  6.32979e-023
317.842  4.70862e-023
318.864  3.30138e-023
319.886  2.12264e-023
320.908  1.18754e-023
321.93  5.11717e-024
322.952  1.11365e-024
