1.022  2.52259e-020
2.044  2.54438e-020
3.066  2.56606e-020
4.088  2.58761e-020
5.11  2.60906e-020
6.132  2.63038e-020
7.154  2.65157e-020
8.176  2.67265e-020
9.198  2.69359e-020
10.22  2.71442e-020
11.242  2.73511e-020
12.264  2.75569e-020
13.286  2.77614e-020
14.308  2.79647e-020
15.33  2.81669e-020
16.352  2.83679e-020
17.374  2.85678e-020
18.396  2.87666e-020
19.418  2.89643e-020
20.44  2.9161e-020
21.462  2.93567e-020
22.484  2.95514e-020
23.506  2.9745e-020
24.528  2.99377e-020
25.55  3.01295e-020
26.572  3.03202e-020
27.594  3.05101e-020
28.616  3.0699e-020
29.638  3.0887e-020
30.66  3.10741e-020
31.682  3.12602e-020
32.704  3.14455e-020
33.726  3.16298e-020
34.748  3.18133e-020
35.77  3.19958e-020
36.792  3.21774e-020
37.814  3.23581e-020
38.836  3.25379e-020
39.858  3.27168e-020
40.88  3.28948e-020
41.902  3.30718e-020
42.924  3.3248e-020
43.946  3.34231e-020
44.968  3.35974e-020
45.99  3.37707e-020
47.012  3.3943e-020
48.034  3.41144e-020
49.056  3.42848e-020
50.078  3.44542e-020
51.1  3.46226e-020
52.122  3.47901e-020
53.144  3.49565e-020
54.166  3.5122e-020
55.188  3.52864e-020
56.21  3.54498e-020
57.232  3.56122e-020
58.254  3.57735e-020
59.276  3.59338e-020
60.298  3.6093e-020
61.32  3.62511e-020
62.342  3.64081e-020
63.364  3.65641e-020
64.386  3.6719e-020
65.408  3.68727e-020
66.43  3.70253e-020
67.452  3.71768e-020
68.474  3.73272e-020
69.496  3.74764e-020
70.518  3.76244e-020
71.54  3.77713e-020
72.562  3.7917e-020
73.584  3.80615e-020
74.606  3.82048e-020
75.628  3.83469e-020
76.65  3.84878e-020
77.672  3.86275e-020
78.694  3.87659e-020
79.716  3.89031e-020
80.738  3.9039e-020
81.76  3.91736e-020
82.782  3.9307e-020
83.804  3.94391e-020
84.826  3.95699e-020
85.848  3.96994e-020
86.87  3.98276e-020
87.892  3.99545e-020
88.914  4.008e-020
89.936  4.02042e-020
90.958  4.0327e-020
91.98  4.04485e-020
93.002  4.05686e-020
94.024  4.06874e-020
95.046  4.08047e-020
96.068  4.09207e-020
97.09  4.10352e-020
98.112  4.11483e-020
99.134  4.12601e-020
100.156  4.13703e-020
101.178  4.14791e-020
102.2  4.15865e-020
103.222  4.16924e-020
104.244  4.17969e-020
105.266  4.18998e-020
106.288  4.20013e-020
107.31  4.21013e-020
108.332  4.21997e-020
109.354  4.22967e-020
110.376  4.23921e-020
111.398  4.24859e-020
112.42  4.25783e-020
113.442  4.2669e-020
114.464  4.27582e-020
115.486  4.28458e-020
116.508  4.29318e-020
117.53  4.30163e-020
118.552  4.30991e-020
119.574  4.31802e-020
120.596  4.32598e-020
121.618  4.33377e-020
122.64  4.34139e-020
123.662  4.34885e-020
124.684  4.35614e-020
125.706  4.36326e-020
126.728  4.37021e-020
127.75  4.37699e-020
128.772  4.3836e-020
129.794  4.39003e-020
130.816  4.39628e-020
131.838  4.40236e-020
132.86  4.40826e-020
133.882  4.41398e-020
134.904  4.41952e-020
135.926  4.42488e-020
136.948  4.43005e-020
137.97  4.43503e-020
138.992  4.43983e-020
140.014  4.44444e-020
141.036  4.44886e-020
142.058  4.45308e-020
143.08  4.45711e-020
144.102  4.46095e-020
145.124  4.46458e-020
146.146  4.46802e-020
147.168  4.47125e-020
148.19  4.47428e-020
149.212  4.4771e-020
150.234  4.47972e-020
151.256  4.48212e-020
152.278  4.48431e-020
153.3  4.48628e-020
154.322  4.48804e-020
155.344  4.48958e-020
156.366  4.49089e-020
157.388  4.49198e-020
158.41  4.49284e-020
159.432  4.49347e-020
160.454  4.49386e-020
161.476  4.49402e-020
162.498  4.49394e-020
163.52  4.49362e-020
164.542  4.49305e-020
165.564  4.49224e-020
166.586  4.49117e-020
167.608  4.48984e-020
168.63  4.48826e-020
169.652  4.48642e-020
170.674  4.48431e-020
171.696  4.48193e-020
172.718  4.47928e-020
173.74  4.47635e-020
174.762  4.47314e-020
175.784  4.46964e-020
176.806  4.46586e-020
177.828  4.46179e-020
178.85  4.45741e-020
179.872  4.45274e-020
180.894  4.44776e-020
181.916  4.44247e-020
182.938  4.43686e-020
183.96  4.43093e-020
184.982  4.42469e-020
186.004  4.41811e-020
187.026  4.41119e-020
188.048  4.40394e-020
189.07  4.39635e-020
190.092  4.3884e-020
191.114  4.3801e-020
192.136  4.37144e-020
193.158  4.36242e-020
194.18  4.35302e-020
195.202  4.34325e-020
196.224  4.3331e-020
197.246  4.32256e-020
198.268  4.31162e-020
199.29  4.30029e-020
200.312  4.28855e-020
201.334  4.2764e-020
202.356  4.26384e-020
203.378  4.25085e-020
204.4  4.23743e-020
205.422  4.22358e-020
206.444  4.20928e-020
207.466  4.19454e-020
208.488  4.17935e-020
209.51  4.16369e-020
210.532  4.14757e-020
211.554  4.13098e-020
212.576  4.1139e-020
213.598  4.09635e-020
214.62  4.0783e-020
215.642  4.05975e-020
216.664  4.0407e-020
217.686  4.02113e-020
218.708  4.00105e-020
219.73  3.98045e-020
220.752  3.95932e-020
221.774  3.93765e-020
222.796  3.91544e-020
223.818  3.89269e-020
224.84  3.86938e-020
225.862  3.84551e-020
226.884  3.82108e-020
227.906  3.79608e-020
228.928  3.7705e-020
229.95  3.74434e-020
230.972  3.7176e-020
231.994  3.69026e-020
233.016  3.66233e-020
234.038  3.6338e-020
235.06  3.60466e-020
236.082  3.57492e-020
237.104  3.54456e-020
238.126  3.51358e-020
239.148  3.48199e-020
240.17  3.44977e-020
241.192  3.41693e-020
242.214  3.38346e-020
243.236  3.34935e-020
244.258  3.31462e-020
245.28  3.27925e-020
246.302  3.24325e-020
247.324  3.20661e-020
248.346  3.16934e-020
249.368  3.13143e-020
250.39  3.09289e-020
251.412  3.05372e-020
252.434  3.01391e-020
253.456  2.97348e-020
254.478  2.93243e-020
255.5  2.89075e-020
256.522  2.84846e-020
257.544  2.80556e-020
258.566  2.76205e-020
259.588  2.71795e-020
260.61  2.67325e-020
261.632  2.62797e-020
262.654  2.58212e-020
263.676  2.53571e-020
264.698  2.48874e-020
265.72  2.44123e-020
266.742  2.3932e-020
267.764  2.34465e-020
268.786  2.29561e-020
269.808  2.24608e-020
270.83  2.19609e-020
271.852  2.14565e-020
272.874  2.09478e-020
273.896  2.04352e-020
274.918  1.99186e-020
275.94  1.93986e-020
276.962  1.88751e-020
277.984  1.83487e-020
279.006  1.78194e-020
280.028  1.72877e-020
281.05  1.67538e-020
282.072  1.62181e-020
283.094  1.56809e-020
284.116  1.51427e-020
285.138  1.46037e-020
286.16  1.40644e-020
287.182  1.35253e-020
288.204  1.29868e-020
289.226  1.24493e-020
290.248  1.19134e-020
291.27  1.13795e-020
292.292  1.08483e-020
293.314  1.03202e-020
294.336  9.79592e-021
295.358  9.27602e-021
296.38  8.76116e-021
297.402  8.25201e-021
298.424  7.74926e-021
299.446  7.25365e-021
300.468  6.76594e-021
301.49  6.28691e-021
302.512  5.8174e-021
303.534  5.35825e-021
304.556  4.91035e-021
305.578  4.47464e-021
306.6  4.05206e-021
307.622  3.64361e-021
308.644  3.25033e-021
309.666  2.87329e-021
310.688  2.51359e-021
311.71  2.1724e-021
312.732  1.85091e-021
313.754  1.55034e-021
314.776  1.27199e-021
315.798  1.01717e-021
316.82  7.8726e-022
317.842  5.83674e-022
318.864  4.07878e-022
319.886  2.61385e-022
320.908  1.45757e-022
321.93  6.26038e-023
322.952  1.35806e-023
