1.022  6.92468e-020
2.044  6.94136e-020
3.066  6.95793e-020
4.088  6.97439e-020
5.11  6.99073e-020
6.132  7.00695e-020
7.154  7.02303e-020
8.176  7.03897e-020
9.198  7.05478e-020
10.22  7.07044e-020
11.242  7.08595e-020
12.264  7.10133e-020
13.286  7.11658e-020
14.308  7.13169e-020
15.33  7.14668e-020
16.352  7.16156e-020
17.374  7.17632e-020
18.396  7.19097e-020
19.418  7.20553e-020
20.44  7.21999e-020
21.462  7.23435e-020
22.484  7.24863e-020
23.506  7.26282e-020
24.528  7.27692e-020
25.55  7.29095e-020
26.572  7.3049e-020
27.594  7.31877e-020
28.616  7.33256e-020
29.638  7.34628e-020
30.66  7.35993e-020
31.682  7.3735e-020
32.704  7.38699e-020
33.726  7.40041e-020
34.748  7.41375e-020
35.77  7.42702e-020
36.792  7.4402e-020
37.814  7.45331e-020
38.836  7.46634e-020
39.858  7.47928e-020
40.88  7.49214e-020
41.902  7.50491e-020
42.924  7.5176e-020
43.946  7.5302e-020
44.968  7.5427e-020
45.99  7.55511e-020
47.012  7.56743e-020
48.034  7.57965e-020
49.056  7.59177e-020
50.078  7.60378e-020
51.1  7.6157e-020
52.122  7.6275e-020
53.144  7.6392e-020
54.166  7.65079e-020
55.188  7.66226e-020
56.21  7.67362e-020
57.232  7.68486e-020
58.254  7.69598e-020
59.276  7.70697e-020
60.298  7.71785e-020
61.32  7.72859e-020
62.342  7.73921e-020
63.364  7.74969e-020
64.386  7.76004e-020
65.408  7.77026e-020
66.43  7.78034e-020
67.452  7.79027e-020
68.474  7.80007e-020
69.496  7.80972e-020
70.518  7.81922e-020
71.54  7.82857e-020
72.562  7.83778e-020
73.584  7.84683e-020
74.606  7.85572e-020
75.628  7.86446e-020
76.65  7.87304e-020
77.672  7.88145e-020
78.694  7.8897e-020
79.716  7.89779e-020
80.738  7.90571e-020
81.76  7.91346e-020
82.782  7.92104e-020
83.804  7.92845e-020
84.826  7.93568e-020
85.848  7.94273e-020
86.87  7.94961e-020
87.892  7.9563e-020
88.914  7.96282e-020
89.936  7.96915e-020
90.958  7.97529e-020
91.98  7.98124e-020
93.002  7.98701e-020
94.024  7.99258e-020
95.046  7.99796e-020
96.068  8.00315e-020
97.09  8.00814e-020
98.112  8.01293e-020
99.134  8.01752e-020
100.156  8.02191e-020
101.178  8.02609e-020
102.2  8.03007e-020
103.222  8.03385e-020
104.244  8.03742e-020
105.266  8.04077e-020
106.288  8.04392e-020
107.31  8.04685e-020
108.332  8.04957e-020
109.354  8.05207e-020
110.376  8.05435e-020
111.398  8.05642e-020
112.42  8.05826e-020
113.442  8.05988e-020
114.464  8.06128e-020
115.486  8.06245e-020
116.508  8.06339e-020
117.53  8.0641e-020
118.552  8.06458e-020
119.574  8.06483e-020
120.596  8.06485e-020
121.618  8.06462e-020
122.64  8.06416e-020
123.662  8.06347e-020
124.684  8.06252e-020
125.706  8.06134e-020
126.728  8.05991e-020
127.75  8.05824e-020
128.772  8.05631e-020
129.794  8.05414e-020
130.816  8.05171e-020
131.838  8.04903e-020
132.86  8.04609e-020
133.882  8.04289e-020
134.904  8.03943e-020
135.926  8.03571e-020
136.948  8.03173e-020
137.97  8.02748e-020
138.992  8.02295e-020
140.014  8.01816e-020
141.036  8.01309e-020
142.058  8.00775e-020
143.08  8.00212e-020
144.102  7.99622e-020
145.124  7.99003e-020
146.146  7.98356e-020
147.168  7.97679e-020
148.19  7.96973e-020
149.212  7.96238e-020
150.234  7.95473e-020
151.256  7.94678e-020
152.278  7.93852e-020
153.3  7.92996e-020
154.322  7.92108e-020
155.344  7.9119e-020
156.366  7.90239e-020
157.388  7.89256e-020
158.41  7.88241e-020
159.432  7.87194e-020
160.454  7.86112e-020
161.476  7.84998e-020
162.498  7.83849e-020
163.52  7.82666e-020
164.542  7.81448e-020
165.564  7.80195e-020
166.586  7.78907e-020
167.608  7.77582e-020
168.63  7.7622e-020
169.652  7.74822e-020
170.674  7.73386e-020
171.696  7.71912e-020
172.718  7.704e-020
173.74  7.68848e-020
174.762  7.67257e-020
175.784  7.65626e-020
176.806  7.63954e-020
177.828  7.62241e-020
178.85  7.60486e-020
179.872  7.58689e-020
180.894  7.56849e-020
181.916  7.54965e-020
182.938  7.53038e-020
183.96  7.51065e-020
184.982  7.49047e-020
186.004  7.46983e-020
187.026  7.44871e-020
188.048  7.42713e-020
189.07  7.40506e-020
190.092  7.38251e-020
191.114  7.35946e-020
192.136  7.3359e-020
193.158  7.31184e-020
194.18  7.28725e-020
195.202  7.26215e-020
196.224  7.23651e-020
197.246  7.21032e-020
198.268  7.18359e-020
199.29  7.15631e-020
200.312  7.12846e-020
201.334  7.10003e-020
202.356  7.07103e-020
203.378  7.04143e-020
204.4  7.01124e-020
205.422  6.98045e-020
206.444  6.94903e-020
207.466  6.917e-020
208.488  6.88433e-020
209.51  6.85103e-020
210.532  6.81708e-020
211.554  6.78246e-020
212.576  6.74719e-020
213.598  6.71123e-020
214.62  6.6746e-020
215.642  6.63727e-020
216.664  6.59925e-020
217.686  6.56051e-020
218.708  6.52106e-020
219.73  6.48088e-020
220.752  6.43996e-020
221.774  6.39831e-020
222.796  6.3559e-020
223.818  6.31273e-020
224.84  6.2688e-020
225.862  6.22409e-020
226.884  6.1786e-020
227.906  6.13232e-020
228.928  6.08524e-020
229.95  6.03736e-020
230.972  5.98867e-020
231.994  5.93916e-020
233.016  5.88882e-020
234.038  5.83765e-020
235.06  5.78565e-020
236.082  5.73281e-020
237.104  5.67912e-020
238.126  5.62458e-020
239.148  5.56918e-020
240.17  5.51293e-020
241.192  5.45581e-020
242.214  5.39782e-020
243.236  5.33897e-020
244.258  5.27925e-020
245.28  5.21865e-020
246.302  5.15719e-020
247.324  5.09485e-020
248.346  5.03164e-020
249.368  4.96756e-020
250.39  4.90262e-020
251.412  4.83681e-020
252.434  4.77013e-020
253.456  4.7026e-020
254.478  4.63423e-020
255.5  4.565e-020
256.522  4.49494e-020
257.544  4.42405e-020
258.566  4.35234e-020
259.588  4.27982e-020
260.61  4.20651e-020
261.632  4.13241e-020
262.654  4.05755e-020
263.676  3.98193e-020
264.698  3.90557e-020
265.72  3.8285e-020
266.742  3.75072e-020
267.764  3.67228e-020
268.786  3.59317e-020
269.808  3.51345e-020
270.83  3.43311e-020
271.852  3.35221e-020
272.874  3.27076e-020
273.896  3.1888e-020
274.918  3.10637e-020
275.94  3.0235e-020
276.962  2.94022e-020
277.984  2.85658e-020
279.006  2.77263e-020
280.028  2.6884e-020
281.05  2.60395e-020
282.072  2.51933e-020
283.094  2.43459e-020
284.116  2.34978e-020
285.138  2.26497e-020
286.16  2.18021e-020
287.182  2.09558e-020
288.204  2.01114e-020
289.226  1.92695e-020
290.248  1.8431e-020
291.27  1.75967e-020
292.292  1.67673e-020
293.314  1.59437e-020
294.336  1.51267e-020
295.358  1.43174e-020
296.38  1.35167e-020
297.402  1.27256e-020
298.424  1.19451e-020
299.446  1.11764e-020
300.468  1.04205e-020
301.49  9.6787e-021
302.512  8.95222e-021
303.534  8.24232e-021
304.556  7.55034e-021
305.578  6.87767e-021
306.6  6.22574e-021
307.622  5.59606e-021
308.644  4.99017e-021
309.666  4.40967e-021
310.688  3.85624e-021
311.71  3.33161e-021
312.732  2.83756e-021
313.754  2.37595e-021
314.776  1.9487e-021
315.798  1.55779e-021
316.82  1.20528e-021
317.842  8.93306e-022
318.864  6.24052e-022
319.886  3.99791e-022
320.908  2.22868e-022
321.93  9.56942e-023
322.952  2.07526e-023
