1.022  8.90631e-020
2.044  8.91807e-020
3.066  8.92974e-020
4.088  8.94133e-020
5.11  8.95284e-020
6.132  8.96424e-020
7.154  8.97554e-020
8.176  8.98672e-020
9.198  8.99778e-020
10.22  9.00872e-020
11.242  9.01953e-020
12.264  9.03023e-020
13.286  9.04081e-020
14.308  9.05128e-020
15.33  9.06166e-020
16.352  9.07194e-020
17.374  9.08214e-020
18.396  9.09225e-020
19.418  9.10229e-020
20.44  9.11227e-020
21.462  9.12218e-020
22.484  9.13203e-020
23.506  9.14182e-020
24.528  9.15157e-020
25.55  9.16126e-020
26.572  9.17091e-020
27.594  9.18051e-020
28.616  9.19006e-020
29.638  9.19957e-020
30.66  9.20903e-020
31.682  9.21845e-020
32.704  9.22782e-020
33.726  9.23714e-020
34.748  9.24641e-020
35.77  9.25564e-020
36.792  9.26481e-020
37.814  9.27393e-020
38.836  9.28299e-020
39.858  9.292e-020
40.88  9.30094e-020
41.902  9.30982e-020
42.924  9.31864e-020
43.946  9.32738e-020
44.968  9.33606e-020
45.99  9.34466e-020
47.012  9.35319e-020
48.034  9.36163e-020
49.056  9.37e-020
50.078  9.37827e-020
51.1  9.38646e-020
52.122  9.39456e-020
53.144  9.40256e-020
54.166  9.41047e-020
55.188  9.41827e-020
56.21  9.42597e-020
57.232  9.43357e-020
58.254  9.44105e-020
59.276  9.44842e-020
60.298  9.45568e-020
61.32  9.46281e-020
62.342  9.46982e-020
63.364  9.47671e-020
64.386  9.48347e-020
65.408  9.4901e-020
66.43  9.4966e-020
67.452  9.50296e-020
68.474  9.50918e-020
69.496  9.51526e-020
70.518  9.52119e-020
71.54  9.52698e-020
72.562  9.53262e-020
73.584  9.5381e-020
74.606  9.54343e-020
75.628  9.54859e-020
76.65  9.5536e-020
77.672  9.55844e-020
78.694  9.56312e-020
79.716  9.56763e-020
80.738  9.57197e-020
81.76  9.57613e-020
82.782  9.58012e-020
83.804  9.58393e-020
84.826  9.58755e-020
85.848  9.591e-020
86.87  9.59425e-020
87.892  9.59732e-020
88.914  9.6002e-020
89.936  9.60289e-020
90.958  9.60538e-020
91.98  9.60768e-020
93.002  9.60977e-020
94.024  9.61167e-020
95.046  9.61336e-020
96.068  9.61484e-020
97.09  9.61612e-020
98.112  9.61719e-020
99.134  9.61804e-020
100.156  9.61868e-020
101.178  9.6191e-020
102.2  9.61931e-020
103.222  9.6193e-020
104.244  9.61906e-020
105.266  9.6186e-020
106.288  9.61791e-020
107.31  9.617e-020
108.332  9.61585e-020
109.354  9.61447e-020
110.376  9.61286e-020
111.398  9.61101e-020
112.42  9.60893e-020
113.442  9.6066e-020
114.464  9.60403e-020
115.486  9.60122e-020
116.508  9.59816e-020
117.53  9.59486e-020
118.552  9.5913e-020
119.574  9.58749e-020
120.596  9.58343e-020
121.618  9.57911e-020
122.64  9.57454e-020
123.662  9.5697e-020
124.684  9.56461e-020
125.706  9.55925e-020
126.728  9.55362e-020
127.75  9.54773e-020
128.772  9.54156e-020
129.794  9.53512e-020
130.816  9.52841e-020
131.838  9.52142e-020
132.86  9.51415e-020
133.882  9.5066e-020
134.904  9.49876e-020
135.926  9.49064e-020
136.948  9.48223e-020
137.97  9.47353e-020
138.992  9.46453e-020
140.014  9.45524e-020
141.036  9.44565e-020
142.058  9.43575e-020
143.08  9.42555e-020
144.102  9.41505e-020
145.124  9.40423e-020
146.146  9.3931e-020
147.168  9.38165e-020
148.19  9.36988e-020
149.212  9.3578e-020
150.234  9.34538e-020
151.256  9.33263e-020
152.278  9.31956e-020
153.3  9.30614e-020
154.322  9.29239e-020
155.344  9.27829e-020
156.366  9.26384e-020
157.388  9.24904e-020
158.41  9.23389e-020
159.432  9.21838e-020
160.454  9.2025e-020
161.476  9.18626e-020
162.498  9.16964e-020
163.52  9.15265e-020
164.542  9.13527e-020
165.564  9.11751e-020
166.586  9.09936e-020
167.608  9.08081e-020
168.63  9.06186e-020
169.652  9.04251e-020
170.674  9.02274e-020
171.696  9.00256e-020
172.718  8.98195e-020
173.74  8.96092e-020
174.762  8.93945e-020
175.784  8.91755e-020
176.806  8.89519e-020
177.828  8.87239e-020
178.85  8.84912e-020
179.872  8.8254e-020
180.894  8.8012e-020
181.916  8.77652e-020
182.938  8.75135e-020
183.96  8.7257e-020
184.982  8.69955e-020
186.004  8.67289e-020
187.026  8.64571e-020
188.048  8.61802e-020
189.07  8.58979e-020
190.092  8.56103e-020
191.114  8.53173e-020
192.136  8.50187e-020
193.158  8.47146e-020
194.18  8.44047e-020
195.202  8.40891e-020
196.224  8.37676e-020
197.246  8.34402e-020
198.268  8.31068e-020
199.29  8.27673e-020
200.312  8.24215e-020
201.334  8.20695e-020
202.356  8.1711e-020
203.378  8.13462e-020
204.4  8.09747e-020
205.422  8.05966e-020
206.444  8.02117e-020
207.466  7.982e-020
208.488  7.94214e-020
209.51  7.90157e-020
210.532  7.86029e-020
211.554  7.81829e-020
212.576  7.77556e-020
213.598  7.73208e-020
214.62  7.68786e-020
215.642  7.64287e-020
216.664  7.59712e-020
217.686  7.55058e-020
218.708  7.50326e-020
219.73  7.45514e-020
220.752  7.40621e-020
221.774  7.35647e-020
222.796  7.3059e-020
223.818  7.25449e-020
224.84  7.20225e-020
225.862  7.14915e-020
226.884  7.09519e-020
227.906  7.04036e-020
228.928  6.98466e-020
229.95  6.92808e-020
230.972  6.8706e-020
231.994  6.81222e-020
233.016  6.75294e-020
234.038  6.69274e-020
235.06  6.63163e-020
236.082  6.56959e-020
237.104  6.50662e-020
238.126  6.44272e-020
239.148  6.37788e-020
240.17  6.31209e-020
241.192  6.24535e-020
242.214  6.17767e-020
243.236  6.10903e-020
244.258  6.03944e-020
245.28  5.96889e-020
246.302  5.89738e-020
247.324  5.82492e-020
248.346  5.7515e-020
249.368  5.67713e-020
250.39  5.60181e-020
251.412  5.52554e-020
252.434  5.44832e-020
253.456  5.37017e-020
254.478  5.29109e-020
255.5  5.21108e-020
256.522  5.13015e-020
257.544  5.04832e-020
258.566  4.9656e-020
259.588  4.88199e-020
260.61  4.79751e-020
261.632  4.71218e-020
262.654  4.62601e-020
263.676  4.53902e-020
264.698  4.45122e-020
265.72  4.36265e-020
266.742  4.27332e-020
267.764  4.18326e-020
268.786  4.09249e-020
269.808  4.00104e-020
270.83  3.90894e-020
271.852  3.81623e-020
272.874  3.72293e-020
273.896  3.62909e-020
274.918  3.53474e-020
275.94  3.43993e-020
276.962  3.34469e-020
277.984  3.24908e-020
279.006  3.15313e-020
280.028  3.05692e-020
281.05  2.96048e-020
282.072  2.86387e-020
283.094  2.76717e-020
284.116  2.67042e-020
285.138  2.57369e-020
286.16  2.47706e-020
287.182  2.38059e-020
288.204  2.28437e-020
289.226  2.18848e-020
290.248  2.09299e-020
291.27  1.998e-020
292.292  1.90359e-020
293.314  1.80987e-020
294.336  1.71694e-020
295.358  1.62489e-020
296.38  1.53384e-020
297.402  1.4439e-020
298.424  1.35519e-020
299.446  1.26784e-020
300.468  1.18197e-020
301.49  1.09771e-020
302.512  1.01521e-020
303.534  9.34611e-021
304.556  8.56059e-021
305.578  7.79714e-021
306.6  7.05736e-021
307.622  6.34295e-021
308.644  5.65565e-021
309.666  4.99727e-021
310.688  4.36969e-021
311.71  3.77486e-021
312.732  3.21479e-021
313.754  2.69158e-021
314.776  2.20737e-021
315.798  1.76442e-021
316.82  1.36505e-021
317.842  1.01163e-021
318.864  7.06654e-022
319.886  4.52673e-022
320.908  2.52327e-022
321.93  1.08335e-022
322.952  2.34921e-023
