1.022  1.11451e-019
2.044  1.11503e-019
3.066  1.11555e-019
4.088  1.11606e-019
5.11  1.11657e-019
6.132  1.11708e-019
7.154  1.11757e-019
8.176  1.11806e-019
9.198  1.11854e-019
10.22  1.11901e-019
11.242  1.11948e-019
12.264  1.11993e-019
13.286  1.12038e-019
14.308  1.12081e-019
15.33  1.12125e-019
16.352  1.12167e-019
17.374  1.12209e-019
18.396  1.12251e-019
19.418  1.12293e-019
20.44  1.12334e-019
21.462  1.12375e-019
22.484  1.12416e-019
23.506  1.12456e-019
24.528  1.12497e-019
25.55  1.12537e-019
26.572  1.12578e-019
27.594  1.12618e-019
28.616  1.12659e-019
29.638  1.12699e-019
30.66  1.12739e-019
31.682  1.1278e-019
32.704  1.1282e-019
33.726  1.1286e-019
34.748  1.129e-019
35.77  1.1294e-019
36.792  1.1298e-019
37.814  1.13019e-019
38.836  1.13059e-019
39.858  1.13098e-019
40.88  1.13137e-019
41.902  1.13176e-019
42.924  1.13214e-019
43.946  1.13252e-019
44.968  1.13289e-019
45.99  1.13326e-019
47.012  1.13363e-019
48.034  1.13399e-019
49.056  1.13435e-019
50.078  1.1347e-019
51.1  1.13504e-019
52.122  1.13537e-019
53.144  1.1357e-019
54.166  1.13602e-019
55.188  1.13634e-019
56.21  1.13664e-019
57.232  1.13694e-019
58.254  1.13722e-019
59.276  1.1375e-019
60.298  1.13777e-019
61.32  1.13802e-019
62.342  1.13827e-019
63.364  1.1385e-019
64.386  1.13873e-019
65.408  1.13894e-019
66.43  1.13914e-019
67.452  1.13932e-019
68.474  1.1395e-019
69.496  1.13966e-019
70.518  1.1398e-019
71.54  1.13994e-019
72.562  1.14005e-019
73.584  1.14016e-019
74.606  1.14024e-019
75.628  1.14032e-019
76.65  1.14037e-019
77.672  1.14041e-019
78.694  1.14044e-019
79.716  1.14045e-019
80.738  1.14044e-019
81.76  1.14041e-019
82.782  1.14037e-019
83.804  1.14031e-019
84.826  1.14022e-019
85.848  1.14013e-019
86.87  1.14001e-019
87.892  1.13987e-019
88.914  1.13971e-019
89.936  1.13954e-019
90.958  1.13934e-019
91.98  1.13913e-019
93.002  1.13889e-019
94.024  1.13863e-019
95.046  1.13835e-019
96.068  1.13805e-019
97.09  1.13773e-019
98.112  1.13739e-019
99.134  1.13702e-019
100.156  1.13664e-019
101.178  1.13623e-019
102.2  1.13579e-019
103.222  1.13534e-019
104.244  1.13486e-019
105.266  1.13435e-019
106.288  1.13383e-019
107.31  1.13328e-019
108.332  1.1327e-019
109.354  1.1321e-019
110.376  1.13148e-019
111.398  1.13083e-019
112.42  1.13015e-019
113.442  1.12945e-019
114.464  1.12873e-019
115.486  1.12797e-019
116.508  1.1272e-019
117.53  1.12639e-019
118.552  1.12556e-019
119.574  1.1247e-019
120.596  1.12382e-019
121.618  1.1229e-019
122.64  1.12196e-019
123.662  1.121e-019
124.684  1.12e-019
125.706  1.11898e-019
126.728  1.11792e-019
127.75  1.11684e-019
128.772  1.11573e-019
129.794  1.11459e-019
130.816  1.11342e-019
131.838  1.11222e-019
132.86  1.11099e-019
133.882  1.10973e-019
134.904  1.10844e-019
135.926  1.10712e-019
136.948  1.10577e-019
137.97  1.10439e-019
138.992  1.10297e-019
140.014  1.10152e-019
141.036  1.10004e-019
142.058  1.09853e-019
143.08  1.09699e-019
144.102  1.09541e-019
145.124  1.0938e-019
146.146  1.09215e-019
147.168  1.09047e-019
148.19  1.08875e-019
149.212  1.087e-019
150.234  1.08522e-019
151.256  1.0834e-019
152.278  1.08154e-019
153.3  1.07965e-019
154.322  1.07772e-019
155.344  1.07575e-019
156.366  1.07374e-019
157.388  1.0717e-019
158.41  1.06962e-019
159.432  1.0675e-019
160.454  1.06534e-019
161.476  1.06313e-019
162.498  1.06089e-019
163.52  1.05861e-019
164.542  1.05629e-019
165.564  1.05392e-019
166.586  1.05152e-019
167.608  1.04906e-019
168.63  1.04657e-019
169.652  1.04403e-019
170.674  1.04145e-019
171.696  1.03882e-019
172.718  1.03614e-019
173.74  1.03342e-019
174.762  1.03065e-019
175.784  1.02784e-019
176.806  1.02497e-019
177.828  1.02206e-019
178.85  1.01909e-019
179.872  1.01608e-019
180.894  1.01301e-019
181.916  1.00989e-019
182.938  1.00672e-019
183.96  1.0035e-019
184.982  1.00022e-019
186.004  9.96886e-020
187.026  9.93496e-020
188.048  9.90049e-020
189.07  9.86544e-020
190.092  9.82981e-020
191.114  9.79358e-020
192.136  9.75676e-020
193.158  9.71932e-020
194.18  9.68126e-020
195.202  9.64258e-020
196.224  9.60325e-020
197.246  9.56328e-020
198.268  9.52265e-020
199.29  9.48135e-020
200.312  9.43937e-020
201.334  9.39671e-020
202.356  9.35335e-020
203.378  9.30929e-020
204.4  9.26451e-020
205.422  9.219e-020
206.444  9.17276e-020
207.466  9.12576e-020
208.488  9.07802e-020
209.51  9.0295e-020
210.532  8.9802e-020
211.554  8.93012e-020
212.576  8.87923e-020
213.598  8.82754e-020
214.62  8.77503e-020
215.642  8.72168e-020
216.664  8.6675e-020
217.686  8.61246e-020
218.708  8.55656e-020
219.73  8.49979e-020
220.752  8.44214e-020
221.774  8.3836e-020
222.796  8.32415e-020
223.818  8.26379e-020
224.84  8.20252e-020
225.862  8.14031e-020
226.884  8.07716e-020
227.906  8.01306e-020
228.928  7.948e-020
229.95  7.88198e-020
230.972  7.81498e-020
231.994  7.747e-020
233.016  7.67803e-020
234.038  7.60807e-020
235.06  7.5371e-020
236.082  7.46511e-020
237.104  7.39212e-020
238.126  7.3181e-020
239.148  7.24305e-020
240.17  7.16698e-020
241.192  7.08986e-020
242.214  7.01171e-020
243.236  6.93252e-020
244.258  6.85229e-020
245.28  6.77101e-020
246.302  6.68869e-020
247.324  6.60532e-020
248.346  6.52091e-020
249.368  6.43546e-020
250.39  6.34897e-020
251.412  6.26145e-020
252.434  6.1729e-020
253.456  6.08333e-020
254.478  5.99274e-020
255.5  5.90115e-020
256.522  5.80856e-020
257.544  5.71498e-020
258.566  5.62043e-020
259.588  5.52492e-020
260.61  5.42847e-020
261.632  5.33108e-020
262.654  5.23279e-020
263.676  5.13361e-020
264.698  5.03356e-020
265.72  4.93267e-020
266.742  4.83096e-020
267.764  4.72845e-020
268.786  4.62519e-020
269.808  4.5212e-020
270.83  4.41651e-020
271.852  4.31116e-020
272.874  4.20519e-020
273.896  4.09863e-020
274.918  3.99154e-020
275.94  3.88396e-020
276.962  3.77594e-020
277.984  3.66753e-020
279.006  3.55878e-020
280.028  3.44975e-020
281.05  3.3405e-020
282.072  3.2311e-020
283.094  3.12162e-020
284.116  3.01211e-020
285.138  2.90267e-020
286.16  2.79336e-020
287.182  2.68427e-020
288.204  2.57548e-020
289.226  2.46709e-020
290.248  2.35919e-020
291.27  2.25187e-020
292.292  2.14524e-020
293.314  2.03941e-020
294.336  1.93448e-020
295.358  1.83058e-020
296.38  1.72783e-020
297.402  1.62636e-020
298.424  1.52629e-020
299.446  1.42777e-020
300.468  1.33094e-020
301.49  1.23595e-020
302.512  1.14295e-020
303.534  1.05211e-020
304.556  9.63597e-021
305.578  8.77583e-021
306.6  7.94251e-021
307.622  7.13788e-021
308.644  6.3639e-021
309.666  5.62261e-021
310.688  4.91609e-021
311.71  4.24654e-021
312.732  3.6162e-021
313.754  3.02741e-021
314.776  2.4826e-021
315.798  1.98427e-021
316.82  1.53502e-021
317.842  1.13751e-021
318.864  7.94528e-022
319.886  5.08928e-022
320.908  2.83665e-022
321.93  1.21781e-022
322.952  2.64061e-023
