1.022  3.29825e-019
2.044  3.29013e-019
3.066  3.28209e-019
4.088  3.27411e-019
5.11  3.2662e-019
6.132  3.25834e-019
7.154  3.25054e-019
8.176  3.24279e-019
9.198  3.23509e-019
10.22  3.22743e-019
11.242  3.21982e-019
12.264  3.21225e-019
13.286  3.20474e-019
14.308  3.19727e-019
15.33  3.18986e-019
16.352  3.1825e-019
17.374  3.17519e-019
18.396  3.16794e-019
19.418  3.16075e-019
20.44  3.15361e-019
21.462  3.14654e-019
22.484  3.13953e-019
23.506  3.13258e-019
24.528  3.12569e-019
25.55  3.11886e-019
26.572  3.1121e-019
27.594  3.10539e-019
28.616  3.09875e-019
29.638  3.09217e-019
30.66  3.08564e-019
31.682  3.07918e-019
32.704  3.07277e-019
33.726  3.06642e-019
34.748  3.06013e-019
35.77  3.05389e-019
36.792  3.0477e-019
37.814  3.04156e-019
38.836  3.03548e-019
39.858  3.02944e-019
40.88  3.02345e-019
41.902  3.01751e-019
42.924  3.01162e-019
43.946  3.00576e-019
44.968  2.99995e-019
45.99  2.99418e-019
47.012  2.98845e-019
48.034  2.98275e-019
49.056  2.97709e-019
50.078  2.97147e-019
51.1  2.96587e-019
52.122  2.96031e-019
53.144  2.95478e-019
54.166  2.94928e-019
55.188  2.94381e-019
56.21  2.93836e-019
57.232  2.93293e-019
58.254  2.92753e-019
59.276  2.92215e-019
60.298  2.91679e-019
61.32  2.91145e-019
62.342  2.90613e-019
63.364  2.90082e-019
64.386  2.89553e-019
65.408  2.89025e-019
66.43  2.88499e-019
67.452  2.87973e-019
68.474  2.87449e-019
69.496  2.86925e-019
70.518  2.86403e-019
71.54  2.85881e-019
72.562  2.85359e-019
73.584  2.84838e-019
74.606  2.84317e-019
75.628  2.83796e-019
76.65  2.83276e-019
77.672  2.82755e-019
78.694  2.82235e-019
79.716  2.81714e-019
80.738  2.81192e-019
81.76  2.80671e-019
82.782  2.80149e-019
83.804  2.79626e-019
84.826  2.79102e-019
85.848  2.78578e-019
86.87  2.78053e-019
87.892  2.77527e-019
88.914  2.76999e-019
89.936  2.76471e-019
90.958  2.75941e-019
91.98  2.7541e-019
93.002  2.74878e-019
94.024  2.74344e-019
95.046  2.73808e-019
96.068  2.73271e-019
97.09  2.72732e-019
98.112  2.72191e-019
99.134  2.71649e-019
100.156  2.71104e-019
101.178  2.70557e-019
102.2  2.70008e-019
103.222  2.69457e-019
104.244  2.68904e-019
105.266  2.68348e-019
106.288  2.6779e-019
107.31  2.6723e-019
108.332  2.66667e-019
109.354  2.66101e-019
110.376  2.65533e-019
111.398  2.64962e-019
112.42  2.64388e-019
113.442  2.63811e-019
114.464  2.63231e-019
115.486  2.62648e-019
116.508  2.62063e-019
117.53  2.61474e-019
118.552  2.60881e-019
119.574  2.60286e-019
120.596  2.59687e-019
121.618  2.59085e-019
122.64  2.5848e-019
123.662  2.57871e-019
124.684  2.57258e-019
125.706  2.56642e-019
126.728  2.56022e-019
127.75  2.55399e-019
128.772  2.54771e-019
129.794  2.5414e-019
130.816  2.53505e-019
131.838  2.52866e-019
132.86  2.52223e-019
133.882  2.51576e-019
134.904  2.50924e-019
135.926  2.50269e-019
136.948  2.49609e-019
137.97  2.48945e-019
138.992  2.48276e-019
140.014  2.47603e-019
141.036  2.46926e-019
142.058  2.46244e-019
143.08  2.45557e-019
144.102  2.44865e-019
145.124  2.44169e-019
146.146  2.43468e-019
147.168  2.42762e-019
148.19  2.42051e-019
149.212  2.41334e-019
150.234  2.40613e-019
151.256  2.39887e-019
152.278  2.39155e-019
153.3  2.38418e-019
154.322  2.37675e-019
155.344  2.36927e-019
156.366  2.36174e-019
157.388  2.35414e-019
158.41  2.34649e-019
159.432  2.33878e-019
160.454  2.33102e-019
161.476  2.32319e-019
162.498  2.3153e-019
163.52  2.30735e-019
164.542  2.29933e-019
165.564  2.29126e-019
166.586  2.28312e-019
167.608  2.27491e-019
168.63  2.26663e-019
169.652  2.25829e-019
170.674  2.24988e-019
171.696  2.2414e-019
172.718  2.23285e-019
173.74  2.22422e-019
174.762  2.21553e-019
175.784  2.20676e-019
176.806  2.19791e-019
177.828  2.18899e-019
178.85  2.17998e-019
179.872  2.1709e-019
180.894  2.16174e-019
181.916  2.1525e-019
182.938  2.14317e-019
183.96  2.13376e-019
184.982  2.12427e-019
186.004  2.11469e-019
187.026  2.10501e-019
188.048  2.09525e-019
189.07  2.0854e-019
190.092  2.07545e-019
191.114  2.06541e-019
192.136  2.05528e-019
193.158  2.04504e-019
194.18  2.03471e-019
195.202  2.02428e-019
196.224  2.01374e-019
197.246  2.0031e-019
198.268  1.99236e-019
199.29  1.9815e-019
200.312  1.97054e-019
201.334  1.95947e-019
202.356  1.94829e-019
203.378  1.93699e-019
204.4  1.92557e-019
205.422  1.91404e-019
206.444  1.90239e-019
207.466  1.89062e-019
208.488  1.87872e-019
209.51  1.8667e-019
210.532  1.85456e-019
211.554  1.84228e-019
212.576  1.82988e-019
213.598  1.81734e-019
214.62  1.80467e-019
215.642  1.79186e-019
216.664  1.77892e-019
217.686  1.76583e-019
218.708  1.75261e-019
219.73  1.73924e-019
220.752  1.72573e-019
221.774  1.71208e-019
222.796  1.69827e-019
223.818  1.68432e-019
224.84  1.67021e-019
225.862  1.65595e-019
226.884  1.64154e-019
227.906  1.62697e-019
228.928  1.61224e-019
229.95  1.59736e-019
230.972  1.58231e-019
231.994  1.5671e-019
233.016  1.55173e-019
234.038  1.5362e-019
235.06  1.5205e-019
236.082  1.50464e-019
237.104  1.4886e-019
238.126  1.4724e-019
239.148  1.45603e-019
240.17  1.4395e-019
241.192  1.42279e-019
242.214  1.40591e-019
243.236  1.38886e-019
244.258  1.37164e-019
245.28  1.35424e-019
246.302  1.33668e-019
247.324  1.31895e-019
248.346  1.30104e-019
249.368  1.28296e-019
250.39  1.26472e-019
251.412  1.24631e-019
252.434  1.22773e-019
253.456  1.20898e-019
254.478  1.19007e-019
255.5  1.17099e-019
256.522  1.15176e-019
257.544  1.13236e-019
258.566  1.11281e-019
259.588  1.09311e-019
260.61  1.07325e-019
261.632  1.05325e-019
262.654  1.0331e-019
263.676  1.01282e-019
264.698  9.92395e-020
265.72  9.71841e-020
266.742  9.51161e-020
267.764  9.30359e-020
268.786  9.09441e-020
269.808  8.88414e-020
270.83  8.67283e-020
271.852  8.46056e-020
272.874  8.2474e-020
273.896  8.03343e-020
274.918  7.81872e-020
275.94  7.60337e-020
276.962  7.38746e-020
277.984  7.1711e-020
279.006  6.95439e-020
280.028  6.73743e-020
281.05  6.52034e-020
282.072  6.30324e-020
283.094  6.08626e-020
284.116  5.86953e-020
285.138  5.65319e-020
286.16  5.43739e-020
287.182  5.22228e-020
288.204  5.00802e-020
289.226  4.79478e-020
290.248  4.58274e-020
291.27  4.37208e-020
292.292  4.163e-020
293.314  3.95569e-020
294.336  3.75037e-020
295.358  3.54726e-020
296.38  3.34659e-020
297.402  3.1486e-020
298.424  2.95353e-020
299.446  2.76164e-020
300.468  2.57321e-020
301.49  2.38852e-020
302.512  2.20785e-020
303.534  2.03152e-020
304.556  1.85983e-020
305.578  1.69313e-020
306.6  1.53173e-020
307.622  1.37601e-020
308.644  1.22633e-020
309.666  1.08306e-020
310.688  9.46611e-021
311.71  8.17381e-021
312.732  6.95797e-021
313.754  5.82298e-021
314.776  4.77338e-021
315.798  3.8139e-021
316.82  2.94938e-021
317.842  2.18488e-021
318.864  1.52558e-021
319.886  9.76879e-022
320.908  5.44314e-022
321.93  2.33608e-022
322.952  5.0638e-023
