1.022  2.90579e-019
2.044  2.89702e-019
3.066  2.88833e-019
4.088  2.87972e-019
5.11  2.87117e-019
6.132  2.86269e-019
7.154  2.85428e-019
8.176  2.84593e-019
9.198  2.83763e-019
10.22  2.82939e-019
11.242  2.8212e-019
12.264  2.81307e-019
13.286  2.80499e-019
14.308  2.79697e-019
15.33  2.78901e-019
16.352  2.78111e-019
17.374  2.77327e-019
18.396  2.7655e-019
19.418  2.75778e-019
20.44  2.75013e-019
21.462  2.74254e-019
22.484  2.73502e-019
23.506  2.72756e-019
24.528  2.72017e-019
25.55  2.71284e-019
26.572  2.70557e-019
27.594  2.69837e-019
28.616  2.69122e-019
29.638  2.68414e-019
30.66  2.67713e-019
31.682  2.67017e-019
32.704  2.66327e-019
33.726  2.65642e-019
34.748  2.64963e-019
35.77  2.6429e-019
36.792  2.63622e-019
37.814  2.62959e-019
38.836  2.62302e-019
39.858  2.61649e-019
40.88  2.61001e-019
41.902  2.60357e-019
42.924  2.59718e-019
43.946  2.59083e-019
44.968  2.58453e-019
45.99  2.57826e-019
47.012  2.57203e-019
48.034  2.56584e-019
49.056  2.55968e-019
50.078  2.55356e-019
51.1  2.54747e-019
52.122  2.54141e-019
53.144  2.53538e-019
54.166  2.52938e-019
55.188  2.5234e-019
56.21  2.51745e-019
57.232  2.51153e-019
58.254  2.50562e-019
59.276  2.49974e-019
60.298  2.49387e-019
61.32  2.48802e-019
62.342  2.48219e-019
63.364  2.47638e-019
64.386  2.47058e-019
65.408  2.46479e-019
66.43  2.45901e-019
67.452  2.45325e-019
68.474  2.44749e-019
69.496  2.44174e-019
70.518  2.436e-019
71.54  2.43026e-019
72.562  2.42453e-019
73.584  2.4188e-019
74.606  2.41307e-019
75.628  2.40735e-019
76.65  2.40162e-019
77.672  2.39589e-019
78.694  2.39016e-019
79.716  2.38443e-019
80.738  2.37869e-019
81.76  2.37295e-019
82.782  2.3672e-019
83.804  2.36145e-019
84.826  2.35568e-019
85.848  2.34991e-019
86.87  2.34413e-019
87.892  2.33833e-019
88.914  2.33253e-019
89.936  2.32671e-019
90.958  2.32088e-019
91.98  2.31503e-019
93.002  2.30917e-019
94.024  2.30329e-019
95.046  2.2974e-019
96.068  2.29148e-019
97.09  2.28555e-019
98.112  2.2796e-019
99.134  2.27363e-019
100.156  2.26764e-019
101.178  2.26163e-019
102.2  2.2556e-019
103.222  2.24954e-019
104.244  2.24346e-019
105.266  2.23735e-019
106.288  2.23122e-019
107.31  2.22507e-019
108.332  2.21888e-019
109.354  2.21267e-019
110.376  2.20644e-019
111.398  2.20017e-019
112.42  2.19387e-019
113.442  2.18755e-019
114.464  2.1812e-019
115.486  2.17481e-019
116.508  2.16839e-019
117.53  2.16194e-019
118.552  2.15546e-019
119.574  2.14895e-019
120.596  2.1424e-019
121.618  2.13582e-019
122.64  2.1292e-019
123.662  2.12255e-019
124.684  2.11586e-019
125.706  2.10913e-019
126.728  2.10237e-019
127.75  2.09557e-019
128.772  2.08873e-019
129.794  2.08185e-019
130.816  2.07494e-019
131.838  2.06798e-019
132.86  2.06099e-019
133.882  2.05395e-019
134.904  2.04688e-019
135.926  2.03976e-019
136.948  2.0326e-019
137.97  2.02539e-019
138.992  2.01815e-019
140.014  2.01086e-019
141.036  2.00352e-019
142.058  1.99614e-019
143.08  1.98872e-019
144.102  1.98125e-019
145.124  1.97374e-019
146.146  1.96617e-019
147.168  1.95857e-019
148.19  1.95091e-019
149.212  1.94321e-019
150.234  1.93546e-019
151.256  1.92765e-019
152.278  1.91981e-019
153.3  1.91191e-019
154.322  1.90396e-019
155.344  1.89596e-019
156.366  1.88791e-019
157.388  1.8798e-019
158.41  1.87165e-019
159.432  1.86344e-019
160.454  1.85518e-019
161.476  1.84687e-019
162.498  1.8385e-019
163.52  1.83008e-019
164.542  1.8216e-019
165.564  1.81307e-019
166.586  1.80448e-019
167.608  1.79584e-019
168.63  1.78713e-019
169.652  1.77837e-019
170.674  1.76956e-019
171.696  1.76068e-019
172.718  1.75175e-019
173.74  1.74276e-019
174.762  1.7337e-019
175.784  1.72459e-019
176.806  1.71542e-019
177.828  1.70618e-019
178.85  1.69688e-019
179.872  1.68752e-019
180.894  1.6781e-019
181.916  1.66861e-019
182.938  1.65906e-019
183.96  1.64945e-019
184.982  1.63977e-019
186.004  1.63002e-019
187.026  1.62021e-019
188.048  1.61033e-019
189.07  1.60039e-019
190.092  1.59038e-019
191.114  1.58029e-019
192.136  1.57014e-019
193.158  1.55993e-019
194.18  1.54964e-019
195.202  1.53928e-019
196.224  1.52885e-019
197.246  1.51835e-019
198.268  1.50778e-019
199.29  1.49713e-019
200.312  1.48642e-019
201.334  1.47563e-019
202.356  1.46476e-019
203.378  1.45382e-019
204.4  1.44281e-019
205.422  1.43172e-019
206.444  1.42056e-019
207.466  1.40932e-019
208.488  1.398e-019
209.51  1.38661e-019
210.532  1.37514e-019
211.554  1.36359e-019
212.576  1.35197e-019
213.598  1.34026e-019
214.62  1.32848e-019
215.642  1.31662e-019
216.664  1.30468e-019
217.686  1.29266e-019
218.708  1.28056e-019
219.73  1.26838e-019
220.752  1.25612e-019
221.774  1.24378e-019
222.796  1.23136e-019
223.818  1.21886e-019
224.84  1.20628e-019
225.862  1.19361e-019
226.884  1.18087e-019
227.906  1.16805e-019
228.928  1.15514e-019
229.95  1.14216e-019
230.972  1.12909e-019
231.994  1.11595e-019
233.016  1.10272e-019
234.038  1.08942e-019
235.06  1.07604e-019
236.082  1.06258e-019
237.104  1.04904e-019
238.126  1.03542e-019
239.148  1.02173e-019
240.17  1.00796e-019
241.192  9.94121e-020
242.214  9.80203e-020
243.236  9.66212e-020
244.258  9.52149e-020
245.28  9.38015e-020
246.302  9.23811e-020
247.324  9.09538e-020
248.346  8.95199e-020
249.368  8.80793e-020
250.39  8.66324e-020
251.412  8.51792e-020
252.434  8.372e-020
253.456  8.2255e-020
254.478  8.07843e-020
255.5  7.93083e-020
256.522  7.7827e-020
257.544  7.63408e-020
258.566  7.485e-020
259.588  7.33548e-020
260.61  7.18555e-020
261.632  7.03524e-020
262.654  6.88459e-020
263.676  6.73363e-020
264.698  6.5824e-020
265.72  6.43093e-020
266.742  6.27926e-020
267.764  6.12744e-020
268.786  5.97551e-020
269.808  5.82352e-020
270.83  5.67151e-020
271.852  5.51953e-020
272.874  5.36764e-020
273.896  5.2159e-020
274.918  5.06435e-020
275.94  4.91307e-020
276.962  4.7621e-020
277.984  4.61153e-020
279.006  4.46141e-020
280.028  4.31182e-020
281.05  4.16282e-020
282.072  4.01451e-020
283.094  3.86695e-020
284.116  3.72023e-020
285.138  3.57444e-020
286.16  3.42967e-020
287.182  3.28601e-020
288.204  3.14355e-020
289.226  3.0024e-020
290.248  2.86266e-020
291.27  2.72445e-020
292.292  2.58786e-020
293.314  2.45302e-020
294.336  2.32006e-020
295.358  2.18908e-020
296.38  2.06023e-020
297.402  1.93364e-020
298.424  1.80944e-020
299.446  1.68778e-020
300.468  1.56881e-020
301.49  1.45268e-020
302.512  1.33955e-020
303.534  1.22958e-020
304.556  1.12295e-020
305.578  1.01982e-020
306.6  9.2038e-021
307.622  8.24817e-021
308.644  7.33321e-021
309.666  6.46092e-021
310.688  5.63335e-021
311.71  4.8526e-021
312.732  4.12088e-021
313.754  3.44041e-021
314.776  2.81353e-021
315.798  2.24262e-021
316.82  1.73013e-021
317.842  1.27861e-021
318.864  8.90665e-022
319.886  5.68967e-022
320.908  3.16275e-022
321.93  1.35417e-022
322.952  2.92844e-023
