1.022  7.55678e-020
2.044  7.47271e-020
3.066  7.38965e-020
4.088  7.30759e-020
5.11  7.22651e-020
6.132  7.14639e-020
7.154  7.06722e-020
8.176  6.98898e-020
9.198  6.91166e-020
10.22  6.83524e-020
11.242  6.75972e-020
12.264  6.68509e-020
13.286  6.61134e-020
14.308  6.53848e-020
15.33  6.46649e-020
16.352  6.39538e-020
17.374  6.32513e-020
18.396  6.25575e-020
19.418  6.18723e-020
20.44  6.11956e-020
21.462  6.05273e-020
22.484  5.98674e-020
23.506  5.92159e-020
24.528  5.85726e-020
25.55  5.79375e-020
26.572  5.73105e-020
27.594  5.66914e-020
28.616  5.60803e-020
29.638  5.5477e-020
30.66  5.48814e-020
31.682  5.42934e-020
32.704  5.3713e-020
33.726  5.31401e-020
34.748  5.25745e-020
35.77  5.20161e-020
36.792  5.1465e-020
37.814  5.09208e-020
38.836  5.03837e-020
39.858  4.98534e-020
40.88  4.93299e-020
41.902  4.88131e-020
42.924  4.83029e-020
43.946  4.77993e-020
44.968  4.7302e-020
45.99  4.68111e-020
47.012  4.63264e-020
48.034  4.58478e-020
49.056  4.53753e-020
50.078  4.49088e-020
51.1  4.44482e-020
52.122  4.39935e-020
53.144  4.35444e-020
54.166  4.3101e-020
55.188  4.26632e-020
56.21  4.22309e-020
57.232  4.1804e-020
58.254  4.13825e-020
59.276  4.09662e-020
60.298  4.05551e-020
61.32  4.01492e-020
62.342  3.97483e-020
63.364  3.93524e-020
64.386  3.89614e-020
65.408  3.85753e-020
66.43  3.8194e-020
67.452  3.78173e-020
68.474  3.74454e-020
69.496  3.7078e-020
70.518  3.67151e-020
71.54  3.63568e-020
72.562  3.60028e-020
73.584  3.56531e-020
74.606  3.53078e-020
75.628  3.49667e-020
76.65  3.46297e-020
77.672  3.42969e-020
78.694  3.39681e-020
79.716  3.36433e-020
80.738  3.33225e-020
81.76  3.30055e-020
82.782  3.26925e-020
83.804  3.23832e-020
84.826  3.20776e-020
85.848  3.17758e-020
86.87  3.14775e-020
87.892  3.11829e-020
88.914  3.08919e-020
89.936  3.06043e-020
90.958  3.03201e-020
91.98  3.00394e-020
93.002  2.97621e-020
94.024  2.9488e-020
95.046  2.92172e-020
96.068  2.89497e-020
97.09  2.86853e-020
98.112  2.84241e-020
99.134  2.8166e-020
100.156  2.79109e-020
101.178  2.76589e-020
102.2  2.74098e-020
103.222  2.71637e-020
104.244  2.69204e-020
105.266  2.66801e-020
106.288  2.64425e-020
107.31  2.62077e-020
108.332  2.59757e-020
109.354  2.57464e-020
110.376  2.55197e-020
111.398  2.52957e-020
112.42  2.50743e-020
113.442  2.48555e-020
114.464  2.46392e-020
115.486  2.44254e-020
116.508  2.4214e-020
117.53  2.40051e-020
118.552  2.37986e-020
119.574  2.35945e-020
120.596  2.33927e-020
121.618  2.31932e-020
122.64  2.29959e-020
123.662  2.28009e-020
124.684  2.26081e-020
125.706  2.24175e-020
126.728  2.22291e-020
127.75  2.20427e-020
128.772  2.18585e-020
129.794  2.16763e-020
130.816  2.14962e-020
131.838  2.1318e-020
132.86  2.11419e-020
133.882  2.09677e-020
134.904  2.07954e-020
135.926  2.0625e-020
136.948  2.04565e-020
137.97  2.02898e-020
138.992  2.01249e-020
140.014  1.99619e-020
141.036  1.98006e-020
142.058  1.9641e-020
143.08  1.94832e-020
144.102  1.93271e-020
145.124  1.91726e-020
146.146  1.90198e-020
147.168  1.88686e-020
148.19  1.87189e-020
149.212  1.85709e-020
150.234  1.84244e-020
151.256  1.82795e-020
152.278  1.8136e-020
153.3  1.7994e-020
154.322  1.78535e-020
155.344  1.77144e-020
156.366  1.75768e-020
157.388  1.74405e-020
158.41  1.73056e-020
159.432  1.7172e-020
160.454  1.70398e-020
161.476  1.69089e-020
162.498  1.67792e-020
163.52  1.66509e-020
164.542  1.65237e-020
165.564  1.63978e-020
166.586  1.62731e-020
167.608  1.61496e-020
168.63  1.60272e-020
169.652  1.5906e-020
170.674  1.57859e-020
171.696  1.56668e-020
172.718  1.55489e-020
173.74  1.5432e-020
174.762  1.53161e-020
175.784  1.52013e-020
176.806  1.50874e-020
177.828  1.49745e-020
178.85  1.48626e-020
179.872  1.47516e-020
180.894  1.46415e-020
181.916  1.45323e-020
182.938  1.4424e-020
183.96  1.43165e-020
184.982  1.42098e-020
186.004  1.4104e-020
187.026  1.39989e-020
188.048  1.38946e-020
189.07  1.3791e-020
190.092  1.36881e-020
191.114  1.3586e-020
192.136  1.34845e-020
193.158  1.33837e-020
194.18  1.32835e-020
195.202  1.31839e-020
196.224  1.30849e-020
197.246  1.29864e-020
198.268  1.28885e-020
199.29  1.27912e-020
200.312  1.26943e-020
201.334  1.25978e-020
202.356  1.25019e-020
203.378  1.24063e-020
204.4  1.23112e-020
205.422  1.22164e-020
206.444  1.2122e-020
207.466  1.20279e-020
208.488  1.19341e-020
209.51  1.18405e-020
210.532  1.17473e-020
211.554  1.16542e-020
212.576  1.15613e-020
213.598  1.14686e-020
214.62  1.13761e-020
215.642  1.12837e-020
216.664  1.11913e-020
217.686  1.1099e-020
218.708  1.10068e-020
219.73  1.09146e-020
220.752  1.08223e-020
221.774  1.073e-020
222.796  1.06376e-020
223.818  1.05451e-020
224.84  1.04525e-020
225.862  1.03597e-020
226.884  1.02667e-020
227.906  1.01735e-020
228.928  1.00801e-020
229.95  9.98633e-021
230.972  9.89229e-021
231.994  9.79791e-021
233.016  9.70316e-021
234.038  9.60802e-021
235.06  9.51245e-021
236.082  9.41642e-021
237.104  9.31991e-021
238.126  9.22289e-021
239.148  9.12532e-021
240.17  9.02718e-021
241.192  8.92845e-021
242.214  8.82908e-021
243.236  8.72906e-021
244.258  8.62836e-021
245.28  8.52695e-021
246.302  8.4248e-021
247.324  8.32189e-021
248.346  8.2182e-021
249.368  8.11369e-021
250.39  8.00836e-021
251.412  7.90216e-021
252.434  7.79509e-021
253.456  7.68711e-021
254.478  7.57822e-021
255.5  7.46839e-021
256.522  7.3576e-021
257.544  7.24584e-021
258.566  7.1331e-021
259.588  7.01935e-021
260.61  6.9046e-021
261.632  6.78882e-021
262.654  6.67202e-021
263.676  6.55419e-021
264.698  6.43531e-021
265.72  6.3154e-021
266.742  6.19445e-021
267.764  6.07246e-021
268.786  5.94945e-021
269.808  5.82542e-021
270.83  5.70038e-021
271.852  5.57435e-021
272.874  5.44734e-021
273.896  5.31939e-021
274.918  5.1905e-021
275.94  5.06073e-021
276.962  4.93009e-021
277.984  4.79862e-021
279.006  4.66638e-021
280.028  4.5334e-021
281.05  4.39973e-021
282.072  4.26545e-021
283.094  4.13059e-021
284.116  3.99525e-021
285.138  3.85948e-021
286.16  3.72338e-021
287.182  3.58702e-021
288.204  3.4505e-021
289.226  3.31393e-021
290.248  3.1774e-021
291.27  3.04104e-021
292.292  2.90497e-021
293.314  2.76932e-021
294.336  2.63423e-021
295.358  2.49985e-021
296.38  2.36634e-021
297.402  2.23387e-021
298.424  2.10262e-021
299.446  1.97278e-021
300.468  1.84454e-021
301.49  1.71812e-021
302.512  1.59375e-021
303.534  1.47165e-021
304.556  1.35208e-021
305.578  1.2353e-021
306.6  1.12158e-021
307.622  1.01121e-021
308.644  9.04494e-022
309.666  8.01757e-022
310.688  7.03329e-022
311.71  6.09561e-022
312.732  5.20821e-022
313.754  4.37494e-022
314.776  3.59982e-022
315.798  2.88708e-022
316.82  2.2411e-022
317.842  1.6665e-022
318.864  1.16806e-022
319.886  7.5081e-023
320.908  4.19955e-023
321.93  1.8093e-023
322.952  3.93707e-024
