1.022  3.87733e-019
2.044  3.87252e-019
3.066  3.86774e-019
4.088  3.86301e-019
5.11  3.85831e-019
6.132  3.85365e-019
7.154  3.84901e-019
8.176  3.84439e-019
9.198  3.83979e-019
10.22  3.83521e-019
11.242  3.83064e-019
12.264  3.82609e-019
13.286  3.82157e-019
14.308  3.81706e-019
15.33  3.81257e-019
16.352  3.80811e-019
17.374  3.80367e-019
18.396  3.79927e-019
19.418  3.79489e-019
20.44  3.79054e-019
21.462  3.78623e-019
22.484  3.78195e-019
23.506  3.77771e-019
24.528  3.7735e-019
25.55  3.76933e-019
26.572  3.76519e-019
27.594  3.76108e-019
28.616  3.75701e-019
29.638  3.75297e-019
30.66  3.74897e-019
31.682  3.74499e-019
32.704  3.74105e-019
33.726  3.73713e-019
34.748  3.73324e-019
35.77  3.72938e-019
36.792  3.72554e-019
37.814  3.72173e-019
38.836  3.71794e-019
39.858  3.71417e-019
40.88  3.71041e-019
41.902  3.70668e-019
42.924  3.70295e-019
43.946  3.69924e-019
44.968  3.69554e-019
45.99  3.69185e-019
47.012  3.68817e-019
48.034  3.6845e-019
49.056  3.68082e-019
50.078  3.67715e-019
51.1  3.67348e-019
52.122  3.66981e-019
53.144  3.66614e-019
54.166  3.66246e-019
55.188  3.65877e-019
56.21  3.65508e-019
57.232  3.65137e-019
58.254  3.64765e-019
59.276  3.64392e-019
60.298  3.64018e-019
61.32  3.63641e-019
62.342  3.63263e-019
63.364  3.62883e-019
64.386  3.625e-019
65.408  3.62115e-019
66.43  3.61728e-019
67.452  3.61338e-019
68.474  3.60945e-019
69.496  3.60549e-019
70.518  3.6015e-019
71.54  3.59747e-019
72.562  3.59342e-019
73.584  3.58932e-019
74.606  3.58519e-019
75.628  3.58102e-019
76.65  3.57682e-019
77.672  3.57257e-019
78.694  3.56827e-019
79.716  3.56394e-019
80.738  3.55955e-019
81.76  3.55512e-019
82.782  3.55065e-019
83.804  3.54612e-019
84.826  3.54155e-019
85.848  3.53692e-019
86.87  3.53224e-019
87.892  3.5275e-019
88.914  3.52272e-019
89.936  3.51787e-019
90.958  3.51297e-019
91.98  3.50801e-019
93.002  3.50298e-019
94.024  3.4979e-019
95.046  3.49276e-019
96.068  3.48755e-019
97.09  3.48228e-019
98.112  3.47695e-019
99.134  3.47155e-019
100.156  3.46608e-019
101.178  3.46054e-019
102.2  3.45494e-019
103.222  3.44926e-019
104.244  3.44352e-019
105.266  3.4377e-019
106.288  3.43181e-019
107.31  3.42584e-019
108.332  3.41981e-019
109.354  3.41369e-019
110.376  3.4075e-019
111.398  3.40123e-019
112.42  3.39489e-019
113.442  3.38847e-019
114.464  3.38196e-019
115.486  3.37538e-019
116.508  3.36871e-019
117.53  3.36196e-019
118.552  3.35513e-019
119.574  3.34822e-019
120.596  3.34122e-019
121.618  3.33413e-019
122.64  3.32696e-019
123.662  3.3197e-019
124.684  3.31235e-019
125.706  3.30492e-019
126.728  3.29739e-019
127.75  3.28978e-019
128.772  3.28207e-019
129.794  3.27427e-019
130.816  3.26638e-019
131.838  3.2584e-019
132.86  3.25032e-019
133.882  3.24215e-019
134.904  3.23388e-019
135.926  3.22551e-019
136.948  3.21705e-019
137.97  3.20849e-019
138.992  3.19983e-019
140.014  3.19108e-019
141.036  3.18222e-019
142.058  3.17326e-019
143.08  3.1642e-019
144.102  3.15504e-019
145.124  3.14578e-019
146.146  3.13641e-019
147.168  3.12693e-019
148.19  3.11736e-019
149.212  3.10767e-019
150.234  3.09788e-019
151.256  3.08798e-019
152.278  3.07797e-019
153.3  3.06785e-019
154.322  3.05763e-019
155.344  3.04729e-019
156.366  3.03684e-019
157.388  3.02628e-019
158.41  3.0156e-019
159.432  3.00481e-019
160.454  2.99391e-019
161.476  2.98289e-019
162.498  2.97175e-019
163.52  2.96049e-019
164.542  2.94912e-019
165.564  2.93763e-019
166.586  2.92602e-019
167.608  2.91428e-019
168.63  2.90243e-019
169.652  2.89045e-019
170.674  2.87835e-019
171.696  2.86612e-019
172.718  2.85377e-019
173.74  2.84129e-019
174.762  2.82869e-019
175.784  2.81595e-019
176.806  2.80309e-019
177.828  2.7901e-019
178.85  2.77697e-019
179.872  2.76372e-019
180.894  2.75033e-019
181.916  2.7368e-019
182.938  2.72314e-019
183.96  2.70935e-019
184.982  2.69542e-019
186.004  2.68135e-019
187.026  2.66714e-019
188.048  2.65279e-019
189.07  2.6383e-019
190.092  2.62367e-019
191.114  2.60889e-019
192.136  2.59398e-019
193.158  2.57891e-019
194.18  2.5637e-019
195.202  2.54835e-019
196.224  2.53284e-019
197.246  2.51719e-019
198.268  2.50138e-019
199.29  2.48543e-019
200.312  2.46932e-019
201.334  2.45306e-019
202.356  2.43665e-019
203.378  2.42008e-019
204.4  2.40335e-019
205.422  2.38647e-019
206.444  2.36943e-019
207.466  2.35224e-019
208.488  2.33488e-019
209.51  2.31736e-019
210.532  2.29969e-019
211.554  2.28185e-019
212.576  2.26385e-019
213.598  2.24568e-019
214.62  2.22735e-019
215.642  2.20886e-019
216.664  2.1902e-019
217.686  2.17138e-019
218.708  2.15239e-019
219.73  2.13324e-019
220.752  2.11391e-019
221.774  2.09442e-019
222.796  2.07476e-019
223.818  2.05494e-019
224.84  2.03494e-019
225.862  2.01478e-019
226.884  1.99445e-019
227.906  1.97395e-019
228.928  1.95328e-019
229.95  1.93244e-019
230.972  1.91144e-019
231.994  1.89026e-019
233.016  1.86893e-019
234.038  1.84742e-019
235.06  1.82575e-019
236.082  1.80391e-019
237.104  1.78191e-019
238.126  1.75975e-019
239.148  1.73742e-019
240.17  1.71493e-019
241.192  1.69228e-019
242.214  1.66948e-019
243.236  1.64652e-019
244.258  1.6234e-019
245.28  1.60013e-019
246.302  1.57671e-019
247.324  1.55314e-019
248.346  1.52943e-019
249.368  1.50557e-019
250.39  1.48158e-019
251.412  1.45744e-019
252.434  1.43318e-019
253.456  1.40878e-019
254.478  1.38425e-019
255.5  1.35961e-019
256.522  1.33484e-019
257.544  1.30996e-019
258.566  1.28497e-019
259.588  1.25988e-019
260.61  1.23469e-019
261.632  1.2094e-019
262.654  1.18403e-019
263.676  1.15858e-019
264.698  1.13305e-019
265.72  1.10745e-019
266.742  1.0818e-019
267.764  1.05608e-019
268.786  1.03033e-019
269.808  1.00453e-019
270.83  9.78712e-020
271.852  9.5287e-020
272.874  9.27017e-020
273.896  9.01165e-020
274.918  8.75322e-020
275.94  8.495e-020
276.962  8.2371e-020
277.984  7.97964e-020
279.006  7.72274e-020
280.028  7.46652e-020
281.05  7.21113e-020
282.072  6.95668e-020
283.094  6.70334e-020
284.116  6.45125e-020
285.138  6.20056e-020
286.16  5.95143e-020
287.182  5.70404e-020
288.204  5.45855e-020
289.226  5.21514e-020
290.248  4.97401e-020
291.27  4.73534e-020
292.292  4.49934e-020
293.314  4.26621e-020
294.336  4.03617e-020
295.358  3.80945e-020
296.38  3.58627e-020
297.402  3.36687e-020
298.424  3.15151e-020
299.446  2.94043e-020
300.468  2.73391e-020
301.49  2.53222e-020
302.512  2.33563e-020
303.534  2.14445e-020
304.556  1.95898e-020
305.578  1.77952e-020
306.6  1.6064e-020
307.622  1.43996e-020
308.644  1.28053e-020
309.666  1.12848e-020
310.688  9.84156e-021
311.71  8.4795e-021
312.732  7.20246e-021
313.754  6.01445e-021
314.776  4.91959e-021
315.798  3.92214e-021
316.82  3.02647e-021
317.842  2.23709e-021
318.864  1.55863e-021
319.886  9.9586e-022
320.908  5.53679e-022
321.93  2.37108e-022
322.952  5.12845e-023
