1.022  3.04242e-019
2.044  3.04077e-019
3.066  3.03914e-019
4.088  3.03752e-019
5.11  3.03591e-019
6.132  3.03432e-019
7.154  3.03272e-019
8.176  3.03113e-019
9.198  3.02954e-019
10.22  3.02794e-019
11.242  3.02634e-019
12.264  3.02474e-019
13.286  3.02314e-019
14.308  3.02154e-019
15.33  3.01995e-019
16.352  3.01835e-019
17.374  3.01676e-019
18.396  3.01518e-019
19.418  3.01361e-019
20.44  3.01205e-019
21.462  3.0105e-019
22.484  3.00896e-019
23.506  3.00743e-019
24.528  3.00592e-019
25.55  3.00442e-019
26.572  3.00293e-019
27.594  3.00145e-019
28.616  2.99999e-019
29.638  2.99854e-019
30.66  2.9971e-019
31.682  2.99567e-019
32.704  2.99425e-019
33.726  2.99284e-019
34.748  2.99144e-019
35.77  2.99004e-019
36.792  2.98865e-019
37.814  2.98727e-019
38.836  2.98589e-019
39.858  2.98451e-019
40.88  2.98313e-019
41.902  2.98175e-019
42.924  2.98037e-019
43.946  2.97899e-019
44.968  2.9776e-019
45.99  2.97621e-019
47.012  2.97481e-019
48.034  2.9734e-019
49.056  2.97198e-019
50.078  2.97055e-019
51.1  2.9691e-019
52.122  2.96765e-019
53.144  2.96617e-019
54.166  2.96468e-019
55.188  2.96318e-019
56.21  2.96165e-019
57.232  2.9601e-019
58.254  2.95853e-019
59.276  2.95693e-019
60.298  2.95531e-019
61.32  2.95367e-019
62.342  2.95199e-019
63.364  2.95029e-019
64.386  2.94856e-019
65.408  2.9468e-019
66.43  2.945e-019
67.452  2.94317e-019
68.474  2.9413e-019
69.496  2.9394e-019
70.518  2.93746e-019
71.54  2.93548e-019
72.562  2.93347e-019
73.584  2.93141e-019
74.606  2.92931e-019
75.628  2.92716e-019
76.65  2.92498e-019
77.672  2.92274e-019
78.694  2.92046e-019
79.716  2.91814e-019
80.738  2.91576e-019
81.76  2.91334e-019
82.782  2.91086e-019
83.804  2.90834e-019
84.826  2.90576e-019
85.848  2.90312e-019
86.87  2.90044e-019
87.892  2.89769e-019
88.914  2.8949e-019
89.936  2.89204e-019
90.958  2.88913e-019
91.98  2.88615e-019
93.002  2.88312e-019
94.024  2.88003e-019
95.046  2.87687e-019
96.068  2.87365e-019
97.09  2.87037e-019
98.112  2.86703e-019
99.134  2.86362e-019
100.156  2.86014e-019
101.178  2.8566e-019
102.2  2.85299e-019
103.222  2.84931e-019
104.244  2.84556e-019
105.266  2.84174e-019
106.288  2.83786e-019
107.31  2.8339e-019
108.332  2.82987e-019
109.354  2.82576e-019
110.376  2.82159e-019
111.398  2.81734e-019
112.42  2.81301e-019
113.442  2.80861e-019
114.464  2.80413e-019
115.486  2.79958e-019
116.508  2.79495e-019
117.53  2.79024e-019
118.552  2.78545e-019
119.574  2.78058e-019
120.596  2.77563e-019
121.618  2.7706e-019
122.64  2.76548e-019
123.662  2.76029e-019
124.684  2.75501e-019
125.706  2.74965e-019
126.728  2.74421e-019
127.75  2.73868e-019
128.772  2.73306e-019
129.794  2.72736e-019
130.816  2.72157e-019
131.838  2.7157e-019
132.86  2.70973e-019
133.882  2.70368e-019
134.904  2.69754e-019
135.926  2.6913e-019
136.948  2.68498e-019
137.97  2.67857e-019
138.992  2.67206e-019
140.014  2.66546e-019
141.036  2.65877e-019
142.058  2.65199e-019
143.08  2.64511e-019
144.102  2.63813e-019
145.124  2.63106e-019
146.146  2.6239e-019
147.168  2.61663e-019
148.19  2.60927e-019
149.212  2.60181e-019
150.234  2.59425e-019
151.256  2.58659e-019
152.278  2.57884e-019
153.3  2.57098e-019
154.322  2.56302e-019
155.344  2.55495e-019
156.366  2.54679e-019
157.388  2.53851e-019
158.41  2.53014e-019
159.432  2.52166e-019
160.454  2.51307e-019
161.476  2.50438e-019
162.498  2.49558e-019
163.52  2.48668e-019
164.542  2.47766e-019
165.564  2.46853e-019
166.586  2.4593e-019
167.608  2.44995e-019
168.63  2.44049e-019
169.652  2.43092e-019
170.674  2.42124e-019
171.696  2.41144e-019
172.718  2.40153e-019
173.74  2.3915e-019
174.762  2.38135e-019
175.784  2.37109e-019
176.806  2.36071e-019
177.828  2.35021e-019
178.85  2.33959e-019
179.872  2.32886e-019
180.894  2.318e-019
181.916  2.30701e-019
182.938  2.29591e-019
183.96  2.28468e-019
184.982  2.27333e-019
186.004  2.26185e-019
187.026  2.25025e-019
188.048  2.23851e-019
189.07  2.22665e-019
190.092  2.21467e-019
191.114  2.20255e-019
192.136  2.1903e-019
193.158  2.17792e-019
194.18  2.16541e-019
195.202  2.15276e-019
196.224  2.13999e-019
197.246  2.12707e-019
198.268  2.11403e-019
199.29  2.10084e-019
200.312  2.08752e-019
201.334  2.07406e-019
202.356  2.06046e-019
203.378  2.04673e-019
204.4  2.03285e-019
205.422  2.01883e-019
206.444  2.00467e-019
207.466  1.99037e-019
208.488  1.97593e-019
209.51  1.96134e-019
210.532  1.94661e-019
211.554  1.93173e-019
212.576  1.91671e-019
213.598  1.90154e-019
214.62  1.88623e-019
215.642  1.87077e-019
216.664  1.85516e-019
217.686  1.8394e-019
218.708  1.82349e-019
219.73  1.80744e-019
220.752  1.79124e-019
221.774  1.77489e-019
222.796  1.75839e-019
223.818  1.74174e-019
224.84  1.72494e-019
225.862  1.70799e-019
226.884  1.69089e-019
227.906  1.67364e-019
228.928  1.65624e-019
229.95  1.63869e-019
230.972  1.621e-019
231.994  1.60315e-019
233.016  1.58516e-019
234.038  1.56702e-019
235.06  1.54874e-019
236.082  1.5303e-019
237.104  1.51173e-019
238.126  1.493e-019
239.148  1.47414e-019
240.17  1.45513e-019
241.192  1.43599e-019
242.214  1.4167e-019
243.236  1.39727e-019
244.258  1.37771e-019
245.28  1.35802e-019
246.302  1.33819e-019
247.324  1.31823e-019
248.346  1.29815e-019
249.368  1.27794e-019
250.39  1.2576e-019
251.412  1.23715e-019
252.434  1.21658e-019
253.456  1.19589e-019
254.478  1.17509e-019
255.5  1.15419e-019
256.522  1.13318e-019
257.544  1.11207e-019
258.566  1.09087e-019
259.588  1.06958e-019
260.61  1.0482e-019
261.632  1.02673e-019
262.654  1.00519e-019
263.676  9.83582e-020
264.698  9.61906e-020
265.72  9.4017e-020
266.742  9.18381e-020
267.764  8.96544e-020
268.786  8.74668e-020
269.808  8.52759e-020
270.83  8.30824e-020
271.852  8.08872e-020
272.874  7.8691e-020
273.896  7.64947e-020
274.918  7.42992e-020
275.94  7.21055e-020
276.962  6.99144e-020
277.984  6.77271e-020
279.006  6.55445e-020
280.028  6.33677e-020
281.05  6.11979e-020
282.072  5.90363e-020
283.094  5.6884e-020
284.116  5.47424e-020
285.138  5.26128e-020
286.16  5.04966e-020
287.182  4.83952e-020
288.204  4.631e-020
289.226  4.42427e-020
290.248  4.21948e-020
291.27  4.01679e-020
292.292  3.81638e-020
293.314  3.61842e-020
294.336  3.42311e-020
295.358  3.23062e-020
296.38  3.04115e-020
297.402  2.85492e-020
298.424  2.67212e-020
299.446  2.49298e-020
300.468  2.31772e-020
301.49  2.14657e-020
302.512  1.97978e-020
303.534  1.81759e-020
304.556  1.66026e-020
305.578  1.50804e-020
306.6  1.36123e-020
307.622  1.22009e-020
308.644  1.08491e-020
309.666  9.56004e-021
310.688  8.33669e-021
311.71  7.18227e-021
312.732  6.10005e-021
313.754  5.09341e-021
314.776  4.16583e-021
315.798  3.3209e-021
316.82  2.56228e-021
317.842  1.89379e-021
318.864  1.31932e-021
319.886  8.42873e-022
320.908  4.68574e-022
321.93  2.00642e-022
322.952  4.33928e-023
