1.022  1.82882e-019
2.044  1.83116e-019
3.066  1.83348e-019
4.088  1.83579e-019
5.11  1.83808e-019
6.132  1.84036e-019
7.154  1.84261e-019
8.176  1.84485e-019
9.198  1.84706e-019
10.22  1.84925e-019
11.242  1.85141e-019
12.264  1.85355e-019
13.286  1.85566e-019
14.308  1.85776e-019
15.33  1.85983e-019
16.352  1.86189e-019
17.374  1.86392e-019
18.396  1.86594e-019
19.418  1.86795e-019
20.44  1.86993e-019
21.462  1.8719e-019
22.484  1.87386e-019
23.506  1.8758e-019
24.528  1.87773e-019
25.55  1.87965e-019
26.572  1.88156e-019
27.594  1.88345e-019
28.616  1.88532e-019
29.638  1.88719e-019
30.66  1.88904e-019
31.682  1.89088e-019
32.704  1.8927e-019
33.726  1.8945e-019
34.748  1.8963e-019
35.77  1.89807e-019
36.792  1.89983e-019
37.814  1.90158e-019
38.836  1.9033e-019
39.858  1.90501e-019
40.88  1.90669e-019
41.902  1.90836e-019
42.924  1.91001e-019
43.946  1.91163e-019
44.968  1.91324e-019
45.99  1.91482e-019
47.012  1.91637e-019
48.034  1.9179e-019
49.056  1.91941e-019
50.078  1.92089e-019
51.1  1.92234e-019
52.122  1.92377e-019
53.144  1.92516e-019
54.166  1.92653e-019
55.188  1.92786e-019
56.21  1.92917e-019
57.232  1.93044e-019
58.254  1.93168e-019
59.276  1.93288e-019
60.298  1.93406e-019
61.32  1.93519e-019
62.342  1.93629e-019
63.364  1.93735e-019
64.386  1.93838e-019
65.408  1.93937e-019
66.43  1.94031e-019
67.452  1.94122e-019
68.474  1.94209e-019
69.496  1.94291e-019
70.518  1.9437e-019
71.54  1.94444e-019
72.562  1.94514e-019
73.584  1.94579e-019
74.606  1.9464e-019
75.628  1.94696e-019
76.65  1.94747e-019
77.672  1.94794e-019
78.694  1.94836e-019
79.716  1.94873e-019
80.738  1.94905e-019
81.76  1.94933e-019
82.782  1.94955e-019
83.804  1.94972e-019
84.826  1.94984e-019
85.848  1.9499e-019
86.87  1.94992e-019
87.892  1.94988e-019
88.914  1.94978e-019
89.936  1.94963e-019
90.958  1.94943e-019
91.98  1.94917e-019
93.002  1.94885e-019
94.024  1.94848e-019
95.046  1.94805e-019
96.068  1.94755e-019
97.09  1.94701e-019
98.112  1.9464e-019
99.134  1.94573e-019
100.156  1.945e-019
101.178  1.94421e-019
102.2  1.94335e-019
103.222  1.94244e-019
104.244  1.94146e-019
105.266  1.94042e-019
106.288  1.93932e-019
107.31  1.93815e-019
108.332  1.93692e-019
109.354  1.93562e-019
110.376  1.93425e-019
111.398  1.93282e-019
112.42  1.93133e-019
113.442  1.92976e-019
114.464  1.92813e-019
115.486  1.92643e-019
116.508  1.92466e-019
117.53  1.92282e-019
118.552  1.92092e-019
119.574  1.91894e-019
120.596  1.91689e-019
121.618  1.91477e-019
122.64  1.91258e-019
123.662  1.91032e-019
124.684  1.90798e-019
125.706  1.90558e-019
126.728  1.90309e-019
127.75  1.90054e-019
128.772  1.89791e-019
129.794  1.8952e-019
130.816  1.89243e-019
131.838  1.88957e-019
132.86  1.88664e-019
133.882  1.88363e-019
134.904  1.88055e-019
135.926  1.87738e-019
136.948  1.87414e-019
137.97  1.87082e-019
138.992  1.86743e-019
140.014  1.86395e-019
141.036  1.86039e-019
142.058  1.85675e-019
143.08  1.85304e-019
144.102  1.84924e-019
145.124  1.84536e-019
146.146  1.84139e-019
147.168  1.83735e-019
148.19  1.83322e-019
149.212  1.829e-019
150.234  1.82471e-019
151.256  1.82032e-019
152.278  1.81586e-019
153.3  1.8113e-019
154.322  1.80666e-019
155.344  1.80194e-019
156.366  1.79713e-019
157.388  1.79223e-019
158.41  1.78724e-019
159.432  1.78216e-019
160.454  1.77699e-019
161.476  1.77173e-019
162.498  1.76639e-019
163.52  1.76095e-019
164.542  1.75542e-019
165.564  1.7498e-019
166.586  1.74408e-019
167.608  1.73827e-019
168.63  1.73237e-019
169.652  1.72638e-019
170.674  1.72029e-019
171.696  1.7141e-019
172.718  1.70782e-019
173.74  1.70144e-019
174.762  1.69497e-019
175.784  1.68839e-019
176.806  1.68172e-019
177.828  1.67495e-019
178.85  1.66808e-019
179.872  1.66111e-019
180.894  1.65404e-019
181.916  1.64687e-019
182.938  1.63959e-019
183.96  1.63222e-019
184.982  1.62474e-019
186.004  1.61715e-019
187.026  1.60947e-019
188.048  1.60167e-019
189.07  1.59378e-019
190.092  1.58577e-019
191.114  1.57766e-019
192.136  1.56944e-019
193.158  1.56112e-019
194.18  1.55268e-019
195.202  1.54414e-019
196.224  1.53549e-019
197.246  1.52672e-019
198.268  1.51785e-019
199.29  1.50886e-019
200.312  1.49977e-019
201.334  1.49056e-019
202.356  1.48124e-019
203.378  1.4718e-019
204.4  1.46225e-019
205.422  1.45259e-019
206.444  1.44281e-019
207.466  1.43291e-019
208.488  1.4229e-019
209.51  1.41278e-019
210.532  1.40254e-019
211.554  1.39218e-019
212.576  1.3817e-019
213.598  1.3711e-019
214.62  1.36039e-019
215.642  1.34956e-019
216.664  1.33861e-019
217.686  1.32755e-019
218.708  1.31636e-019
219.73  1.30505e-019
220.752  1.29363e-019
221.774  1.28209e-019
222.796  1.27042e-019
223.818  1.25864e-019
224.84  1.24674e-019
225.862  1.23472e-019
226.884  1.22258e-019
227.906  1.21032e-019
228.928  1.19795e-019
229.95  1.18545e-019
230.972  1.17284e-019
231.994  1.16011e-019
233.016  1.14726e-019
234.038  1.1343e-019
235.06  1.12122e-019
236.082  1.10803e-019
237.104  1.09472e-019
238.126  1.0813e-019
239.148  1.06776e-019
240.17  1.05412e-019
241.192  1.04036e-019
242.214  1.0265e-019
243.236  1.01252e-019
244.258  9.98445e-020
245.28  9.84261e-020
246.302  9.69973e-020
247.324  9.55584e-020
248.346  9.41095e-020
249.368  9.26509e-020
250.39  9.11826e-020
251.412  8.9705e-020
252.434  8.82183e-020
253.456  8.67227e-020
254.478  8.52185e-020
255.5  8.37059e-020
256.522  8.21853e-020
257.544  8.0657e-020
258.566  7.91213e-020
259.588  7.75785e-020
260.61  7.60289e-020
261.632  7.44731e-020
262.654  7.29113e-020
263.676  7.1344e-020
264.698  6.97716e-020
265.72  6.81945e-020
266.742  6.66133e-020
267.764  6.50285e-020
268.786  6.34405e-020
269.808  6.18498e-020
270.83  6.02572e-020
271.852  5.86631e-020
272.874  5.70681e-020
273.896  5.5473e-020
274.918  5.38783e-020
275.94  5.22849e-020
276.962  5.06933e-020
277.984  4.91043e-020
279.006  4.75188e-020
280.028  4.59375e-020
281.05  4.43614e-020
282.072  4.27911e-020
283.094  4.12278e-020
284.116  3.96723e-020
285.138  3.81255e-020
286.16  3.65886e-020
287.182  3.50626e-020
288.204  3.35485e-020
289.226  3.20474e-020
290.248  3.05607e-020
291.27  2.90894e-020
292.292  2.76348e-020
293.314  2.61982e-020
294.336  2.4781e-020
295.358  2.33845e-020
296.38  2.20102e-020
297.402  2.06595e-020
298.424  1.9334e-020
299.446  1.80353e-020
300.468  1.67649e-020
301.49  1.55246e-020
302.512  1.43162e-020
303.534  1.31413e-020
304.556  1.20018e-020
305.578  1.08997e-020
306.6  9.83692e-021
307.622  8.81547e-021
308.644  7.83743e-021
309.666  6.90497e-021
310.688  6.0203e-021
311.71  5.18569e-021
312.732  4.4035e-021
313.754  3.67614e-021
314.776  3.00609e-021
315.798  2.39591e-021
316.82  1.84823e-021
317.842  1.36576e-021
318.864  9.51268e-022
319.886  6.07611e-022
320.908  3.37715e-022
321.93  1.44578e-022
322.952  3.12612e-023
