1.022  6.177e-021
2.044  6.2501e-021
3.066  6.32605e-021
4.088  6.40479e-021
5.11  6.48625e-021
6.132  6.57039e-021
7.154  6.65714e-021
8.176  6.74644e-021
9.198  6.83824e-021
10.22  6.93248e-021
11.242  7.02912e-021
12.264  7.1281e-021
13.286  7.22937e-021
14.308  7.33289e-021
15.33  7.43862e-021
16.352  7.54651e-021
17.374  7.65652e-021
18.396  7.7686e-021
19.418  7.8827e-021
20.44  7.9988e-021
21.462  8.11683e-021
22.484  8.23677e-021
23.506  8.35856e-021
24.528  8.48216e-021
25.55  8.60754e-021
26.572  8.73464e-021
27.594  8.86342e-021
28.616  8.99384e-021
29.638  9.12587e-021
30.66  9.25944e-021
31.682  9.39453e-021
32.704  9.53108e-021
33.726  9.66906e-021
34.748  9.80842e-021
35.77  9.94912e-021
36.792  1.00911e-020
37.814  1.02344e-020
38.836  1.03788e-020
39.858  1.05245e-020
40.88  1.06712e-020
41.902  1.08191e-020
42.924  1.09679e-020
43.946  1.11178e-020
44.968  1.12687e-020
45.99  1.14205e-020
47.012  1.15731e-020
48.034  1.17266e-020
49.056  1.18809e-020
50.078  1.20359e-020
51.1  1.21917e-020
52.122  1.23481e-020
53.144  1.25052e-020
54.166  1.26629e-020
55.188  1.28211e-020
56.21  1.29799e-020
57.232  1.31391e-020
58.254  1.32988e-020
59.276  1.34589e-020
60.298  1.36193e-020
61.32  1.37801e-020
62.342  1.39411e-020
63.364  1.41025e-020
64.386  1.4264e-020
65.408  1.44257e-020
66.43  1.45876e-020
67.452  1.47495e-020
68.474  1.49115e-020
69.496  1.50736e-020
70.518  1.52357e-020
71.54  1.53977e-020
72.562  1.55596e-020
73.584  1.57215e-020
74.606  1.58831e-020
75.628  1.60446e-020
76.65  1.62059e-020
77.672  1.6367e-020
78.694  1.65277e-020
79.716  1.66882e-020
80.738  1.68483e-020
81.76  1.70079e-020
82.782  1.71672e-020
83.804  1.73261e-020
84.826  1.74844e-020
85.848  1.76422e-020
86.87  1.77995e-020
87.892  1.79562e-020
88.914  1.81122e-020
89.936  1.82676e-020
90.958  1.84224e-020
91.98  1.85764e-020
93.002  1.87296e-020
94.024  1.88821e-020
95.046  1.90338e-020
96.068  1.91846e-020
97.09  1.93346e-020
98.112  1.94836e-020
99.134  1.96317e-020
100.156  1.97789e-020
101.178  1.99251e-020
102.2  2.00702e-020
103.222  2.02142e-020
104.244  2.03572e-020
105.266  2.04991e-020
106.288  2.06398e-020
107.31  2.07793e-020
108.332  2.09176e-020
109.354  2.10546e-020
110.376  2.11904e-020
111.398  2.13249e-020
112.42  2.14581e-020
113.442  2.15899e-020
114.464  2.17203e-020
115.486  2.18493e-020
116.508  2.19768e-020
117.53  2.21029e-020
118.552  2.22274e-020
119.574  2.23504e-020
120.596  2.24719e-020
121.618  2.25917e-020
122.64  2.271e-020
123.662  2.28265e-020
124.684  2.29414e-020
125.706  2.30546e-020
126.728  2.3166e-020
127.75  2.32757e-020
128.772  2.33836e-020
129.794  2.34896e-020
130.816  2.35938e-020
131.838  2.36961e-020
132.86  2.37965e-020
133.882  2.38949e-020
134.904  2.39914e-020
135.926  2.40859e-020
136.948  2.41784e-020
137.97  2.42688e-020
138.992  2.43571e-020
140.014  2.44433e-020
141.036  2.45274e-020
142.058  2.46093e-020
143.08  2.4689e-020
144.102  2.47665e-020
145.124  2.48418e-020
146.146  2.49148e-020
147.168  2.49854e-020
148.19  2.50538e-020
149.212  2.51197e-020
150.234  2.51833e-020
151.256  2.52445e-020
152.278  2.53033e-020
153.3  2.53595e-020
154.322  2.54133e-020
155.344  2.54646e-020
156.366  2.55133e-020
157.388  2.55594e-020
158.41  2.56029e-020
159.432  2.56438e-020
160.454  2.56821e-020
161.476  2.57176e-020
162.498  2.57505e-020
163.52  2.57806e-020
164.542  2.5808e-020
165.564  2.58325e-020
166.586  2.58543e-020
167.608  2.58732e-020
168.63  2.58893e-020
169.652  2.59025e-020
170.674  2.59128e-020
171.696  2.59201e-020
172.718  2.59245e-020
173.74  2.59259e-020
174.762  2.59242e-020
175.784  2.59196e-020
176.806  2.59119e-020
177.828  2.59011e-020
178.85  2.58872e-020
179.872  2.58702e-020
180.894  2.585e-020
181.916  2.58267e-020
182.938  2.58002e-020
183.96  2.57705e-020
184.982  2.57375e-020
186.004  2.57013e-020
187.026  2.56618e-020
188.048  2.56191e-020
189.07  2.5573e-020
190.092  2.55236e-020
191.114  2.54708e-020
192.136  2.54147e-020
193.158  2.53552e-020
194.18  2.52923e-020
195.202  2.52259e-020
196.224  2.51562e-020
197.246  2.50829e-020
198.268  2.50063e-020
199.29  2.49261e-020
200.312  2.48425e-020
201.334  2.47553e-020
202.356  2.46646e-020
203.378  2.45704e-020
204.4  2.44727e-020
205.422  2.43714e-020
206.444  2.42666e-020
207.466  2.41582e-020
208.488  2.40462e-020
209.51  2.39307e-020
210.532  2.38115e-020
211.554  2.36888e-020
212.576  2.35625e-020
213.598  2.34326e-020
214.62  2.32991e-020
215.642  2.3162e-020
216.664  2.30213e-020
217.686  2.2877e-020
218.708  2.27291e-020
219.73  2.25776e-020
220.752  2.24225e-020
221.774  2.22638e-020
222.796  2.21016e-020
223.818  2.19358e-020
224.84  2.17665e-020
225.862  2.15936e-020
226.884  2.14172e-020
227.906  2.12373e-020
228.928  2.10539e-020
229.95  2.0867e-020
230.972  2.06766e-020
231.994  2.04828e-020
233.016  2.02856e-020
234.038  2.0085e-020
235.06  1.9881e-020
236.082  1.96737e-020
237.104  1.94631e-020
238.126  1.92492e-020
239.148  1.9032e-020
240.17  1.88117e-020
241.192  1.85882e-020
242.214  1.83615e-020
243.236  1.81318e-020
244.258  1.7899e-020
245.28  1.76633e-020
246.302  1.74246e-020
247.324  1.7183e-020
248.346  1.69385e-020
249.368  1.66913e-020
250.39  1.64414e-020
251.412  1.61888e-020
252.434  1.59336e-020
253.456  1.56758e-020
254.478  1.54157e-020
255.5  1.51531e-020
256.522  1.48883e-020
257.544  1.46212e-020
258.566  1.4352e-020
259.588  1.40807e-020
260.61  1.38075e-020
261.632  1.35324e-020
262.654  1.32555e-020
263.676  1.2977e-020
264.698  1.26969e-020
265.72  1.24153e-020
266.742  1.21324e-020
267.764  1.18483e-020
268.786  1.1563e-020
269.808  1.12768e-020
270.83  1.09897e-020
271.852  1.07019e-020
272.874  1.04135e-020
273.896  1.01247e-020
274.918  9.83559e-021
275.94  9.54634e-021
276.962  9.2571e-021
277.984  8.96803e-021
279.006  8.67931e-021
280.028  8.39111e-021
281.05  8.1036e-021
282.072  7.81697e-021
283.094  7.5314e-021
284.116  7.2471e-021
285.138  6.96425e-021
286.16  6.68308e-021
287.182  6.40378e-021
288.204  6.12659e-021
289.226  5.85171e-021
290.248  5.5794e-021
291.27  5.30988e-021
292.292  5.04339e-021
293.314  4.78021e-021
294.336  4.52057e-021
295.358  4.26475e-021
296.38  4.01303e-021
297.402  3.76568e-021
298.424  3.52299e-021
299.446  3.28527e-021
300.468  3.05282e-021
301.49  2.82595e-021
302.512  2.60499e-021
303.534  2.39026e-021
304.556  2.18211e-021
305.578  1.98088e-021
306.6  1.78694e-021
307.622  1.60065e-021
308.644  1.4224e-021
309.666  1.25255e-021
310.688  1.09153e-021
311.71  9.39719e-022
312.732  7.97551e-022
313.754  6.65449e-022
314.776  5.43854e-022
315.798  4.33214e-022
316.82  3.33991e-022
317.842  2.46657e-022
318.864  1.71695e-022
319.886  1.096e-022
320.908  6.08784e-023
321.93  2.60457e-023
322.952  5.62801e-024
