1.022  1.24802e-019
2.044  1.24148e-019
3.066  1.235e-019
4.088  1.22858e-019
5.11  1.22222e-019
6.132  1.21592e-019
7.154  1.20967e-019
8.176  1.20348e-019
9.198  1.19733e-019
10.22  1.19124e-019
11.242  1.1852e-019
12.264  1.1792e-019
13.286  1.17326e-019
14.308  1.16737e-019
15.33  1.16152e-019
16.352  1.15573e-019
17.374  1.14999e-019
18.396  1.1443e-019
19.418  1.13867e-019
20.44  1.13308e-019
21.462  1.12755e-019
22.484  1.12207e-019
23.506  1.11664e-019
24.528  1.11126e-019
25.55  1.10593e-019
26.572  1.10065e-019
27.594  1.09542e-019
28.616  1.09024e-019
29.638  1.08511e-019
30.66  1.08002e-019
31.682  1.07499e-019
32.704  1.07e-019
33.726  1.06505e-019
34.748  1.06015e-019
35.77  1.0553e-019
36.792  1.05049e-019
37.814  1.04572e-019
38.836  1.041e-019
39.858  1.03631e-019
40.88  1.03167e-019
41.902  1.02706e-019
42.924  1.0225e-019
43.946  1.01797e-019
44.968  1.01348e-019
45.99  1.00903e-019
47.012  1.00461e-019
48.034  1.00022e-019
49.056  9.95874e-020
50.078  9.91557e-020
51.1  9.87273e-020
52.122  9.83021e-020
53.144  9.78799e-020
54.166  9.74608e-020
55.188  9.70446e-020
56.21  9.66313e-020
57.232  9.62208e-020
58.254  9.5813e-020
59.276  9.54079e-020
60.298  9.50053e-020
61.32  9.46053e-020
62.342  9.42078e-020
63.364  9.38126e-020
64.386  9.34198e-020
65.408  9.30292e-020
66.43  9.26408e-020
67.452  9.22546e-020
68.474  9.18704e-020
69.496  9.14882e-020
70.518  9.11081e-020
71.54  9.07298e-020
72.562  9.03533e-020
73.584  8.99787e-020
74.606  8.96058e-020
75.628  8.92346e-020
76.65  8.8865e-020
77.672  8.8497e-020
78.694  8.81305e-020
79.716  8.77654e-020
80.738  8.74019e-020
81.76  8.70396e-020
82.782  8.66788e-020
83.804  8.63192e-020
84.826  8.59608e-020
85.848  8.56036e-020
86.87  8.52476e-020
87.892  8.48927e-020
88.914  8.45389e-020
89.936  8.4186e-020
90.958  8.38342e-020
91.98  8.34832e-020
93.002  8.31332e-020
94.024  8.27841e-020
95.046  8.24357e-020
96.068  8.20881e-020
97.09  8.17413e-020
98.112  8.13952e-020
99.134  8.10497e-020
100.156  8.07049e-020
101.178  8.03607e-020
102.2  8.0017e-020
103.222  7.96739e-020
104.244  7.93313e-020
105.266  7.89891e-020
106.288  7.86473e-020
107.31  7.8306e-020
108.332  7.7965e-020
109.354  7.76244e-020
110.376  7.72841e-020
111.398  7.6944e-020
112.42  7.66042e-020
113.442  7.62647e-020
114.464  7.59253e-020
115.486  7.55861e-020
116.508  7.5247e-020
117.53  7.4908e-020
118.552  7.45691e-020
119.574  7.42303e-020
120.596  7.38915e-020
121.618  7.35527e-020
122.64  7.32139e-020
123.662  7.28751e-020
124.684  7.25362e-020
125.706  7.21972e-020
126.728  7.1858e-020
127.75  7.15188e-020
128.772  7.11794e-020
129.794  7.08398e-020
130.816  7.05e-020
131.838  7.016e-020
132.86  6.98198e-020
133.882  6.94793e-020
134.904  6.91385e-020
135.926  6.87974e-020
136.948  6.84559e-020
137.97  6.81142e-020
138.992  6.7772e-020
140.014  6.74295e-020
141.036  6.70866e-020
142.058  6.67432e-020
143.08  6.63994e-020
144.102  6.60552e-020
145.124  6.57105e-020
146.146  6.53653e-020
147.168  6.50196e-020
148.19  6.46733e-020
149.212  6.43265e-020
150.234  6.39792e-020
151.256  6.36312e-020
152.278  6.32827e-020
153.3  6.29336e-020
154.322  6.25838e-020
155.344  6.22334e-020
156.366  6.18823e-020
157.388  6.15306e-020
158.41  6.11782e-020
159.432  6.0825e-020
160.454  6.04712e-020
161.476  6.01166e-020
162.498  5.97613e-020
163.52  5.94052e-020
164.542  5.90483e-020
165.564  5.86906e-020
166.586  5.83321e-020
167.608  5.79728e-020
168.63  5.76127e-020
169.652  5.72517e-020
170.674  5.68898e-020
171.696  5.65271e-020
172.718  5.61635e-020
173.74  5.57989e-020
174.762  5.54335e-020
175.784  5.50671e-020
176.806  5.46998e-020
177.828  5.43315e-020
178.85  5.39622e-020
179.872  5.3592e-020
180.894  5.32208e-020
181.916  5.28485e-020
182.938  5.24753e-020
183.96  5.2101e-020
184.982  5.17256e-020
186.004  5.13492e-020
187.026  5.09717e-020
188.048  5.05932e-020
189.07  5.02135e-020
190.092  4.98328e-020
191.114  4.94509e-020
192.136  4.90679e-020
193.158  4.86837e-020
194.18  4.82985e-020
195.202  4.7912e-020
196.224  4.75244e-020
197.246  4.71356e-020
198.268  4.67456e-020
199.29  4.63544e-020
200.312  4.5962e-020
201.334  4.55683e-020
202.356  4.51735e-020
203.378  4.47774e-020
204.4  4.438e-020
205.422  4.39814e-020
206.444  4.35816e-020
207.466  4.31804e-020
208.488  4.2778e-020
209.51  4.23744e-020
210.532  4.19694e-020
211.554  4.15631e-020
212.576  4.11556e-020
213.598  4.07467e-020
214.62  4.03365e-020
215.642  3.99251e-020
216.664  3.95123e-020
217.686  3.90982e-020
218.708  3.86828e-020
219.73  3.82661e-020
220.752  3.7848e-020
221.774  3.74287e-020
222.796  3.7008e-020
223.818  3.6586e-020
224.84  3.61628e-020
225.862  3.57382e-020
226.884  3.53123e-020
227.906  3.48852e-020
228.928  3.44568e-020
229.95  3.40271e-020
230.972  3.35962e-020
231.994  3.3164e-020
233.016  3.27305e-020
234.038  3.22959e-020
235.06  3.18601e-020
236.082  3.14231e-020
237.104  3.09849e-020
238.126  3.05455e-020
239.148  3.01051e-020
240.17  2.96636e-020
241.192  2.9221e-020
242.214  2.87773e-020
243.236  2.83327e-020
244.258  2.78871e-020
245.28  2.74405e-020
246.302  2.69931e-020
247.324  2.65447e-020
248.346  2.60956e-020
249.368  2.56457e-020
250.39  2.5195e-020
251.412  2.47437e-020
252.434  2.42918e-020
253.456  2.38393e-020
254.478  2.33863e-020
255.5  2.29328e-020
256.522  2.2479e-020
257.544  2.20249e-020
258.566  2.15705e-020
259.588  2.1116e-020
260.61  2.06615e-020
261.632  2.02069e-020
262.654  1.97524e-020
263.676  1.92982e-020
264.698  1.88442e-020
265.72  1.83907e-020
266.742  1.79376e-020
267.764  1.74852e-020
268.786  1.70335e-020
269.808  1.65826e-020
270.83  1.61328e-020
271.852  1.56841e-020
272.874  1.52366e-020
273.896  1.47906e-020
274.918  1.43461e-020
275.94  1.39034e-020
276.962  1.34625e-020
277.984  1.30237e-020
279.006  1.25872e-020
280.028  1.21531e-020
281.05  1.17215e-020
282.072  1.12929e-020
283.094  1.08672e-020
284.116  1.04448e-020
285.138  1.00259e-020
286.16  9.61069e-021
287.182  9.19943e-021
288.204  8.79238e-021
289.226  8.3898e-021
290.248  7.99195e-021
291.27  7.59913e-021
292.292  7.21163e-021
293.314  6.82974e-021
294.336  6.45377e-021
295.358  6.08406e-021
296.38  5.72094e-021
297.402  5.36475e-021
298.424  5.01586e-021
299.446  4.67463e-021
300.468  4.34145e-021
301.49  4.01671e-021
302.512  3.70083e-021
303.534  3.39423e-021
304.556  3.09735e-021
305.578  2.81064e-021
306.6  2.53456e-021
307.622  2.26961e-021
308.644  2.01627e-021
309.666  1.77506e-021
310.688  1.54651e-021
311.71  1.33117e-021
312.732  1.12959e-021
313.754  9.4237e-022
314.776  7.70095e-022
315.798  6.13385e-022
316.82  4.72876e-022
317.842  3.4922e-022
318.864  2.43092e-022
319.886  1.55183e-022
320.908  8.62034e-023
321.93  3.68842e-023
322.952  7.97099e-024
