1.022  1.08363e-020
2.044  1.09886e-020
3.066  1.11402e-020
4.088  1.12911e-020
5.11  1.14414e-020
6.132  1.1591e-020
7.154  1.17399e-020
8.176  1.18881e-020
9.198  1.20357e-020
10.22  1.21825e-020
11.242  1.23286e-020
12.264  1.24741e-020
13.286  1.26189e-020
14.308  1.27629e-020
15.33  1.29064e-020
16.352  1.30491e-020
17.374  1.31913e-020
18.396  1.33328e-020
19.418  1.34737e-020
20.44  1.3614e-020
21.462  1.37537e-020
22.484  1.38928e-020
23.506  1.40313e-020
24.528  1.41692e-020
25.55  1.43066e-020
26.572  1.44434e-020
27.594  1.45797e-020
28.616  1.47154e-020
29.638  1.48506e-020
30.66  1.49852e-020
31.682  1.51193e-020
32.704  1.52528e-020
33.726  1.53858e-020
34.748  1.55183e-020
35.77  1.56502e-020
36.792  1.57816e-020
37.814  1.59124e-020
38.836  1.60427e-020
39.858  1.61725e-020
40.88  1.63017e-020
41.902  1.64303e-020
42.924  1.65584e-020
43.946  1.6686e-020
44.968  1.68129e-020
45.99  1.69394e-020
47.012  1.70652e-020
48.034  1.71905e-020
49.056  1.73152e-020
50.078  1.74394e-020
51.1  1.75629e-020
52.122  1.76859e-020
53.144  1.78083e-020
54.166  1.793e-020
55.188  1.80512e-020
56.21  1.81718e-020
57.232  1.82918e-020
58.254  1.84111e-020
59.276  1.85298e-020
60.298  1.86479e-020
61.32  1.87654e-020
62.342  1.88822e-020
63.364  1.89984e-020
64.386  1.91139e-020
65.408  1.92287e-020
66.43  1.93429e-020
67.452  1.94565e-020
68.474  1.95693e-020
69.496  1.96815e-020
70.518  1.9793e-020
71.54  1.99038e-020
72.562  2.00139e-020
73.584  2.01233e-020
74.606  2.0232e-020
75.628  2.034e-020
76.65  2.04473e-020
77.672  2.05538e-020
78.694  2.06596e-020
79.716  2.07647e-020
80.738  2.0869e-020
81.76  2.09726e-020
82.782  2.10754e-020
83.804  2.11774e-020
84.826  2.12787e-020
85.848  2.13792e-020
86.87  2.1479e-020
87.892  2.15779e-020
88.914  2.16761e-020
89.936  2.17734e-020
90.958  2.187e-020
91.98  2.19657e-020
93.002  2.20606e-020
94.024  2.21547e-020
95.046  2.2248e-020
96.068  2.23404e-020
97.09  2.24321e-020
98.112  2.25228e-020
99.134  2.26127e-020
100.156  2.27018e-020
101.178  2.27899e-020
102.2  2.28773e-020
103.222  2.29637e-020
104.244  2.30493e-020
105.266  2.31339e-020
106.288  2.32177e-020
107.31  2.33006e-020
108.332  2.33825e-020
109.354  2.34636e-020
110.376  2.35437e-020
111.398  2.36229e-020
112.42  2.37012e-020
113.442  2.37785e-020
114.464  2.38549e-020
115.486  2.39304e-020
116.508  2.40048e-020
117.53  2.40783e-020
118.552  2.41508e-020
119.574  2.42224e-020
120.596  2.42929e-020
121.618  2.43625e-020
122.64  2.4431e-020
123.662  2.44986e-020
124.684  2.45651e-020
125.706  2.46306e-020
126.728  2.4695e-020
127.75  2.47584e-020
128.772  2.48207e-020
129.794  2.4882e-020
130.816  2.49422e-020
131.838  2.50013e-020
132.86  2.50594e-020
133.882  2.51163e-020
134.904  2.51721e-020
135.926  2.52268e-020
136.948  2.52803e-020
137.97  2.53327e-020
138.992  2.5384e-020
140.014  2.5434e-020
141.036  2.54829e-020
142.058  2.55306e-020
143.08  2.55771e-020
144.102  2.56224e-020
145.124  2.56665e-020
146.146  2.57093e-020
147.168  2.57508e-020
148.19  2.57911e-020
149.212  2.58301e-020
150.234  2.58678e-020
151.256  2.59042e-020
152.278  2.59392e-020
153.3  2.59729e-020
154.322  2.60052e-020
155.344  2.60362e-020
156.366  2.60657e-020
157.388  2.60939e-020
158.41  2.61206e-020
159.432  2.61458e-020
160.454  2.61696e-020
161.476  2.61919e-020
162.498  2.62126e-020
163.52  2.62319e-020
164.542  2.62495e-020
165.564  2.62656e-020
166.586  2.62802e-020
167.608  2.6293e-020
168.63  2.63043e-020
169.652  2.63139e-020
170.674  2.63217e-020
171.696  2.63279e-020
172.718  2.63323e-020
173.74  2.6335e-020
174.762  2.63358e-020
175.784  2.63349e-020
176.806  2.63321e-020
177.828  2.63274e-020
178.85  2.63208e-020
179.872  2.63123e-020
180.894  2.63018e-020
181.916  2.62893e-020
182.938  2.62748e-020
183.96  2.62582e-020
184.982  2.62396e-020
186.004  2.62188e-020
187.026  2.61959e-020
188.048  2.61707e-020
189.07  2.61434e-020
190.092  2.61138e-020
191.114  2.60819e-020
192.136  2.60477e-020
193.158  2.60111e-020
194.18  2.59721e-020
195.202  2.59307e-020
196.224  2.58868e-020
197.246  2.58404e-020
198.268  2.57914e-020
199.29  2.57398e-020
200.312  2.56856e-020
201.334  2.56288e-020
202.356  2.55692e-020
203.378  2.55069e-020
204.4  2.54418e-020
205.422  2.53739e-020
206.444  2.5303e-020
207.466  2.52293e-020
208.488  2.51526e-020
209.51  2.50729e-020
210.532  2.49902e-020
211.554  2.49044e-020
212.576  2.48155e-020
213.598  2.47234e-020
214.62  2.46281e-020
215.642  2.45295e-020
216.664  2.44277e-020
217.686  2.43225e-020
218.708  2.4214e-020
219.73  2.4102e-020
220.752  2.39866e-020
221.774  2.38676e-020
222.796  2.37452e-020
223.818  2.36191e-020
224.84  2.34895e-020
225.862  2.33562e-020
226.884  2.32192e-020
227.906  2.30785e-020
228.928  2.2934e-020
229.95  2.27857e-020
230.972  2.26335e-020
231.994  2.24775e-020
233.016  2.23176e-020
234.038  2.21538e-020
235.06  2.1986e-020
236.082  2.18142e-020
237.104  2.16384e-020
238.126  2.14586e-020
239.148  2.12747e-020
240.17  2.10868e-020
241.192  2.08947e-020
242.214  2.06985e-020
243.236  2.04982e-020
244.258  2.02937e-020
245.28  2.00851e-020
246.302  1.98723e-020
247.324  1.96554e-020
248.346  1.94343e-020
249.368  1.9209e-020
250.39  1.89796e-020
251.412  1.8746e-020
252.434  1.85083e-020
253.456  1.82664e-020
254.478  1.80205e-020
255.5  1.77704e-020
256.522  1.75164e-020
257.544  1.72583e-020
258.566  1.69962e-020
259.588  1.67301e-020
260.61  1.64602e-020
261.632  1.61865e-020
262.654  1.59089e-020
263.676  1.56276e-020
264.698  1.53427e-020
265.72  1.50542e-020
266.742  1.47622e-020
267.764  1.44668e-020
268.786  1.41681e-020
269.808  1.38662e-020
270.83  1.35612e-020
271.852  1.32532e-020
272.874  1.29423e-020
273.896  1.26287e-020
274.918  1.23126e-020
275.94  1.1994e-020
276.962  1.16731e-020
277.984  1.13501e-020
279.006  1.10253e-020
280.028  1.06987e-020
281.05  1.03705e-020
282.072  1.00411e-020
283.094  9.71053e-021
284.116  9.37913e-021
285.138  9.04711e-021
286.16  8.71473e-021
287.182  8.38227e-021
288.204  8.05001e-021
289.226  7.71825e-021
290.248  7.3873e-021
291.27  7.05749e-021
292.292  6.72916e-021
293.314  6.40266e-021
294.336  6.07836e-021
295.358  5.75667e-021
296.38  5.43797e-021
297.402  5.1227e-021
298.424  4.8113e-021
299.446  4.50422e-021
300.468  4.20194e-021
301.49  3.90496e-021
302.512  3.61379e-021
303.534  3.32898e-021
304.556  3.05108e-021
305.578  2.78067e-021
306.6  2.51835e-021
307.622  2.26474e-021
308.644  2.02051e-021
309.666  1.78631e-021
310.688  1.56284e-021
311.71  1.35083e-021
312.732  1.15102e-021
313.754  9.64193e-022
314.776  7.91144e-022
315.798  6.32705e-022
316.82  4.89732e-022
317.842  3.63114e-022
318.864  2.53765e-022
319.886  1.62634e-022
320.908  9.06958e-023
321.93  3.89569e-023
322.952  8.45137e-024
