1.022  1.16117e-019
2.044  1.1606e-019
3.066  1.16003e-019
4.088  1.15947e-019
5.11  1.15891e-019
6.132  1.15835e-019
7.154  1.15779e-019
8.176  1.15723e-019
9.198  1.15667e-019
10.22  1.1561e-019
11.242  1.15553e-019
12.264  1.15496e-019
13.286  1.15439e-019
14.308  1.15381e-019
15.33  1.15324e-019
16.352  1.15267e-019
17.374  1.1521e-019
18.396  1.15153e-019
19.418  1.15096e-019
20.44  1.1504e-019
21.462  1.14984e-019
22.484  1.14929e-019
23.506  1.14874e-019
24.528  1.1482e-019
25.55  1.14766e-019
26.572  1.14713e-019
27.594  1.1466e-019
28.616  1.14608e-019
29.638  1.14557e-019
30.66  1.14506e-019
31.682  1.14455e-019
32.704  1.14405e-019
33.726  1.14356e-019
34.748  1.14307e-019
35.77  1.14258e-019
36.792  1.1421e-019
37.814  1.14162e-019
38.836  1.14115e-019
39.858  1.14068e-019
40.88  1.14021e-019
41.902  1.13975e-019
42.924  1.13928e-019
43.946  1.13882e-019
44.968  1.13836e-019
45.99  1.1379e-019
47.012  1.13744e-019
48.034  1.13698e-019
49.056  1.13652e-019
50.078  1.13605e-019
51.1  1.13559e-019
52.122  1.13513e-019
53.144  1.13466e-019
54.166  1.13419e-019
55.188  1.13371e-019
56.21  1.13324e-019
57.232  1.13276e-019
58.254  1.13227e-019
59.276  1.13178e-019
60.298  1.13128e-019
61.32  1.13078e-019
62.342  1.13028e-019
63.364  1.12976e-019
64.386  1.12924e-019
65.408  1.12871e-019
66.43  1.12818e-019
67.452  1.12763e-019
68.474  1.12708e-019
69.496  1.12652e-019
70.518  1.12595e-019
71.54  1.12537e-019
72.562  1.12478e-019
73.584  1.12418e-019
74.606  1.12357e-019
75.628  1.12295e-019
76.65  1.12232e-019
77.672  1.12167e-019
78.694  1.12102e-019
79.716  1.12035e-019
80.738  1.11967e-019
81.76  1.11897e-019
82.782  1.11827e-019
83.804  1.11754e-019
84.826  1.11681e-019
85.848  1.11606e-019
86.87  1.1153e-019
87.892  1.11452e-019
88.914  1.11373e-019
89.936  1.11292e-019
90.958  1.11209e-019
91.98  1.11125e-019
93.002  1.1104e-019
94.024  1.10952e-019
95.046  1.10864e-019
96.068  1.10773e-019
97.09  1.10681e-019
98.112  1.10586e-019
99.134  1.10491e-019
100.156  1.10393e-019
101.178  1.10293e-019
102.2  1.10192e-019
103.222  1.10089e-019
104.244  1.09984e-019
105.266  1.09877e-019
106.288  1.09768e-019
107.31  1.09657e-019
108.332  1.09544e-019
109.354  1.09429e-019
110.376  1.09312e-019
111.398  1.09193e-019
112.42  1.09071e-019
113.442  1.08948e-019
114.464  1.08823e-019
115.486  1.08695e-019
116.508  1.08566e-019
117.53  1.08434e-019
118.552  1.08299e-019
119.574  1.08163e-019
120.596  1.08024e-019
121.618  1.07884e-019
122.64  1.0774e-019
123.662  1.07595e-019
124.684  1.07447e-019
125.706  1.07296e-019
126.728  1.07144e-019
127.75  1.06989e-019
128.772  1.06831e-019
129.794  1.06671e-019
130.816  1.06508e-019
131.838  1.06343e-019
132.86  1.06176e-019
133.882  1.06006e-019
134.904  1.05833e-019
135.926  1.05658e-019
136.948  1.0548e-019
137.97  1.05299e-019
138.992  1.05116e-019
140.014  1.04929e-019
141.036  1.04741e-019
142.058  1.04549e-019
143.08  1.04355e-019
144.102  1.04157e-019
145.124  1.03957e-019
146.146  1.03754e-019
147.168  1.03548e-019
148.19  1.03339e-019
149.212  1.03128e-019
150.234  1.02913e-019
151.256  1.02695e-019
152.278  1.02474e-019
153.3  1.0225e-019
154.322  1.02022e-019
155.344  1.01792e-019
156.366  1.01558e-019
157.388  1.01321e-019
158.41  1.01081e-019
159.432  1.00837e-019
160.454  1.0059e-019
161.476  1.0034e-019
162.498  1.00086e-019
163.52  9.98287e-020
164.542  9.95677e-020
165.564  9.93032e-020
166.586  9.90349e-020
167.608  9.8763e-020
168.63  9.84874e-020
169.652  9.82079e-020
170.674  9.79246e-020
171.696  9.76374e-020
172.718  9.73462e-020
173.74  9.7051e-020
174.762  9.67517e-020
175.784  9.64484e-020
176.806  9.61408e-020
177.828  9.5829e-020
178.85  9.55129e-020
179.872  9.51924e-020
180.894  9.48675e-020
181.916  9.45381e-020
182.938  9.42042e-020
183.96  9.38656e-020
184.982  9.35223e-020
186.004  9.31743e-020
187.026  9.28214e-020
188.048  9.24637e-020
189.07  9.21009e-020
190.092  9.17331e-020
191.114  9.13602e-020
192.136  9.0982e-020
193.158  9.05986e-020
194.18  9.02098e-020
195.202  8.98155e-020
196.224  8.94158e-020
197.246  8.90104e-020
198.268  8.85993e-020
199.29  8.81825e-020
200.312  8.77598e-020
201.334  8.73312e-020
202.356  8.68965e-020
203.378  8.64557e-020
204.4  8.60087e-020
205.422  8.55554e-020
206.444  8.50958e-020
207.466  8.46296e-020
208.488  8.41569e-020
209.51  8.36775e-020
210.532  8.31914e-020
211.554  8.26985e-020
212.576  8.21986e-020
213.598  8.16917e-020
214.62  8.11777e-020
215.642  8.06564e-020
216.664  8.01279e-020
217.686  7.95921e-020
218.708  7.90487e-020
219.73  7.84978e-020
220.752  7.79392e-020
221.774  7.73729e-020
222.796  7.67988e-020
223.818  7.62168e-020
224.84  7.56268e-020
225.862  7.50287e-020
226.884  7.44225e-020
227.906  7.3808e-020
228.928  7.31853e-020
229.95  7.25542e-020
230.972  7.19146e-020
231.994  7.12665e-020
233.016  7.06099e-020
234.038  6.99446e-020
235.06  6.92706e-020
236.082  6.85879e-020
237.104  6.78963e-020
238.126  6.7196e-020
239.148  6.64867e-020
240.17  6.57685e-020
241.192  6.50414e-020
242.214  6.43053e-020
243.236  6.35602e-020
244.258  6.28061e-020
245.28  6.2043e-020
246.302  6.12709e-020
247.324  6.04897e-020
248.346  5.96996e-020
249.368  5.89005e-020
250.39  5.80925e-020
251.412  5.72756e-020
252.434  5.64498e-020
253.456  5.56152e-020
254.478  5.47719e-020
255.5  5.392e-020
256.522  5.30595e-020
257.544  5.21906e-020
258.566  5.13134e-020
259.588  5.04279e-020
260.61  4.95344e-020
261.632  4.8633e-020
262.654  4.77239e-020
263.676  4.68072e-020
264.698  4.58831e-020
265.72  4.4952e-020
266.742  4.40139e-020
267.764  4.30691e-020
268.786  4.2118e-020
269.808  4.11608e-020
270.83  4.01977e-020
271.852  3.92293e-020
272.874  3.82557e-020
273.896  3.72773e-020
274.918  3.62946e-020
275.94  3.5308e-020
276.962  3.43179e-020
277.984  3.33247e-020
279.006  3.23291e-020
280.028  3.13314e-020
281.05  3.03322e-020
282.072  2.93322e-020
283.094  2.83318e-020
284.116  2.73318e-020
285.138  2.63329e-020
286.16  2.53356e-020
287.182  2.43408e-020
288.204  2.33493e-020
289.226  2.23617e-020
290.248  2.13791e-020
291.27  2.04022e-020
292.292  1.9432e-020
293.314  1.84695e-020
294.336  1.75156e-020
295.358  1.65715e-020
296.38  1.56381e-020
297.402  1.47167e-020
298.424  1.38084e-020
299.446  1.29145e-020
300.468  1.20362e-020
301.49  1.1175e-020
302.512  1.03321e-020
303.534  9.50908e-021
304.556  8.70739e-021
305.578  7.92862e-021
306.6  7.17438e-021
307.622  6.44635e-021
308.644  5.74628e-021
309.666  5.07598e-021
310.688  4.43733e-021
311.71  3.83227e-021
312.732  3.26283e-021
313.754  2.73109e-021
314.776  2.2392e-021
315.798  1.78941e-021
316.82  1.38403e-021
317.842  1.02544e-021
318.864  7.16125e-022
319.886  4.58628e-022
320.908  2.55585e-022
321.93  1.09707e-022
322.952  2.37841e-023
