1.022  4.37664e-020
2.044  4.31572e-020
3.066  4.25557e-020
4.088  4.19617e-020
5.11  4.13752e-020
6.132  4.0796e-020
7.154  4.0224e-020
8.176  3.9659e-020
9.198  3.91011e-020
10.22  3.855e-020
11.242  3.80058e-020
12.264  3.74685e-020
13.286  3.69378e-020
14.308  3.64139e-020
15.33  3.58966e-020
16.352  3.53859e-020
17.374  3.48818e-020
18.396  3.43843e-020
19.418  3.38932e-020
20.44  3.34085e-020
21.462  3.29303e-020
22.484  3.24583e-020
23.506  3.19926e-020
24.528  3.15331e-020
25.55  3.10797e-020
26.572  3.06324e-020
27.594  3.01911e-020
28.616  2.97557e-020
29.638  2.93262e-020
30.66  2.89024e-020
31.682  2.84844e-020
32.704  2.8072e-020
33.726  2.76652e-020
34.748  2.7264e-020
35.77  2.68681e-020
36.792  2.64777e-020
37.814  2.60925e-020
38.836  2.57125e-020
39.858  2.53378e-020
40.88  2.49681e-020
41.902  2.46034e-020
42.924  2.42437e-020
43.946  2.38889e-020
44.968  2.35389e-020
45.99  2.31936e-020
47.012  2.28531e-020
48.034  2.25172e-020
49.056  2.21859e-020
50.078  2.18591e-020
51.1  2.15367e-020
52.122  2.12187e-020
53.144  2.09051e-020
54.166  2.05958e-020
55.188  2.02906e-020
56.21  1.99897e-020
57.232  1.96928e-020
58.254  1.94e-020
59.276  1.91112e-020
60.298  1.88264e-020
61.32  1.85455e-020
62.342  1.82684e-020
63.364  1.79951e-020
64.386  1.77256e-020
65.408  1.74598e-020
66.43  1.71976e-020
67.452  1.69391e-020
68.474  1.66841e-020
69.496  1.64327e-020
70.518  1.61847e-020
71.54  1.59401e-020
72.562  1.5699e-020
73.584  1.54612e-020
74.606  1.52267e-020
75.628  1.49954e-020
76.65  1.47674e-020
77.672  1.45426e-020
78.694  1.43209e-020
79.716  1.41023e-020
80.738  1.38868e-020
81.76  1.36744e-020
82.782  1.34649e-020
83.804  1.32584e-020
84.826  1.30548e-020
85.848  1.28542e-020
86.87  1.26563e-020
87.892  1.24613e-020
88.914  1.22691e-020
89.936  1.20796e-020
90.958  1.18929e-020
91.98  1.17088e-020
93.002  1.15274e-020
94.024  1.13487e-020
95.046  1.11725e-020
96.068  1.09989e-020
97.09  1.08278e-020
98.112  1.06593e-020
99.134  1.04932e-020
100.156  1.03296e-020
101.178  1.01684e-020
102.2  1.00096e-020
103.222  9.85311e-021
104.244  9.699e-021
105.266  9.54721e-021
106.288  9.3977e-021
107.31  9.25045e-021
108.332  9.10543e-021
109.354  8.96262e-021
110.376  8.822e-021
111.398  8.68353e-021
112.42  8.54719e-021
113.442  8.41297e-021
114.464  8.28082e-021
115.486  8.15074e-021
116.508  8.0227e-021
117.53  7.89667e-021
118.552  7.77263e-021
119.574  7.65057e-021
120.596  7.53044e-021
121.618  7.41225e-021
122.64  7.29595e-021
123.662  7.18153e-021
124.684  7.06898e-021
125.706  6.95826e-021
126.728  6.84935e-021
127.75  6.74224e-021
128.772  6.63691e-021
129.794  6.53333e-021
130.816  6.43148e-021
131.838  6.33135e-021
132.86  6.23291e-021
133.882  6.13615e-021
134.904  6.04104e-021
135.926  5.94756e-021
136.948  5.8557e-021
137.97  5.76543e-021
138.992  5.67675e-021
140.014  5.58962e-021
141.036  5.50403e-021
142.058  5.41996e-021
143.08  5.33739e-021
144.102  5.25631e-021
145.124  5.17669e-021
146.146  5.09852e-021
147.168  5.02178e-021
148.19  4.94646e-021
149.212  4.87252e-021
150.234  4.79996e-021
151.256  4.72877e-021
152.278  4.65891e-021
153.3  4.59037e-021
154.322  4.52315e-021
155.344  4.45721e-021
156.366  4.39254e-021
157.388  4.32913e-021
158.41  4.26695e-021
159.432  4.206e-021
160.454  4.14624e-021
161.476  4.08768e-021
162.498  4.03029e-021
163.52  3.97404e-021
164.542  3.91894e-021
165.564  3.86495e-021
166.586  3.81207e-021
167.608  3.76027e-021
168.63  3.70954e-021
169.652  3.65987e-021
170.674  3.61123e-021
171.696  3.56361e-021
172.718  3.517e-021
173.74  3.47137e-021
174.762  3.42671e-021
175.784  3.38301e-021
176.806  3.34024e-021
177.828  3.2984e-021
178.85  3.25746e-021
179.872  3.2174e-021
180.894  3.17822e-021
181.916  3.1399e-021
182.938  3.10241e-021
183.96  3.06575e-021
184.982  3.02989e-021
186.004  2.99482e-021
187.026  2.96053e-021
188.048  2.92699e-021
189.07  2.89419e-021
190.092  2.86211e-021
191.114  2.83075e-021
192.136  2.80007e-021
193.158  2.77007e-021
194.18  2.74072e-021
195.202  2.71202e-021
196.224  2.68393e-021
197.246  2.65646e-021
198.268  2.62958e-021
199.29  2.60327e-021
200.312  2.57752e-021
201.334  2.55231e-021
202.356  2.52763e-021
203.378  2.50345e-021
204.4  2.47977e-021
205.422  2.45655e-021
206.444  2.4338e-021
207.466  2.41149e-021
208.488  2.3896e-021
209.51  2.36811e-021
210.532  2.34702e-021
211.554  2.3263e-021
212.576  2.30594e-021
213.598  2.28592e-021
214.62  2.26622e-021
215.642  2.24683e-021
216.664  2.22772e-021
217.686  2.20889e-021
218.708  2.19032e-021
219.73  2.17198e-021
220.752  2.15387e-021
221.774  2.13597e-021
222.796  2.11825e-021
223.818  2.10071e-021
224.84  2.08332e-021
225.862  2.06608e-021
226.884  2.04896e-021
227.906  2.03194e-021
228.928  2.01502e-021
229.95  1.99817e-021
230.972  1.98139e-021
231.994  1.96464e-021
233.016  1.94793e-021
234.038  1.93122e-021
235.06  1.91451e-021
236.082  1.89779e-021
237.104  1.88103e-021
238.126  1.86422e-021
239.148  1.84734e-021
240.17  1.83039e-021
241.192  1.81335e-021
242.214  1.79619e-021
243.236  1.77892e-021
244.258  1.76151e-021
245.28  1.74396e-021
246.302  1.72624e-021
247.324  1.70835e-021
248.346  1.69027e-021
249.368  1.67199e-021
250.39  1.6535e-021
251.412  1.63479e-021
252.434  1.61584e-021
253.456  1.59665e-021
254.478  1.5772e-021
255.5  1.55749e-021
256.522  1.53751e-021
257.544  1.51725e-021
258.566  1.49669e-021
259.588  1.47584e-021
260.61  1.45468e-021
261.632  1.4332e-021
262.654  1.41141e-021
263.676  1.3893e-021
264.698  1.36686e-021
265.72  1.34409e-021
266.742  1.32098e-021
267.764  1.29754e-021
268.786  1.27376e-021
269.808  1.24964e-021
270.83  1.22519e-021
271.852  1.20039e-021
272.874  1.17527e-021
273.896  1.14981e-021
274.918  1.12402e-021
275.94  1.09792e-021
276.962  1.0715e-021
277.984  1.04478e-021
279.006  1.01776e-021
280.028  9.90451e-022
281.05  9.6287e-022
282.072  9.35028e-022
283.094  9.06939e-022
284.116  8.78619e-022
285.138  8.50087e-022
286.16  8.21362e-022
287.182  7.92465e-022
288.204  7.63419e-022
289.226  7.34247e-022
290.248  7.04977e-022
291.27  6.75638e-022
292.292  6.46259e-022
293.314  6.16872e-022
294.336  5.87513e-022
295.358  5.58219e-022
296.38  5.29027e-022
297.402  4.99981e-022
298.424  4.71123e-022
299.446  4.425e-022
300.468  4.14161e-022
301.49  3.86159e-022
302.512  3.58546e-022
303.534  3.31382e-022
304.556  3.04725e-022
305.578  2.7864e-022
306.6  2.53192e-022
307.622  2.28453e-022
308.644  2.04494e-022
309.666  1.81393e-022
310.688  1.5923e-022
311.71  1.38088e-022
312.732  1.18055e-022
313.754  9.92219e-023
314.776  8.16851e-023
315.798  6.55437e-023
316.82  5.09015e-023
317.842  3.78664e-023
318.864  2.65511e-023
319.886  1.70726e-023
320.908  9.55234e-024
321.93  4.11662e-024
322.952  8.96011e-025
