1.022  1.73491e-020
2.044  1.70583e-020
3.066  1.67718e-020
4.088  1.64897e-020
5.11  1.62118e-020
6.132  1.59382e-020
7.154  1.56687e-020
8.176  1.54032e-020
9.198  1.51418e-020
10.22  1.48844e-020
11.242  1.46309e-020
12.264  1.43814e-020
13.286  1.41357e-020
14.308  1.38939e-020
15.33  1.36559e-020
16.352  1.34217e-020
17.374  1.31912e-020
18.396  1.29645e-020
19.418  1.27414e-020
20.44  1.2522e-020
21.462  1.23062e-020
22.484  1.2094e-020
23.506  1.18853e-020
24.528  1.16801e-020
25.55  1.14784e-020
26.572  1.12801e-020
27.594  1.10852e-020
28.616  1.08936e-020
29.638  1.07053e-020
30.66  1.05203e-020
31.682  1.03385e-020
32.704  1.01599e-020
33.726  9.98445e-021
34.748  9.81207e-021
35.77  9.64275e-021
36.792  9.47644e-021
37.814  9.31311e-021
38.836  9.15271e-021
39.858  8.99521e-021
40.88  8.84058e-021
41.902  8.68876e-021
42.924  8.53972e-021
43.946  8.39344e-021
44.968  8.24986e-021
45.99  8.10895e-021
47.012  7.97068e-021
48.034  7.83501e-021
49.056  7.70191e-021
50.078  7.57134e-021
51.1  7.44326e-021
52.122  7.31765e-021
53.144  7.19447e-021
54.166  7.07369e-021
55.188  6.95528e-021
56.21  6.8392e-021
57.232  6.72542e-021
58.254  6.61392e-021
59.276  6.50466e-021
60.298  6.39761e-021
61.32  6.29275e-021
62.342  6.19004e-021
63.364  6.08946e-021
64.386  5.99097e-021
65.408  5.89456e-021
66.43  5.80018e-021
67.452  5.70783e-021
68.474  5.61746e-021
69.496  5.52906e-021
70.518  5.44259e-021
71.54  5.35803e-021
72.562  5.27537e-021
73.584  5.19456e-021
74.606  5.11559e-021
75.628  5.03844e-021
76.65  4.96308e-021
77.672  4.88948e-021
78.694  4.81763e-021
79.716  4.7475e-021
80.738  4.67907e-021
81.76  4.61232e-021
82.782  4.54722e-021
83.804  4.48375e-021
84.826  4.4219e-021
85.848  4.36164e-021
86.87  4.30295e-021
87.892  4.24581e-021
88.914  4.1902e-021
89.936  4.1361e-021
90.958  4.08349e-021
91.98  4.03235e-021
93.002  3.98266e-021
94.024  3.93441e-021
95.046  3.88757e-021
96.068  3.84212e-021
97.09  3.79805e-021
98.112  3.75535e-021
99.134  3.71398e-021
100.156  3.67394e-021
101.178  3.6352e-021
102.2  3.59775e-021
103.222  3.56157e-021
104.244  3.52665e-021
105.266  3.49296e-021
106.288  3.4605e-021
107.31  3.42923e-021
108.332  3.39916e-021
109.354  3.37026e-021
110.376  3.34251e-021
111.398  3.3159e-021
112.42  3.29042e-021
113.442  3.26604e-021
114.464  3.24276e-021
115.486  3.22055e-021
116.508  3.1994e-021
117.53  3.1793e-021
118.552  3.16023e-021
119.574  3.14217e-021
120.596  3.12512e-021
121.618  3.10905e-021
122.64  3.09395e-021
123.662  3.0798e-021
124.684  3.0666e-021
125.706  3.05433e-021
126.728  3.04296e-021
127.75  3.03249e-021
128.772  3.02291e-021
129.794  3.01419e-021
130.816  3.00632e-021
131.838  2.9993e-021
132.86  2.9931e-021
133.882  2.98771e-021
134.904  2.98311e-021
135.926  2.9793e-021
136.948  2.97625e-021
137.97  2.97396e-021
138.992  2.9724e-021
140.014  2.97157e-021
141.036  2.97144e-021
142.058  2.97202e-021
143.08  2.97327e-021
144.102  2.97519e-021
145.124  2.97776e-021
146.146  2.98096e-021
147.168  2.98479e-021
148.19  2.98923e-021
149.212  2.99426e-021
150.234  2.99986e-021
151.256  3.00604e-021
152.278  3.01276e-021
153.3  3.02001e-021
154.322  3.02778e-021
155.344  3.03606e-021
156.366  3.04482e-021
157.388  3.05406e-021
158.41  3.06375e-021
159.432  3.07389e-021
160.454  3.08445e-021
161.476  3.09542e-021
162.498  3.10679e-021
163.52  3.11854e-021
164.542  3.13065e-021
165.564  3.14311e-021
166.586  3.1559e-021
167.608  3.16901e-021
168.63  3.18241e-021
169.652  3.19609e-021
170.674  3.21004e-021
171.696  3.22424e-021
172.718  3.23867e-021
173.74  3.25332e-021
174.762  3.26816e-021
175.784  3.28318e-021
176.806  3.29836e-021
177.828  3.31369e-021
178.85  3.32914e-021
179.872  3.3447e-021
180.894  3.36035e-021
181.916  3.37608e-021
182.938  3.39185e-021
183.96  3.40767e-021
184.982  3.4235e-021
186.004  3.43933e-021
187.026  3.45513e-021
188.048  3.4709e-021
189.07  3.4866e-021
190.092  3.50223e-021
191.114  3.51776e-021
192.136  3.53317e-021
193.158  3.54844e-021
194.18  3.56355e-021
195.202  3.57848e-021
196.224  3.59322e-021
197.246  3.60773e-021
198.268  3.622e-021
199.29  3.63602e-021
200.312  3.64975e-021
201.334  3.66318e-021
202.356  3.67628e-021
203.378  3.68905e-021
204.4  3.70144e-021
205.422  3.71345e-021
206.444  3.72505e-021
207.466  3.73621e-021
208.488  3.74693e-021
209.51  3.75717e-021
210.532  3.76692e-021
211.554  3.77615e-021
212.576  3.78484e-021
213.598  3.79297e-021
214.62  3.80051e-021
215.642  3.80746e-021
216.664  3.81377e-021
217.686  3.81944e-021
218.708  3.82443e-021
219.73  3.82874e-021
220.752  3.83233e-021
221.774  3.83518e-021
222.796  3.83728e-021
223.818  3.8386e-021
224.84  3.83911e-021
225.862  3.83881e-021
226.884  3.83766e-021
227.906  3.83565e-021
228.928  3.83276e-021
229.95  3.82896e-021
230.972  3.82424e-021
231.994  3.81857e-021
233.016  3.81193e-021
234.038  3.80432e-021
235.06  3.79569e-021
236.082  3.78605e-021
237.104  3.77537e-021
238.126  3.76363e-021
239.148  3.75081e-021
240.17  3.7369e-021
241.192  3.72188e-021
242.214  3.70573e-021
243.236  3.68844e-021
244.258  3.67e-021
245.28  3.65039e-021
246.302  3.62959e-021
247.324  3.6076e-021
248.346  3.58439e-021
249.368  3.55997e-021
250.39  3.53432e-021
251.412  3.50743e-021
252.434  3.47929e-021
253.456  3.4499e-021
254.478  3.41924e-021
255.5  3.38732e-021
256.522  3.35412e-021
257.544  3.31965e-021
258.566  3.2839e-021
259.588  3.24687e-021
260.61  3.20857e-021
261.632  3.16899e-021
262.654  3.12814e-021
263.676  3.08602e-021
264.698  3.04264e-021
265.72  2.99801e-021
266.742  2.95214e-021
267.764  2.90503e-021
268.786  2.85672e-021
269.808  2.8072e-021
270.83  2.75649e-021
271.852  2.70463e-021
272.874  2.65162e-021
273.896  2.5975e-021
274.918  2.54228e-021
275.94  2.48601e-021
276.962  2.4287e-021
277.984  2.3704e-021
279.006  2.31114e-021
280.028  2.25096e-021
281.05  2.18991e-021
282.072  2.12802e-021
283.094  2.06535e-021
284.116  2.00195e-021
285.138  1.93788e-021
286.16  1.87319e-021
287.182  1.80794e-021
288.204  1.74221e-021
289.226  1.67606e-021
290.248  1.60957e-021
291.27  1.54281e-021
292.292  1.47586e-021
293.314  1.40882e-021
294.336  1.34177e-021
295.358  1.27481e-021
296.38  1.20804e-021
297.402  1.14156e-021
298.424  1.07548e-021
299.446  1.00992e-021
300.468  9.45006e-022
301.49  8.80854e-022
302.512  8.17599e-022
303.534  7.55379e-022
304.556  6.94339e-022
305.578  6.34628e-022
306.6  5.76401e-022
307.622  5.19824e-022
308.644  4.65064e-022
309.666  4.12298e-022
310.688  3.61711e-022
311.71  3.13492e-022
312.732  2.67842e-022
313.754  2.24965e-022
314.776  1.85077e-022
315.798  1.484e-022
316.82  1.15163e-022
317.842  8.56072e-023
318.864  5.99794e-023
319.886  3.85365e-023
320.908  2.15441e-023
321.93  9.27675e-024
322.952  2.01743e-024
