1.022  2.52709e-021
2.044  2.60057e-021
3.066  2.67452e-021
4.088  2.74892e-021
5.11  2.82378e-021
6.132  2.89907e-021
7.154  2.97478e-021
8.176  3.05091e-021
9.198  3.12744e-021
10.22  3.20437e-021
11.242  3.28168e-021
12.264  3.35937e-021
13.286  3.43743e-021
14.308  3.51585e-021
15.33  3.59464e-021
16.352  3.67378e-021
17.374  3.75326e-021
18.396  3.83309e-021
19.418  3.91326e-021
20.44  3.99376e-021
21.462  4.07458e-021
22.484  4.15573e-021
23.506  4.23719e-021
24.528  4.31896e-021
25.55  4.40103e-021
26.572  4.4834e-021
27.594  4.56606e-021
28.616  4.64901e-021
29.638  4.73223e-021
30.66  4.81573e-021
31.682  4.89949e-021
32.704  4.98351e-021
33.726  5.06778e-021
34.748  5.15229e-021
35.77  5.23704e-021
36.792  5.32201e-021
37.814  5.40721e-021
38.836  5.49262e-021
39.858  5.57824e-021
40.88  5.66406e-021
41.902  5.75007e-021
42.924  5.83626e-021
43.946  5.92262e-021
44.968  6.00915e-021
45.99  6.09584e-021
47.012  6.18268e-021
48.034  6.26966e-021
49.056  6.35678e-021
50.078  6.44402e-021
51.1  6.53138e-021
52.122  6.61885e-021
53.144  6.70643e-021
54.166  6.79409e-021
55.188  6.88184e-021
56.21  6.96967e-021
57.232  7.05757e-021
58.254  7.14553e-021
59.276  7.23354e-021
60.298  7.32159e-021
61.32  7.40968e-021
62.342  7.4978e-021
63.364  7.58593e-021
64.386  7.67408e-021
65.408  7.76223e-021
66.43  7.85038e-021
67.452  7.93852e-021
68.474  8.02663e-021
69.496  8.11471e-021
70.518  8.20276e-021
71.54  8.29076e-021
72.562  8.37871e-021
73.584  8.4666e-021
74.606  8.55442e-021
75.628  8.64217e-021
76.65  8.72983e-021
77.672  8.8174e-021
78.694  8.90486e-021
79.716  8.99222e-021
80.738  9.07947e-021
81.76  9.16659e-021
82.782  9.25358e-021
83.804  9.34043e-021
84.826  9.42714e-021
85.848  9.5137e-021
86.87  9.60009e-021
87.892  9.68631e-021
88.914  9.77236e-021
89.936  9.85823e-021
90.958  9.9439e-021
91.98  1.00294e-020
93.002  1.01146e-020
94.024  1.01997e-020
95.046  1.02845e-020
96.068  1.03691e-020
97.09  1.04535e-020
98.112  1.05377e-020
99.134  1.06215e-020
100.156  1.07052e-020
101.178  1.07885e-020
102.2  1.08716e-020
103.222  1.09544e-020
104.244  1.10369e-020
105.266  1.11192e-020
106.288  1.12011e-020
107.31  1.12827e-020
108.332  1.1364e-020
109.354  1.1445e-020
110.376  1.15256e-020
111.398  1.16059e-020
112.42  1.16858e-020
113.442  1.17654e-020
114.464  1.18447e-020
115.486  1.19235e-020
116.508  1.2002e-020
117.53  1.20801e-020
118.552  1.21578e-020
119.574  1.22351e-020
120.596  1.23119e-020
121.618  1.23884e-020
122.64  1.24644e-020
123.662  1.254e-020
124.684  1.26152e-020
125.706  1.26898e-020
126.728  1.27641e-020
127.75  1.28378e-020
128.772  1.29111e-020
129.794  1.29838e-020
130.816  1.30561e-020
131.838  1.31279e-020
132.86  1.31991e-020
133.882  1.32698e-020
134.904  1.33399e-020
135.926  1.34095e-020
136.948  1.34786e-020
137.97  1.3547e-020
138.992  1.36149e-020
140.014  1.36821e-020
141.036  1.37488e-020
142.058  1.38148e-020
143.08  1.38802e-020
144.102  1.3945e-020
145.124  1.40091e-020
146.146  1.40725e-020
147.168  1.41352e-020
148.19  1.41973e-020
149.212  1.42586e-020
150.234  1.43192e-020
151.256  1.4379e-020
152.278  1.44381e-020
153.3  1.44964e-020
154.322  1.45539e-020
155.344  1.46106e-020
156.366  1.46665e-020
157.388  1.47216e-020
158.41  1.47758e-020
159.432  1.48291e-020
160.454  1.48816e-020
161.476  1.49331e-020
162.498  1.49837e-020
163.52  1.50334e-020
164.542  1.50821e-020
165.564  1.51298e-020
166.586  1.51765e-020
167.608  1.52222e-020
168.63  1.52669e-020
169.652  1.53104e-020
170.674  1.53529e-020
171.696  1.53943e-020
172.718  1.54346e-020
173.74  1.54736e-020
174.762  1.55115e-020
175.784  1.55482e-020
176.806  1.55837e-020
177.828  1.56179e-020
178.85  1.56509e-020
179.872  1.56825e-020
180.894  1.57128e-020
181.916  1.57417e-020
182.938  1.57693e-020
183.96  1.57954e-020
184.982  1.58201e-020
186.004  1.58434e-020
187.026  1.58651e-020
188.048  1.58853e-020
189.07  1.59039e-020
190.092  1.5921e-020
191.114  1.59364e-020
192.136  1.59502e-020
193.158  1.59623e-020
194.18  1.59727e-020
195.202  1.59813e-020
196.224  1.59882e-020
197.246  1.59932e-020
198.268  1.59964e-020
199.29  1.59977e-020
200.312  1.59971e-020
201.334  1.59945e-020
202.356  1.59899e-020
203.378  1.59834e-020
204.4  1.59747e-020
205.422  1.5964e-020
206.444  1.59511e-020
207.466  1.59361e-020
208.488  1.59189e-020
209.51  1.58994e-020
210.532  1.58776e-020
211.554  1.58536e-020
212.576  1.58272e-020
213.598  1.57984e-020
214.62  1.57671e-020
215.642  1.57334e-020
216.664  1.56972e-020
217.686  1.56585e-020
218.708  1.56172e-020
219.73  1.55732e-020
220.752  1.55266e-020
221.774  1.54774e-020
222.796  1.54254e-020
223.818  1.53706e-020
224.84  1.53131e-020
225.862  1.52527e-020
226.884  1.51894e-020
227.906  1.51233e-020
228.928  1.50542e-020
229.95  1.49821e-020
230.972  1.49071e-020
231.994  1.4829e-020
233.016  1.47479e-020
234.038  1.46636e-020
235.06  1.45762e-020
236.082  1.44857e-020
237.104  1.4392e-020
238.126  1.42951e-020
239.148  1.4195e-020
240.17  1.40916e-020
241.192  1.39849e-020
242.214  1.3875e-020
243.236  1.37617e-020
244.258  1.36451e-020
245.28  1.35252e-020
246.302  1.34019e-020
247.324  1.32752e-020
248.346  1.31451e-020
249.368  1.30117e-020
250.39  1.28749e-020
251.412  1.27347e-020
252.434  1.25911e-020
253.456  1.24441e-020
254.478  1.22937e-020
255.5  1.21399e-020
256.522  1.19828e-020
257.544  1.18224e-020
258.566  1.16586e-020
259.588  1.14915e-020
260.61  1.13212e-020
261.632  1.11476e-020
262.654  1.09708e-020
263.676  1.07908e-020
264.698  1.06077e-020
265.72  1.04215e-020
266.742  1.02323e-020
267.764  1.00402e-020
268.786  9.84511e-021
269.808  9.6472e-021
270.83  9.44653e-021
271.852  9.24318e-021
272.874  9.03724e-021
273.896  8.82879e-021
274.918  8.61794e-021
275.94  8.4048e-021
276.962  8.18946e-021
277.984  7.97207e-021
279.006  7.75273e-021
280.028  7.53159e-021
281.05  7.3088e-021
282.072  7.0845e-021
283.094  6.85885e-021
284.116  6.63202e-021
285.138  6.40419e-021
286.16  6.17556e-021
287.182  5.9463e-021
288.204  5.71665e-021
289.226  5.4868e-021
290.248  5.25699e-021
291.27  5.02747e-021
292.292  4.79848e-021
293.314  4.57029e-021
294.336  4.34317e-021
295.358  4.11741e-021
296.38  3.89331e-021
297.402  3.67119e-021
298.424  3.45137e-021
299.446  3.2342e-021
300.468  3.02003e-021
301.49  2.80925e-021
302.512  2.60222e-021
303.534  2.39937e-021
304.556  2.2011e-021
305.578  2.00786e-021
306.6  1.8201e-021
307.622  1.63828e-021
308.644  1.46291e-021
309.666  1.29449e-021
310.688  1.13354e-021
311.71  9.80624e-022
312.732  8.36298e-022
313.754  7.01155e-022
314.776  5.75804e-022
315.798  4.60878e-022
316.82  3.57032e-022
317.842  2.64942e-022
318.864  1.8531e-022
319.886  1.18859e-022
320.908  6.63376e-023
321.93  2.85172e-023
322.952  6.19148e-024
