1.022  6.33244e-021
2.044  6.46687e-021
3.066  6.60103e-021
4.088  6.73493e-021
5.11  6.86855e-021
6.132  7.0019e-021
7.154  7.13496e-021
8.176  7.26771e-021
9.198  7.40017e-021
10.22  7.53231e-021
11.242  7.66415e-021
12.264  7.79567e-021
13.286  7.92689e-021
14.308  8.0578e-021
15.33  8.18841e-021
16.352  8.31873e-021
17.374  8.44875e-021
18.396  8.57848e-021
19.418  8.70792e-021
20.44  8.83709e-021
21.462  8.96598e-021
22.484  9.0946e-021
23.506  9.22294e-021
24.528  9.35102e-021
25.55  9.47882e-021
26.572  9.60637e-021
27.594  9.73364e-021
28.616  9.86065e-021
29.638  9.9874e-021
30.66  1.01139e-020
31.682  1.02401e-020
32.704  1.0366e-020
33.726  1.04917e-020
34.748  1.06171e-020
35.77  1.07423e-020
36.792  1.08671e-020
37.814  1.09917e-020
38.836  1.1116e-020
39.858  1.124e-020
40.88  1.13637e-020
41.902  1.14871e-020
42.924  1.16103e-020
43.946  1.17331e-020
44.968  1.18556e-020
45.99  1.19778e-020
47.012  1.20997e-020
48.034  1.22213e-020
49.056  1.23425e-020
50.078  1.24634e-020
51.1  1.2584e-020
52.122  1.27042e-020
53.144  1.28241e-020
54.166  1.29436e-020
55.188  1.30628e-020
56.21  1.31816e-020
57.232  1.33e-020
58.254  1.3418e-020
59.276  1.35357e-020
60.298  1.3653e-020
61.32  1.37699e-020
62.342  1.38863e-020
63.364  1.40024e-020
64.386  1.4118e-020
65.408  1.42333e-020
66.43  1.43481e-020
67.452  1.44624e-020
68.474  1.45763e-020
69.496  1.46898e-020
70.518  1.48028e-020
71.54  1.49154e-020
72.562  1.50275e-020
73.584  1.51391e-020
74.606  1.52502e-020
75.628  1.53609e-020
76.65  1.54711e-020
77.672  1.55807e-020
78.694  1.56899e-020
79.716  1.57985e-020
80.738  1.59067e-020
81.76  1.60143e-020
82.782  1.61213e-020
83.804  1.62279e-020
84.826  1.63339e-020
85.848  1.64393e-020
86.87  1.65442e-020
87.892  1.66485e-020
88.914  1.67523e-020
89.936  1.68554e-020
90.958  1.6958e-020
91.98  1.706e-020
93.002  1.71614e-020
94.024  1.72622e-020
95.046  1.73624e-020
96.068  1.7462e-020
97.09  1.7561e-020
98.112  1.76593e-020
99.134  1.7757e-020
100.156  1.78541e-020
101.178  1.79505e-020
102.2  1.80462e-020
103.222  1.81413e-020
104.244  1.82358e-020
105.266  1.83295e-020
106.288  1.84226e-020
107.31  1.8515e-020
108.332  1.86067e-020
109.354  1.86977e-020
110.376  1.8788e-020
111.398  1.88775e-020
112.42  1.89664e-020
113.442  1.90545e-020
114.464  1.91418e-020
115.486  1.92285e-020
116.508  1.93144e-020
117.53  1.93995e-020
118.552  1.94838e-020
119.574  1.95674e-020
120.596  1.96502e-020
121.618  1.97322e-020
122.64  1.98134e-020
123.662  1.98938e-020
124.684  1.99734e-020
125.706  2.00521e-020
126.728  2.013e-020
127.75  2.02071e-020
128.772  2.02833e-020
129.794  2.03587e-020
130.816  2.04331e-020
131.838  2.05067e-020
132.86  2.05794e-020
133.882  2.06512e-020
134.904  2.07221e-020
135.926  2.07921e-020
136.948  2.08611e-020
137.97  2.09292e-020
138.992  2.09963e-020
140.014  2.10625e-020
141.036  2.11277e-020
142.058  2.11918e-020
143.08  2.1255e-020
144.102  2.13172e-020
145.124  2.13783e-020
146.146  2.14383e-020
147.168  2.14973e-020
148.19  2.15553e-020
149.212  2.16121e-020
150.234  2.16678e-020
151.256  2.17224e-020
152.278  2.17759e-020
153.3  2.18282e-020
154.322  2.18793e-020
155.344  2.19292e-020
156.366  2.1978e-020
157.388  2.20255e-020
158.41  2.20717e-020
159.432  2.21167e-020
160.454  2.21604e-020
161.476  2.22029e-020
162.498  2.22439e-020
163.52  2.22837e-020
164.542  2.23221e-020
165.564  2.2359e-020
166.586  2.23946e-020
167.608  2.24288e-020
168.63  2.24614e-020
169.652  2.24926e-020
170.674  2.25223e-020
171.696  2.25505e-020
172.718  2.25771e-020
173.74  2.26021e-020
174.762  2.26255e-020
175.784  2.26472e-020
176.806  2.26673e-020
177.828  2.26857e-020
178.85  2.27024e-020
179.872  2.27173e-020
180.894  2.27305e-020
181.916  2.27418e-020
182.938  2.27513e-020
183.96  2.27588e-020
184.982  2.27645e-020
186.004  2.27683e-020
187.026  2.277e-020
188.048  2.27698e-020
189.07  2.27675e-020
190.092  2.27631e-020
191.114  2.27566e-020
192.136  2.27479e-020
193.158  2.2737e-020
194.18  2.27239e-020
195.202  2.27086e-020
196.224  2.26909e-020
197.246  2.26709e-020
198.268  2.26485e-020
199.29  2.26237e-020
200.312  2.25964e-020
201.334  2.25666e-020
202.356  2.25342e-020
203.378  2.24993e-020
204.4  2.24617e-020
205.422  2.24215e-020
206.444  2.23786e-020
207.466  2.23328e-020
208.488  2.22843e-020
209.51  2.2233e-020
210.532  2.21787e-020
211.554  2.21215e-020
212.576  2.20613e-020
213.598  2.19982e-020
214.62  2.19319e-020
215.642  2.18626e-020
216.664  2.179e-020
217.686  2.17143e-020
218.708  2.16354e-020
219.73  2.15532e-020
220.752  2.14676e-020
221.774  2.13787e-020
222.796  2.12863e-020
223.818  2.11905e-020
224.84  2.10912e-020
225.862  2.09884e-020
226.884  2.0882e-020
227.906  2.07719e-020
228.928  2.06583e-020
229.95  2.05409e-020
230.972  2.04197e-020
231.994  2.02948e-020
233.016  2.01661e-020
234.038  2.00336e-020
235.06  1.98972e-020
236.082  1.97568e-020
237.104  1.96126e-020
238.126  1.94643e-020
239.148  1.93121e-020
240.17  1.91558e-020
241.192  1.89955e-020
242.214  1.88312e-020
243.236  1.86627e-020
244.258  1.84902e-020
245.28  1.83135e-020
246.302  1.81327e-020
247.324  1.79478e-020
248.346  1.77587e-020
249.368  1.75654e-020
250.39  1.7368e-020
251.412  1.71664e-020
252.434  1.69607e-020
253.456  1.67509e-020
254.478  1.65369e-020
255.5  1.63188e-020
256.522  1.60966e-020
257.544  1.58703e-020
258.566  1.564e-020
259.588  1.54057e-020
260.61  1.51675e-020
261.632  1.49253e-020
262.654  1.46792e-020
263.676  1.44293e-020
264.698  1.41756e-020
265.72  1.39183e-020
266.742  1.36573e-020
267.764  1.33927e-020
268.786  1.31247e-020
269.808  1.28533e-020
270.83  1.25787e-020
271.852  1.23009e-020
272.874  1.202e-020
273.896  1.17362e-020
274.918  1.14496e-020
275.94  1.11603e-020
276.962  1.08685e-020
277.984  1.05744e-020
279.006  1.02781e-020
280.028  9.97972e-021
281.05  9.67954e-021
282.072  9.37774e-021
283.094  9.07451e-021
284.116  8.77009e-021
285.138  8.46469e-021
286.16  8.15856e-021
287.182  7.85197e-021
288.204  7.54517e-021
289.226  7.23846e-021
290.248  6.93212e-021
291.27  6.62647e-021
292.292  6.32184e-021
293.314  6.01855e-021
294.336  5.71698e-021
295.358  5.41749e-021
296.38  5.12047e-021
297.402  4.82632e-021
298.424  4.53547e-021
299.446  4.24836e-021
300.468  3.96545e-021
301.49  3.68722e-021
302.512  3.41416e-021
303.534  3.1468e-021
304.556  2.88567e-021
305.578  2.63134e-021
306.6  2.38439e-021
307.622  2.14542e-021
308.644  1.91507e-021
309.666  1.69399e-021
310.688  1.48286e-021
311.71  1.28237e-021
312.732  1.09326e-021
313.754  9.16283e-022
314.776  7.52222e-022
315.798  6.01887e-022
316.82  4.66118e-022
317.842  3.45781e-022
318.864  2.41775e-022
319.886  1.55028e-022
320.908  8.64977e-023
321.93  3.71723e-023
322.952  8.06823e-024
