1.022  3.50294e-020
2.044  3.52043e-020
3.066  3.53783e-020
4.088  3.55511e-020
5.11  3.57229e-020
6.132  3.58935e-020
7.154  3.6063e-020
8.176  3.62313e-020
9.198  3.63985e-020
10.22  3.65644e-020
11.242  3.67292e-020
12.264  3.68927e-020
13.286  3.70552e-020
14.308  3.72165e-020
15.33  3.73767e-020
16.352  3.75359e-020
17.374  3.76941e-020
18.396  3.78513e-020
19.418  3.80075e-020
20.44  3.81628e-020
21.462  3.83172e-020
22.484  3.84707e-020
23.506  3.86234e-020
24.528  3.87752e-020
25.55  3.89262e-020
26.572  3.90764e-020
27.594  3.92258e-020
28.616  3.93744e-020
29.638  3.95222e-020
30.66  3.96693e-020
31.682  3.98155e-020
32.704  3.9961e-020
33.726  4.01058e-020
34.748  4.02497e-020
35.77  4.03929e-020
36.792  4.05353e-020
37.814  4.0677e-020
38.836  4.08178e-020
39.858  4.09579e-020
40.88  4.10972e-020
41.902  4.12356e-020
42.924  4.13733e-020
43.946  4.15102e-020
44.968  4.16462e-020
45.99  4.17814e-020
47.012  4.19157e-020
48.034  4.20492e-020
49.056  4.21819e-020
50.078  4.23136e-020
51.1  4.24445e-020
52.122  4.25745e-020
53.144  4.27036e-020
54.166  4.28318e-020
55.188  4.2959e-020
56.21  4.30853e-020
57.232  4.32107e-020
58.254  4.33351e-020
59.276  4.34586e-020
60.298  4.35811e-020
61.32  4.37026e-020
62.342  4.3823e-020
63.364  4.39425e-020
64.386  4.40609e-020
65.408  4.41784e-020
66.43  4.42947e-020
67.452  4.441e-020
68.474  4.45243e-020
69.496  4.46374e-020
70.518  4.47495e-020
71.54  4.48604e-020
72.562  4.49703e-020
73.584  4.5079e-020
74.606  4.51866e-020
75.628  4.5293e-020
76.65  4.53983e-020
77.672  4.55024e-020
78.694  4.56054e-020
79.716  4.57071e-020
80.738  4.58077e-020
81.76  4.5907e-020
82.782  4.60051e-020
83.804  4.6102e-020
84.826  4.61977e-020
85.848  4.6292e-020
86.87  4.63852e-020
87.892  4.6477e-020
88.914  4.65676e-020
89.936  4.66569e-020
90.958  4.67449e-020
91.98  4.68315e-020
93.002  4.69169e-020
94.024  4.70009e-020
95.046  4.70835e-020
96.068  4.71649e-020
97.09  4.72448e-020
98.112  4.73234e-020
99.134  4.74006e-020
100.156  4.74764e-020
101.178  4.75508e-020
102.2  4.76238e-020
103.222  4.76954e-020
104.244  4.77655e-020
105.266  4.78342e-020
106.288  4.79015e-020
107.31  4.79673e-020
108.332  4.80316e-020
109.354  4.80945e-020
110.376  4.81559e-020
111.398  4.82157e-020
112.42  4.82741e-020
113.442  4.83309e-020
114.464  4.83862e-020
115.486  4.844e-020
116.508  4.84923e-020
117.53  4.85429e-020
118.552  4.8592e-020
119.574  4.86395e-020
120.596  4.86855e-020
121.618  4.87298e-020
122.64  4.87725e-020
123.662  4.88136e-020
124.684  4.8853e-020
125.706  4.88908e-020
126.728  4.8927e-020
127.75  4.89615e-020
128.772  4.89942e-020
129.794  4.90253e-020
130.816  4.90547e-020
131.838  4.90824e-020
132.86  4.91083e-020
133.882  4.91324e-020
134.904  4.91548e-020
135.926  4.91755e-020
136.948  4.91943e-020
137.97  4.92113e-020
138.992  4.92265e-020
140.014  4.92398e-020
141.036  4.92513e-020
142.058  4.92609e-020
143.08  4.92687e-020
144.102  4.92745e-020
145.124  4.92784e-020
146.146  4.92803e-020
147.168  4.92803e-020
148.19  4.92782e-020
149.212  4.92742e-020
150.234  4.92682e-020
151.256  4.92601e-020
152.278  4.92499e-020
153.3  4.92376e-020
154.322  4.92232e-020
155.344  4.92067e-020
156.366  4.9188e-020
157.388  4.91671e-020
158.41  4.9144e-020
159.432  4.91187e-020
160.454  4.90911e-020
161.476  4.90612e-020
162.498  4.90289e-020
163.52  4.89943e-020
164.542  4.89574e-020
165.564  4.8918e-020
166.586  4.88761e-020
167.608  4.88318e-020
168.63  4.87849e-020
169.652  4.87355e-020
170.674  4.86835e-020
171.696  4.86289e-020
172.718  4.85717e-020
173.74  4.85117e-020
174.762  4.8449e-020
175.784  4.83835e-020
176.806  4.83153e-020
177.828  4.82441e-020
178.85  4.81701e-020
179.872  4.80931e-020
180.894  4.80132e-020
181.916  4.79302e-020
182.938  4.78441e-020
183.96  4.7755e-020
184.982  4.76626e-020
186.004  4.75671e-020
187.026  4.74682e-020
188.048  4.73661e-020
189.07  4.72606e-020
190.092  4.71517e-020
191.114  4.70393e-020
192.136  4.69234e-020
193.158  4.68039e-020
194.18  4.66808e-020
195.202  4.6554e-020
196.224  4.64235e-020
197.246  4.62891e-020
198.268  4.61509e-020
199.29  4.60088e-020
200.312  4.58627e-020
201.334  4.57126e-020
202.356  4.55583e-020
203.378  4.54e-020
204.4  4.52373e-020
205.422  4.50704e-020
206.444  4.48992e-020
207.466  4.47236e-020
208.488  4.45434e-020
209.51  4.43588e-020
210.532  4.41695e-020
211.554  4.39756e-020
212.576  4.37769e-020
213.598  4.35735e-020
214.62  4.33652e-020
215.642  4.31519e-020
216.664  4.29337e-020
217.686  4.27104e-020
218.708  4.2482e-020
219.73  4.22485e-020
220.752  4.20097e-020
221.774  4.17655e-020
222.796  4.1516e-020
223.818  4.12611e-020
224.84  4.10007e-020
225.862  4.07347e-020
226.884  4.04631e-020
227.906  4.01859e-020
228.928  3.99029e-020
229.95  3.96141e-020
230.972  3.93195e-020
231.994  3.9019e-020
233.016  3.87126e-020
234.038  3.84002e-020
235.06  3.80818e-020
236.082  3.77572e-020
237.104  3.74266e-020
238.126  3.70898e-020
239.148  3.67468e-020
240.17  3.63976e-020
241.192  3.60422e-020
242.214  3.56804e-020
243.236  3.53123e-020
244.258  3.4938e-020
245.28  3.45572e-020
246.302  3.41702e-020
247.324  3.37767e-020
248.346  3.33769e-020
249.368  3.29708e-020
250.39  3.25582e-020
251.412  3.21394e-020
252.434  3.17142e-020
253.456  3.12827e-020
254.478  3.0845e-020
255.5  3.0401e-020
256.522  2.99509e-020
257.544  2.94946e-020
258.566  2.90323e-020
259.588  2.85639e-020
260.61  2.80896e-020
261.632  2.76095e-020
262.654  2.71236e-020
263.676  2.6632e-020
264.698  2.61349e-020
265.72  2.56324e-020
266.742  2.51246e-020
267.764  2.46116e-020
268.786  2.40936e-020
269.808  2.35709e-020
270.83  2.30434e-020
271.852  2.25115e-020
272.874  2.19754e-020
273.896  2.14352e-020
274.918  2.08912e-020
275.94  2.03436e-020
276.962  1.97927e-020
277.984  1.92388e-020
279.006  1.86821e-020
280.028  1.81231e-020
281.05  1.75619e-020
282.072  1.6999e-020
283.094  1.64347e-020
284.116  1.58694e-020
285.138  1.53035e-020
286.16  1.47374e-020
287.182  1.41715e-020
288.204  1.36064e-020
289.226  1.30426e-020
290.248  1.24804e-020
291.27  1.19205e-020
292.292  1.13635e-020
293.314  1.08099e-020
294.336  1.02603e-020
295.358  9.71537e-021
296.38  9.17579e-021
297.402  8.64226e-021
298.424  8.1155e-021
299.446  7.59626e-021
300.468  7.08534e-021
301.49  6.58356e-021
302.512  6.09178e-021
303.534  5.61089e-021
304.556  5.14181e-021
305.578  4.6855e-021
306.6  4.24298e-021
307.622  3.81526e-021
308.644  3.40345e-021
309.666  3.00864e-021
310.688  2.63201e-021
311.71  2.27476e-021
312.732  1.93813e-021
313.754  1.62341e-021
314.776  1.33196e-021
315.798  1.06514e-021
316.82  8.24401e-022
317.842  6.11222e-022
318.864  4.27138e-022
319.886  2.73734e-022
320.908  1.52647e-022
321.93  6.55649e-023
322.952  1.42233e-023
