1.022  2.7464e-019
2.044  2.73957e-019
3.066  2.7328e-019
4.088  2.72608e-019
5.11  2.71942e-019
6.132  2.7128e-019
7.154  2.70623e-019
8.176  2.69971e-019
9.198  2.69322e-019
10.22  2.68678e-019
11.242  2.68037e-019
12.264  2.67401e-019
13.286  2.66768e-019
14.308  2.6614e-019
15.33  2.65516e-019
16.352  2.64897e-019
17.374  2.64282e-019
18.396  2.63672e-019
19.418  2.63068e-019
20.44  2.62468e-019
21.462  2.61873e-019
22.484  2.61283e-019
23.506  2.60699e-019
24.528  2.6012e-019
25.55  2.59546e-019
26.572  2.58977e-019
27.594  2.58414e-019
28.616  2.57855e-019
29.638  2.57302e-019
30.66  2.56754e-019
31.682  2.56211e-019
32.704  2.55673e-019
33.726  2.55139e-019
34.748  2.5461e-019
35.77  2.54086e-019
36.792  2.53567e-019
37.814  2.53052e-019
38.836  2.52541e-019
39.858  2.52034e-019
40.88  2.51532e-019
41.902  2.51033e-019
42.924  2.50538e-019
43.946  2.50047e-019
44.968  2.49559e-019
45.99  2.49075e-019
47.012  2.48595e-019
48.034  2.48117e-019
49.056  2.47643e-019
50.078  2.47171e-019
51.1  2.46703e-019
52.122  2.46237e-019
53.144  2.45773e-019
54.166  2.45313e-019
55.188  2.44854e-019
56.21  2.44398e-019
57.232  2.43944e-019
58.254  2.43492e-019
59.276  2.43042e-019
60.298  2.42593e-019
61.32  2.42147e-019
62.342  2.41701e-019
63.364  2.41258e-019
64.386  2.40815e-019
65.408  2.40374e-019
66.43  2.39934e-019
67.452  2.39495e-019
68.474  2.39058e-019
69.496  2.3862e-019
70.518  2.38184e-019
71.54  2.37748e-019
72.562  2.37313e-019
73.584  2.36878e-019
74.606  2.36444e-019
75.628  2.3601e-019
76.65  2.35576e-019
77.672  2.35142e-019
78.694  2.34708e-019
79.716  2.34274e-019
80.738  2.3384e-019
81.76  2.33406e-019
82.782  2.32971e-019
83.804  2.32536e-019
84.826  2.32101e-019
85.848  2.31664e-019
86.87  2.31228e-019
87.892  2.3079e-019
88.914  2.30352e-019
89.936  2.29913e-019
90.958  2.29473e-019
91.98  2.29032e-019
93.002  2.28589e-019
94.024  2.28146e-019
95.046  2.27702e-019
96.068  2.27256e-019
97.09  2.26809e-019
98.112  2.2636e-019
99.134  2.2591e-019
100.156  2.25458e-019
101.178  2.25005e-019
102.2  2.2455e-019
103.222  2.24094e-019
104.244  2.23635e-019
105.266  2.23175e-019
106.288  2.22713e-019
107.31  2.22249e-019
108.332  2.21783e-019
109.354  2.21314e-019
110.376  2.20844e-019
111.398  2.20372e-019
112.42  2.19897e-019
113.442  2.1942e-019
114.464  2.18941e-019
115.486  2.18459e-019
116.508  2.17975e-019
117.53  2.17488e-019
118.552  2.16999e-019
119.574  2.16507e-019
120.596  2.16013e-019
121.618  2.15515e-019
122.64  2.15015e-019
123.662  2.14513e-019
124.684  2.14007e-019
125.706  2.13499e-019
126.728  2.12987e-019
127.75  2.12473e-019
128.772  2.11955e-019
129.794  2.11435e-019
130.816  2.10911e-019
131.838  2.10384e-019
132.86  2.09854e-019
133.882  2.0932e-019
134.904  2.08784e-019
135.926  2.08243e-019
136.948  2.077e-019
137.97  2.07152e-019
138.992  2.06602e-019
140.014  2.06047e-019
141.036  2.05489e-019
142.058  2.04928e-019
143.08  2.04362e-019
144.102  2.03793e-019
145.124  2.03219e-019
146.146  2.02642e-019
147.168  2.02061e-019
148.19  2.01476e-019
149.212  2.00887e-019
150.234  2.00293e-019
151.256  1.99695e-019
152.278  1.99093e-019
153.3  1.98487e-019
154.322  1.97876e-019
155.344  1.97261e-019
156.366  1.96641e-019
157.388  1.96016e-019
158.41  1.95387e-019
159.432  1.94753e-019
160.454  1.94114e-019
161.476  1.9347e-019
162.498  1.92822e-019
163.52  1.92168e-019
164.542  1.91509e-019
165.564  1.90845e-019
166.586  1.90175e-019
167.608  1.895e-019
168.63  1.8882e-019
169.652  1.88134e-019
170.674  1.87443e-019
171.696  1.86745e-019
172.718  1.86042e-019
173.74  1.85333e-019
174.762  1.84618e-019
175.784  1.83897e-019
176.806  1.83169e-019
177.828  1.82436e-019
178.85  1.81695e-019
179.872  1.80949e-019
180.894  1.80195e-019
181.916  1.79435e-019
182.938  1.78668e-019
183.96  1.77894e-019
184.982  1.77113e-019
186.004  1.76325e-019
187.026  1.75529e-019
188.048  1.74726e-019
189.07  1.73915e-019
190.092  1.73097e-019
191.114  1.72271e-019
192.136  1.71436e-019
193.158  1.70594e-019
194.18  1.69744e-019
195.202  1.68885e-019
196.224  1.68017e-019
197.246  1.67141e-019
198.268  1.66256e-019
199.29  1.65362e-019
200.312  1.64459e-019
201.334  1.63547e-019
202.356  1.62625e-019
203.378  1.61694e-019
204.4  1.60754e-019
205.422  1.59803e-019
206.444  1.58842e-019
207.466  1.57871e-019
208.488  1.5689e-019
209.51  1.55899e-019
210.532  1.54897e-019
211.554  1.53884e-019
212.576  1.5286e-019
213.598  1.51825e-019
214.62  1.50779e-019
215.642  1.49722e-019
216.664  1.48652e-019
217.686  1.47572e-019
218.708  1.46479e-019
219.73  1.45374e-019
220.752  1.44258e-019
221.774  1.43128e-019
222.796  1.41987e-019
223.818  1.40833e-019
224.84  1.39666e-019
225.862  1.38486e-019
226.884  1.37293e-019
227.906  1.36087e-019
228.928  1.34868e-019
229.95  1.33635e-019
230.972  1.32388e-019
231.994  1.31128e-019
233.016  1.29855e-019
234.038  1.28567e-019
235.06  1.27265e-019
236.082  1.25949e-019
237.104  1.24619e-019
238.126  1.23275e-019
239.148  1.21917e-019
240.17  1.20544e-019
241.192  1.19156e-019
242.214  1.17755e-019
243.236  1.16338e-019
244.258  1.14907e-019
245.28  1.13462e-019
246.302  1.12001e-019
247.324  1.10527e-019
248.346  1.09037e-019
249.368  1.07534e-019
250.39  1.06015e-019
251.412  1.04483e-019
252.434  1.02936e-019
253.456  1.01375e-019
254.478  9.97994e-020
255.5  9.82101e-020
256.522  9.66071e-020
257.544  9.49905e-020
258.566  9.33604e-020
259.588  9.17171e-020
260.61  9.00608e-020
261.632  8.83918e-020
262.654  8.67104e-020
263.676  8.50169e-020
264.698  8.33116e-020
265.72  8.15949e-020
266.742  7.98673e-020
267.764  7.81292e-020
268.786  7.63809e-020
269.808  7.46231e-020
270.83  7.28562e-020
271.852  7.10808e-020
272.874  6.92976e-020
273.896  6.75072e-020
274.918  6.57102e-020
275.94  6.39074e-020
276.962  6.20996e-020
277.984  6.02875e-020
279.006  5.84721e-020
280.028  5.66542e-020
281.05  5.48349e-020
282.072  5.3015e-020
283.094  5.11958e-020
284.116  4.93782e-020
285.138  4.75635e-020
286.16  4.5753e-020
287.182  4.39478e-020
288.204  4.21494e-020
289.226  4.03593e-020
290.248  3.85787e-020
291.27  3.68095e-020
292.292  3.50531e-020
293.314  3.33113e-020
294.336  3.15858e-020
295.358  2.98785e-020
296.38  2.81914e-020
297.402  2.65265e-020
298.424  2.48858e-020
299.446  2.32716e-020
300.468  2.16862e-020
301.49  2.01319e-020
302.512  1.86112e-020
303.534  1.71267e-020
304.556  1.56811e-020
305.578  1.4277e-020
306.6  1.29176e-020
307.622  1.16056e-020
308.644  1.03443e-020
309.666  9.13682e-021
310.688  7.98658e-021
311.71  6.89702e-021
312.732  5.87174e-021
313.754  4.91448e-021
314.776  4.02908e-021
315.798  3.21956e-021
316.82  2.49004e-021
317.842  1.8448e-021
318.864  1.28826e-021
319.886  8.25006e-022
320.908  4.59741e-022
321.93  1.97332e-022
322.952  4.27793e-023
