1.022  3.9852e-019
2.044  3.97263e-019
3.066  3.96018e-019
4.088  3.94782e-019
5.11  3.93557e-019
6.132  3.92342e-019
7.154  3.91135e-019
8.176  3.89937e-019
9.198  3.88747e-019
10.22  3.87565e-019
11.242  3.86391e-019
12.264  3.85225e-019
13.286  3.84067e-019
14.308  3.82918e-019
15.33  3.81777e-019
16.352  3.80645e-019
17.374  3.79521e-019
18.396  3.78407e-019
19.418  3.77302e-019
20.44  3.76206e-019
21.462  3.7512e-019
22.484  3.74043e-019
23.506  3.72975e-019
24.528  3.71918e-019
25.55  3.70869e-019
26.572  3.69831e-019
27.594  3.68801e-019
28.616  3.67781e-019
29.638  3.66771e-019
30.66  3.65769e-019
31.682  3.64777e-019
32.704  3.63793e-019
33.726  3.62818e-019
34.748  3.61852e-019
35.77  3.60894e-019
36.792  3.59945e-019
37.814  3.59004e-019
38.836  3.5807e-019
39.858  3.57144e-019
40.88  3.56226e-019
41.902  3.55316e-019
42.924  3.54412e-019
43.946  3.53516e-019
44.968  3.52626e-019
45.99  3.51743e-019
47.012  3.50866e-019
48.034  3.49996e-019
49.056  3.49131e-019
50.078  3.48273e-019
51.1  3.4742e-019
52.122  3.46572e-019
53.144  3.4573e-019
54.166  3.44893e-019
55.188  3.44061e-019
56.21  3.43234e-019
57.232  3.42411e-019
58.254  3.41593e-019
59.276  3.40779e-019
60.298  3.39969e-019
61.32  3.39162e-019
62.342  3.3836e-019
63.364  3.37561e-019
64.386  3.36765e-019
65.408  3.35973e-019
66.43  3.35184e-019
67.452  3.34397e-019
68.474  3.33614e-019
69.496  3.32833e-019
70.518  3.32054e-019
71.54  3.31278e-019
72.562  3.30504e-019
73.584  3.29732e-019
74.606  3.28962e-019
75.628  3.28194e-019
76.65  3.27427e-019
77.672  3.26662e-019
78.694  3.25898e-019
79.716  3.25135e-019
80.738  3.24374e-019
81.76  3.23613e-019
82.782  3.22853e-019
83.804  3.22094e-019
84.826  3.21336e-019
85.848  3.20578e-019
86.87  3.1982e-019
87.892  3.19063e-019
88.914  3.18306e-019
89.936  3.17549e-019
90.958  3.16792e-019
91.98  3.16035e-019
93.002  3.15277e-019
94.024  3.14519e-019
95.046  3.13761e-019
96.068  3.13002e-019
97.09  3.12242e-019
98.112  3.11482e-019
99.134  3.1072e-019
100.156  3.09958e-019
101.178  3.09195e-019
102.2  3.08431e-019
103.222  3.07665e-019
104.244  3.06898e-019
105.266  3.0613e-019
106.288  3.0536e-019
107.31  3.04588e-019
108.332  3.03815e-019
109.354  3.03041e-019
110.376  3.02264e-019
111.398  3.01485e-019
112.42  3.00705e-019
113.442  2.99922e-019
114.464  2.99138e-019
115.486  2.98351e-019
116.508  2.97562e-019
117.53  2.9677e-019
118.552  2.95976e-019
119.574  2.9518e-019
120.596  2.9438e-019
121.618  2.93579e-019
122.64  2.92774e-019
123.662  2.91967e-019
124.684  2.91157e-019
125.706  2.90344e-019
126.728  2.89528e-019
127.75  2.88709e-019
128.772  2.87886e-019
129.794  2.87061e-019
130.816  2.86232e-019
131.838  2.854e-019
132.86  2.84564e-019
133.882  2.83725e-019
134.904  2.82882e-019
135.926  2.82036e-019
136.948  2.81186e-019
137.97  2.80332e-019
138.992  2.79474e-019
140.014  2.78613e-019
141.036  2.77747e-019
142.058  2.76877e-019
143.08  2.76004e-019
144.102  2.75126e-019
145.124  2.74243e-019
146.146  2.73356e-019
147.168  2.72465e-019
148.19  2.7157e-019
149.212  2.70669e-019
150.234  2.69764e-019
151.256  2.68854e-019
152.278  2.6794e-019
153.3  2.6702e-019
154.322  2.66096e-019
155.344  2.65166e-019
156.366  2.64231e-019
157.388  2.63291e-019
158.41  2.62346e-019
159.432  2.61395e-019
160.454  2.60438e-019
161.476  2.59476e-019
162.498  2.58508e-019
163.52  2.57534e-019
164.542  2.56555e-019
165.564  2.55569e-019
166.586  2.54577e-019
167.608  2.53579e-019
168.63  2.52574e-019
169.652  2.51563e-019
170.674  2.50545e-019
171.696  2.49521e-019
172.718  2.4849e-019
173.74  2.47452e-019
174.762  2.46407e-019
175.784  2.45354e-019
176.806  2.44295e-019
177.828  2.43228e-019
178.85  2.42153e-019
179.872  2.4107e-019
180.894  2.3998e-019
181.916  2.38882e-019
182.938  2.37775e-019
183.96  2.36661e-019
184.982  2.35538e-019
186.004  2.34406e-019
187.026  2.33265e-019
188.048  2.32116e-019
189.07  2.30958e-019
190.092  2.2979e-019
191.114  2.28613e-019
192.136  2.27427e-019
193.158  2.26231e-019
194.18  2.25025e-019
195.202  2.23809e-019
196.224  2.22583e-019
197.246  2.21346e-019
198.268  2.20099e-019
199.29  2.18841e-019
200.312  2.17572e-019
201.334  2.16293e-019
202.356  2.15001e-019
203.378  2.13699e-019
204.4  2.12384e-019
205.422  2.11058e-019
206.444  2.0972e-019
207.466  2.0837e-019
208.488  2.07007e-019
209.51  2.05631e-019
210.532  2.04243e-019
211.554  2.02842e-019
212.576  2.01427e-019
213.598  1.99999e-019
214.62  1.98558e-019
215.642  1.97102e-019
216.664  1.95633e-019
217.686  1.94149e-019
218.708  1.92652e-019
219.73  1.91139e-019
220.752  1.89612e-019
221.774  1.8807e-019
222.796  1.86513e-019
223.818  1.8494e-019
224.84  1.83352e-019
225.862  1.81748e-019
226.884  1.80129e-019
227.906  1.78493e-019
228.928  1.76841e-019
229.95  1.75173e-019
230.972  1.73489e-019
231.994  1.71787e-019
233.016  1.70069e-019
234.038  1.68335e-019
235.06  1.66583e-019
236.082  1.64814e-019
237.104  1.63027e-019
238.126  1.61224e-019
239.148  1.59403e-019
240.17  1.57564e-019
241.192  1.55708e-019
242.214  1.53834e-019
243.236  1.51943e-019
244.258  1.50034e-019
245.28  1.48107e-019
246.302  1.46162e-019
247.324  1.442e-019
248.346  1.4222e-019
249.368  1.40223e-019
250.39  1.38208e-019
251.412  1.36175e-019
252.434  1.34125e-019
253.456  1.32058e-019
254.478  1.29974e-019
255.5  1.27873e-019
256.522  1.25755e-019
257.544  1.23621e-019
258.566  1.21471e-019
259.588  1.19304e-019
260.61  1.17122e-019
261.632  1.14925e-019
262.654  1.12713e-019
263.676  1.10487e-019
264.698  1.08246e-019
265.72  1.05992e-019
266.742  1.03725e-019
267.764  1.01445e-019
268.786  9.9154e-020
269.808  9.68513e-020
270.83  9.45381e-020
271.852  9.22151e-020
272.874  8.9883e-020
273.896  8.75427e-020
274.918  8.5195e-020
275.94  8.2841e-020
276.962  8.04816e-020
277.984  7.81178e-020
279.006  7.57507e-020
280.028  7.33815e-020
281.05  7.10115e-020
282.072  6.86419e-020
283.094  6.62741e-020
284.116  6.39095e-020
285.138  6.15496e-020
286.16  5.91961e-020
287.182  5.68505e-020
288.204  5.45145e-020
289.226  5.21902e-020
290.248  4.98792e-020
291.27  4.75837e-020
292.292  4.53056e-020
293.314  4.30473e-020
294.336  4.08109e-020
295.358  3.85988e-020
296.38  3.64136e-020
297.402  3.42577e-020
298.424  3.21339e-020
299.446  3.0045e-020
300.468  2.79939e-020
301.49  2.59837e-020
302.512  2.40175e-020
303.534  2.20986e-020
304.556  2.02304e-020
305.578  1.84165e-020
306.6  1.66606e-020
307.622  1.49664e-020
308.644  1.3338e-020
309.666  1.17796e-020
310.688  1.02953e-020
311.71  8.88963e-021
312.732  7.56719e-021
313.754  6.33273e-021
314.776  5.19119e-021
315.798  4.14767e-021
316.82  3.20747e-021
317.842  2.37604e-021
318.864  1.65905e-021
319.886  1.06234e-021
320.908  5.9193e-022
321.93  2.54043e-022
322.952  5.50677e-023
