1.022  4.44955e-019
2.044  4.43476e-019
3.066  4.42009e-019
4.088  4.40554e-019
5.11  4.39111e-019
6.132  4.3768e-019
7.154  4.36259e-019
8.176  4.34849e-019
9.198  4.33448e-019
10.22  4.32057e-019
11.242  4.30675e-019
12.264  4.29303e-019
13.286  4.27941e-019
14.308  4.26589e-019
15.33  4.25247e-019
16.352  4.23915e-019
17.374  4.22594e-019
18.396  4.21283e-019
19.418  4.19984e-019
20.44  4.18695e-019
21.462  4.17418e-019
22.484  4.16152e-019
23.506  4.14897e-019
24.528  4.13653e-019
25.55  4.1242e-019
26.572  4.11199e-019
27.594  4.09989e-019
28.616  4.08789e-019
29.638  4.07601e-019
30.66  4.06423e-019
31.682  4.05256e-019
32.704  4.041e-019
33.726  4.02954e-019
34.748  4.01818e-019
35.77  4.00692e-019
36.792  3.99575e-019
37.814  3.98469e-019
38.836  3.97371e-019
39.858  3.96283e-019
40.88  3.95204e-019
41.902  3.94133e-019
42.924  3.93071e-019
43.946  3.92017e-019
44.968  3.90972e-019
45.99  3.89934e-019
47.012  3.88904e-019
48.034  3.87881e-019
49.056  3.86865e-019
50.078  3.85857e-019
51.1  3.84855e-019
52.122  3.8386e-019
53.144  3.82871e-019
54.166  3.81888e-019
55.188  3.80912e-019
56.21  3.79941e-019
57.232  3.78975e-019
58.254  3.78015e-019
59.276  3.7706e-019
60.298  3.7611e-019
61.32  3.75165e-019
62.342  3.74224e-019
63.364  3.73288e-019
64.386  3.72356e-019
65.408  3.71428e-019
66.43  3.70504e-019
67.452  3.69583e-019
68.474  3.68666e-019
69.496  3.67752e-019
70.518  3.66842e-019
71.54  3.65934e-019
72.562  3.65029e-019
73.584  3.64127e-019
74.606  3.63228e-019
75.628  3.6233e-019
76.65  3.61435e-019
77.672  3.60543e-019
78.694  3.59651e-019
79.716  3.58762e-019
80.738  3.57875e-019
81.76  3.56988e-019
82.782  3.56104e-019
83.804  3.5522e-019
84.826  3.54337e-019
85.848  3.53456e-019
86.87  3.52575e-019
87.892  3.51695e-019
88.914  3.50815e-019
89.936  3.49936e-019
90.958  3.49057e-019
91.98  3.48179e-019
93.002  3.473e-019
94.024  3.46422e-019
95.046  3.45543e-019
96.068  3.44664e-019
97.09  3.43784e-019
98.112  3.42905e-019
99.134  3.42024e-019
100.156  3.41143e-019
101.178  3.40261e-019
102.2  3.39378e-019
103.222  3.38494e-019
104.244  3.3761e-019
105.266  3.36723e-019
106.288  3.35836e-019
107.31  3.34947e-019
108.332  3.34057e-019
109.354  3.33165e-019
110.376  3.32272e-019
111.398  3.31376e-019
112.42  3.30479e-019
113.442  3.2958e-019
114.464  3.28679e-019
115.486  3.27776e-019
116.508  3.26871e-019
117.53  3.25963e-019
118.552  3.25053e-019
119.574  3.24141e-019
120.596  3.23226e-019
121.618  3.22309e-019
122.64  3.21388e-019
123.662  3.20465e-019
124.684  3.1954e-019
125.706  3.18611e-019
126.728  3.17679e-019
127.75  3.16745e-019
128.772  3.15807e-019
129.794  3.14866e-019
130.816  3.13921e-019
131.838  3.12973e-019
132.86  3.12022e-019
133.882  3.11067e-019
134.904  3.10109e-019
135.926  3.09147e-019
136.948  3.08181e-019
137.97  3.07211e-019
138.992  3.06237e-019
140.014  3.0526e-019
141.036  3.04278e-019
142.058  3.03292e-019
143.08  3.02302e-019
144.102  3.01307e-019
145.124  3.00308e-019
146.146  2.99305e-019
147.168  2.98297e-019
148.19  2.97284e-019
149.212  2.96267e-019
150.234  2.95244e-019
151.256  2.94217e-019
152.278  2.93185e-019
153.3  2.92148e-019
154.322  2.91105e-019
155.344  2.90057e-019
156.366  2.89004e-019
157.388  2.87946e-019
158.41  2.86881e-019
159.432  2.85811e-019
160.454  2.84736e-019
161.476  2.83654e-019
162.498  2.82566e-019
163.52  2.81473e-019
164.542  2.80373e-019
165.564  2.79267e-019
166.586  2.78154e-019
167.608  2.77035e-019
168.63  2.75909e-019
169.652  2.74776e-019
170.674  2.73637e-019
171.696  2.7249e-019
172.718  2.71336e-019
173.74  2.70175e-019
174.762  2.69007e-019
175.784  2.67831e-019
176.806  2.66647e-019
177.828  2.65456e-019
178.85  2.64256e-019
179.872  2.63049e-019
180.894  2.61833e-019
181.916  2.60609e-019
182.938  2.59376e-019
183.96  2.58134e-019
184.982  2.56884e-019
186.004  2.55624e-019
187.026  2.54356e-019
188.048  2.53078e-019
189.07  2.5179e-019
190.092  2.50493e-019
191.114  2.49186e-019
192.136  2.47869e-019
193.158  2.46541e-019
194.18  2.45204e-019
195.202  2.43855e-019
196.224  2.42496e-019
197.246  2.41126e-019
198.268  2.39744e-019
199.29  2.38352e-019
200.312  2.36947e-019
201.334  2.35531e-019
202.356  2.34103e-019
203.378  2.32663e-019
204.4  2.31211e-019
205.422  2.29746e-019
206.444  2.28268e-019
207.466  2.26778e-019
208.488  2.25274e-019
209.51  2.23756e-019
210.532  2.22226e-019
211.554  2.20681e-019
212.576  2.19122e-019
213.598  2.17549e-019
214.62  2.15962e-019
215.642  2.1436e-019
216.664  2.12743e-019
217.686  2.11112e-019
218.708  2.09464e-019
219.73  2.07802e-019
220.752  2.06124e-019
221.774  2.0443e-019
222.796  2.0272e-019
223.818  2.00993e-019
224.84  1.9925e-019
225.862  1.97491e-019
226.884  1.95715e-019
227.906  1.93921e-019
228.928  1.92111e-019
229.95  1.90283e-019
230.972  1.88438e-019
231.994  1.86575e-019
233.016  1.84694e-019
234.038  1.82795e-019
235.06  1.80878e-019
236.082  1.78943e-019
237.104  1.7699e-019
238.126  1.75018e-019
239.148  1.73028e-019
240.17  1.71019e-019
241.192  1.68991e-019
242.214  1.66945e-019
243.236  1.6488e-019
244.258  1.62796e-019
245.28  1.60693e-019
246.302  1.58572e-019
247.324  1.56431e-019
248.346  1.54272e-019
249.368  1.52094e-019
250.39  1.49898e-019
251.412  1.47683e-019
252.434  1.4545e-019
253.456  1.43198e-019
254.478  1.40928e-019
255.5  1.3864e-019
256.522  1.36335e-019
257.544  1.34012e-019
258.566  1.31672e-019
259.588  1.29316e-019
260.61  1.26942e-019
261.632  1.24553e-019
262.654  1.22147e-019
263.676  1.19727e-019
264.698  1.17292e-019
265.72  1.14842e-019
266.742  1.12379e-019
267.764  1.09902e-019
268.786  1.07413e-019
269.808  1.04912e-019
270.83  1.024e-019
271.852  9.98781e-020
272.874  9.73465e-020
273.896  9.48064e-020
274.918  9.22587e-020
275.94  8.97044e-020
276.962  8.71446e-020
277.984  8.45804e-020
279.006  8.2013e-020
280.028  7.94437e-020
281.05  7.68737e-020
282.072  7.43046e-020
283.094  7.17376e-020
284.116  6.91745e-020
285.138  6.66168e-020
286.16  6.40663e-020
287.182  6.15246e-020
288.204  5.89937e-020
289.226  5.64756e-020
290.248  5.39723e-020
291.27  5.1486e-020
292.292  4.90188e-020
293.314  4.65732e-020
294.336  4.41516e-020
295.358  4.17566e-020
296.38  3.93908e-020
297.402  3.7057e-020
298.424  3.47582e-020
299.446  3.24973e-020
300.468  3.02775e-020
301.49  2.81022e-020
302.512  2.59746e-020
303.534  2.38983e-020
304.556  2.18771e-020
305.578  1.99148e-020
306.6  1.80153e-020
307.622  1.61828e-020
308.644  1.44215e-020
309.666  1.2736e-020
310.688  1.11308e-020
311.71  9.61068e-021
312.732  8.18068e-021
313.754  6.8459e-021
314.776  5.61166e-021
315.798  4.48347e-021
316.82  3.46703e-021
317.842  2.56824e-021
318.864  1.79319e-021
319.886  1.1482e-021
320.908  6.39749e-022
321.93  2.74558e-022
322.952  5.95126e-023
