1.022  1.44426e-020
2.044  1.47024e-020
3.066  1.49614e-020
4.088  1.52196e-020
5.11  1.54769e-020
6.132  1.57334e-020
7.154  1.5989e-020
8.176  1.62436e-020
9.198  1.64974e-020
10.22  1.67501e-020
11.242  1.7002e-020
12.264  1.72529e-020
13.286  1.75029e-020
14.308  1.77519e-020
15.33  1.8e-020
16.352  1.82472e-020
17.374  1.84934e-020
18.396  1.87388e-020
19.418  1.89833e-020
20.44  1.92268e-020
21.462  1.94695e-020
22.484  1.97113e-020
23.506  1.99523e-020
24.528  2.01923e-020
25.55  2.04315e-020
26.572  2.06699e-020
27.594  2.09073e-020
28.616  2.11439e-020
29.638  2.13796e-020
30.66  2.16144e-020
31.682  2.18484e-020
32.704  2.20815e-020
33.726  2.23136e-020
34.748  2.25449e-020
35.77  2.27753e-020
36.792  2.30048e-020
37.814  2.32334e-020
38.836  2.3461e-020
39.858  2.36877e-020
40.88  2.39135e-020
41.902  2.41383e-020
42.924  2.43621e-020
43.946  2.4585e-020
44.968  2.48069e-020
45.99  2.50278e-020
47.012  2.52476e-020
48.034  2.54665e-020
49.056  2.56843e-020
50.078  2.59011e-020
51.1  2.61168e-020
52.122  2.63315e-020
53.144  2.65451e-020
54.166  2.67576e-020
55.188  2.69689e-020
56.21  2.71792e-020
57.232  2.73883e-020
58.254  2.75962e-020
59.276  2.7803e-020
60.298  2.80086e-020
61.32  2.82131e-020
62.342  2.84163e-020
63.364  2.86183e-020
64.386  2.88191e-020
65.408  2.90186e-020
66.43  2.92168e-020
67.452  2.94138e-020
68.474  2.96095e-020
69.496  2.98039e-020
70.518  2.9997e-020
71.54  3.01887e-020
72.562  3.03791e-020
73.584  3.05681e-020
74.606  3.07558e-020
75.628  3.0942e-020
76.65  3.11269e-020
77.672  3.13103e-020
78.694  3.14923e-020
79.716  3.16729e-020
80.738  3.1852e-020
81.76  3.20296e-020
82.782  3.22057e-020
83.804  3.23803e-020
84.826  3.25535e-020
85.848  3.2725e-020
86.87  3.28951e-020
87.892  3.30635e-020
88.914  3.32304e-020
89.936  3.33957e-020
90.958  3.35595e-020
91.98  3.37216e-020
93.002  3.3882e-020
94.024  3.40408e-020
95.046  3.4198e-020
96.068  3.43535e-020
97.09  3.45073e-020
98.112  3.46594e-020
99.134  3.48098e-020
100.156  3.49585e-020
101.178  3.51054e-020
102.2  3.52506e-020
103.222  3.5394e-020
104.244  3.55356e-020
105.266  3.56754e-020
106.288  3.58134e-020
107.31  3.59496e-020
108.332  3.6084e-020
109.354  3.62164e-020
110.376  3.63471e-020
111.398  3.64758e-020
112.42  3.66027e-020
113.442  3.67276e-020
114.464  3.68506e-020
115.486  3.69717e-020
116.508  3.70908e-020
117.53  3.72079e-020
118.552  3.7323e-020
119.574  3.74362e-020
120.596  3.75473e-020
121.618  3.76564e-020
122.64  3.77635e-020
123.662  3.78685e-020
124.684  3.79714e-020
125.706  3.80722e-020
126.728  3.81709e-020
127.75  3.82675e-020
128.772  3.83619e-020
129.794  3.84542e-020
130.816  3.85443e-020
131.838  3.86322e-020
132.86  3.87178e-020
133.882  3.88013e-020
134.904  3.88825e-020
135.926  3.89614e-020
136.948  3.90381e-020
137.97  3.91124e-020
138.992  3.91844e-020
140.014  3.92541e-020
141.036  3.93214e-020
142.058  3.93864e-020
143.08  3.94489e-020
144.102  3.9509e-020
145.124  3.95666e-020
146.146  3.96218e-020
147.168  3.96745e-020
148.19  3.97247e-020
149.212  3.97724e-020
150.234  3.98175e-020
151.256  3.986e-020
152.278  3.99e-020
153.3  3.99373e-020
154.322  3.99719e-020
155.344  4.00039e-020
156.366  4.00332e-020
157.388  4.00597e-020
158.41  4.00835e-020
159.432  4.01046e-020
160.454  4.01228e-020
161.476  4.01382e-020
162.498  4.01507e-020
163.52  4.01604e-020
164.542  4.01671e-020
165.564  4.01709e-020
166.586  4.01717e-020
167.608  4.01695e-020
168.63  4.01643e-020
169.652  4.0156e-020
170.674  4.01446e-020
171.696  4.01301e-020
172.718  4.01124e-020
173.74  4.00915e-020
174.762  4.00674e-020
175.784  4.00401e-020
176.806  4.00094e-020
177.828  3.99754e-020
178.85  3.99381e-020
179.872  3.98973e-020
180.894  3.98531e-020
181.916  3.98055e-020
182.938  3.97543e-020
183.96  3.96996e-020
184.982  3.96413e-020
186.004  3.95794e-020
187.026  3.95138e-020
188.048  3.94446e-020
189.07  3.93716e-020
190.092  3.92948e-020
191.114  3.92142e-020
192.136  3.91298e-020
193.158  3.90414e-020
194.18  3.89491e-020
195.202  3.88529e-020
196.224  3.87526e-020
197.246  3.86483e-020
198.268  3.85399e-020
199.29  3.84273e-020
200.312  3.83106e-020
201.334  3.81897e-020
202.356  3.80644e-020
203.378  3.79349e-020
204.4  3.78011e-020
205.422  3.76628e-020
206.444  3.75202e-020
207.466  3.7373e-020
208.488  3.72214e-020
209.51  3.70652e-020
210.532  3.69044e-020
211.554  3.6739e-020
212.576  3.6569e-020
213.598  3.63942e-020
214.62  3.62147e-020
215.642  3.60304e-020
216.664  3.58413e-020
217.686  3.56474e-020
218.708  3.54485e-020
219.73  3.52448e-020
220.752  3.5036e-020
221.774  3.48223e-020
222.796  3.46036e-020
223.818  3.43798e-020
224.84  3.4151e-020
225.862  3.3917e-020
226.884  3.36779e-020
227.906  3.34337e-020
228.928  3.31843e-020
229.95  3.29296e-020
230.972  3.26698e-020
231.994  3.24047e-020
233.016  3.21343e-020
234.038  3.18587e-020
235.06  3.15778e-020
236.082  3.12916e-020
237.104  3.10001e-020
238.126  3.07033e-020
239.148  3.04012e-020
240.17  3.00938e-020
241.192  2.97812e-020
242.214  2.94632e-020
243.236  2.91399e-020
244.258  2.88114e-020
245.28  2.84776e-020
246.302  2.81387e-020
247.324  2.77945e-020
248.346  2.74451e-020
249.368  2.70906e-020
250.39  2.67311e-020
251.412  2.63664e-020
252.434  2.59968e-020
253.456  2.56222e-020
254.478  2.52427e-020
255.5  2.48584e-020
256.522  2.44693e-020
257.544  2.40755e-020
258.566  2.36772e-020
259.588  2.32743e-020
260.61  2.28669e-020
261.632  2.24553e-020
262.654  2.20394e-020
263.676  2.16195e-020
264.698  2.11955e-020
265.72  2.07677e-020
266.742  2.03362e-020
267.764  1.99011e-020
268.786  1.94626e-020
269.808  1.90209e-020
270.83  1.85761e-020
271.852  1.81284e-020
272.874  1.76779e-020
273.896  1.7225e-020
274.918  1.67698e-020
275.94  1.63125e-020
276.962  1.58534e-020
277.984  1.53927e-020
279.006  1.49307e-020
280.028  1.44676e-020
281.05  1.40037e-020
282.072  1.35393e-020
283.094  1.30748e-020
284.116  1.26104e-020
285.138  1.21465e-020
286.16  1.16834e-020
287.182  1.12214e-020
288.204  1.07611e-020
289.226  1.03027e-020
290.248  9.84675e-021
291.27  9.39356e-021
292.292  8.94363e-021
293.314  8.49741e-021
294.336  8.05539e-021
295.358  7.61807e-021
296.38  7.18595e-021
297.402  6.75959e-021
298.424  6.33955e-021
299.446  5.92638e-021
300.468  5.52071e-021
301.49  5.12315e-021
302.512  4.73434e-021
303.534  4.35496e-021
304.556  3.98568e-021
305.578  3.62724e-021
306.6  3.28035e-021
307.622  2.94579e-021
308.644  2.62436e-021
309.666  2.31685e-021
310.688  2.02413e-021
311.71  1.74705e-021
312.732  1.48652e-021
313.754  1.24347e-021
314.776  1.01885e-021
315.798  8.13653e-022
316.82  6.28902e-022
317.842  4.65643e-022
318.864  3.24961e-022
319.886  2.07969e-022
320.908  1.15815e-022
321.93  4.96766e-023
322.952  1.07618e-023
