1.022  2.97815e-020
2.044  3.00913e-020
3.066  3.03995e-020
4.088  3.07061e-020
5.11  3.10113e-020
6.132  3.13148e-020
7.154  3.16168e-020
8.176  3.19171e-020
9.198  3.22157e-020
10.22  3.25127e-020
11.242  3.2808e-020
12.264  3.31016e-020
13.286  3.33936e-020
14.308  3.3684e-020
15.33  3.39728e-020
16.352  3.426e-020
17.374  3.45457e-020
18.396  3.48298e-020
19.418  3.51124e-020
20.44  3.53936e-020
21.462  3.56733e-020
22.484  3.59515e-020
23.506  3.62284e-020
24.528  3.65038e-020
25.55  3.67778e-020
26.572  3.70504e-020
27.594  3.73216e-020
28.616  3.75915e-020
29.638  3.78599e-020
30.66  3.8127e-020
31.682  3.83927e-020
32.704  3.8657e-020
33.726  3.892e-020
34.748  3.91816e-020
35.77  3.94418e-020
36.792  3.97005e-020
37.814  3.99579e-020
38.836  4.02139e-020
39.858  4.04685e-020
40.88  4.07216e-020
41.902  4.09733e-020
42.924  4.12235e-020
43.946  4.14723e-020
44.968  4.17196e-020
45.99  4.19654e-020
47.012  4.22097e-020
48.034  4.24525e-020
49.056  4.26938e-020
50.078  4.29335e-020
51.1  4.31717e-020
52.122  4.34083e-020
53.144  4.36433e-020
54.166  4.38768e-020
55.188  4.41086e-020
56.21  4.43388e-020
57.232  4.45673e-020
58.254  4.47942e-020
59.276  4.50194e-020
60.298  4.52428e-020
61.32  4.54646e-020
62.342  4.56847e-020
63.364  4.5903e-020
64.386  4.61196e-020
65.408  4.63344e-020
66.43  4.65473e-020
67.452  4.67585e-020
68.474  4.69679e-020
69.496  4.71754e-020
70.518  4.73811e-020
71.54  4.75848e-020
72.562  4.77867e-020
73.584  4.79867e-020
74.606  4.81848e-020
75.628  4.83809e-020
76.65  4.8575e-020
77.672  4.87672e-020
78.694  4.89574e-020
79.716  4.91456e-020
80.738  4.93318e-020
81.76  4.95159e-020
82.782  4.9698e-020
83.804  4.9878e-020
84.826  5.0056e-020
85.848  5.02318e-020
86.87  5.04055e-020
87.892  5.05771e-020
88.914  5.07465e-020
89.936  5.09138e-020
90.958  5.10789e-020
91.98  5.12418e-020
93.002  5.14024e-020
94.024  5.15609e-020
95.046  5.17171e-020
96.068  5.1871e-020
97.09  5.20227e-020
98.112  5.21721e-020
99.134  5.23191e-020
100.156  5.24639e-020
101.178  5.26063e-020
102.2  5.27464e-020
103.222  5.28841e-020
104.244  5.30194e-020
105.266  5.31523e-020
106.288  5.32828e-020
107.31  5.34109e-020
108.332  5.35365e-020
109.354  5.36597e-020
110.376  5.37803e-020
111.398  5.38985e-020
112.42  5.40142e-020
113.442  5.41274e-020
114.464  5.4238e-020
115.486  5.43461e-020
116.508  5.44515e-020
117.53  5.45544e-020
118.552  5.46547e-020
119.574  5.47524e-020
120.596  5.48474e-020
121.618  5.49398e-020
122.64  5.50295e-020
123.662  5.51165e-020
124.684  5.52008e-020
125.706  5.52823e-020
126.728  5.53612e-020
127.75  5.54372e-020
128.772  5.55105e-020
129.794  5.5581e-020
130.816  5.56486e-020
131.838  5.57135e-020
132.86  5.57754e-020
133.882  5.58345e-020
134.904  5.58907e-020
135.926  5.5944e-020
136.948  5.59943e-020
137.97  5.60417e-020
138.992  5.60861e-020
140.014  5.61275e-020
141.036  5.61659e-020
142.058  5.62012e-020
143.08  5.62335e-020
144.102  5.62627e-020
145.124  5.62887e-020
146.146  5.63117e-020
147.168  5.63314e-020
148.19  5.6348e-020
149.212  5.63614e-020
150.234  5.63715e-020
151.256  5.63783e-020
152.278  5.63819e-020
153.3  5.63822e-020
154.322  5.63791e-020
155.344  5.63726e-020
156.366  5.63627e-020
157.388  5.63495e-020
158.41  5.63327e-020
159.432  5.63124e-020
160.454  5.62887e-020
161.476  5.62614e-020
162.498  5.62304e-020
163.52  5.61959e-020
164.542  5.61578e-020
165.564  5.61159e-020
166.586  5.60703e-020
167.608  5.6021e-020
168.63  5.59679e-020
169.652  5.59109e-020
170.674  5.58501e-020
171.696  5.57854e-020
172.718  5.57168e-020
173.74  5.56442e-020
174.762  5.55676e-020
175.784  5.54869e-020
176.806  5.54021e-020
177.828  5.53133e-020
178.85  5.52202e-020
179.872  5.51229e-020
180.894  5.50214e-020
181.916  5.49155e-020
182.938  5.48053e-020
183.96  5.46907e-020
184.982  5.45717e-020
186.004  5.44482e-020
187.026  5.43202e-020
188.048  5.41876e-020
189.07  5.40505e-020
190.092  5.39086e-020
191.114  5.3762e-020
192.136  5.36107e-020
193.158  5.34546e-020
194.18  5.32936e-020
195.202  5.31277e-020
196.224  5.29568e-020
197.246  5.2781e-020
198.268  5.26001e-020
199.29  5.24141e-020
200.312  5.22229e-020
201.334  5.20266e-020
202.356  5.1825e-020
203.378  5.16181e-020
204.4  5.14058e-020
205.422  5.11881e-020
206.444  5.0965e-020
207.466  5.07364e-020
208.488  5.05023e-020
209.51  5.02625e-020
210.532  5.00171e-020
211.554  4.9766e-020
212.576  4.95091e-020
213.598  4.92465e-020
214.62  4.8978e-020
215.642  4.87036e-020
216.664  4.84233e-020
217.686  4.8137e-020
218.708  4.78447e-020
219.73  4.75463e-020
220.752  4.72418e-020
221.774  4.69312e-020
222.796  4.66144e-020
223.818  4.62913e-020
224.84  4.5962e-020
225.862  4.56264e-020
226.884  4.52845e-020
227.906  4.49362e-020
228.928  4.45816e-020
229.95  4.42205e-020
230.972  4.3853e-020
231.994  4.3479e-020
233.016  4.30985e-020
234.038  4.27115e-020
235.06  4.2318e-020
236.082  4.1918e-020
237.104  4.15115e-020
238.126  4.10984e-020
239.148  4.06787e-020
240.17  4.02525e-020
241.192  3.98198e-020
242.214  3.93806e-020
243.236  3.89348e-020
244.258  3.84826e-020
245.28  3.80238e-020
246.302  3.75587e-020
247.324  3.70871e-020
248.346  3.66091e-020
249.368  3.61248e-020
250.39  3.56342e-020
251.412  3.51374e-020
252.434  3.46344e-020
253.456  3.41253e-020
254.478  3.36102e-020
255.5  3.30891e-020
256.522  3.25622e-020
257.544  3.20295e-020
258.566  3.14911e-020
259.588  3.09472e-020
260.61  3.03978e-020
261.632  2.98432e-020
262.654  2.92833e-020
263.676  2.87184e-020
264.698  2.81487e-020
265.72  2.75743e-020
266.742  2.69953e-020
267.764  2.6412e-020
268.786  2.58246e-020
269.808  2.52332e-020
270.83  2.46381e-020
271.852  2.40395e-020
272.874  2.34377e-020
273.896  2.2833e-020
274.918  2.22255e-020
275.94  2.16156e-020
276.962  2.10036e-020
277.984  2.03899e-020
279.006  1.97746e-020
280.028  1.91583e-020
281.05  1.85412e-020
282.072  1.79237e-020
283.094  1.73062e-020
284.116  1.66892e-020
285.138  1.60731e-020
286.16  1.54583e-020
287.182  1.48453e-020
288.204  1.42345e-020
289.226  1.36267e-020
290.248  1.30221e-020
291.27  1.24214e-020
292.292  1.18253e-020
293.314  1.12342e-020
294.336  1.06488e-020
295.358  1.00698e-020
296.38  9.49778e-021
297.402  8.93353e-021
298.424  8.37774e-021
299.446  7.83118e-021
300.468  7.29462e-021
301.49  6.76887e-021
302.512  6.25479e-021
303.534  5.75323e-021
304.556  5.26511e-021
305.578  4.79136e-021
306.6  4.33295e-021
307.622  3.89088e-021
308.644  3.46619e-021
309.666  3.05994e-021
310.688  2.67324e-021
311.71  2.30725e-021
312.732  1.96313e-021
313.754  1.64212e-021
314.776  1.34547e-021
315.798  1.07448e-021
316.82  8.30494e-022
317.842  6.149e-022
318.864  4.29122e-022
319.886  2.7463e-022
320.908  1.52938e-022
321.93  6.56005e-023
322.952  1.42117e-023
