1.022  7.80235e-020
2.044  7.69773e-020
3.066  7.59438e-020
4.088  7.49229e-020
5.11  7.39144e-020
6.132  7.2918e-020
7.154  7.19335e-020
8.176  7.09608e-020
9.198  6.99998e-020
10.22  6.90502e-020
11.242  6.81119e-020
12.264  6.7185e-020
13.286  6.62693e-020
14.308  6.53647e-020
15.33  6.44712e-020
16.352  6.35887e-020
17.374  6.27172e-020
18.396  6.18565e-020
19.418  6.10066e-020
20.44  6.01674e-020
21.462  5.93389e-020
22.484  5.85209e-020
23.506  5.77133e-020
24.528  5.6916e-020
25.55  5.6129e-020
26.572  5.53521e-020
27.594  5.45852e-020
28.616  5.38282e-020
29.638  5.3081e-020
30.66  5.23434e-020
31.682  5.16154e-020
32.704  5.08968e-020
33.726  5.01876e-020
34.748  4.94875e-020
35.77  4.87965e-020
36.792  4.81145e-020
37.814  4.74414e-020
38.836  4.67769e-020
39.858  4.61211e-020
40.88  4.54738e-020
41.902  4.48348e-020
42.924  4.42041e-020
43.946  4.35816e-020
44.968  4.29672e-020
45.99  4.23607e-020
47.012  4.1762e-020
48.034  4.11711e-020
49.056  4.05878e-020
50.078  4.00121e-020
51.1  3.94438e-020
52.122  3.88828e-020
53.144  3.8329e-020
54.166  3.77824e-020
55.188  3.72428e-020
56.21  3.67102e-020
57.232  3.61844e-020
58.254  3.56654e-020
59.276  3.51531e-020
60.298  3.46474e-020
61.32  3.41482e-020
62.342  3.36554e-020
63.364  3.3169e-020
64.386  3.26888e-020
65.408  3.22148e-020
66.43  3.17469e-020
67.452  3.12851e-020
68.474  3.08291e-020
69.496  3.03791e-020
70.518  2.99348e-020
71.54  2.94963e-020
72.562  2.90634e-020
73.584  2.86361e-020
74.606  2.82143e-020
75.628  2.7798e-020
76.65  2.73871e-020
77.672  2.69814e-020
78.694  2.6581e-020
79.716  2.61858e-020
80.738  2.57957e-020
81.76  2.54107e-020
82.782  2.50307e-020
83.804  2.46556e-020
84.826  2.42854e-020
85.848  2.392e-020
86.87  2.35594e-020
87.892  2.32034e-020
88.914  2.28522e-020
89.936  2.25055e-020
90.958  2.21634e-020
91.98  2.18257e-020
93.002  2.14925e-020
94.024  2.11637e-020
95.046  2.08392e-020
96.068  2.0519e-020
97.09  2.0203e-020
98.112  1.98912e-020
99.134  1.95835e-020
100.156  1.928e-020
101.178  1.89804e-020
102.2  1.86849e-020
103.222  1.83933e-020
104.244  1.81057e-020
105.266  1.78218e-020
106.288  1.75418e-020
107.31  1.72656e-020
108.332  1.69931e-020
109.354  1.67243e-020
110.376  1.64591e-020
111.398  1.61976e-020
112.42  1.59396e-020
113.442  1.56851e-020
114.464  1.54342e-020
115.486  1.51866e-020
116.508  1.49425e-020
117.53  1.47018e-020
118.552  1.44644e-020
119.574  1.42302e-020
120.596  1.39994e-020
121.618  1.37717e-020
122.64  1.35473e-020
123.662  1.3326e-020
124.684  1.31078e-020
125.706  1.28927e-020
126.728  1.26807e-020
127.75  1.24717e-020
128.772  1.22656e-020
129.794  1.20625e-020
130.816  1.18623e-020
131.838  1.1665e-020
132.86  1.14706e-020
133.882  1.12789e-020
134.904  1.10901e-020
135.926  1.0904e-020
136.948  1.07207e-020
137.97  1.054e-020
138.992  1.0362e-020
140.014  1.01867e-020
141.036  1.00139e-020
142.058  9.84374e-021
143.08  9.67612e-021
144.102  9.51102e-021
145.124  9.34841e-021
146.146  9.18827e-021
147.168  9.03056e-021
148.19  8.87526e-021
149.212  8.72234e-021
150.234  8.57177e-021
151.256  8.42353e-021
152.278  8.27759e-021
153.3  8.13393e-021
154.322  7.99251e-021
155.344  7.85332e-021
156.366  7.71632e-021
157.388  7.58149e-021
158.41  7.44881e-021
159.432  7.31825e-021
160.454  7.18978e-021
161.476  7.06338e-021
162.498  6.93902e-021
163.52  6.81669e-021
164.542  6.69635e-021
165.564  6.57799e-021
166.586  6.46157e-021
167.608  6.34707e-021
168.63  6.23448e-021
169.652  6.12377e-021
170.674  6.0149e-021
171.696  5.90787e-021
172.718  5.80265e-021
173.74  5.69921e-021
174.762  5.59753e-021
175.784  5.49759e-021
176.806  5.39936e-021
177.828  5.30283e-021
178.85  5.20797e-021
179.872  5.11476e-021
180.894  5.02318e-021
181.916  4.9332e-021
182.938  4.84481e-021
183.96  4.75797e-021
184.982  4.67268e-021
186.004  4.5889e-021
187.026  4.50662e-021
188.048  4.42582e-021
189.07  4.34647e-021
190.092  4.26855e-021
191.114  4.19204e-021
192.136  4.11692e-021
193.158  4.04318e-021
194.18  3.97078e-021
195.202  3.89971e-021
196.224  3.82994e-021
197.246  3.76146e-021
198.268  3.69425e-021
199.29  3.62828e-021
200.312  3.56354e-021
201.334  3.5e-021
202.356  3.43764e-021
203.378  3.37645e-021
204.4  3.3164e-021
205.422  3.25747e-021
206.444  3.19965e-021
207.466  3.14291e-021
208.488  3.08724e-021
209.51  3.0326e-021
210.532  2.97899e-021
211.554  2.92639e-021
212.576  2.87477e-021
213.598  2.82411e-021
214.62  2.7744e-021
215.642  2.72561e-021
216.664  2.67773e-021
217.686  2.63074e-021
218.708  2.58462e-021
219.73  2.53934e-021
220.752  2.49489e-021
221.774  2.45125e-021
222.796  2.40841e-021
223.818  2.36633e-021
224.84  2.32501e-021
225.862  2.28442e-021
226.884  2.24455e-021
227.906  2.20538e-021
228.928  2.16688e-021
229.95  2.12905e-021
230.972  2.09185e-021
231.994  2.05528e-021
233.016  2.01932e-021
234.038  1.98395e-021
235.06  1.94914e-021
236.082  1.91489e-021
237.104  1.88117e-021
238.126  1.84797e-021
239.148  1.81527e-021
240.17  1.78305e-021
241.192  1.7513e-021
242.214  1.72e-021
243.236  1.68913e-021
244.258  1.65867e-021
245.28  1.62862e-021
246.302  1.59895e-021
247.324  1.56964e-021
248.346  1.54069e-021
249.368  1.51208e-021
250.39  1.48379e-021
251.412  1.4558e-021
252.434  1.42811e-021
253.456  1.4007e-021
254.478  1.37355e-021
255.5  1.34665e-021
256.522  1.31998e-021
257.544  1.29354e-021
258.566  1.26732e-021
259.588  1.24129e-021
260.61  1.21544e-021
261.632  1.18978e-021
262.654  1.16428e-021
263.676  1.13893e-021
264.698  1.11373e-021
265.72  1.08866e-021
266.742  1.06372e-021
267.764  1.03889e-021
268.786  1.01417e-021
269.808  9.89555e-022
270.83  9.65033e-022
271.852  9.406e-022
272.874  9.1625e-022
273.896  8.91978e-022
274.918  8.6778e-022
275.94  8.43654e-022
276.962  8.19596e-022
277.984  7.95604e-022
279.006  7.71679e-022
280.028  7.4782e-022
281.05  7.24028e-022
282.072  7.00305e-022
283.094  6.76654e-022
284.116  6.53079e-022
285.138  6.29585e-022
286.16  6.06179e-022
287.182  5.82867e-022
288.204  5.59658e-022
289.226  5.36563e-022
290.248  5.13591e-022
291.27  4.90757e-022
292.292  4.68073e-022
293.314  4.45556e-022
294.336  4.23221e-022
295.358  4.01087e-022
296.38  3.79175e-022
297.402  3.57506e-022
298.424  3.36103e-022
299.446  3.14993e-022
300.468  2.94201e-022
301.49  2.73757e-022
302.512  2.53693e-022
303.534  2.3404e-022
304.556  2.14835e-022
305.578  1.96115e-022
306.6  1.77919e-022
307.622  1.6029e-022
308.644  1.43273e-022
309.666  1.26913e-022
310.688  1.11261e-022
311.71  9.63693e-023
312.732  8.22927e-023
313.754  6.90892e-023
314.776  5.68196e-023
315.798  4.55477e-023
316.82  3.53405e-023
317.842  2.62682e-023
318.864  1.84043e-023
319.886  1.18255e-023
320.908  6.6121e-024
321.93  2.84775e-024
322.952  6.19486e-025
