1.022  2.49632e-020
2.044  2.45372e-020
3.066  2.41176e-020
4.088  2.37042e-020
5.11  2.32971e-020
6.132  2.28961e-020
7.154  2.25011e-020
8.176  2.21121e-020
9.198  2.17289e-020
10.22  2.13515e-020
11.242  2.09799e-020
12.264  2.06139e-020
13.286  2.02536e-020
14.308  1.98989e-020
15.33  1.95497e-020
16.352  1.92061e-020
17.374  1.88678e-020
18.396  1.8535e-020
19.418  1.82076e-020
20.44  1.78854e-020
21.462  1.75685e-020
22.484  1.72569e-020
23.506  1.69503e-020
24.528  1.66488e-020
25.55  1.63524e-020
26.572  1.60609e-020
27.594  1.57743e-020
28.616  1.54926e-020
29.638  1.52157e-020
30.66  1.49435e-020
31.682  1.4676e-020
32.704  1.44131e-020
33.726  1.41547e-020
34.748  1.39009e-020
35.77  1.36514e-020
36.792  1.34064e-020
37.814  1.31656e-020
38.836  1.29292e-020
39.858  1.26969e-020
40.88  1.24688e-020
41.902  1.22447e-020
42.924  1.20247e-020
43.946  1.18087e-020
44.968  1.15966e-020
45.99  1.13884e-020
47.012  1.1184e-020
48.034  1.09834e-020
49.056  1.07865e-020
50.078  1.05933e-020
51.1  1.04037e-020
52.122  1.02176e-020
53.144  1.00351e-020
54.166  9.85603e-021
55.188  9.68041e-021
56.21  9.50816e-021
57.232  9.33926e-021
58.254  9.17364e-021
59.276  9.01128e-021
60.298  8.85211e-021
61.32  8.69611e-021
62.342  8.54322e-021
63.364  8.39341e-021
64.386  8.24664e-021
65.408  8.10285e-021
66.43  7.96203e-021
67.452  7.82412e-021
68.474  7.68909e-021
69.496  7.55689e-021
70.518  7.4275e-021
71.54  7.30087e-021
72.562  7.17697e-021
73.584  7.05576e-021
74.606  6.9372e-021
75.628  6.82127e-021
76.65  6.70792e-021
77.672  6.59713e-021
78.694  6.48885e-021
79.716  6.38305e-021
80.738  6.27971e-021
81.76  6.17879e-021
82.782  6.08026e-021
83.804  5.98408e-021
84.826  5.89023e-021
85.848  5.79867e-021
86.87  5.70938e-021
87.892  5.62232e-021
88.914  5.53747e-021
89.936  5.45479e-021
90.958  5.37426e-021
91.98  5.29585e-021
93.002  5.21952e-021
94.024  5.14526e-021
95.046  5.07304e-021
96.068  5.00282e-021
97.09  4.93458e-021
98.112  4.8683e-021
99.134  4.80395e-021
100.156  4.74149e-021
101.178  4.68092e-021
102.2  4.62219e-021
103.222  4.56529e-021
104.244  4.51019e-021
105.266  4.45686e-021
106.288  4.40529e-021
107.31  4.35544e-021
108.332  4.3073e-021
109.354  4.26083e-021
110.376  4.21602e-021
111.398  4.17284e-021
112.42  4.13127e-021
113.442  4.09129e-021
114.464  4.05287e-021
115.486  4.01599e-021
116.508  3.98062e-021
117.53  3.94675e-021
118.552  3.91436e-021
119.574  3.88341e-021
120.596  3.85389e-021
121.618  3.82578e-021
122.64  3.79905e-021
123.662  3.77369e-021
124.684  3.74967e-021
125.706  3.72697e-021
126.728  3.70557e-021
127.75  3.68544e-021
128.772  3.66658e-021
129.794  3.64895e-021
130.816  3.63253e-021
131.838  3.61731e-021
132.86  3.60326e-021
133.882  3.59036e-021
134.904  3.5786e-021
135.926  3.56794e-021
136.948  3.55838e-021
137.97  3.54988e-021
138.992  3.54243e-021
140.014  3.53601e-021
141.036  3.5306e-021
142.058  3.52617e-021
143.08  3.52271e-021
144.102  3.5202e-021
145.124  3.51861e-021
146.146  3.51793e-021
147.168  3.51812e-021
148.19  3.51919e-021
149.212  3.52109e-021
150.234  3.52381e-021
151.256  3.52734e-021
152.278  3.53164e-021
153.3  3.5367e-021
154.322  3.5425e-021
155.344  3.54902e-021
156.366  3.55623e-021
157.388  3.56412e-021
158.41  3.57266e-021
159.432  3.58183e-021
160.454  3.59161e-021
161.476  3.60198e-021
162.498  3.61292e-021
163.52  3.6244e-021
164.542  3.6364e-021
165.564  3.64891e-021
166.586  3.6619e-021
167.608  3.67534e-021
168.63  3.68922e-021
169.652  3.70351e-021
170.674  3.71819e-021
171.696  3.73324e-021
172.718  3.74863e-021
173.74  3.76435e-021
174.762  3.78037e-021
175.784  3.79666e-021
176.806  3.8132e-021
177.828  3.82998e-021
178.85  3.84696e-021
179.872  3.86412e-021
180.894  3.88144e-021
181.916  3.8989e-021
182.938  3.91646e-021
183.96  3.93412e-021
184.982  3.95183e-021
186.004  3.96959e-021
187.026  3.98736e-021
188.048  4.00511e-021
189.07  4.02283e-021
190.092  4.04049e-021
191.114  4.05807e-021
192.136  4.07553e-021
193.158  4.09286e-021
194.18  4.11002e-021
195.202  4.127e-021
196.224  4.14376e-021
197.246  4.16029e-021
198.268  4.17655e-021
199.29  4.19252e-021
200.312  4.20818e-021
201.334  4.22349e-021
202.356  4.23843e-021
203.378  4.25298e-021
204.4  4.26711e-021
205.422  4.2808e-021
206.444  4.29401e-021
207.466  4.30672e-021
208.488  4.3189e-021
209.51  4.33053e-021
210.532  4.34158e-021
211.554  4.35203e-021
212.576  4.36184e-021
213.598  4.371e-021
214.62  4.37947e-021
215.642  4.38723e-021
216.664  4.39426e-021
217.686  4.40052e-021
218.708  4.406e-021
219.73  4.41066e-021
220.752  4.41447e-021
221.774  4.41743e-021
222.796  4.41949e-021
223.818  4.42063e-021
224.84  4.42084e-021
225.862  4.42008e-021
226.884  4.41832e-021
227.906  4.41555e-021
228.928  4.41175e-021
229.95  4.40688e-021
230.972  4.40092e-021
231.994  4.39386e-021
233.016  4.38567e-021
234.038  4.37632e-021
235.06  4.3658e-021
236.082  4.35408e-021
237.104  4.34114e-021
238.126  4.32697e-021
239.148  4.31155e-021
240.17  4.29485e-021
241.192  4.27685e-021
242.214  4.25755e-021
243.236  4.23692e-021
244.258  4.21495e-021
245.28  4.19162e-021
246.302  4.16691e-021
247.324  4.14082e-021
248.346  4.11333e-021
249.368  4.08444e-021
250.39  4.05412e-021
251.412  4.02237e-021
252.434  3.98919e-021
253.456  3.95456e-021
254.478  3.91848e-021
255.5  3.88094e-021
256.522  3.84194e-021
257.544  3.80149e-021
258.566  3.75957e-021
259.588  3.71619e-021
260.61  3.67136e-021
261.632  3.62507e-021
262.654  3.57734e-021
263.676  3.52817e-021
264.698  3.47757e-021
265.72  3.42555e-021
266.742  3.37213e-021
267.764  3.31732e-021
268.786  3.26114e-021
269.808  3.20361e-021
270.83  3.14475e-021
271.852  3.08459e-021
272.874  3.02315e-021
273.896  2.96047e-021
274.918  2.89657e-021
275.94  2.8315e-021
276.962  2.76528e-021
277.984  2.69797e-021
279.006  2.6296e-021
280.028  2.56022e-021
281.05  2.48989e-021
282.072  2.41865e-021
283.094  2.34656e-021
284.116  2.2737e-021
285.138  2.20011e-021
286.16  2.12586e-021
287.182  2.05104e-021
288.204  1.97572e-021
289.226  1.89997e-021
290.248  1.82388e-021
291.27  1.74755e-021
292.292  1.67106e-021
293.314  1.59451e-021
294.336  1.51802e-021
295.358  1.44168e-021
296.38  1.36561e-021
297.402  1.28993e-021
298.424  1.21476e-021
299.446  1.14024e-021
300.468  1.0665e-021
301.49  9.93682e-022
302.512  9.21935e-022
303.534  8.51413e-022
304.556  7.82277e-022
305.578  7.14695e-022
306.6  6.48842e-022
307.622  5.84899e-022
308.644  5.23055e-022
309.666  4.63506e-022
310.688  4.06457e-022
311.71  3.52117e-022
312.732  3.00708e-022
313.754  2.52458e-022
314.776  2.07602e-022
315.798  1.66385e-022
316.82  1.29062e-022
317.842  9.58954e-023
318.864  6.7157e-023
319.886  4.31283e-023
320.908  2.41001e-023
321.93  1.03726e-023
322.952  2.25469e-024
