1.022  3.06722e-021
2.044  3.08651e-021
3.066  3.10743e-021
4.088  3.12995e-021
5.11  3.15404e-021
6.132  3.17969e-021
7.154  3.20687e-021
8.176  3.23555e-021
9.198  3.26571e-021
10.22  3.29734e-021
11.242  3.3304e-021
12.264  3.36488e-021
13.286  3.40076e-021
14.308  3.43802e-021
15.33  3.47665e-021
16.352  3.51661e-021
17.374  3.55791e-021
18.396  3.60051e-021
19.418  3.6444e-021
20.44  3.68956e-021
21.462  3.73597e-021
22.484  3.78363e-021
23.506  3.83249e-021
24.528  3.88256e-021
25.55  3.93381e-021
26.572  3.98622e-021
27.594  4.03977e-021
28.616  4.09445e-021
29.638  4.15024e-021
30.66  4.20711e-021
31.682  4.26505e-021
32.704  4.32405e-021
33.726  4.38408e-021
34.748  4.44512e-021
35.77  4.50716e-021
36.792  4.57017e-021
37.814  4.63415e-021
38.836  4.69906e-021
39.858  4.7649e-021
40.88  4.83165e-021
41.902  4.89928e-021
42.924  4.96778e-021
43.946  5.03713e-021
44.968  5.10731e-021
45.99  5.17831e-021
47.012  5.2501e-021
48.034  5.32268e-021
49.056  5.39601e-021
50.078  5.47009e-021
51.1  5.5449e-021
52.122  5.62042e-021
53.144  5.69663e-021
54.166  5.77352e-021
55.188  5.85107e-021
56.21  5.92926e-021
57.232  6.00807e-021
58.254  6.0875e-021
59.276  6.16751e-021
60.298  6.24811e-021
61.32  6.32926e-021
62.342  6.41096e-021
63.364  6.49319e-021
64.386  6.57592e-021
65.408  6.65916e-021
66.43  6.74287e-021
67.452  6.82705e-021
68.474  6.91168e-021
69.496  6.99674e-021
70.518  7.08222e-021
71.54  7.16811e-021
72.562  7.25439e-021
73.584  7.34103e-021
74.606  7.42804e-021
75.628  7.51539e-021
76.65  7.60308e-021
77.672  7.69107e-021
78.694  7.77937e-021
79.716  7.86795e-021
80.738  7.95681e-021
81.76  8.04593e-021
82.782  8.13528e-021
83.804  8.22487e-021
84.826  8.31468e-021
85.848  8.40469e-021
86.87  8.49489e-021
87.892  8.58526e-021
88.914  8.6758e-021
89.936  8.76648e-021
90.958  8.8573e-021
91.98  8.94824e-021
93.002  9.03929e-021
94.024  9.13043e-021
95.046  9.22166e-021
96.068  9.31296e-021
97.09  9.40431e-021
98.112  9.49571e-021
99.134  9.58714e-021
100.156  9.67858e-021
101.178  9.77003e-021
102.2  9.86147e-021
103.222  9.95289e-021
104.244  1.00443e-020
105.266  1.01356e-020
106.288  1.02269e-020
107.31  1.03181e-020
108.332  1.04092e-020
109.354  1.05002e-020
110.376  1.05912e-020
111.398  1.0682e-020
112.42  1.07726e-020
113.442  1.08631e-020
114.464  1.09535e-020
115.486  1.10436e-020
116.508  1.11336e-020
117.53  1.12234e-020
118.552  1.13129e-020
119.574  1.14023e-020
120.596  1.14914e-020
121.618  1.15802e-020
122.64  1.16688e-020
123.662  1.17571e-020
124.684  1.18451e-020
125.706  1.19327e-020
126.728  1.20201e-020
127.75  1.21071e-020
128.772  1.21938e-020
129.794  1.22801e-020
130.816  1.2366e-020
131.838  1.24515e-020
132.86  1.25366e-020
133.882  1.26213e-020
134.904  1.27056e-020
135.926  1.27894e-020
136.948  1.28727e-020
137.97  1.29555e-020
138.992  1.30378e-020
140.014  1.31196e-020
141.036  1.32009e-020
142.058  1.32816e-020
143.08  1.33618e-020
144.102  1.34413e-020
145.124  1.35202e-020
146.146  1.35986e-020
147.168  1.36762e-020
148.19  1.37532e-020
149.212  1.38296e-020
150.234  1.39052e-020
151.256  1.39801e-020
152.278  1.40543e-020
153.3  1.41277e-020
154.322  1.42004e-020
155.344  1.42722e-020
156.366  1.43432e-020
157.388  1.44134e-020
158.41  1.44827e-020
159.432  1.45511e-020
160.454  1.46186e-020
161.476  1.46852e-020
162.498  1.47508e-020
163.52  1.48155e-020
164.542  1.48791e-020
165.564  1.49417e-020
166.586  1.50033e-020
167.608  1.50638e-020
168.63  1.51231e-020
169.652  1.51814e-020
170.674  1.52384e-020
171.696  1.52943e-020
172.718  1.5349e-020
173.74  1.54025e-020
174.762  1.54546e-020
175.784  1.55055e-020
176.806  1.5555e-020
177.828  1.56032e-020
178.85  1.565e-020
179.872  1.56954e-020
180.894  1.57393e-020
181.916  1.57818e-020
182.938  1.58227e-020
183.96  1.58621e-020
184.982  1.58999e-020
186.004  1.59361e-020
187.026  1.59706e-020
188.048  1.60035e-020
189.07  1.60346e-020
190.092  1.6064e-020
191.114  1.60916e-020
192.136  1.61174e-020
193.158  1.61413e-020
194.18  1.61633e-020
195.202  1.61834e-020
196.224  1.62016e-020
197.246  1.62177e-020
198.268  1.62317e-020
199.29  1.62437e-020
200.312  1.62536e-020
201.334  1.62613e-020
202.356  1.62668e-020
203.378  1.62701e-020
204.4  1.6271e-020
205.422  1.62697e-020
206.444  1.6266e-020
207.466  1.62599e-020
208.488  1.62513e-020
209.51  1.62403e-020
210.532  1.62268e-020
211.554  1.62107e-020
212.576  1.6192e-020
213.598  1.61706e-020
214.62  1.61466e-020
215.642  1.61198e-020
216.664  1.60903e-020
217.686  1.6058e-020
218.708  1.60228e-020
219.73  1.59847e-020
220.752  1.59437e-020
221.774  1.58998e-020
222.796  1.58528e-020
223.818  1.58028e-020
224.84  1.57498e-020
225.862  1.56936e-020
226.884  1.56343e-020
227.906  1.55717e-020
228.928  1.5506e-020
229.95  1.5437e-020
230.972  1.53647e-020
231.994  1.52891e-020
233.016  1.52101e-020
234.038  1.51277e-020
235.06  1.5042e-020
236.082  1.49527e-020
237.104  1.486e-020
238.126  1.47639e-020
239.148  1.46641e-020
240.17  1.45609e-020
241.192  1.44541e-020
242.214  1.43437e-020
243.236  1.42296e-020
244.258  1.4112e-020
245.28  1.39908e-020
246.302  1.38658e-020
247.324  1.37373e-020
248.346  1.36051e-020
249.368  1.34692e-020
250.39  1.33296e-020
251.412  1.31864e-020
252.434  1.30396e-020
253.456  1.2889e-020
254.478  1.27349e-020
255.5  1.25771e-020
256.522  1.24157e-020
257.544  1.22506e-020
258.566  1.20821e-020
259.588  1.19099e-020
260.61  1.17343e-020
261.632  1.15552e-020
262.654  1.13727e-020
263.676  1.11867e-020
264.698  1.09974e-020
265.72  1.08049e-020
266.742  1.06091e-020
267.764  1.04101e-020
268.786  1.02081e-020
269.808  1.0003e-020
270.83  9.79504e-021
271.852  9.58421e-021
272.874  9.37061e-021
273.896  9.15437e-021
274.918  8.93559e-021
275.94  8.71437e-021
276.962  8.49085e-021
277.984  8.26515e-021
279.006  8.03741e-021
280.028  7.80778e-021
281.05  7.5764e-021
282.072  7.34345e-021
283.094  7.10908e-021
284.116  6.87349e-021
285.138  6.63686e-021
286.16  6.39939e-021
287.182  6.16129e-021
288.204  5.92278e-021
289.226  5.68409e-021
290.248  5.44546e-021
291.27  5.20715e-021
292.292  4.96941e-021
293.314  4.73253e-021
294.336  4.4968e-021
295.358  4.26251e-021
296.38  4.02998e-021
297.402  3.79954e-021
298.424  3.57153e-021
299.446  3.34631e-021
300.468  3.12426e-021
301.49  2.90575e-021
302.512  2.69119e-021
303.534  2.48099e-021
304.556  2.2756e-021
305.578  2.07546e-021
306.6  1.88105e-021
307.622  1.69285e-021
308.644  1.51136e-021
309.666  1.33711e-021
310.688  1.17064e-021
311.71  1.01252e-021
312.732  8.63332e-022
313.754  7.23675e-022
314.776  5.94177e-022
315.798  4.75486e-022
316.82  3.68271e-022
317.842  2.73224e-022
318.864  1.91061e-022
319.886  1.22521e-022
320.908  6.83661e-023
321.93  2.93825e-023
322.952  6.37791e-024
