1.022  9.99163e-021
2.044  1.01933e-020
3.066  1.03946e-020
4.088  1.05953e-020
5.11  1.07954e-020
6.132  1.09951e-020
7.154  1.11942e-020
8.176  1.13927e-020
9.198  1.15907e-020
10.22  1.1788e-020
11.242  1.19848e-020
12.264  1.21811e-020
13.286  1.23767e-020
14.308  1.25718e-020
15.33  1.27663e-020
16.352  1.29603e-020
17.374  1.31537e-020
18.396  1.33466e-020
19.418  1.35389e-020
20.44  1.37307e-020
21.462  1.3922e-020
22.484  1.41128e-020
23.506  1.4303e-020
24.528  1.44928e-020
25.55  1.4682e-020
26.572  1.48707e-020
27.594  1.50589e-020
28.616  1.52467e-020
29.638  1.54339e-020
30.66  1.56206e-020
31.682  1.58068e-020
32.704  1.59926e-020
33.726  1.61778e-020
34.748  1.63625e-020
35.77  1.65466e-020
36.792  1.67303e-020
37.814  1.69135e-020
38.836  1.70961e-020
39.858  1.72782e-020
40.88  1.74597e-020
41.902  1.76407e-020
42.924  1.78212e-020
43.946  1.80011e-020
44.968  1.81804e-020
45.99  1.83592e-020
47.012  1.85373e-020
48.034  1.87149e-020
49.056  1.8892e-020
50.078  1.90684e-020
51.1  1.92442e-020
52.122  1.94193e-020
53.144  1.95939e-020
54.166  1.97678e-020
55.188  1.99411e-020
56.21  2.01137e-020
57.232  2.02857e-020
58.254  2.0457e-020
59.276  2.06276e-020
60.298  2.07975e-020
61.32  2.09668e-020
62.342  2.11353e-020
63.364  2.13031e-020
64.386  2.14702e-020
65.408  2.16365e-020
66.43  2.18021e-020
67.452  2.1967e-020
68.474  2.21311e-020
69.496  2.22944e-020
70.518  2.24569e-020
71.54  2.26187e-020
72.562  2.27796e-020
73.584  2.29397e-020
74.606  2.3099e-020
75.628  2.32575e-020
76.65  2.34151e-020
77.672  2.35719e-020
78.694  2.37278e-020
79.716  2.38829e-020
80.738  2.40371e-020
81.76  2.41904e-020
82.782  2.43427e-020
83.804  2.44942e-020
84.826  2.46448e-020
85.848  2.47944e-020
86.87  2.49431e-020
87.892  2.50909e-020
88.914  2.52377e-020
89.936  2.53835e-020
90.958  2.55283e-020
91.98  2.56722e-020
93.002  2.58151e-020
94.024  2.59569e-020
95.046  2.60978e-020
96.068  2.62376e-020
97.09  2.63764e-020
98.112  2.65142e-020
99.134  2.66509e-020
100.156  2.67865e-020
101.178  2.69211e-020
102.2  2.70545e-020
103.222  2.71869e-020
104.244  2.73182e-020
105.266  2.74484e-020
106.288  2.75774e-020
107.31  2.77053e-020
108.332  2.78321e-020
109.354  2.79577e-020
110.376  2.80822e-020
111.398  2.82055e-020
112.42  2.83276e-020
113.442  2.84485e-020
114.464  2.85682e-020
115.486  2.86867e-020
116.508  2.88039e-020
117.53  2.89199e-020
118.552  2.90347e-020
119.574  2.91482e-020
120.596  2.92604e-020
121.618  2.93714e-020
122.64  2.9481e-020
123.662  2.95893e-020
124.684  2.96964e-020
125.706  2.9802e-020
126.728  2.99064e-020
127.75  3.00093e-020
128.772  3.01109e-020
129.794  3.02111e-020
130.816  3.03099e-020
131.838  3.04073e-020
132.86  3.05032e-020
133.882  3.05977e-020
134.904  3.06908e-020
135.926  3.07824e-020
136.948  3.08724e-020
137.97  3.0961e-020
138.992  3.1048e-020
140.014  3.11335e-020
141.036  3.12175e-020
142.058  3.12998e-020
143.08  3.13806e-020
144.102  3.14597e-020
145.124  3.15373e-020
146.146  3.16131e-020
147.168  3.16873e-020
148.19  3.17598e-020
149.212  3.18306e-020
150.234  3.18997e-020
151.256  3.1967e-020
152.278  3.20325e-020
153.3  3.20962e-020
154.322  3.21581e-020
155.344  3.22181e-020
156.366  3.22763e-020
157.388  3.23326e-020
158.41  3.23869e-020
159.432  3.24393e-020
160.454  3.24897e-020
161.476  3.25381e-020
162.498  3.25845e-020
163.52  3.26288e-020
164.542  3.26711e-020
165.564  3.27112e-020
166.586  3.27491e-020
167.608  3.27849e-020
168.63  3.28184e-020
169.652  3.28497e-020
170.674  3.28787e-020
171.696  3.29055e-020
172.718  3.29298e-020
173.74  3.29518e-020
174.762  3.29713e-020
175.784  3.29884e-020
176.806  3.3003e-020
177.828  3.3015e-020
178.85  3.30245e-020
179.872  3.30314e-020
180.894  3.30356e-020
181.916  3.30371e-020
182.938  3.30359e-020
183.96  3.30319e-020
184.982  3.30251e-020
186.004  3.30154e-020
187.026  3.30027e-020
188.048  3.29872e-020
189.07  3.29686e-020
190.092  3.2947e-020
191.114  3.29223e-020
192.136  3.28944e-020
193.158  3.28634e-020
194.18  3.28291e-020
195.202  3.27915e-020
196.224  3.27505e-020
197.246  3.27062e-020
198.268  3.26584e-020
199.29  3.26071e-020
200.312  3.25523e-020
201.334  3.24939e-020
202.356  3.24318e-020
203.378  3.2366e-020
204.4  3.22964e-020
205.422  3.2223e-020
206.444  3.21458e-020
207.466  3.20646e-020
208.488  3.19794e-020
209.51  3.18902e-020
210.532  3.17969e-020
211.554  3.16995e-020
212.576  3.15978e-020
213.598  3.14919e-020
214.62  3.13816e-020
215.642  3.1267e-020
216.664  3.1148e-020
217.686  3.10245e-020
218.708  3.08964e-020
219.73  3.07637e-020
220.752  3.06264e-020
221.774  3.04844e-020
222.796  3.03377e-020
223.818  3.01861e-020
224.84  3.00297e-020
225.862  2.98684e-020
226.884  2.97021e-020
227.906  2.95309e-020
228.928  2.93545e-020
229.95  2.91731e-020
230.972  2.89866e-020
231.994  2.87948e-020
233.016  2.85978e-020
234.038  2.83956e-020
235.06  2.8188e-020
236.082  2.79751e-020
237.104  2.77569e-020
238.126  2.75332e-020
239.148  2.73041e-020
240.17  2.70695e-020
241.192  2.68295e-020
242.214  2.65839e-020
243.236  2.63328e-020
244.258  2.60762e-020
245.28  2.5814e-020
246.302  2.55462e-020
247.324  2.52729e-020
248.346  2.4994e-020
249.368  2.47095e-020
250.39  2.44195e-020
251.412  2.41239e-020
252.434  2.38228e-020
253.456  2.35161e-020
254.478  2.3204e-020
255.5  2.28865e-020
256.522  2.25635e-020
257.544  2.22351e-020
258.566  2.19014e-020
259.588  2.15624e-020
260.61  2.12183e-020
261.632  2.08689e-020
262.654  2.05146e-020
263.676  2.01552e-020
264.698  1.97909e-020
265.72  1.94219e-020
266.742  1.90482e-020
267.764  1.86699e-020
268.786  1.82871e-020
269.808  1.79001e-020
270.83  1.75088e-020
271.852  1.71136e-020
272.874  1.67145e-020
273.896  1.63118e-020
274.918  1.59055e-020
275.94  1.5496e-020
276.962  1.50834e-020
277.984  1.46679e-020
279.006  1.42498e-020
280.028  1.38294e-020
281.05  1.34068e-020
282.072  1.29824e-020
283.094  1.25565e-020
284.116  1.21293e-020
285.138  1.17012e-020
286.16  1.12725e-020
287.182  1.08436e-020
288.204  1.04149e-020
289.226  9.98664e-021
290.248  9.55936e-021
291.27  9.13345e-021
292.292  8.70935e-021
293.314  8.28754e-021
294.336  7.86848e-021
295.358  7.4527e-021
296.38  7.04072e-021
297.402  6.63309e-021
298.424  6.23038e-021
299.446  5.8332e-021
300.468  5.44216e-021
301.49  5.05792e-021
302.512  4.68114e-021
303.534  4.31252e-021
304.556  3.9528e-021
305.578  3.60272e-021
306.6  3.26308e-021
307.622  2.93467e-021
308.644  2.61836e-021
309.666  2.31501e-021
310.688  2.02553e-021
311.71  1.75086e-021
312.732  1.49197e-021
313.754  1.24988e-021
314.776  1.02561e-021
315.798  8.20263e-022
316.82  6.34943e-022
317.842  4.70806e-022
318.864  3.29044e-022
319.886  2.1089e-022
320.908  1.17612e-022
321.93  5.0521e-023
322.952  1.09606e-023
