1.022  1.15854e-020
2.044  1.17976e-020
3.066  1.20092e-020
4.088  1.22202e-020
5.11  1.24305e-020
6.132  1.26401e-020
7.154  1.28491e-020
8.176  1.30573e-020
9.198  1.32649e-020
10.22  1.34717e-020
11.242  1.36778e-020
12.264  1.38832e-020
13.286  1.40879e-020
14.308  1.42919e-020
15.33  1.44952e-020
16.352  1.46978e-020
17.374  1.48997e-020
18.396  1.5101e-020
19.418  1.53017e-020
20.44  1.55016e-020
21.462  1.5701e-020
22.484  1.58997e-020
23.506  1.60978e-020
24.528  1.62953e-020
25.55  1.64922e-020
26.572  1.66884e-020
27.594  1.68841e-020
28.616  1.70792e-020
29.638  1.72736e-020
30.66  1.74675e-020
31.682  1.76607e-020
32.704  1.78534e-020
33.726  1.80454e-020
34.748  1.82368e-020
35.77  1.84277e-020
36.792  1.86179e-020
37.814  1.88075e-020
38.836  1.89965e-020
39.858  1.91848e-020
40.88  1.93725e-020
41.902  1.95596e-020
42.924  1.97461e-020
43.946  1.99319e-020
44.968  2.0117e-020
45.99  2.03015e-020
47.012  2.04854e-020
48.034  2.06685e-020
49.056  2.0851e-020
50.078  2.10328e-020
51.1  2.12138e-020
52.122  2.13942e-020
53.144  2.15739e-020
54.166  2.17528e-020
55.188  2.1931e-020
56.21  2.21085e-020
57.232  2.22852e-020
58.254  2.24612e-020
59.276  2.26364e-020
60.298  2.28108e-020
61.32  2.29844e-020
62.342  2.31573e-020
63.364  2.33293e-020
64.386  2.35005e-020
65.408  2.3671e-020
66.43  2.38405e-020
67.452  2.40093e-020
68.474  2.41772e-020
69.496  2.43442e-020
70.518  2.45103e-020
71.54  2.46756e-020
72.562  2.484e-020
73.584  2.50035e-020
74.606  2.51661e-020
75.628  2.53278e-020
76.65  2.54885e-020
77.672  2.56483e-020
78.694  2.58072e-020
79.716  2.59651e-020
80.738  2.6122e-020
81.76  2.6278e-020
82.782  2.6433e-020
83.804  2.65869e-020
84.826  2.67399e-020
85.848  2.68919e-020
86.87  2.70428e-020
87.892  2.71927e-020
88.914  2.73416e-020
89.936  2.74894e-020
90.958  2.76362e-020
91.98  2.77819e-020
93.002  2.79265e-020
94.024  2.807e-020
95.046  2.82124e-020
96.068  2.83537e-020
97.09  2.84939e-020
98.112  2.8633e-020
99.134  2.87709e-020
100.156  2.89077e-020
101.178  2.90433e-020
102.2  2.91777e-020
103.222  2.9311e-020
104.244  2.94431e-020
105.266  2.95739e-020
106.288  2.97036e-020
107.31  2.98321e-020
108.332  2.99593e-020
109.354  3.00853e-020
110.376  3.021e-020
111.398  3.03335e-020
112.42  3.04557e-020
113.442  3.05766e-020
114.464  3.06963e-020
115.486  3.08146e-020
116.508  3.09316e-020
117.53  3.10473e-020
118.552  3.11617e-020
119.574  3.12747e-020
120.596  3.13863e-020
121.618  3.14966e-020
122.64  3.16055e-020
123.662  3.1713e-020
124.684  3.18191e-020
125.706  3.19238e-020
126.728  3.2027e-020
127.75  3.21288e-020
128.772  3.22291e-020
129.794  3.2328e-020
130.816  3.24253e-020
131.838  3.25212e-020
132.86  3.26155e-020
133.882  3.27083e-020
134.904  3.27996e-020
135.926  3.28893e-020
136.948  3.29774e-020
137.97  3.30639e-020
138.992  3.31488e-020
140.014  3.32321e-020
141.036  3.33137e-020
142.058  3.33937e-020
143.08  3.3472e-020
144.102  3.35485e-020
145.124  3.36234e-020
146.146  3.36965e-020
147.168  3.37678e-020
148.19  3.38374e-020
149.212  3.39052e-020
150.234  3.39711e-020
151.256  3.40352e-020
152.278  3.40974e-020
153.3  3.41577e-020
154.322  3.42161e-020
155.344  3.42726e-020
156.366  3.43271e-020
157.388  3.43796e-020
158.41  3.44301e-020
159.432  3.44785e-020
160.454  3.45249e-020
161.476  3.45692e-020
162.498  3.46113e-020
163.52  3.46513e-020
164.542  3.46891e-020
165.564  3.47247e-020
166.586  3.4758e-020
167.608  3.4789e-020
168.63  3.48177e-020
169.652  3.48441e-020
170.674  3.48681e-020
171.696  3.48897e-020
172.718  3.49088e-020
173.74  3.49254e-020
174.762  3.49395e-020
175.784  3.4951e-020
176.806  3.496e-020
177.828  3.49663e-020
178.85  3.49699e-020
179.872  3.49707e-020
180.894  3.49688e-020
181.916  3.49642e-020
182.938  3.49566e-020
183.96  3.49462e-020
184.982  3.49328e-020
186.004  3.49164e-020
187.026  3.4897e-020
188.048  3.48746e-020
189.07  3.4849e-020
190.092  3.48202e-020
191.114  3.47883e-020
192.136  3.4753e-020
193.158  3.47144e-020
194.18  3.46725e-020
195.202  3.46272e-020
196.224  3.45783e-020
197.246  3.4526e-020
198.268  3.447e-020
199.29  3.44105e-020
200.312  3.43472e-020
201.334  3.42802e-020
202.356  3.42095e-020
203.378  3.41348e-020
204.4  3.40563e-020
205.422  3.39738e-020
206.444  3.38873e-020
207.466  3.37967e-020
208.488  3.3702e-020
209.51  3.36031e-020
210.532  3.35e-020
211.554  3.33925e-020
212.576  3.32807e-020
213.598  3.31645e-020
214.62  3.30438e-020
215.642  3.29186e-020
216.664  3.27888e-020
217.686  3.26543e-020
218.708  3.25152e-020
219.73  3.23713e-020
220.752  3.22226e-020
221.774  3.2069e-020
222.796  3.19105e-020
223.818  3.1747e-020
224.84  3.15785e-020
225.862  3.14049e-020
226.884  3.12262e-020
227.906  3.10423e-020
228.928  3.08532e-020
229.95  3.06588e-020
230.972  3.04591e-020
231.994  3.0254e-020
233.016  3.00436e-020
234.038  2.98276e-020
235.06  2.96062e-020
236.082  2.93793e-020
237.104  2.91468e-020
238.126  2.89087e-020
239.148  2.8665e-020
240.17  2.84156e-020
241.192  2.81606e-020
242.214  2.78999e-020
243.236  2.76335e-020
244.258  2.73613e-020
245.28  2.70834e-020
246.302  2.67997e-020
247.324  2.65103e-020
248.346  2.62151e-020
249.368  2.59142e-020
250.39  2.56075e-020
251.412  2.52951e-020
252.434  2.4977e-020
253.456  2.46532e-020
254.478  2.43238e-020
255.5  2.39887e-020
256.522  2.3648e-020
257.544  2.33017e-020
258.566  2.295e-020
259.588  2.25928e-020
260.61  2.22303e-020
261.632  2.18624e-020
262.654  2.14894e-020
263.676  2.11112e-020
264.698  2.07279e-020
265.72  2.03398e-020
266.742  1.99468e-020
267.764  1.95491e-020
268.786  1.91468e-020
269.808  1.87401e-020
270.83  1.83291e-020
271.852  1.7914e-020
272.874  1.7495e-020
273.896  1.70722e-020
274.918  1.66458e-020
275.94  1.6216e-020
276.962  1.57832e-020
277.984  1.53473e-020
279.006  1.49089e-020
280.028  1.4468e-020
281.05  1.4025e-020
282.072  1.35801e-020
283.094  1.31337e-020
284.116  1.26861e-020
285.138  1.22376e-020
286.16  1.17885e-020
287.182  1.13393e-020
288.204  1.08903e-020
289.226  1.04419e-020
290.248  9.99453e-021
291.27  9.54868e-021
292.292  9.10478e-021
293.314  8.66333e-021
294.336  8.22482e-021
295.358  7.78978e-021
296.38  7.35877e-021
297.402  6.93236e-021
298.424  6.51114e-021
299.446  6.09575e-021
300.468  5.68682e-021
301.49  5.28504e-021
302.512  4.8911e-021
303.534  4.50573e-021
304.556  4.12969e-021
305.578  3.76377e-021
306.6  3.40879e-021
307.622  3.06558e-021
308.644  2.73504e-021
309.666  2.41806e-021
310.688  2.1156e-021
311.71  1.82864e-021
312.732  1.55819e-021
313.754  1.30529e-021
314.776  1.07104e-021
315.798  8.56562e-022
316.82  6.63014e-022
317.842  4.91602e-022
318.864  3.43565e-022
319.886  2.20188e-022
320.908  1.22794e-022
321.93  5.27447e-023
322.952  1.14426e-023
