1.022  3.26029e-019
2.044  3.25358e-019
3.066  3.24692e-019
4.088  3.24032e-019
5.11  3.23376e-019
6.132  3.22725e-019
7.154  3.22079e-019
8.176  3.21436e-019
9.198  3.20797e-019
10.22  3.20161e-019
11.242  3.19529e-019
12.264  3.18901e-019
13.286  3.18276e-019
14.308  3.17655e-019
15.33  3.17038e-019
16.352  3.16425e-019
17.374  3.15816e-019
18.396  3.15212e-019
19.418  3.14613e-019
20.44  3.14019e-019
21.462  3.13429e-019
22.484  3.12845e-019
23.506  3.12266e-019
24.528  3.11691e-019
25.55  3.11122e-019
26.572  3.10558e-019
27.594  3.1e-019
28.616  3.09446e-019
29.638  3.08897e-019
30.66  3.08353e-019
31.682  3.07814e-019
32.704  3.0728e-019
33.726  3.06751e-019
34.748  3.06226e-019
35.77  3.05706e-019
36.792  3.0519e-019
37.814  3.04678e-019
38.836  3.0417e-019
39.858  3.03667e-019
40.88  3.03167e-019
41.902  3.02671e-019
42.924  3.02178e-019
43.946  3.01689e-019
44.968  3.01204e-019
45.99  3.00721e-019
47.012  3.00242e-019
48.034  2.99765e-019
49.056  2.99291e-019
50.078  2.9882e-019
51.1  2.98351e-019
52.122  2.97884e-019
53.144  2.9742e-019
54.166  2.96958e-019
55.188  2.96497e-019
56.21  2.96039e-019
57.232  2.95582e-019
58.254  2.95126e-019
59.276  2.94672e-019
60.298  2.94219e-019
61.32  2.93767e-019
62.342  2.93316e-019
63.364  2.92866e-019
64.386  2.92417e-019
65.408  2.91968e-019
66.43  2.9152e-019
67.452  2.91072e-019
68.474  2.90625e-019
69.496  2.90177e-019
70.518  2.8973e-019
71.54  2.89282e-019
72.562  2.88834e-019
73.584  2.88386e-019
74.606  2.87938e-019
75.628  2.87489e-019
76.65  2.87039e-019
77.672  2.86588e-019
78.694  2.86137e-019
79.716  2.85685e-019
80.738  2.85231e-019
81.76  2.84777e-019
82.782  2.84321e-019
83.804  2.83864e-019
84.826  2.83406e-019
85.848  2.82946e-019
86.87  2.82484e-019
87.892  2.82021e-019
88.914  2.81556e-019
89.936  2.81089e-019
90.958  2.8062e-019
91.98  2.80149e-019
93.002  2.79676e-019
94.024  2.792e-019
95.046  2.78723e-019
96.068  2.78243e-019
97.09  2.7776e-019
98.112  2.77275e-019
99.134  2.76788e-019
100.156  2.76298e-019
101.178  2.75805e-019
102.2  2.75309e-019
103.222  2.74811e-019
104.244  2.74309e-019
105.266  2.73804e-019
106.288  2.73297e-019
107.31  2.72786e-019
108.332  2.72272e-019
109.354  2.71754e-019
110.376  2.71234e-019
111.398  2.7071e-019
112.42  2.70182e-019
113.442  2.69651e-019
114.464  2.69116e-019
115.486  2.68578e-019
116.508  2.68035e-019
117.53  2.67489e-019
118.552  2.66939e-019
119.574  2.66386e-019
120.596  2.65828e-019
121.618  2.65266e-019
122.64  2.647e-019
123.662  2.6413e-019
124.684  2.63556e-019
125.706  2.62977e-019
126.728  2.62394e-019
127.75  2.61807e-019
128.772  2.61215e-019
129.794  2.60618e-019
130.816  2.60017e-019
131.838  2.59412e-019
132.86  2.58802e-019
133.882  2.58186e-019
134.904  2.57567e-019
135.926  2.56942e-019
136.948  2.56312e-019
137.97  2.55677e-019
138.992  2.55037e-019
140.014  2.54392e-019
141.036  2.53742e-019
142.058  2.53087e-019
143.08  2.52426e-019
144.102  2.51759e-019
145.124  2.51088e-019
146.146  2.5041e-019
147.168  2.49728e-019
148.19  2.49039e-019
149.212  2.48345e-019
150.234  2.47644e-019
151.256  2.46938e-019
152.278  2.46226e-019
153.3  2.45508e-019
154.322  2.44784e-019
155.344  2.44053e-019
156.366  2.43317e-019
157.388  2.42573e-019
158.41  2.41824e-019
159.432  2.41067e-019
160.454  2.40305e-019
161.476  2.39535e-019
162.498  2.38758e-019
163.52  2.37975e-019
164.542  2.37185e-019
165.564  2.36387e-019
166.586  2.35582e-019
167.608  2.3477e-019
168.63  2.33951e-019
169.652  2.33124e-019
170.674  2.32289e-019
171.696  2.31447e-019
172.718  2.30596e-019
173.74  2.29738e-019
174.762  2.28872e-019
175.784  2.27997e-019
176.806  2.27114e-019
177.828  2.26223e-019
178.85  2.25322e-019
179.872  2.24414e-019
180.894  2.23496e-019
181.916  2.2257e-019
182.938  2.21634e-019
183.96  2.20689e-019
184.982  2.19734e-019
186.004  2.1877e-019
187.026  2.17797e-019
188.048  2.16813e-019
189.07  2.1582e-019
190.092  2.14816e-019
191.114  2.13802e-019
192.136  2.12778e-019
193.158  2.11742e-019
194.18  2.10697e-019
195.202  2.0964e-019
196.224  2.08572e-019
197.246  2.07492e-019
198.268  2.06402e-019
199.29  2.05299e-019
200.312  2.04185e-019
201.334  2.03059e-019
202.356  2.0192e-019
203.378  2.0077e-019
204.4  1.99606e-019
205.422  1.9843e-019
206.444  1.97242e-019
207.466  1.9604e-019
208.488  1.94824e-019
209.51  1.93596e-019
210.532  1.92353e-019
211.554  1.91097e-019
212.576  1.89827e-019
213.598  1.88543e-019
214.62  1.87244e-019
215.642  1.85931e-019
216.664  1.84603e-019
217.686  1.83259e-019
218.708  1.81901e-019
219.73  1.80528e-019
220.752  1.79139e-019
221.774  1.77734e-019
222.796  1.76314e-019
223.818  1.74878e-019
224.84  1.73425e-019
225.862  1.71956e-019
226.884  1.70471e-019
227.906  1.68969e-019
228.928  1.6745e-019
229.95  1.65914e-019
230.972  1.64361e-019
231.994  1.62791e-019
233.016  1.61204e-019
234.038  1.59599e-019
235.06  1.57976e-019
236.082  1.56336e-019
237.104  1.54678e-019
238.126  1.53002e-019
239.148  1.51308e-019
240.17  1.49597e-019
241.192  1.47867e-019
242.214  1.46119e-019
243.236  1.44353e-019
244.258  1.42569e-019
245.28  1.40766e-019
246.302  1.38946e-019
247.324  1.37107e-019
248.346  1.3525e-019
249.368  1.33376e-019
250.39  1.31483e-019
251.412  1.29573e-019
252.434  1.27644e-019
253.456  1.25699e-019
254.478  1.23736e-019
255.5  1.21755e-019
256.522  1.19758e-019
257.544  1.17744e-019
258.566  1.15713e-019
259.588  1.13666e-019
260.61  1.11603e-019
261.632  1.09525e-019
262.654  1.07431e-019
263.676  1.05323e-019
264.698  1.03201e-019
265.72  1.01064e-019
266.742  9.89142e-020
267.764  9.67516e-020
268.786  9.45768e-020
269.808  9.23905e-020
270.83  9.01932e-020
271.852  8.79858e-020
272.874  8.57691e-020
273.896  8.35437e-020
274.918  8.13107e-020
275.94  7.90708e-020
276.962  7.68251e-020
277.984  7.45746e-020
279.006  7.23204e-020
280.028  7.00636e-020
281.05  6.78054e-020
282.072  6.5547e-020
283.094  6.32899e-020
284.116  6.10353e-020
285.138  5.87848e-020
286.16  5.65399e-020
287.182  5.43022e-020
288.204  5.20733e-020
289.226  4.98551e-020
290.248  4.76494e-020
291.27  4.54581e-020
292.292  4.32832e-020
293.314  4.11268e-020
294.336  3.89912e-020
295.358  3.68786e-020
296.38  3.47914e-020
297.402  3.27321e-020
298.424  3.07033e-020
299.446  2.87078e-020
300.468  2.67482e-020
301.49  2.48275e-020
302.512  2.29488e-020
303.534  2.11153e-020
304.556  1.93302e-020
305.578  1.75969e-020
306.6  1.59189e-020
307.622  1.43e-020
308.644  1.2744e-020
309.666  1.12547e-020
310.688  9.83639e-021
311.71  8.49319e-021
312.732  7.22955e-021
313.754  6.05e-021
314.776  4.95928e-021
315.798  3.96225e-021
316.82  3.06397e-021
317.842  2.26966e-021
318.864  1.58471e-021
319.886  1.01469e-021
320.908  5.65358e-022
321.93  2.42628e-022
322.952  5.25907e-023
