1.022  3.90072e-019
2.044  3.89122e-019
3.066  3.88181e-019
4.088  3.87246e-019
5.11  3.8632e-019
6.132  3.85399e-019
7.154  3.84486e-019
8.176  3.83578e-019
9.198  3.82675e-019
10.22  3.81778e-019
11.242  3.80886e-019
12.264  3.8e-019
13.286  3.79119e-019
14.308  3.78244e-019
15.33  3.77376e-019
16.352  3.76513e-019
17.374  3.75656e-019
18.396  3.74807e-019
19.418  3.73964e-019
20.44  3.73127e-019
21.462  3.72298e-019
22.484  3.71476e-019
23.506  3.70661e-019
24.528  3.69853e-019
25.55  3.69053e-019
26.572  3.68259e-019
27.594  3.67473e-019
28.616  3.66694e-019
29.638  3.65921e-019
30.66  3.65156e-019
31.682  3.64398e-019
32.704  3.63646e-019
33.726  3.62901e-019
34.748  3.62162e-019
35.77  3.6143e-019
36.792  3.60704e-019
37.814  3.59983e-019
38.836  3.59269e-019
39.858  3.5856e-019
40.88  3.57857e-019
41.902  3.57159e-019
42.924  3.56467e-019
43.946  3.55779e-019
44.968  3.55097e-019
45.99  3.54418e-019
47.012  3.53745e-019
48.034  3.53075e-019
49.056  3.5241e-019
50.078  3.51749e-019
51.1  3.51092e-019
52.122  3.50438e-019
53.144  3.49787e-019
54.166  3.4914e-019
55.188  3.48496e-019
56.21  3.47855e-019
57.232  3.47217e-019
58.254  3.46581e-019
59.276  3.45948e-019
60.298  3.45317e-019
61.32  3.44688e-019
62.342  3.44061e-019
63.364  3.43436e-019
64.386  3.42812e-019
65.408  3.42191e-019
66.43  3.4157e-019
67.452  3.40951e-019
68.474  3.40332e-019
69.496  3.39715e-019
70.518  3.39098e-019
71.54  3.38482e-019
72.562  3.37867e-019
73.584  3.37252e-019
74.606  3.36637e-019
75.628  3.36022e-019
76.65  3.35407e-019
77.672  3.34792e-019
78.694  3.34177e-019
79.716  3.33562e-019
80.738  3.32946e-019
81.76  3.32329e-019
82.782  3.31712e-019
83.804  3.31093e-019
84.826  3.30474e-019
85.848  3.29854e-019
86.87  3.29232e-019
87.892  3.2861e-019
88.914  3.27985e-019
89.936  3.2736e-019
90.958  3.26733e-019
91.98  3.26104e-019
93.002  3.25473e-019
94.024  3.2484e-019
95.046  3.24205e-019
96.068  3.23568e-019
97.09  3.22929e-019
98.112  3.22288e-019
99.134  3.21644e-019
100.156  3.20998e-019
101.178  3.2035e-019
102.2  3.19698e-019
103.222  3.19044e-019
104.244  3.18387e-019
105.266  3.17728e-019
106.288  3.17065e-019
107.31  3.16399e-019
108.332  3.1573e-019
109.354  3.15058e-019
110.376  3.14383e-019
111.398  3.13704e-019
112.42  3.13021e-019
113.442  3.12336e-019
114.464  3.11646e-019
115.486  3.10953e-019
116.508  3.10256e-019
117.53  3.09556e-019
118.552  3.08851e-019
119.574  3.08142e-019
120.596  3.0743e-019
121.618  3.06713e-019
122.64  3.05992e-019
123.662  3.05267e-019
124.684  3.04537e-019
125.706  3.03804e-019
126.728  3.03065e-019
127.75  3.02322e-019
128.772  3.01575e-019
129.794  3.00823e-019
130.816  3.00066e-019
131.838  2.99304e-019
132.86  2.98537e-019
133.882  2.97765e-019
134.904  2.96989e-019
135.926  2.96207e-019
136.948  2.9542e-019
137.97  2.94628e-019
138.992  2.9383e-019
140.014  2.93027e-019
141.036  2.92219e-019
142.058  2.91405e-019
143.08  2.90585e-019
144.102  2.8976e-019
145.124  2.88929e-019
146.146  2.88092e-019
147.168  2.87249e-019
148.19  2.864e-019
149.212  2.85545e-019
150.234  2.84684e-019
151.256  2.83816e-019
152.278  2.82942e-019
153.3  2.82062e-019
154.322  2.81175e-019
155.344  2.80282e-019
156.366  2.79381e-019
157.388  2.78474e-019
158.41  2.7756e-019
159.432  2.76639e-019
160.454  2.75711e-019
161.476  2.74776e-019
162.498  2.73833e-019
163.52  2.72883e-019
164.542  2.71926e-019
165.564  2.70961e-019
166.586  2.69988e-019
167.608  2.69007e-019
168.63  2.68018e-019
169.652  2.67021e-019
170.674  2.66016e-019
171.696  2.65003e-019
172.718  2.63981e-019
173.74  2.6295e-019
174.762  2.61911e-019
175.784  2.60863e-019
176.806  2.59806e-019
177.828  2.58739e-019
178.85  2.57664e-019
179.872  2.56579e-019
180.894  2.55484e-019
181.916  2.5438e-019
182.938  2.53266e-019
183.96  2.52141e-019
184.982  2.51007e-019
186.004  2.49862e-019
187.026  2.48707e-019
188.048  2.47541e-019
189.07  2.46364e-019
190.092  2.45176e-019
191.114  2.43977e-019
192.136  2.42767e-019
193.158  2.41545e-019
194.18  2.40311e-019
195.202  2.39066e-019
196.224  2.37808e-019
197.246  2.36538e-019
198.268  2.35256e-019
199.29  2.3396e-019
200.312  2.32652e-019
201.334  2.31331e-019
202.356  2.29997e-019
203.378  2.28649e-019
204.4  2.27288e-019
205.422  2.25912e-019
206.444  2.24523e-019
207.466  2.23119e-019
208.488  2.21701e-019
209.51  2.20268e-019
210.532  2.18821e-019
211.554  2.17358e-019
212.576  2.1588e-019
213.598  2.14386e-019
214.62  2.12877e-019
215.642  2.11352e-019
216.664  2.0981e-019
217.686  2.08253e-019
218.708  2.06679e-019
219.73  2.05088e-019
220.752  2.0348e-019
221.774  2.01855e-019
222.796  2.00212e-019
223.818  1.98553e-019
224.84  1.96875e-019
225.862  1.9518e-019
226.884  1.93466e-019
227.906  1.91735e-019
228.928  1.89985e-019
229.95  1.88216e-019
230.972  1.86429e-019
231.994  1.84623e-019
233.016  1.82797e-019
234.038  1.80953e-019
235.06  1.7909e-019
236.082  1.77207e-019
237.104  1.75304e-019
238.126  1.73382e-019
239.148  1.71441e-019
240.17  1.6948e-019
241.192  1.67498e-019
242.214  1.65498e-019
243.236  1.63477e-019
244.258  1.61436e-019
245.28  1.59376e-019
246.302  1.57295e-019
247.324  1.55195e-019
248.346  1.53075e-019
249.368  1.50935e-019
250.39  1.48776e-019
251.412  1.46597e-019
252.434  1.44399e-019
253.456  1.42182e-019
254.478  1.39945e-019
255.5  1.3769e-019
256.522  1.35416e-019
257.544  1.33124e-019
258.566  1.30814e-019
259.588  1.28486e-019
260.61  1.26141e-019
261.632  1.23779e-019
262.654  1.21401e-019
263.676  1.19006e-019
264.698  1.16596e-019
265.72  1.1417e-019
266.742  1.11731e-019
267.764  1.09277e-019
268.786  1.0681e-019
269.808  1.04331e-019
270.83  1.0184e-019
271.852  9.93385e-020
272.874  9.68267e-020
273.896  9.43058e-020
274.918  9.17768e-020
275.94  8.92407e-020
276.962  8.66985e-020
277.984  8.41514e-020
279.006  8.16007e-020
280.028  7.90476e-020
281.05  7.64934e-020
282.072  7.39396e-020
283.094  7.13876e-020
284.116  6.88391e-020
285.138  6.62956e-020
286.16  6.37588e-020
287.182  6.12307e-020
288.204  5.8713e-020
289.226  5.62077e-020
290.248  5.37169e-020
291.27  5.12428e-020
292.292  4.87877e-020
293.314  4.63538e-020
294.336  4.39437e-020
295.358  4.15599e-020
296.38  3.92052e-020
297.402  3.68822e-020
298.424  3.45939e-020
299.446  3.23433e-020
300.468  3.01337e-020
301.49  2.79682e-020
302.512  2.58503e-020
303.534  2.37835e-020
304.556  2.17715e-020
305.578  1.98181e-020
306.6  1.79273e-020
307.622  1.61033e-020
308.644  1.43502e-020
309.666  1.26726e-020
310.688  1.10749e-020
311.71  9.56211e-021
312.732  8.139e-021
313.754  6.81073e-021
314.776  5.58258e-021
315.798  4.46002e-021
316.82  3.44873e-021
317.842  2.55455e-021
318.864  1.78354e-021
319.886  1.14195e-021
320.908  6.36235e-022
321.93  2.73033e-022
322.952  5.91786e-023
