1.022  4.3816e-020
2.044  4.31859e-020
3.066  4.25637e-020
4.088  4.19494e-020
5.11  4.13428e-020
6.132  4.07439e-020
7.154  4.01524e-020
8.176  3.95683e-020
9.198  3.89915e-020
10.22  3.84219e-020
11.242  3.78595e-020
12.264  3.73041e-020
13.286  3.67558e-020
14.308  3.62144e-020
15.33  3.568e-020
16.352  3.51524e-020
17.374  3.46317e-020
18.396  3.41178e-020
19.418  3.36107e-020
20.44  3.31102e-020
21.462  3.26163e-020
22.484  3.21291e-020
23.506  3.16483e-020
24.528  3.1174e-020
25.55  3.0706e-020
26.572  3.02444e-020
27.594  2.9789e-020
28.616  2.93397e-020
29.638  2.88966e-020
30.66  2.84595e-020
31.682  2.80283e-020
32.704  2.7603e-020
33.726  2.71835e-020
34.748  2.67697e-020
35.77  2.63616e-020
36.792  2.5959e-020
37.814  2.5562e-020
38.836  2.51704e-020
39.858  2.47841e-020
40.88  2.44032e-020
41.902  2.40275e-020
42.924  2.36569e-020
43.946  2.32915e-020
44.968  2.2931e-020
45.99  2.25755e-020
47.012  2.22249e-020
48.034  2.18791e-020
49.056  2.15381e-020
50.078  2.12017e-020
51.1  2.087e-020
52.122  2.05429e-020
53.144  2.02203e-020
54.166  1.99021e-020
55.188  1.95884e-020
56.21  1.92789e-020
57.232  1.89738e-020
58.254  1.86728e-020
59.276  1.83761e-020
60.298  1.80834e-020
61.32  1.77949e-020
62.342  1.75103e-020
63.364  1.72297e-020
64.386  1.6953e-020
65.408  1.66802e-020
66.43  1.64111e-020
67.452  1.61459e-020
68.474  1.58843e-020
69.496  1.56264e-020
70.518  1.53722e-020
71.54  1.51215e-020
72.562  1.48743e-020
73.584  1.46307e-020
74.606  1.43905e-020
75.628  1.41537e-020
76.65  1.39202e-020
77.672  1.36901e-020
78.694  1.34632e-020
79.716  1.32396e-020
80.738  1.30192e-020
81.76  1.2802e-020
82.782  1.25879e-020
83.804  1.23768e-020
84.826  1.21689e-020
85.848  1.19639e-020
86.87  1.17619e-020
87.892  1.15629e-020
88.914  1.13667e-020
89.936  1.11734e-020
90.958  1.0983e-020
91.98  1.07954e-020
93.002  1.06106e-020
94.024  1.04284e-020
95.046  1.0249e-020
96.068  1.00723e-020
97.09  9.89825e-021
98.112  9.72679e-021
99.134  9.55791e-021
100.156  9.39159e-021
101.178  9.22779e-021
102.2  9.06649e-021
103.222  8.90765e-021
104.244  8.75125e-021
105.266  8.59727e-021
106.288  8.44567e-021
107.31  8.29642e-021
108.332  8.1495e-021
109.354  8.00488e-021
110.376  7.86254e-021
111.398  7.72245e-021
112.42  7.58458e-021
113.442  7.44891e-021
114.464  7.31542e-021
115.486  7.18407e-021
116.508  7.05484e-021
117.53  6.92772e-021
118.552  6.80267e-021
119.574  6.67967e-021
120.596  6.55869e-021
121.618  6.43973e-021
122.64  6.32274e-021
123.662  6.20771e-021
124.684  6.09462e-021
125.706  5.98344e-021
126.728  5.87416e-021
127.75  5.76674e-021
128.772  5.66117e-021
129.794  5.55743e-021
130.816  5.45549e-021
131.838  5.35534e-021
132.86  5.25695e-021
133.882  5.1603e-021
134.904  5.06537e-021
135.926  4.97214e-021
136.948  4.88059e-021
137.97  4.79071e-021
138.992  4.70246e-021
140.014  4.61584e-021
141.036  4.53082e-021
142.058  4.44738e-021
143.08  4.3655e-021
144.102  4.28516e-021
145.124  4.20635e-021
146.146  4.12904e-021
147.168  4.05322e-021
148.19  3.97887e-021
149.212  3.90597e-021
150.234  3.83449e-021
151.256  3.76443e-021
152.278  3.69576e-021
153.3  3.62847e-021
154.322  3.56254e-021
155.344  3.49795e-021
156.366  3.43467e-021
157.388  3.3727e-021
158.41  3.31202e-021
159.432  3.25261e-021
160.454  3.19445e-021
161.476  3.13752e-021
162.498  3.0818e-021
163.52  3.02729e-021
164.542  2.97396e-021
165.564  2.92179e-021
166.586  2.87077e-021
167.608  2.82088e-021
168.63  2.7721e-021
169.652  2.72442e-021
170.674  2.67782e-021
171.696  2.63228e-021
172.718  2.58778e-021
173.74  2.54432e-021
174.762  2.50187e-021
175.784  2.46041e-021
176.806  2.41993e-021
177.828  2.38042e-021
178.85  2.34185e-021
179.872  2.30421e-021
180.894  2.26748e-021
181.916  2.23164e-021
182.938  2.19669e-021
183.96  2.1626e-021
184.982  2.12936e-021
186.004  2.09695e-021
187.026  2.06535e-021
188.048  2.03456e-021
189.07  2.00454e-021
190.092  1.97529e-021
191.114  1.94679e-021
192.136  1.91902e-021
193.158  1.89197e-021
194.18  1.86562e-021
195.202  1.83995e-021
196.224  1.81495e-021
197.246  1.79061e-021
198.268  1.7669e-021
199.29  1.74381e-021
200.312  1.72133e-021
201.334  1.69943e-021
202.356  1.67811e-021
203.378  1.65734e-021
204.4  1.63712e-021
205.422  1.61742e-021
206.444  1.59823e-021
207.466  1.57953e-021
208.488  1.56131e-021
209.51  1.54355e-021
210.532  1.52623e-021
211.554  1.50935e-021
212.576  1.49288e-021
213.598  1.47681e-021
214.62  1.46112e-021
215.642  1.4458e-021
216.664  1.43083e-021
217.686  1.4162e-021
218.708  1.40189e-021
219.73  1.38789e-021
220.752  1.37417e-021
221.774  1.36074e-021
222.796  1.34756e-021
223.818  1.33463e-021
224.84  1.32193e-021
225.862  1.30944e-021
226.884  1.29716e-021
227.906  1.28506e-021
228.928  1.27314e-021
229.95  1.26137e-021
230.972  1.24974e-021
231.994  1.23825e-021
233.016  1.22686e-021
234.038  1.21558e-021
235.06  1.20439e-021
236.082  1.19327e-021
237.104  1.1822e-021
238.126  1.17119e-021
239.148  1.16021e-021
240.17  1.14924e-021
241.192  1.13829e-021
242.214  1.12733e-021
243.236  1.11635e-021
244.258  1.10534e-021
245.28  1.09429e-021
246.302  1.08318e-021
247.324  1.07201e-021
248.346  1.06076e-021
249.368  1.04943e-021
250.39  1.038e-021
251.412  1.02646e-021
252.434  1.0148e-021
253.456  1.00301e-021
254.478  9.9109e-022
255.5  9.79021e-022
256.522  9.66797e-022
257.544  9.54409e-022
258.566  9.41852e-022
259.588  9.29116e-022
260.61  9.16195e-022
261.632  9.03083e-022
262.654  8.89773e-022
263.676  8.76261e-022
264.698  8.62541e-022
265.72  8.4861e-022
266.742  8.34462e-022
267.764  8.20096e-022
268.786  8.05507e-022
269.808  7.90696e-022
270.83  7.75659e-022
271.852  7.60397e-022
272.874  7.44909e-022
273.896  7.29197e-022
274.918  7.13262e-022
275.94  6.97106e-022
276.962  6.80733e-022
277.984  6.64147e-022
279.006  6.47352e-022
280.028  6.30354e-022
281.05  6.13161e-022
282.072  5.9578e-022
283.094  5.7822e-022
284.116  5.6049e-022
285.138  5.42602e-022
286.16  5.24567e-022
287.182  5.06399e-022
288.204  4.88112e-022
289.226  4.69722e-022
290.248  4.51246e-022
291.27  4.32702e-022
292.292  4.14109e-022
293.314  3.95488e-022
294.336  3.76863e-022
295.358  3.58256e-022
296.38  3.39694e-022
297.402  3.21203e-022
298.424  3.02812e-022
299.446  2.84552e-022
300.468  2.66454e-022
301.49  2.48553e-022
302.512  2.30885e-022
303.534  2.13487e-022
304.556  1.964e-022
305.578  1.79664e-022
306.6  1.63323e-022
307.622  1.47425e-022
308.644  1.32016e-022
309.666  1.17148e-022
310.688  1.02873e-022
311.71  8.92461e-023
312.732  7.63258e-023
313.754  6.4172e-023
314.776  5.28477e-023
315.798  4.24185e-023
316.82  3.29527e-023
317.842  2.45215e-023
318.864  1.7199e-023
319.886  1.10622e-023
320.908  6.19115e-024
321.93  2.6688e-024
322.952  5.81031e-025
