1.022  2.32727e-020
2.044  2.28872e-020
3.066  2.25071e-020
4.088  2.21324e-020
5.11  2.17631e-020
6.132  2.13989e-020
7.154  2.10399e-020
8.176  2.06859e-020
9.198  2.0337e-020
10.22  1.9993e-020
11.242  1.9654e-020
12.264  1.93198e-020
13.286  1.89904e-020
14.308  1.86658e-020
15.33  1.83459e-020
16.352  1.80308e-020
17.374  1.77203e-020
18.396  1.74145e-020
19.418  1.71133e-020
20.44  1.68166e-020
21.462  1.65244e-020
22.484  1.62367e-020
23.506  1.59533e-020
24.528  1.56744e-020
25.55  1.53998e-020
26.572  1.51294e-020
27.594  1.48633e-020
28.616  1.46013e-020
29.638  1.43435e-020
30.66  1.40897e-020
31.682  1.384e-020
32.704  1.35942e-020
33.726  1.33523e-020
34.748  1.31143e-020
35.77  1.28802e-020
36.792  1.26498e-020
37.814  1.24231e-020
38.836  1.22e-020
39.858  1.19807e-020
40.88  1.17648e-020
41.902  1.15525e-020
42.924  1.13437e-020
43.946  1.11383e-020
44.968  1.09363e-020
45.99  1.07377e-020
47.012  1.05423e-020
48.034  1.03502e-020
49.056  1.01613e-020
50.078  9.97557e-021
51.1  9.79297e-021
52.122  9.61345e-021
53.144  9.43697e-021
54.166  9.2635e-021
55.188  9.09298e-021
56.21  8.9254e-021
57.232  8.7607e-021
58.254  8.59884e-021
59.276  8.4398e-021
60.298  8.28353e-021
61.32  8.12999e-021
62.342  7.97916e-021
63.364  7.831e-021
64.386  7.68546e-021
65.408  7.54253e-021
66.43  7.40215e-021
67.452  7.26431e-021
68.474  7.12897e-021
69.496  6.99609e-021
70.518  6.86565e-021
71.54  6.73761e-021
72.562  6.61195e-021
73.584  6.48862e-021
74.606  6.36761e-021
75.628  6.24888e-021
76.65  6.13241e-021
77.672  6.01816e-021
78.694  5.90611e-021
79.716  5.79623e-021
80.738  5.68849e-021
81.76  5.58286e-021
82.782  5.47933e-021
83.804  5.37785e-021
84.826  5.27842e-021
85.848  5.18099e-021
86.87  5.08555e-021
87.892  4.99207e-021
88.914  4.90052e-021
89.936  4.81089e-021
90.958  4.72315e-021
91.98  4.63727e-021
93.002  4.55323e-021
94.024  4.47101e-021
95.046  4.39058e-021
96.068  4.31192e-021
97.09  4.23502e-021
98.112  4.15984e-021
99.134  4.08637e-021
100.156  4.01459e-021
101.178  3.94447e-021
102.2  3.87599e-021
103.222  3.80913e-021
104.244  3.74388e-021
105.266  3.6802e-021
106.288  3.61809e-021
107.31  3.55752e-021
108.332  3.49846e-021
109.354  3.44091e-021
110.376  3.38485e-021
111.398  3.33024e-021
112.42  3.27708e-021
113.442  3.22535e-021
114.464  3.17502e-021
115.486  3.12608e-021
116.508  3.07851e-021
117.53  3.03229e-021
118.552  2.9874e-021
119.574  2.94383e-021
120.596  2.90156e-021
121.618  2.86057e-021
122.64  2.82084e-021
123.662  2.78235e-021
124.684  2.7451e-021
125.706  2.70905e-021
126.728  2.6742e-021
127.75  2.64052e-021
128.772  2.60801e-021
129.794  2.57663e-021
130.816  2.54638e-021
131.838  2.51725e-021
132.86  2.4892e-021
133.882  2.46223e-021
134.904  2.43632e-021
135.926  2.41145e-021
136.948  2.38761e-021
137.97  2.36478e-021
138.992  2.34295e-021
140.014  2.32209e-021
141.036  2.3022e-021
142.058  2.28325e-021
143.08  2.26523e-021
144.102  2.24812e-021
145.124  2.23191e-021
146.146  2.21658e-021
147.168  2.20212e-021
148.19  2.18851e-021
149.212  2.17573e-021
150.234  2.16376e-021
151.256  2.1526e-021
152.278  2.14222e-021
153.3  2.13262e-021
154.322  2.12376e-021
155.344  2.11564e-021
156.366  2.10825e-021
157.388  2.10155e-021
158.41  2.09555e-021
159.432  2.09022e-021
160.454  2.08554e-021
161.476  2.08151e-021
162.498  2.07809e-021
163.52  2.07529e-021
164.542  2.07307e-021
165.564  2.07143e-021
166.586  2.07035e-021
167.608  2.06981e-021
168.63  2.06979e-021
169.652  2.07029e-021
170.674  2.07127e-021
171.696  2.07273e-021
172.718  2.07465e-021
173.74  2.07701e-021
174.762  2.07979e-021
175.784  2.08298e-021
176.806  2.08656e-021
177.828  2.09052e-021
178.85  2.09483e-021
179.872  2.09948e-021
180.894  2.10445e-021
181.916  2.10973e-021
182.938  2.11529e-021
183.96  2.12113e-021
184.982  2.12721e-021
186.004  2.13353e-021
187.026  2.14007e-021
188.048  2.1468e-021
189.07  2.15372e-021
190.092  2.1608e-021
191.114  2.16802e-021
192.136  2.17538e-021
193.158  2.18284e-021
194.18  2.19039e-021
195.202  2.19802e-021
196.224  2.2057e-021
197.246  2.21342e-021
198.268  2.22115e-021
199.29  2.22889e-021
200.312  2.23661e-021
201.334  2.24429e-021
202.356  2.25191e-021
203.378  2.25946e-021
204.4  2.26692e-021
205.422  2.27427e-021
206.444  2.28149e-021
207.466  2.28856e-021
208.488  2.29547e-021
209.51  2.30219e-021
210.532  2.3087e-021
211.554  2.31499e-021
212.576  2.32105e-021
213.598  2.32684e-021
214.62  2.33236e-021
215.642  2.33758e-021
216.664  2.34248e-021
217.686  2.34706e-021
218.708  2.35128e-021
219.73  2.35513e-021
220.752  2.3586e-021
221.774  2.36166e-021
222.796  2.3643e-021
223.818  2.3665e-021
224.84  2.36824e-021
225.862  2.36951e-021
226.884  2.37028e-021
227.906  2.37055e-021
228.928  2.37029e-021
229.95  2.36948e-021
230.972  2.36812e-021
231.994  2.36618e-021
233.016  2.36364e-021
234.038  2.3605e-021
235.06  2.35674e-021
236.082  2.35234e-021
237.104  2.34729e-021
238.126  2.34157e-021
239.148  2.33517e-021
240.17  2.32807e-021
241.192  2.32027e-021
242.214  2.31175e-021
243.236  2.30249e-021
244.258  2.29249e-021
245.28  2.28173e-021
246.302  2.2702e-021
247.324  2.25789e-021
248.346  2.2448e-021
249.368  2.23091e-021
250.39  2.21621e-021
251.412  2.2007e-021
252.434  2.18437e-021
253.456  2.16721e-021
254.478  2.14922e-021
255.5  2.13039e-021
256.522  2.11071e-021
257.544  2.09019e-021
258.566  2.06883e-021
259.588  2.04661e-021
260.61  2.02354e-021
261.632  1.99962e-021
262.654  1.97485e-021
263.676  1.94923e-021
264.698  1.92277e-021
265.72  1.89548e-021
266.742  1.86735e-021
267.764  1.83839e-021
268.786  1.80862e-021
269.808  1.77804e-021
270.83  1.74666e-021
271.852  1.7145e-021
272.874  1.68157e-021
273.896  1.64789e-021
274.918  1.61347e-021
275.94  1.57833e-021
276.962  1.5425e-021
277.984  1.50598e-021
279.006  1.46882e-021
280.028  1.43103e-021
281.05  1.39265e-021
282.072  1.35369e-021
283.094  1.3142e-021
284.116  1.27421e-021
285.138  1.23375e-021
286.16  1.19287e-021
287.182  1.1516e-021
288.204  1.10999e-021
289.226  1.06807e-021
290.248  1.02591e-021
291.27  9.83556e-022
292.292  9.41054e-022
293.314  8.98463e-022
294.336  8.55844e-022
295.358  8.13259e-022
296.38  7.70772e-022
297.402  7.28453e-022
298.424  6.86373e-022
299.446  6.44607e-022
300.468  6.03234e-022
301.49  5.62335e-022
302.512  5.21997e-022
303.534  4.82308e-022
304.556  4.43363e-022
305.578  4.05256e-022
306.6  3.68091e-022
307.622  3.31972e-022
308.644  2.97009e-022
309.666  2.63315e-022
310.688  2.31009e-022
311.71  2.00214e-022
312.732  1.71057e-022
313.754  1.43672e-022
314.776  1.18194e-022
315.798  9.47677e-023
316.82  7.35398e-023
317.842  5.46633e-023
318.864  3.82967e-023
319.886  2.46037e-023
320.908  1.37538e-023
321.93  5.92182e-024
322.952  1.28771e-024
