1.022  2.83253e-020
2.044  2.78626e-020
3.066  2.74063e-020
4.088  2.69564e-020
5.11  2.65127e-020
6.132  2.60752e-020
7.154  2.56438e-020
8.176  2.52184e-020
9.198  2.47989e-020
10.22  2.43853e-020
11.242  2.39775e-020
12.264  2.35754e-020
13.286  2.31791e-020
14.308  2.27884e-020
15.33  2.24033e-020
16.352  2.20238e-020
17.374  2.16498e-020
18.396  2.12813e-020
19.418  2.09182e-020
20.44  2.05605e-020
21.462  2.02082e-020
22.484  1.98611e-020
23.506  1.95193e-020
24.528  1.91826e-020
25.55  1.8851e-020
26.572  1.85245e-020
27.594  1.8203e-020
28.616  1.78865e-020
29.638  1.75748e-020
30.66  1.72679e-020
31.682  1.69658e-020
32.704  1.66684e-020
33.726  1.63756e-020
34.748  1.60874e-020
35.77  1.58038e-020
36.792  1.55245e-020
37.814  1.52497e-020
38.836  1.49793e-020
39.858  1.47131e-020
40.88  1.44512e-020
41.902  1.41934e-020
42.924  1.39398e-020
43.946  1.36902e-020
44.968  1.34446e-020
45.99  1.3203e-020
47.012  1.29653e-020
48.034  1.27314e-020
49.056  1.25013e-020
50.078  1.2275e-020
51.1  1.20524e-020
52.122  1.18335e-020
53.144  1.16181e-020
54.166  1.14063e-020
55.188  1.1198e-020
56.21  1.09932e-020
57.232  1.07918e-020
58.254  1.05937e-020
59.276  1.0399e-020
60.298  1.02075e-020
61.32  1.00193e-020
62.342  9.83434e-021
63.364  9.6525e-021
64.386  9.47377e-021
65.408  9.29811e-021
66.43  9.12549e-021
67.452  8.95587e-021
68.474  8.7892e-021
69.496  8.62545e-021
70.518  8.46458e-021
71.54  8.30656e-021
72.562  8.15135e-021
73.584  7.9989e-021
74.606  7.8492e-021
75.628  7.7022e-021
76.65  7.55787e-021
77.672  7.41617e-021
78.694  7.27707e-021
79.716  7.14054e-021
80.738  7.00655e-021
81.76  6.87506e-021
82.782  6.74604e-021
83.804  6.61946e-021
84.826  6.4953e-021
85.848  6.37351e-021
86.87  6.25408e-021
87.892  6.13697e-021
88.914  6.02214e-021
89.936  5.90959e-021
90.958  5.79927e-021
91.98  5.69115e-021
93.002  5.58522e-021
94.024  5.48143e-021
95.046  5.37978e-021
96.068  5.28022e-021
97.09  5.18273e-021
98.112  5.08729e-021
99.134  4.99388e-021
100.156  4.90246e-021
101.178  4.813e-021
102.2  4.7255e-021
103.222  4.63992e-021
104.244  4.55623e-021
105.266  4.47441e-021
106.288  4.39445e-021
107.31  4.31631e-021
108.332  4.23998e-021
109.354  4.16542e-021
110.376  4.09262e-021
111.398  4.02156e-021
112.42  3.95221e-021
113.442  3.88455e-021
114.464  3.81855e-021
115.486  3.7542e-021
116.508  3.69148e-021
117.53  3.63036e-021
118.552  3.57082e-021
119.574  3.51285e-021
120.596  3.45641e-021
121.618  3.4015e-021
122.64  3.34808e-021
123.662  3.29614e-021
124.684  3.24566e-021
125.706  3.19662e-021
126.728  3.149e-021
127.75  3.10277e-021
128.772  3.05793e-021
129.794  3.01444e-021
130.816  2.97229e-021
131.838  2.93147e-021
132.86  2.89194e-021
133.882  2.8537e-021
134.904  2.81672e-021
135.926  2.78098e-021
136.948  2.74647e-021
137.97  2.71316e-021
138.992  2.68104e-021
140.014  2.65008e-021
141.036  2.62028e-021
142.058  2.59161e-021
143.08  2.56405e-021
144.102  2.53758e-021
145.124  2.51219e-021
146.146  2.48785e-021
147.168  2.46456e-021
148.19  2.44228e-021
149.212  2.42101e-021
150.234  2.40071e-021
151.256  2.38139e-021
152.278  2.36301e-021
153.3  2.34555e-021
154.322  2.32901e-021
155.344  2.31336e-021
156.366  2.29859e-021
157.388  2.28466e-021
158.41  2.27158e-021
159.432  2.25931e-021
160.454  2.24785e-021
161.476  2.23716e-021
162.498  2.22724e-021
163.52  2.21807e-021
164.542  2.20962e-021
165.564  2.20188e-021
166.586  2.19483e-021
167.608  2.18845e-021
168.63  2.18273e-021
169.652  2.17764e-021
170.674  2.17317e-021
171.696  2.16929e-021
172.718  2.16599e-021
173.74  2.16326e-021
174.762  2.16106e-021
175.784  2.15939e-021
176.806  2.15822e-021
177.828  2.15754e-021
178.85  2.15732e-021
179.872  2.15755e-021
180.894  2.15821e-021
181.916  2.15928e-021
182.938  2.16074e-021
183.96  2.16257e-021
184.982  2.16475e-021
186.004  2.16727e-021
187.026  2.1701e-021
188.048  2.17322e-021
189.07  2.17662e-021
190.092  2.18028e-021
191.114  2.18417e-021
192.136  2.18827e-021
193.158  2.19258e-021
194.18  2.19706e-021
195.202  2.2017e-021
196.224  2.20648e-021
197.246  2.21138e-021
198.268  2.21638e-021
199.29  2.22146e-021
200.312  2.2266e-021
201.334  2.23178e-021
202.356  2.23697e-021
203.378  2.24218e-021
204.4  2.24736e-021
205.422  2.2525e-021
206.444  2.25758e-021
207.466  2.26259e-021
208.488  2.2675e-021
209.51  2.27229e-021
210.532  2.27695e-021
211.554  2.28145e-021
212.576  2.28577e-021
213.598  2.2899e-021
214.62  2.29381e-021
215.642  2.29749e-021
216.664  2.30091e-021
217.686  2.30407e-021
218.708  2.30693e-021
219.73  2.30948e-021
220.752  2.3117e-021
221.774  2.31357e-021
222.796  2.31507e-021
223.818  2.31619e-021
224.84  2.3169e-021
225.862  2.3172e-021
226.884  2.31705e-021
227.906  2.31644e-021
228.928  2.31536e-021
229.95  2.31379e-021
230.972  2.3117e-021
231.994  2.30909e-021
233.016  2.30594e-021
234.038  2.30223e-021
235.06  2.29794e-021
236.082  2.29306e-021
237.104  2.28757e-021
238.126  2.28146e-021
239.148  2.27471e-021
240.17  2.26732e-021
241.192  2.25926e-021
242.214  2.25052e-021
243.236  2.24109e-021
244.258  2.23096e-021
245.28  2.22011e-021
246.302  2.20854e-021
247.324  2.19623e-021
248.346  2.18317e-021
249.368  2.16936e-021
250.39  2.15478e-021
251.412  2.13942e-021
252.434  2.12328e-021
253.456  2.10635e-021
254.478  2.08863e-021
255.5  2.07011e-021
256.522  2.05078e-021
257.544  2.03064e-021
258.566  2.00969e-021
259.588  1.98792e-021
260.61  1.96534e-021
261.632  1.94194e-021
262.654  1.91773e-021
263.676  1.8927e-021
264.698  1.86687e-021
265.72  1.84023e-021
266.742  1.81279e-021
267.764  1.78455e-021
268.786  1.75554e-021
269.808  1.72574e-021
270.83  1.69518e-021
271.852  1.66386e-021
272.874  1.63181e-021
273.896  1.59903e-021
274.918  1.56553e-021
275.94  1.53135e-021
276.962  1.4965e-021
277.984  1.461e-021
279.006  1.42487e-021
280.028  1.38813e-021
281.05  1.35083e-021
282.072  1.31297e-021
283.094  1.27461e-021
284.116  1.23576e-021
285.138  1.19646e-021
286.16  1.15675e-021
287.182  1.11667e-021
288.204  1.07627e-021
289.226  1.03558e-021
290.248  9.94651e-022
291.27  9.53536e-022
292.292  9.12285e-022
293.314  8.70953e-022
294.336  8.29597e-022
295.358  7.88277e-022
296.38  7.47058e-022
297.402  7.06005e-022
298.424  6.65188e-022
299.446  6.24679e-022
300.468  5.84555e-022
301.49  5.44894e-022
302.512  5.05781e-022
303.534  4.673e-022
304.556  4.29543e-022
305.578  3.92604e-022
306.6  3.5658e-022
307.622  3.21573e-022
308.644  2.87689e-022
309.666  2.55038e-022
310.688  2.23736e-022
311.71  1.93899e-022
312.732  1.65653e-022
313.754  1.39124e-022
314.776  1.14447e-022
315.798  9.17576e-023
316.82  7.11998e-023
317.842  5.29208e-023
318.864  3.70737e-023
319.886  2.38166e-023
320.908  1.3313e-023
321.93  5.73166e-024
322.952  1.24628e-024
