1.022  8.27468e-021
2.044  8.11437e-021
3.066  7.95733e-021
4.088  7.80352e-021
5.11  7.65291e-021
6.132  7.50543e-021
7.154  7.36107e-021
8.176  7.21976e-021
9.198  7.08147e-021
10.22  6.94617e-021
11.242  6.81383e-021
12.264  6.68441e-021
13.286  6.55789e-021
14.308  6.43423e-021
15.33  6.3134e-021
16.352  6.19538e-021
17.374  6.08014e-021
18.396  5.96765e-021
19.418  5.85788e-021
20.44  5.75079e-021
21.462  5.64636e-021
22.484  5.54456e-021
23.506  5.44535e-021
24.528  5.34871e-021
25.55  5.25459e-021
26.572  5.16298e-021
27.594  5.07383e-021
28.616  4.98711e-021
29.638  4.9028e-021
30.66  4.82087e-021
31.682  4.74126e-021
32.704  4.66397e-021
33.726  4.58895e-021
34.748  4.51618e-021
35.77  4.44562e-021
36.792  4.37724e-021
37.814  4.31101e-021
38.836  4.2469e-021
39.858  4.18488e-021
40.88  4.12493e-021
41.902  4.067e-021
42.924  4.01108e-021
43.946  3.95713e-021
44.968  3.90513e-021
45.99  3.85504e-021
47.012  3.80684e-021
48.034  3.7605e-021
49.056  3.71599e-021
50.078  3.6733e-021
51.1  3.63238e-021
52.122  3.59321e-021
53.144  3.55578e-021
54.166  3.52004e-021
55.188  3.48599e-021
56.21  3.45358e-021
57.232  3.4228e-021
58.254  3.39363e-021
59.276  3.36603e-021
60.298  3.33999e-021
61.32  3.31548e-021
62.342  3.29248e-021
63.364  3.27097e-021
64.386  3.25091e-021
65.408  3.2323e-021
66.43  3.21511e-021
67.452  3.19931e-021
68.474  3.18489e-021
69.496  3.17182e-021
70.518  3.16008e-021
71.54  3.14966e-021
72.562  3.14053e-021
73.584  3.13267e-021
74.606  3.12606e-021
75.628  3.12068e-021
76.65  3.11651e-021
77.672  3.11353e-021
78.694  3.11173e-021
79.716  3.11108e-021
80.738  3.11157e-021
81.76  3.11317e-021
82.782  3.11588e-021
83.804  3.11966e-021
84.826  3.1245e-021
85.848  3.13039e-021
86.87  3.13731e-021
87.892  3.14523e-021
88.914  3.15415e-021
89.936  3.16405e-021
90.958  3.1749e-021
91.98  3.18669e-021
93.002  3.19941e-021
94.024  3.21304e-021
95.046  3.22756e-021
96.068  3.24295e-021
97.09  3.25921e-021
98.112  3.27631e-021
99.134  3.29423e-021
100.156  3.31298e-021
101.178  3.33251e-021
102.2  3.35283e-021
103.222  3.37392e-021
104.244  3.39576e-021
105.266  3.41833e-021
106.288  3.44163e-021
107.31  3.46563e-021
108.332  3.49032e-021
109.354  3.51569e-021
110.376  3.54172e-021
111.398  3.56839e-021
112.42  3.5957e-021
113.442  3.62363e-021
114.464  3.65216e-021
115.486  3.68128e-021
116.508  3.71097e-021
117.53  3.74123e-021
118.552  3.77202e-021
119.574  3.80335e-021
120.596  3.8352e-021
121.618  3.86755e-021
122.64  3.90039e-021
123.662  3.9337e-021
124.684  3.96747e-021
125.706  4.00169e-021
126.728  4.03633e-021
127.75  4.0714e-021
128.772  4.10686e-021
129.794  4.14272e-021
130.816  4.17894e-021
131.838  4.21553e-021
132.86  4.25246e-021
133.882  4.28972e-021
134.904  4.32729e-021
135.926  4.36516e-021
136.948  4.40332e-021
137.97  4.44175e-021
138.992  4.48043e-021
140.014  4.51935e-021
141.036  4.5585e-021
142.058  4.59786e-021
143.08  4.63741e-021
144.102  4.67715e-021
145.124  4.71704e-021
146.146  4.75708e-021
147.168  4.79726e-021
148.19  4.83755e-021
149.212  4.87794e-021
150.234  4.91841e-021
151.256  4.95896e-021
152.278  4.99955e-021
153.3  5.04017e-021
154.322  5.08082e-021
155.344  5.12146e-021
156.366  5.16209e-021
157.388  5.20268e-021
158.41  5.24322e-021
159.432  5.2837e-021
160.454  5.32408e-021
161.476  5.36436e-021
162.498  5.40452e-021
163.52  5.44454e-021
164.542  5.48439e-021
165.564  5.52407e-021
166.586  5.56355e-021
167.608  5.60282e-021
168.63  5.64184e-021
169.652  5.68061e-021
170.674  5.71911e-021
171.696  5.75731e-021
172.718  5.7952e-021
173.74  5.83275e-021
174.762  5.86994e-021
175.784  5.90676e-021
176.806  5.94318e-021
177.828  5.97918e-021
178.85  6.01473e-021
179.872  6.04983e-021
180.894  6.08444e-021
181.916  6.11855e-021
182.938  6.15212e-021
183.96  6.18515e-021
184.982  6.2176e-021
186.004  6.24946e-021
187.026  6.2807e-021
188.048  6.31129e-021
189.07  6.34122e-021
190.092  6.37046e-021
191.114  6.39898e-021
192.136  6.42677e-021
193.158  6.4538e-021
194.18  6.48004e-021
195.202  6.50547e-021
196.224  6.53006e-021
197.246  6.5538e-021
198.268  6.57665e-021
199.29  6.59859e-021
200.312  6.61959e-021
201.334  6.63963e-021
202.356  6.65869e-021
203.378  6.67674e-021
204.4  6.69375e-021
205.422  6.7097e-021
206.444  6.72456e-021
207.466  6.73831e-021
208.488  6.75092e-021
209.51  6.76236e-021
210.532  6.77261e-021
211.554  6.78164e-021
212.576  6.78943e-021
213.598  6.79596e-021
214.62  6.80118e-021
215.642  6.80509e-021
216.664  6.80766e-021
217.686  6.80885e-021
218.708  6.80865e-021
219.73  6.80703e-021
220.752  6.80396e-021
221.774  6.79942e-021
222.796  6.79339e-021
223.818  6.78584e-021
224.84  6.77674e-021
225.862  6.76608e-021
226.884  6.75383e-021
227.906  6.73997e-021
228.928  6.72448e-021
229.95  6.70733e-021
230.972  6.6885e-021
231.994  6.66798e-021
233.016  6.64573e-021
234.038  6.62175e-021
235.06  6.59601e-021
236.082  6.56849e-021
237.104  6.53918e-021
238.126  6.50806e-021
239.148  6.47511e-021
240.17  6.44031e-021
241.192  6.40366e-021
242.214  6.36514e-021
243.236  6.32473e-021
244.258  6.28243e-021
245.28  6.23822e-021
246.302  6.1921e-021
247.324  6.14406e-021
248.346  6.09408e-021
249.368  6.04216e-021
250.39  5.98831e-021
251.412  5.93251e-021
252.434  5.87476e-021
253.456  5.81508e-021
254.478  5.75344e-021
255.5  5.68987e-021
256.522  5.62436e-021
257.544  5.55692e-021
258.566  5.48757e-021
259.588  5.41631e-021
260.61  5.34315e-021
261.632  5.26811e-021
262.654  5.19121e-021
263.676  5.11247e-021
264.698  5.0319e-021
265.72  4.94954e-021
266.742  4.86541e-021
267.764  4.77954e-021
268.786  4.69197e-021
269.808  4.60272e-021
270.83  4.51184e-021
271.852  4.41937e-021
272.874  4.32535e-021
273.896  4.22983e-021
274.918  4.13287e-021
275.94  4.03451e-021
276.962  3.93482e-021
277.984  3.83386e-021
279.006  3.7317e-021
280.028  3.6284e-021
281.05  3.52404e-021
282.072  3.4187e-021
283.094  3.31246e-021
284.116  3.20541e-021
285.138  3.09765e-021
286.16  2.98926e-021
287.182  2.88035e-021
288.204  2.77104e-021
289.226  2.66142e-021
290.248  2.55162e-021
291.27  2.44177e-021
292.292  2.33199e-021
293.314  2.22242e-021
294.336  2.1132e-021
295.358  2.00447e-021
296.38  1.8964e-021
297.402  1.78914e-021
298.424  1.68286e-021
299.446  1.57774e-021
300.468  1.47396e-021
301.49  1.3717e-021
302.512  1.27117e-021
303.534  1.17256e-021
304.556  1.0761e-021
305.578  9.82004e-022
306.6  8.90501e-022
307.622  8.0183e-022
308.644  7.16238e-022
309.666  6.33982e-022
310.688  5.55328e-022
311.71  4.80552e-022
312.732  4.09938e-022
313.754  3.43783e-022
314.776  2.82392e-022
315.798  2.26081e-022
316.82  1.75178e-022
317.842  1.30021e-022
318.864  9.09584e-023
319.886  5.83517e-023
320.908  3.25725e-023
321.93  1.40044e-023
322.952  3.04097e-024
