1.022  2.41129e-020
2.044  2.43317e-020
3.066  2.45492e-020
4.088  2.47655e-020
5.11  2.49806e-020
6.132  2.51944e-020
7.154  2.54069e-020
8.176  2.56182e-020
9.198  2.58282e-020
10.22  2.60368e-020
11.242  2.62442e-020
12.264  2.64503e-020
13.286  2.66551e-020
14.308  2.68586e-020
15.33  2.7061e-020
16.352  2.72622e-020
17.374  2.74622e-020
18.396  2.7661e-020
19.418  2.78587e-020
20.44  2.80554e-020
21.462  2.82509e-020
22.484  2.84454e-020
23.506  2.86389e-020
24.528  2.88313e-020
25.55  2.90228e-020
26.572  2.92132e-020
27.594  2.94026e-020
28.616  2.9591e-020
29.638  2.97785e-020
30.66  2.9965e-020
31.682  3.01506e-020
32.704  3.03351e-020
33.726  3.05187e-020
34.748  3.07014e-020
35.77  3.08831e-020
36.792  3.10638e-020
37.814  3.12436e-020
38.836  3.14224e-020
39.858  3.16002e-020
40.88  3.17771e-020
41.902  3.1953e-020
42.924  3.21279e-020
43.946  3.23018e-020
44.968  3.24748e-020
45.99  3.26467e-020
47.012  3.28177e-020
48.034  3.29876e-020
49.056  3.31565e-020
50.078  3.33244e-020
51.1  3.34913e-020
52.122  3.36571e-020
53.144  3.38219e-020
54.166  3.39856e-020
55.188  3.41482e-020
56.21  3.43098e-020
57.232  3.44703e-020
58.254  3.46297e-020
59.276  3.4788e-020
60.298  3.49452e-020
61.32  3.51013e-020
62.342  3.52563e-020
63.364  3.54101e-020
64.386  3.55628e-020
65.408  3.57143e-020
66.43  3.58647e-020
67.452  3.60139e-020
68.474  3.61619e-020
69.496  3.63087e-020
70.518  3.64543e-020
71.54  3.65987e-020
72.562  3.67419e-020
73.584  3.68839e-020
74.606  3.70246e-020
75.628  3.7164e-020
76.65  3.73023e-020
77.672  3.74392e-020
78.694  3.75749e-020
79.716  3.77092e-020
80.738  3.78423e-020
81.76  3.79741e-020
82.782  3.81046e-020
83.804  3.82337e-020
84.826  3.83616e-020
85.848  3.8488e-020
86.87  3.86131e-020
87.892  3.87369e-020
88.914  3.88593e-020
89.936  3.89803e-020
90.958  3.90999e-020
91.98  3.92182e-020
93.002  3.9335e-020
94.024  3.94504e-020
95.046  3.95644e-020
96.068  3.9677e-020
97.09  3.97881e-020
98.112  3.98977e-020
99.134  4.00059e-020
100.156  4.01127e-020
101.178  4.02179e-020
102.2  4.03217e-020
103.222  4.0424e-020
104.244  4.05247e-020
105.266  4.0624e-020
106.288  4.07217e-020
107.31  4.08179e-020
108.332  4.09125e-020
109.354  4.10056e-020
110.376  4.10971e-020
111.398  4.11871e-020
112.42  4.12755e-020
113.442  4.13622e-020
114.464  4.14474e-020
115.486  4.1531e-020
116.508  4.16129e-020
117.53  4.16932e-020
118.552  4.17719e-020
119.574  4.18489e-020
120.596  4.19243e-020
121.618  4.19979e-020
122.64  4.20699e-020
123.662  4.21402e-020
124.684  4.22088e-020
125.706  4.22756e-020
126.728  4.23408e-020
127.75  4.24041e-020
128.772  4.24658e-020
129.794  4.25256e-020
130.816  4.25837e-020
131.838  4.26399e-020
132.86  4.26944e-020
133.882  4.2747e-020
134.904  4.27978e-020
135.926  4.28467e-020
136.948  4.28938e-020
137.97  4.2939e-020
138.992  4.29822e-020
140.014  4.30236e-020
141.036  4.3063e-020
142.058  4.31005e-020
143.08  4.3136e-020
144.102  4.31695e-020
145.124  4.32011e-020
146.146  4.32306e-020
147.168  4.3258e-020
148.19  4.32834e-020
149.212  4.33067e-020
150.234  4.3328e-020
151.256  4.33471e-020
152.278  4.3364e-020
153.3  4.33788e-020
154.322  4.33914e-020
155.344  4.34018e-020
156.366  4.34099e-020
157.388  4.34158e-020
158.41  4.34194e-020
159.432  4.34207e-020
160.454  4.34196e-020
161.476  4.34162e-020
162.498  4.34104e-020
163.52  4.34021e-020
164.542  4.33915e-020
165.564  4.33783e-020
166.586  4.33626e-020
167.608  4.33444e-020
168.63  4.33236e-020
169.652  4.33001e-020
170.674  4.32741e-020
171.696  4.32454e-020
172.718  4.32139e-020
173.74  4.31797e-020
174.762  4.31428e-020
175.784  4.3103e-020
176.806  4.30603e-020
177.828  4.30148e-020
178.85  4.29663e-020
179.872  4.29148e-020
180.894  4.28603e-020
181.916  4.28028e-020
182.938  4.27422e-020
183.96  4.26784e-020
184.982  4.26114e-020
186.004  4.25412e-020
187.026  4.24677e-020
188.048  4.23909e-020
189.07  4.23107e-020
190.092  4.22271e-020
191.114  4.21401e-020
192.136  4.20495e-020
193.158  4.19553e-020
194.18  4.18576e-020
195.202  4.17562e-020
196.224  4.1651e-020
197.246  4.15421e-020
198.268  4.14294e-020
199.29  4.13127e-020
200.312  4.11922e-020
201.334  4.10677e-020
202.356  4.09391e-020
203.378  4.08065e-020
204.4  4.06696e-020
205.422  4.05286e-020
206.444  4.03834e-020
207.466  4.02338e-020
208.488  4.00799e-020
209.51  3.99215e-020
210.532  3.97586e-020
211.554  3.95912e-020
212.576  3.94192e-020
213.598  3.92426e-020
214.62  3.90612e-020
215.642  3.88751e-020
216.664  3.86842e-020
217.686  3.84884e-020
218.708  3.82876e-020
219.73  3.80819e-020
220.752  3.78711e-020
221.774  3.76552e-020
222.796  3.74342e-020
223.818  3.7208e-020
224.84  3.69765e-020
225.862  3.67398e-020
226.884  3.64976e-020
227.906  3.62501e-020
228.928  3.59972e-020
229.95  3.57387e-020
230.972  3.54748e-020
231.994  3.52052e-020
233.016  3.49301e-020
234.038  3.46493e-020
235.06  3.43628e-020
236.082  3.40706e-020
237.104  3.37726e-020
238.126  3.34689e-020
239.148  3.31594e-020
240.17  3.2844e-020
241.192  3.25228e-020
242.214  3.21958e-020
243.236  3.18628e-020
244.258  3.1524e-020
245.28  3.11793e-020
246.302  3.08286e-020
247.324  3.04721e-020
248.346  3.01097e-020
249.368  2.97415e-020
250.39  2.93673e-020
251.412  2.89873e-020
252.434  2.86016e-020
253.456  2.821e-020
254.478  2.78127e-020
255.5  2.74097e-020
256.522  2.7001e-020
257.544  2.65868e-020
258.566  2.6167e-020
259.588  2.57418e-020
260.61  2.53111e-020
261.632  2.48752e-020
262.654  2.44341e-020
263.676  2.39879e-020
264.698  2.35367e-020
265.72  2.30806e-020
266.742  2.26197e-020
267.764  2.21543e-020
268.786  2.16844e-020
269.808  2.12102e-020
270.83  2.07319e-020
271.852  2.02497e-020
272.874  1.97637e-020
273.896  1.92741e-020
274.918  1.87812e-020
275.94  1.82853e-020
276.962  1.77864e-020
277.984  1.7285e-020
279.006  1.67813e-020
280.028  1.62755e-020
281.05  1.5768e-020
282.072  1.52591e-020
283.094  1.47491e-020
284.116  1.42384e-020
285.138  1.37273e-020
286.16  1.32162e-020
287.182  1.27056e-020
288.204  1.21959e-020
289.226  1.16874e-020
290.248  1.11808e-020
291.27  1.06763e-020
292.292  1.01747e-020
293.314  9.67634e-021
294.336  9.18183e-021
295.358  8.69174e-021
296.38  8.20668e-021
297.402  7.72726e-021
298.424  7.25415e-021
299.446  6.78802e-021
300.468  6.32957e-021
301.49  5.87954e-021
302.512  5.43868e-021
303.534  5.0078e-021
304.556  4.58771e-021
305.578  4.17926e-021
306.6  3.78334e-021
307.622  3.40087e-021
308.644  3.0328e-021
309.666  2.68012e-021
310.688  2.34384e-021
311.71  2.02502e-021
312.732  1.72477e-021
313.754  1.44422e-021
314.776  1.18453e-021
315.798  9.46919e-022
316.82  7.32646e-022
317.842  5.43004e-022
318.864  3.79332e-022
319.886  2.43011e-022
320.908  1.35466e-022
321.93  5.81647e-023
322.952  1.26134e-023
