1.022  4.84183e-020
2.044  4.86268e-020
3.066  4.88338e-020
4.088  4.90394e-020
5.11  4.92436e-020
6.132  4.94462e-020
7.154  4.96474e-020
8.176  4.98469e-020
9.198  5.00449e-020
10.22  5.02412e-020
11.242  5.0436e-020
12.264  5.06292e-020
13.286  5.08208e-020
14.308  5.1011e-020
15.33  5.11997e-020
16.352  5.1387e-020
17.374  5.1573e-020
18.396  5.17576e-020
19.418  5.19409e-020
20.44  5.21231e-020
21.462  5.2304e-020
22.484  5.24837e-020
23.506  5.26623e-020
24.528  5.28398e-020
25.55  5.30161e-020
26.572  5.31914e-020
27.594  5.33656e-020
28.616  5.35388e-020
29.638  5.37109e-020
30.66  5.38819e-020
31.682  5.4052e-020
32.704  5.42209e-020
33.726  5.43889e-020
34.748  5.45558e-020
35.77  5.47216e-020
36.792  5.48865e-020
37.814  5.50502e-020
38.836  5.52129e-020
39.858  5.53746e-020
40.88  5.55351e-020
41.902  5.56946e-020
42.924  5.5853e-020
43.946  5.60103e-020
44.968  5.61664e-020
45.99  5.63214e-020
47.012  5.64753e-020
48.034  5.6628e-020
49.056  5.67796e-020
50.078  5.693e-020
51.1  5.70791e-020
52.122  5.72271e-020
53.144  5.73738e-020
54.166  5.75193e-020
55.188  5.76635e-020
56.21  5.78064e-020
57.232  5.79481e-020
58.254  5.80884e-020
59.276  5.82274e-020
60.298  5.83651e-020
61.32  5.85015e-020
62.342  5.86365e-020
63.364  5.877e-020
64.386  5.89022e-020
65.408  5.9033e-020
66.43  5.91624e-020
67.452  5.92903e-020
68.474  5.94167e-020
69.496  5.95417e-020
70.518  5.96652e-020
71.54  5.97872e-020
72.562  5.99076e-020
73.584  6.00266e-020
74.606  6.01439e-020
75.628  6.02597e-020
76.65  6.0374e-020
77.672  6.04866e-020
78.694  6.05976e-020
79.716  6.07071e-020
80.738  6.08148e-020
81.76  6.0921e-020
82.782  6.10254e-020
83.804  6.11282e-020
84.826  6.12293e-020
85.848  6.13287e-020
86.87  6.14263e-020
87.892  6.15223e-020
88.914  6.16164e-020
89.936  6.17089e-020
90.958  6.17995e-020
91.98  6.18884e-020
93.002  6.19754e-020
94.024  6.20607e-020
95.046  6.21441e-020
96.068  6.22257e-020
97.09  6.23054e-020
98.112  6.23833e-020
99.134  6.24593e-020
100.156  6.25334e-020
101.178  6.26056e-020
102.2  6.26758e-020
103.222  6.27442e-020
104.244  6.28106e-020
105.266  6.28751e-020
106.288  6.29375e-020
107.31  6.29981e-020
108.332  6.30566e-020
109.354  6.31131e-020
110.376  6.31676e-020
111.398  6.32201e-020
112.42  6.32705e-020
113.442  6.33189e-020
114.464  6.33652e-020
115.486  6.34094e-020
116.508  6.34516e-020
117.53  6.34916e-020
118.552  6.35295e-020
119.574  6.35653e-020
120.596  6.35989e-020
121.618  6.36303e-020
122.64  6.36596e-020
123.662  6.36867e-020
124.684  6.37116e-020
125.706  6.37343e-020
126.728  6.37547e-020
127.75  6.37729e-020
128.772  6.37888e-020
129.794  6.38024e-020
130.816  6.38138e-020
131.838  6.38228e-020
132.86  6.38295e-020
133.882  6.38338e-020
134.904  6.38358e-020
135.926  6.38354e-020
136.948  6.38326e-020
137.97  6.38274e-020
138.992  6.38198e-020
140.014  6.38096e-020
141.036  6.37971e-020
142.058  6.3782e-020
143.08  6.37644e-020
144.102  6.37442e-020
145.124  6.37215e-020
146.146  6.36962e-020
147.168  6.36683e-020
148.19  6.36378e-020
149.212  6.36046e-020
150.234  6.35687e-020
151.256  6.35301e-020
152.278  6.34888e-020
153.3  6.34448e-020
154.322  6.33979e-020
155.344  6.33482e-020
156.366  6.32957e-020
157.388  6.32404e-020
158.41  6.31821e-020
159.432  6.31208e-020
160.454  6.30567e-020
161.476  6.29895e-020
162.498  6.29192e-020
163.52  6.2846e-020
164.542  6.27696e-020
165.564  6.269e-020
166.586  6.26073e-020
167.608  6.25214e-020
168.63  6.24323e-020
169.652  6.23398e-020
170.674  6.2244e-020
171.696  6.21448e-020
172.718  6.20423e-020
173.74  6.19362e-020
174.762  6.18267e-020
175.784  6.17136e-020
176.806  6.15969e-020
177.828  6.14766e-020
178.85  6.13526e-020
179.872  6.12248e-020
180.894  6.10933e-020
181.916  6.09579e-020
182.938  6.08186e-020
183.96  6.06754e-020
184.982  6.05282e-020
186.004  6.0377e-020
187.026  6.02216e-020
188.048  6.00621e-020
189.07  5.98983e-020
190.092  5.97303e-020
191.114  5.9558e-020
192.136  5.93812e-020
193.158  5.92e-020
194.18  5.90143e-020
195.202  5.8824e-020
196.224  5.8629e-020
197.246  5.84294e-020
198.268  5.82249e-020
199.29  5.80157e-020
200.312  5.78015e-020
201.334  5.75824e-020
202.356  5.73582e-020
203.378  5.7129e-020
204.4  5.68945e-020
205.422  5.66548e-020
206.444  5.64099e-020
207.466  5.61595e-020
208.488  5.59037e-020
209.51  5.56424e-020
210.532  5.53755e-020
211.554  5.51029e-020
212.576  5.48246e-020
213.598  5.45406e-020
214.62  5.42506e-020
215.642  5.39548e-020
216.664  5.36529e-020
217.686  5.3345e-020
218.708  5.30309e-020
219.73  5.27107e-020
220.752  5.23841e-020
221.774  5.20512e-020
222.796  5.1712e-020
223.818  5.13662e-020
224.84  5.1014e-020
225.862  5.06551e-020
226.884  5.02897e-020
227.906  4.99175e-020
228.928  4.95385e-020
229.95  4.91527e-020
230.972  4.87601e-020
231.994  4.83605e-020
233.016  4.7954e-020
234.038  4.75405e-020
235.06  4.71199e-020
236.082  4.66922e-020
237.104  4.62574e-020
238.126  4.58154e-020
239.148  4.53662e-020
240.17  4.49099e-020
241.192  4.44462e-020
242.214  4.39753e-020
243.236  4.34971e-020
244.258  4.30117e-020
245.28  4.25189e-020
246.302  4.20189e-020
247.324  4.15116e-020
248.346  4.0997e-020
249.368  4.04751e-020
250.39  3.99461e-020
251.412  3.94098e-020
252.434  3.88663e-020
253.456  3.83158e-020
254.478  3.77582e-020
255.5  3.71936e-020
256.522  3.6622e-020
257.544  3.60436e-020
258.566  3.54584e-020
259.588  3.48665e-020
260.61  3.4268e-020
261.632  3.36631e-020
262.654  3.30519e-020
263.676  3.24344e-020
264.698  3.18109e-020
265.72  3.11815e-020
266.742  3.05464e-020
267.764  2.99057e-020
268.786  2.92597e-020
269.808  2.86086e-020
270.83  2.79525e-020
271.852  2.72918e-020
272.874  2.66267e-020
273.896  2.59574e-020
274.918  2.52843e-020
275.94  2.46076e-020
276.962  2.39277e-020
277.984  2.3245e-020
279.006  2.25597e-020
280.028  2.18722e-020
281.05  2.1183e-020
282.072  2.04924e-020
283.094  1.9801e-020
284.116  1.91092e-020
285.138  1.84174e-020
286.16  1.77261e-020
287.182  1.7036e-020
288.204  1.63475e-020
289.226  1.56613e-020
290.248  1.49779e-020
291.27  1.4298e-020
292.292  1.36222e-020
293.314  1.29514e-020
294.336  1.22861e-020
295.358  1.16271e-020
296.38  1.09753e-020
297.402  1.03314e-020
298.424  9.69629e-021
299.446  9.0709e-021
300.468  8.45614e-021
301.49  7.85296e-021
302.512  7.26236e-021
303.534  6.68539e-021
304.556  6.12313e-021
305.578  5.57669e-021
306.6  5.04724e-021
307.622  4.53598e-021
308.644  4.04417e-021
309.666  3.5731e-021
310.688  3.12412e-021
311.71  2.69861e-021
312.732  2.29801e-021
313.754  1.92382e-021
314.776  1.57758e-021
315.798  1.26089e-021
316.82  9.75382e-022
317.842  7.22775e-022
318.864  5.04824e-022
319.886  3.23347e-022
320.908  1.80218e-022
321.93  7.73661e-023
322.952  1.67746e-023
