1.022  6.81621e-020
2.044  6.83357e-020
3.066  6.85079e-020
4.088  6.86789e-020
5.11  6.88486e-020
6.132  6.90168e-020
7.154  6.91836e-020
8.176  6.93489e-020
9.198  6.95126e-020
10.22  6.96747e-020
11.242  6.98353e-020
12.264  6.99944e-020
13.286  7.0152e-020
14.308  7.03081e-020
15.33  7.04629e-020
16.352  7.06164e-020
17.374  7.07686e-020
18.396  7.09197e-020
19.418  7.10695e-020
20.44  7.12183e-020
21.462  7.1366e-020
22.484  7.15127e-020
23.506  7.16585e-020
24.528  7.18032e-020
25.55  7.1947e-020
26.572  7.20899e-020
27.594  7.22319e-020
28.616  7.23731e-020
29.638  7.25133e-020
30.66  7.26527e-020
31.682  7.27911e-020
32.704  7.29287e-020
33.726  7.30655e-020
34.748  7.32013e-020
35.77  7.33363e-020
36.792  7.34703e-020
37.814  7.36034e-020
38.836  7.37356e-020
39.858  7.38669e-020
40.88  7.39972e-020
41.902  7.41265e-020
42.924  7.42548e-020
43.946  7.43821e-020
44.968  7.45084e-020
45.99  7.46337e-020
47.012  7.47579e-020
48.034  7.4881e-020
49.056  7.50029e-020
50.078  7.51238e-020
51.1  7.52435e-020
52.122  7.5362e-020
53.144  7.54794e-020
54.166  7.55955e-020
55.188  7.57104e-020
56.21  7.5824e-020
57.232  7.59363e-020
58.254  7.60474e-020
59.276  7.61571e-020
60.298  7.62654e-020
61.32  7.63724e-020
62.342  7.6478e-020
63.364  7.65822e-020
64.386  7.6685e-020
65.408  7.67863e-020
66.43  7.68861e-020
67.452  7.69844e-020
68.474  7.70812e-020
69.496  7.71765e-020
70.518  7.72702e-020
71.54  7.73623e-020
72.562  7.74528e-020
73.584  7.75416e-020
74.606  7.76289e-020
75.628  7.77145e-020
76.65  7.77983e-020
77.672  7.78805e-020
78.694  7.7961e-020
79.716  7.80397e-020
80.738  7.81167e-020
81.76  7.81918e-020
82.782  7.82652e-020
83.804  7.83368e-020
84.826  7.84065e-020
85.848  7.84743e-020
86.87  7.85403e-020
87.892  7.86044e-020
88.914  7.86666e-020
89.936  7.87269e-020
90.958  7.87852e-020
91.98  7.88416e-020
93.002  7.8896e-020
94.024  7.89484e-020
95.046  7.89987e-020
96.068  7.90471e-020
97.09  7.90934e-020
98.112  7.91377e-020
99.134  7.91798e-020
100.156  7.92199e-020
101.178  7.92579e-020
102.2  7.92937e-020
103.222  7.93274e-020
104.244  7.93589e-020
105.266  7.93883e-020
106.288  7.94155e-020
107.31  7.94405e-020
108.332  7.94632e-020
109.354  7.94837e-020
110.376  7.9502e-020
111.398  7.9518e-020
112.42  7.95317e-020
113.442  7.95431e-020
114.464  7.95522e-020
115.486  7.9559e-020
116.508  7.95634e-020
117.53  7.95654e-020
118.552  7.95651e-020
119.574  7.95624e-020
120.596  7.95572e-020
121.618  7.95497e-020
122.64  7.95397e-020
123.662  7.95272e-020
124.684  7.95122e-020
125.706  7.94948e-020
126.728  7.94748e-020
127.75  7.94523e-020
128.772  7.94273e-020
129.794  7.93996e-020
130.816  7.93694e-020
131.838  7.93366e-020
132.86  7.93012e-020
133.882  7.92631e-020
134.904  7.92223e-020
135.926  7.91789e-020
136.948  7.91327e-020
137.97  7.90839e-020
138.992  7.90322e-020
140.014  7.89778e-020
141.036  7.89206e-020
142.058  7.88606e-020
143.08  7.87978e-020
144.102  7.8732e-020
145.124  7.86634e-020
146.146  7.85919e-020
147.168  7.85174e-020
148.19  7.84399e-020
149.212  7.83595e-020
150.234  7.8276e-020
151.256  7.81895e-020
152.278  7.80999e-020
153.3  7.80071e-020
154.322  7.79112e-020
155.344  7.78122e-020
156.366  7.77099e-020
157.388  7.76044e-020
158.41  7.74956e-020
159.432  7.73835e-020
160.454  7.72681e-020
161.476  7.71492e-020
162.498  7.7027e-020
163.52  7.69012e-020
164.542  7.6772e-020
165.564  7.66393e-020
166.586  7.65029e-020
167.608  7.63629e-020
168.63  7.62193e-020
169.652  7.60719e-020
170.674  7.59208e-020
171.696  7.57658e-020
172.718  7.5607e-020
173.74  7.54444e-020
174.762  7.52777e-020
175.784  7.51071e-020
176.806  7.49324e-020
177.828  7.47536e-020
178.85  7.45706e-020
179.872  7.43834e-020
180.894  7.41919e-020
181.916  7.39961e-020
182.938  7.3796e-020
183.96  7.35913e-020
184.982  7.33822e-020
186.004  7.31685e-020
187.026  7.29501e-020
188.048  7.27271e-020
189.07  7.24993e-020
190.092  7.22667e-020
191.114  7.20292e-020
192.136  7.17867e-020
193.158  7.15392e-020
194.18  7.12866e-020
195.202  7.10289e-020
196.224  7.07659e-020
197.246  7.04976e-020
198.268  7.02239e-020
199.29  6.99447e-020
200.312  6.96601e-020
201.334  6.93698e-020
202.356  6.90738e-020
203.378  6.87721e-020
204.4  6.84646e-020
205.422  6.81511e-020
206.444  6.78317e-020
207.466  6.75062e-020
208.488  6.71745e-020
209.51  6.68366e-020
210.532  6.64925e-020
211.554  6.61419e-020
212.576  6.57849e-020
213.598  6.54213e-020
214.62  6.50512e-020
215.642  6.46743e-020
216.664  6.42907e-020
217.686  6.39002e-020
218.708  6.35028e-020
219.73  6.30984e-020
220.752  6.2687e-020
221.774  6.22683e-020
222.796  6.18425e-020
223.818  6.14094e-020
224.84  6.09689e-020
225.862  6.05209e-020
226.884  6.00655e-020
227.906  5.96025e-020
228.928  5.91319e-020
229.95  5.86536e-020
230.972  5.81675e-020
231.994  5.76736e-020
233.016  5.71719e-020
234.038  5.66623e-020
235.06  5.61447e-020
236.082  5.56191e-020
237.104  5.50854e-020
238.126  5.45437e-020
239.148  5.39938e-020
240.17  5.34359e-020
241.192  5.28697e-020
242.214  5.22954e-020
243.236  5.17128e-020
244.258  5.11221e-020
245.28  5.05231e-020
246.302  4.9916e-020
247.324  4.93006e-020
248.346  4.8677e-020
249.368  4.80453e-020
250.39  4.74055e-020
251.412  4.67575e-020
252.434  4.61015e-020
253.456  4.54375e-020
254.478  4.47656e-020
255.5  4.40858e-020
256.522  4.33982e-020
257.544  4.27029e-020
258.566  4.2e-020
259.588  4.12896e-020
260.61  4.05719e-020
261.632  3.9847e-020
262.654  3.91149e-020
263.676  3.8376e-020
264.698  3.76303e-020
265.72  3.68781e-020
266.742  3.61194e-020
267.764  3.53547e-020
268.786  3.4584e-020
269.808  3.38077e-020
270.83  3.30259e-020
271.852  3.22391e-020
272.874  3.14474e-020
273.896  3.06512e-020
274.918  2.98508e-020
275.94  2.90466e-020
276.962  2.82389e-020
277.984  2.74283e-020
279.006  2.66149e-020
280.028  2.57994e-020
281.05  2.49822e-020
282.072  2.41638e-020
283.094  2.33446e-020
284.116  2.25252e-020
285.138  2.17063e-020
286.16  2.08883e-020
287.182  2.00719e-020
288.204  1.92578e-020
289.226  1.84466e-020
290.248  1.7639e-020
291.27  1.68358e-020
292.292  1.60378e-020
293.314  1.52458e-020
294.336  1.44606e-020
295.358  1.36831e-020
296.38  1.29143e-020
297.402  1.2155e-020
298.424  1.14063e-020
299.446  1.06693e-020
300.468  9.94493e-021
301.49  9.2344e-021
302.512  8.53887e-021
303.534  7.85953e-021
304.556  7.19767e-021
305.578  6.55457e-021
306.6  5.9316e-021
307.622  5.33016e-021
308.644  4.75172e-021
309.666  4.19778e-021
310.688  3.66991e-021
311.71  3.16973e-021
312.732  2.69892e-021
313.754  2.25922e-021
314.776  1.85244e-021
315.798  1.48042e-021
316.82  1.1451e-021
317.842  8.48458e-022
318.864  5.92553e-022
319.886  3.79505e-022
320.908  2.11499e-022
321.93  9.07869e-023
322.952  1.96828e-023
