1.022  7.70403e-020
2.044  7.71937e-020
3.066  7.7346e-020
4.088  7.74971e-020
5.11  7.7647e-020
6.132  7.77956e-020
7.154  7.79428e-020
8.176  7.80885e-020
9.198  7.82328e-020
10.22  7.83755e-020
11.242  7.85168e-020
12.264  7.86566e-020
13.286  7.8795e-020
14.308  7.8932e-020
15.33  7.90678e-020
16.352  7.92023e-020
17.374  7.93357e-020
18.396  7.94679e-020
19.418  7.95992e-020
20.44  7.97294e-020
21.462  7.98586e-020
22.484  7.9987e-020
23.506  8.01145e-020
24.528  8.02411e-020
25.55  8.03669e-020
26.572  8.0492e-020
27.594  8.06162e-020
28.616  8.07397e-020
29.638  8.08624e-020
30.66  8.09843e-020
31.682  8.11054e-020
32.704  8.12258e-020
33.726  8.13455e-020
34.748  8.14643e-020
35.77  8.15824e-020
36.792  8.16996e-020
37.814  8.1816e-020
38.836  8.19316e-020
39.858  8.20464e-020
40.88  8.21602e-020
41.902  8.22732e-020
42.924  8.23853e-020
43.946  8.24964e-020
44.968  8.26066e-020
45.99  8.27158e-020
47.012  8.2824e-020
48.034  8.29312e-020
49.056  8.30373e-020
50.078  8.31423e-020
51.1  8.32463e-020
52.122  8.33491e-020
53.144  8.34508e-020
54.166  8.35513e-020
55.188  8.36506e-020
56.21  8.37487e-020
57.232  8.38456e-020
58.254  8.39411e-020
59.276  8.40354e-020
60.298  8.41283e-020
61.32  8.42199e-020
62.342  8.43101e-020
63.364  8.4399e-020
64.386  8.44863e-020
65.408  8.45723e-020
66.43  8.46568e-020
67.452  8.47397e-020
68.474  8.48212e-020
69.496  8.49011e-020
70.518  8.49794e-020
71.54  8.50562e-020
72.562  8.51313e-020
73.584  8.52048e-020
74.606  8.52766e-020
75.628  8.53468e-020
76.65  8.54152e-020
77.672  8.54819e-020
78.694  8.55469e-020
79.716  8.56101e-020
80.738  8.56715e-020
81.76  8.57311e-020
82.782  8.57888e-020
83.804  8.58447e-020
84.826  8.58987e-020
85.848  8.59508e-020
86.87  8.6001e-020
87.892  8.60493e-020
88.914  8.60956e-020
89.936  8.61399e-020
90.958  8.61823e-020
91.98  8.62226e-020
93.002  8.62609e-020
94.024  8.62971e-020
95.046  8.63313e-020
96.068  8.63633e-020
97.09  8.63933e-020
98.112  8.64211e-020
99.134  8.64468e-020
100.156  8.64704e-020
101.178  8.64917e-020
102.2  8.65109e-020
103.222  8.65278e-020
104.244  8.65425e-020
105.266  8.6555e-020
106.288  8.65652e-020
107.31  8.65731e-020
108.332  8.65787e-020
109.354  8.65819e-020
110.376  8.65829e-020
111.398  8.65815e-020
112.42  8.65777e-020
113.442  8.65715e-020
114.464  8.6563e-020
115.486  8.6552e-020
116.508  8.65385e-020
117.53  8.65226e-020
118.552  8.65043e-020
119.574  8.64834e-020
120.596  8.646e-020
121.618  8.64341e-020
122.64  8.64057e-020
123.662  8.63747e-020
124.684  8.63411e-020
125.706  8.63049e-020
126.728  8.62661e-020
127.75  8.62246e-020
128.772  8.61805e-020
129.794  8.61337e-020
130.816  8.60842e-020
131.838  8.6032e-020
132.86  8.59771e-020
133.882  8.59194e-020
134.904  8.58589e-020
135.926  8.57956e-020
136.948  8.57295e-020
137.97  8.56605e-020
138.992  8.55887e-020
140.014  8.5514e-020
141.036  8.54363e-020
142.058  8.53557e-020
143.08  8.52722e-020
144.102  8.51856e-020
145.124  8.50961e-020
146.146  8.50034e-020
147.168  8.49077e-020
148.19  8.4809e-020
149.212  8.4707e-020
150.234  8.46019e-020
151.256  8.44937e-020
152.278  8.43821e-020
153.3  8.42674e-020
154.322  8.41493e-020
155.344  8.4028e-020
156.366  8.39033e-020
157.388  8.37751e-020
158.41  8.36436e-020
159.432  8.35086e-020
160.454  8.33701e-020
161.476  8.32281e-020
162.498  8.30825e-020
163.52  8.29332e-020
164.542  8.27803e-020
165.564  8.26237e-020
166.586  8.24634e-020
167.608  8.22992e-020
168.63  8.21313e-020
169.652  8.19594e-020
170.674  8.17836e-020
171.696  8.16038e-020
172.718  8.142e-020
173.74  8.12322e-020
174.762  8.10401e-020
175.784  8.08439e-020
176.806  8.06435e-020
177.828  8.04388e-020
178.85  8.02297e-020
179.872  8.00162e-020
180.894  7.97982e-020
181.916  7.95757e-020
182.938  7.93486e-020
183.96  7.91169e-020
184.982  7.88805e-020
186.004  7.86392e-020
187.026  7.83932e-020
188.048  7.81422e-020
189.07  7.78862e-020
190.092  7.76252e-020
191.114  7.73591e-020
192.136  7.70878e-020
193.158  7.68112e-020
194.18  7.65293e-020
195.202  7.6242e-020
196.224  7.59492e-020
197.246  7.56509e-020
198.268  7.53469e-020
199.29  7.50372e-020
200.312  7.47218e-020
201.334  7.44004e-020
202.356  7.40732e-020
203.378  7.37399e-020
204.4  7.34005e-020
205.422  7.30549e-020
206.444  7.27031e-020
207.466  7.23449e-020
208.488  7.19803e-020
209.51  7.16091e-020
210.532  7.12314e-020
211.554  7.0847e-020
212.576  7.04559e-020
213.598  7.00579e-020
214.62  6.96529e-020
215.642  6.9241e-020
216.664  6.8822e-020
217.686  6.83958e-020
218.708  6.79624e-020
219.73  6.75217e-020
220.752  6.70735e-020
221.774  6.66179e-020
222.796  6.61547e-020
223.818  6.56838e-020
224.84  6.52053e-020
225.862  6.4719e-020
226.884  6.42248e-020
227.906  6.37227e-020
228.928  6.32126e-020
229.95  6.26945e-020
230.972  6.21683e-020
231.994  6.16339e-020
233.016  6.10912e-020
234.038  6.05403e-020
235.06  5.99811e-020
236.082  5.94134e-020
237.104  5.88374e-020
238.126  5.82529e-020
239.148  5.76599e-020
240.17  5.70584e-020
241.192  5.64483e-020
242.214  5.58297e-020
243.236  5.52025e-020
244.258  5.45667e-020
245.28  5.39223e-020
246.302  5.32693e-020
247.324  5.26078e-020
248.346  5.19376e-020
249.368  5.1259e-020
250.39  5.05718e-020
251.412  4.98762e-020
252.434  4.91721e-020
253.456  4.84597e-020
254.478  4.7739e-020
255.5  4.70101e-020
256.522  4.6273e-020
257.544  4.55279e-020
258.566  4.47749e-020
259.588  4.4014e-020
260.61  4.32455e-020
261.632  4.24694e-020
262.654  4.1686e-020
263.676  4.08953e-020
264.698  4.00976e-020
265.72  3.92931e-020
266.742  3.8482e-020
267.764  3.76644e-020
268.786  3.68408e-020
269.808  3.60112e-020
270.83  3.5176e-020
271.852  3.43355e-020
272.874  3.34901e-020
273.896  3.26399e-020
274.918  3.17855e-020
275.94  3.09272e-020
276.962  3.00653e-020
277.984  2.92003e-020
279.006  2.83327e-020
280.028  2.74628e-020
281.05  2.65913e-020
282.072  2.57186e-020
283.094  2.48452e-020
284.116  2.39718e-020
285.138  2.30989e-020
286.16  2.22271e-020
287.182  2.13572e-020
288.204  2.04898e-020
289.226  1.96256e-020
290.248  1.87655e-020
291.27  1.79101e-020
292.292  1.70603e-020
293.314  1.62169e-020
294.336  1.53809e-020
295.358  1.45533e-020
296.38  1.37348e-020
297.402  1.29267e-020
298.424  1.21299e-020
299.446  1.13456e-020
300.468  1.05748e-020
301.49  9.81887e-021
302.512  9.07891e-021
303.534  8.35625e-021
304.556  7.65223e-021
305.578  6.96823e-021
306.6  6.30568e-021
307.622  5.66609e-021
308.644  5.05099e-021
309.666  4.46198e-021
310.688  3.90074e-021
311.71  3.36897e-021
312.732  2.86847e-021
313.754  2.40106e-021
314.776  1.96867e-021
315.798  1.57325e-021
316.82  1.21686e-021
317.842  9.01601e-022
318.864  6.29648e-022
319.886  4.03249e-022
320.908  2.24724e-022
321.93  9.64611e-023
322.952  2.09123e-023
