1.022  1.42077e-019
2.044  1.42036e-019
3.066  1.41996e-019
4.088  1.41955e-019
5.11  1.41915e-019
6.132  1.41875e-019
7.154  1.41834e-019
8.176  1.41793e-019
9.198  1.41751e-019
10.22  1.41709e-019
11.242  1.41666e-019
12.264  1.41623e-019
13.286  1.4158e-019
14.308  1.41536e-019
15.33  1.41492e-019
16.352  1.41447e-019
17.374  1.41403e-019
18.396  1.41359e-019
19.418  1.41315e-019
20.44  1.41271e-019
21.462  1.41227e-019
22.484  1.41184e-019
23.506  1.41141e-019
24.528  1.41099e-019
25.55  1.41057e-019
26.572  1.41015e-019
27.594  1.40974e-019
28.616  1.40934e-019
29.638  1.40894e-019
30.66  1.40854e-019
31.682  1.40815e-019
32.704  1.40776e-019
33.726  1.40738e-019
34.748  1.407e-019
35.77  1.40662e-019
36.792  1.40625e-019
37.814  1.40588e-019
38.836  1.40551e-019
39.858  1.40514e-019
40.88  1.40477e-019
41.902  1.40441e-019
42.924  1.40404e-019
43.946  1.40368e-019
44.968  1.40331e-019
45.99  1.40295e-019
47.012  1.40258e-019
48.034  1.40221e-019
49.056  1.40183e-019
50.078  1.40146e-019
51.1  1.40107e-019
52.122  1.40069e-019
53.144  1.4003e-019
54.166  1.3999e-019
55.188  1.3995e-019
56.21  1.3991e-019
57.232  1.39868e-019
58.254  1.39826e-019
59.276  1.39783e-019
60.298  1.39739e-019
61.32  1.39694e-019
62.342  1.39648e-019
63.364  1.39602e-019
64.386  1.39554e-019
65.408  1.39505e-019
66.43  1.39455e-019
67.452  1.39404e-019
68.474  1.39351e-019
69.496  1.39298e-019
70.518  1.39243e-019
71.54  1.39186e-019
72.562  1.39128e-019
73.584  1.39069e-019
74.606  1.39008e-019
75.628  1.38946e-019
76.65  1.38882e-019
77.672  1.38816e-019
78.694  1.38749e-019
79.716  1.3868e-019
80.738  1.3861e-019
81.76  1.38537e-019
82.782  1.38463e-019
83.804  1.38387e-019
84.826  1.38308e-019
85.848  1.38228e-019
86.87  1.38146e-019
87.892  1.38062e-019
88.914  1.37976e-019
89.936  1.37888e-019
90.958  1.37798e-019
91.98  1.37705e-019
93.002  1.3761e-019
94.024  1.37514e-019
95.046  1.37414e-019
96.068  1.37313e-019
97.09  1.37209e-019
98.112  1.37103e-019
99.134  1.36994e-019
100.156  1.36883e-019
101.178  1.3677e-019
102.2  1.36654e-019
103.222  1.36536e-019
104.244  1.36415e-019
105.266  1.36291e-019
106.288  1.36165e-019
107.31  1.36036e-019
108.332  1.35905e-019
109.354  1.35771e-019
110.376  1.35634e-019
111.398  1.35494e-019
112.42  1.35352e-019
113.442  1.35207e-019
114.464  1.35059e-019
115.486  1.34908e-019
116.508  1.34754e-019
117.53  1.34598e-019
118.552  1.34438e-019
119.574  1.34276e-019
120.596  1.3411e-019
121.618  1.33942e-019
122.64  1.3377e-019
123.662  1.33595e-019
124.684  1.33417e-019
125.706  1.33236e-019
126.728  1.33052e-019
127.75  1.32865e-019
128.772  1.32675e-019
129.794  1.32481e-019
130.816  1.32284e-019
131.838  1.32083e-019
132.86  1.3188e-019
133.882  1.31672e-019
134.904  1.31462e-019
135.926  1.31248e-019
136.948  1.31031e-019
137.97  1.3081e-019
138.992  1.30585e-019
140.014  1.30357e-019
141.036  1.30126e-019
142.058  1.2989e-019
143.08  1.29652e-019
144.102  1.29409e-019
145.124  1.29163e-019
146.146  1.28913e-019
147.168  1.28659e-019
148.19  1.28401e-019
149.212  1.28139e-019
150.234  1.27874e-019
151.256  1.27604e-019
152.278  1.2733e-019
153.3  1.27053e-019
154.322  1.26771e-019
155.344  1.26485e-019
156.366  1.26195e-019
157.388  1.25901e-019
158.41  1.25602e-019
159.432  1.25299e-019
160.454  1.24992e-019
161.476  1.2468e-019
162.498  1.24364e-019
163.52  1.24043e-019
164.542  1.23718e-019
165.564  1.23388e-019
166.586  1.23053e-019
167.608  1.22714e-019
168.63  1.22369e-019
169.652  1.2202e-019
170.674  1.21666e-019
171.696  1.21307e-019
172.718  1.20943e-019
173.74  1.20573e-019
174.762  1.20199e-019
175.784  1.19819e-019
176.806  1.19434e-019
177.828  1.19043e-019
178.85  1.18647e-019
179.872  1.18245e-019
180.894  1.17838e-019
181.916  1.17425e-019
182.938  1.17006e-019
183.96  1.16581e-019
184.982  1.1615e-019
186.004  1.15713e-019
187.026  1.1527e-019
188.048  1.14821e-019
189.07  1.14366e-019
190.092  1.13904e-019
191.114  1.13435e-019
192.136  1.1296e-019
193.158  1.12478e-019
194.18  1.1199e-019
195.202  1.11495e-019
196.224  1.10992e-019
197.246  1.10483e-019
198.268  1.09966e-019
199.29  1.09443e-019
200.312  1.08911e-019
201.334  1.08373e-019
202.356  1.07826e-019
203.378  1.07272e-019
204.4  1.06711e-019
205.422  1.06141e-019
206.444  1.05564e-019
207.466  1.04978e-019
208.488  1.04384e-019
209.51  1.03782e-019
210.532  1.03171e-019
211.554  1.02552e-019
212.576  1.01924e-019
213.598  1.01287e-019
214.62  1.00642e-019
215.642  9.99876e-020
216.664  9.93242e-020
217.686  9.86515e-020
218.708  9.79696e-020
219.73  9.72783e-020
220.752  9.65775e-020
221.774  9.58671e-020
222.796  9.51471e-020
223.818  9.44172e-020
224.84  9.36775e-020
225.862  9.29278e-020
226.884  9.2168e-020
227.906  9.13981e-020
228.928  9.06179e-020
229.95  8.98274e-020
230.972  8.90265e-020
231.994  8.82151e-020
233.016  8.73932e-020
234.038  8.65606e-020
235.06  8.57174e-020
236.082  8.48634e-020
237.104  8.39986e-020
238.126  8.3123e-020
239.148  8.22365e-020
240.17  8.1339e-020
241.192  8.04307e-020
242.214  7.95113e-020
243.236  7.85809e-020
244.258  7.76395e-020
245.28  7.66872e-020
246.302  7.57238e-020
247.324  7.47494e-020
248.346  7.37641e-020
249.368  7.27679e-020
250.39  7.17609e-020
251.412  7.0743e-020
252.434  6.97143e-020
253.456  6.86751e-020
254.478  6.76252e-020
255.5  6.65649e-020
256.522  6.54942e-020
257.544  6.44134e-020
258.566  6.33225e-020
259.588  6.22217e-020
260.61  6.11112e-020
261.632  5.99912e-020
262.654  5.88619e-020
263.676  5.77236e-020
264.698  5.65764e-020
265.72  5.54207e-020
266.742  5.42568e-020
267.764  5.3085e-020
268.786  5.19055e-020
269.808  5.07189e-020
270.83  4.95254e-020
271.852  4.83255e-020
272.874  4.71196e-020
273.896  4.59081e-020
274.918  4.46916e-020
275.94  4.34706e-020
276.962  4.22456e-020
277.984  4.10172e-020
279.006  3.9786e-020
280.028  3.85527e-020
281.05  3.73179e-020
282.072  3.60823e-020
283.094  3.48468e-020
284.116  3.3612e-020
285.138  3.23788e-020
286.16  3.1148e-020
287.182  2.99207e-020
288.204  2.86976e-020
289.226  2.74799e-020
290.248  2.62685e-020
291.27  2.50645e-020
292.292  2.38691e-020
293.314  2.26834e-020
294.336  2.15088e-020
295.358  2.03463e-020
296.38  1.91975e-020
297.402  1.80637e-020
298.424  1.69463e-020
299.446  1.58469e-020
300.468  1.4767e-020
301.49  1.37083e-020
302.512  1.26725e-020
303.534  1.16613e-020
304.556  1.06766e-020
305.578  9.72023e-021
306.6  8.79423e-021
307.622  7.90064e-021
308.644  7.04158e-021
309.666  6.21926e-021
310.688  5.43595e-021
311.71  4.69403e-021
312.732  3.99594e-021
313.754  3.34422e-021
314.776  2.7415e-021
315.798  2.19048e-021
316.82  1.69398e-021
317.842  1.2549e-021
318.864  8.76241e-022
319.886  5.61087e-022
320.908  3.12636e-022
321.93  1.34176e-022
322.952  2.90845e-023
