1.022  4.00572e-021
2.044  4.12844e-021
3.066  4.25144e-021
4.088  4.37469e-021
5.11  4.49819e-021
6.132  4.62192e-021
7.154  4.74586e-021
8.176  4.86999e-021
9.198  4.99431e-021
10.22  5.11879e-021
11.242  5.24343e-021
12.264  5.36822e-021
13.286  5.49315e-021
14.308  5.6182e-021
15.33  5.74338e-021
16.352  5.86867e-021
17.374  5.99408e-021
18.396  6.11958e-021
19.418  6.24518e-021
20.44  6.37087e-021
21.462  6.49664e-021
22.484  6.62249e-021
23.506  6.74841e-021
24.528  6.87438e-021
25.55  7.00041e-021
26.572  7.12649e-021
27.594  7.2526e-021
28.616  7.37874e-021
29.638  7.5049e-021
30.66  7.63107e-021
31.682  7.75725e-021
32.704  7.88342e-021
33.726  8.00957e-021
34.748  8.1357e-021
35.77  8.26179e-021
36.792  8.38783e-021
37.814  8.51382e-021
38.836  8.63974e-021
39.858  8.76558e-021
40.88  8.89134e-021
41.902  9.01699e-021
42.924  9.14254e-021
43.946  9.26797e-021
44.968  9.39326e-021
45.99  9.51841e-021
47.012  9.64341e-021
48.034  9.76824e-021
49.056  9.89289e-021
50.078  1.00174e-020
51.1  1.01416e-020
52.122  1.02657e-020
53.144  1.03895e-020
54.166  1.05131e-020
55.188  1.06364e-020
56.21  1.07595e-020
57.232  1.08823e-020
58.254  1.10049e-020
59.276  1.11271e-020
60.298  1.1249e-020
61.32  1.13707e-020
62.342  1.14919e-020
63.364  1.16129e-020
64.386  1.17335e-020
65.408  1.18537e-020
66.43  1.19736e-020
67.452  1.2093e-020
68.474  1.22121e-020
69.496  1.23308e-020
70.518  1.2449e-020
71.54  1.25668e-020
72.562  1.26842e-020
73.584  1.28011e-020
74.606  1.29175e-020
75.628  1.30334e-020
76.65  1.31489e-020
77.672  1.32638e-020
78.694  1.33783e-020
79.716  1.34922e-020
80.738  1.36056e-020
81.76  1.37184e-020
82.782  1.38307e-020
83.804  1.39424e-020
84.826  1.40535e-020
85.848  1.4164e-020
86.87  1.4274e-020
87.892  1.43833e-020
88.914  1.4492e-020
89.936  1.46e-020
90.958  1.47074e-020
91.98  1.48141e-020
93.002  1.49202e-020
94.024  1.50256e-020
95.046  1.51303e-020
96.068  1.52343e-020
97.09  1.53376e-020
98.112  1.54401e-020
99.134  1.5542e-020
100.156  1.5643e-020
101.178  1.57434e-020
102.2  1.58429e-020
103.222  1.59417e-020
104.244  1.60397e-020
105.266  1.61369e-020
106.288  1.62332e-020
107.31  1.63288e-020
108.332  1.64235e-020
109.354  1.65174e-020
110.376  1.66104e-020
111.398  1.67026e-020
112.42  1.67938e-020
113.442  1.68842e-020
114.464  1.69737e-020
115.486  1.70623e-020
116.508  1.715e-020
117.53  1.72367e-020
118.552  1.73225e-020
119.574  1.74073e-020
120.596  1.74911e-020
121.618  1.7574e-020
122.64  1.76559e-020
123.662  1.77368e-020
124.684  1.78167e-020
125.706  1.78955e-020
126.728  1.79733e-020
127.75  1.80501e-020
128.772  1.81258e-020
129.794  1.82004e-020
130.816  1.82739e-020
131.838  1.83463e-020
132.86  1.84176e-020
133.882  1.84878e-020
134.904  1.85569e-020
135.926  1.86248e-020
136.948  1.86915e-020
137.97  1.8757e-020
138.992  1.88214e-020
140.014  1.88846e-020
141.036  1.89465e-020
142.058  1.90072e-020
143.08  1.90666e-020
144.102  1.91248e-020
145.124  1.91817e-020
146.146  1.92373e-020
147.168  1.92916e-020
148.19  1.93445e-020
149.212  1.93961e-020
150.234  1.94464e-020
151.256  1.94953e-020
152.278  1.95428e-020
153.3  1.95889e-020
154.322  1.96336e-020
155.344  1.96768e-020
156.366  1.97186e-020
157.388  1.97589e-020
158.41  1.97977e-020
159.432  1.9835e-020
160.454  1.98708e-020
161.476  1.9905e-020
162.498  1.99376e-020
163.52  1.99687e-020
164.542  1.99982e-020
165.564  2.0026e-020
166.586  2.00522e-020
167.608  2.00767e-020
168.63  2.00996e-020
169.652  2.01207e-020
170.674  2.01401e-020
171.696  2.01578e-020
172.718  2.01737e-020
173.74  2.01878e-020
174.762  2.02001e-020
175.784  2.02106e-020
176.806  2.02192e-020
177.828  2.02259e-020
178.85  2.02307e-020
179.872  2.02336e-020
180.894  2.02346e-020
181.916  2.02335e-020
182.938  2.02305e-020
183.96  2.02255e-020
184.982  2.02184e-020
186.004  2.02092e-020
187.026  2.0198e-020
188.048  2.01846e-020
189.07  2.01691e-020
190.092  2.01514e-020
191.114  2.01315e-020
192.136  2.01094e-020
193.158  2.0085e-020
194.18  2.00584e-020
195.202  2.00295e-020
196.224  1.99982e-020
197.246  1.99646e-020
198.268  1.99286e-020
199.29  1.98903e-020
200.312  1.98495e-020
201.334  1.98062e-020
202.356  1.97604e-020
203.378  1.97122e-020
204.4  1.96614e-020
205.422  1.9608e-020
206.444  1.95521e-020
207.466  1.94935e-020
208.488  1.94323e-020
209.51  1.93684e-020
210.532  1.93019e-020
211.554  1.92326e-020
212.576  1.91606e-020
213.598  1.90858e-020
214.62  1.90083e-020
215.642  1.89279e-020
216.664  1.88447e-020
217.686  1.87586e-020
218.708  1.86696e-020
219.73  1.85777e-020
220.752  1.84829e-020
221.774  1.83852e-020
222.796  1.82845e-020
223.818  1.81808e-020
224.84  1.8074e-020
225.862  1.79643e-020
226.884  1.78515e-020
227.906  1.77357e-020
228.928  1.76167e-020
229.95  1.74947e-020
230.972  1.73696e-020
231.994  1.72414e-020
233.016  1.711e-020
234.038  1.69755e-020
235.06  1.68378e-020
236.082  1.6697e-020
237.104  1.65531e-020
238.126  1.64059e-020
239.148  1.62556e-020
240.17  1.61021e-020
241.192  1.59455e-020
242.214  1.57857e-020
243.236  1.56227e-020
244.258  1.54566e-020
245.28  1.52873e-020
246.302  1.51149e-020
247.324  1.49393e-020
248.346  1.47607e-020
249.368  1.45789e-020
250.39  1.43941e-020
251.412  1.42062e-020
252.434  1.40153e-020
253.456  1.38214e-020
254.478  1.36245e-020
255.5  1.34247e-020
256.522  1.3222e-020
257.544  1.30164e-020
258.566  1.28081e-020
259.588  1.25969e-020
260.61  1.23831e-020
261.632  1.21666e-020
262.654  1.19475e-020
263.676  1.17258e-020
264.698  1.15017e-020
265.72  1.12752e-020
266.742  1.10464e-020
267.764  1.08154e-020
268.786  1.05822e-020
269.808  1.03469e-020
270.83  1.01097e-020
271.852  9.87055e-021
272.874  9.6297e-021
273.896  9.3872e-021
274.918  9.14318e-021
275.94  8.89775e-021
276.962  8.65106e-021
277.984  8.40323e-021
279.006  8.15442e-021
280.028  7.90476e-021
281.05  7.65443e-021
282.072  7.40358e-021
283.094  7.15239e-021
284.116  6.90104e-021
285.138  6.64972e-021
286.16  6.39861e-021
287.182  6.14794e-021
288.204  5.8979e-021
289.226  5.64873e-021
290.248  5.40065e-021
291.27  5.1539e-021
292.292  4.90874e-021
293.314  4.66543e-021
294.336  4.42422e-021
295.358  4.18542e-021
296.38  3.9493e-021
297.402  3.71617e-021
298.424  3.48634e-021
299.446  3.26014e-021
300.468  3.0379e-021
301.49  2.81998e-021
302.512  2.60674e-021
303.534  2.39855e-021
304.556  2.19579e-021
305.578  1.99888e-021
306.6  1.80822e-021
307.622  1.62425e-021
308.644  1.4474e-021
309.666  1.27814e-021
310.688  1.11694e-021
311.71  9.64291e-022
312.732  8.20696e-022
313.754  6.86677e-022
314.776  5.62773e-022
315.798  4.49538e-022
316.82  3.47545e-022
317.842  2.57384e-022
318.864  1.79662e-022
319.886  1.15006e-022
320.908  6.40589e-023
321.93  2.74828e-023
322.952  5.95505e-024
