1.022  4.27766e-021
2.044  4.40608e-021
3.066  4.53471e-021
4.088  4.66353e-021
5.11  4.79254e-021
6.132  4.9217e-021
7.154  5.05101e-021
8.176  5.18046e-021
9.198  5.31003e-021
10.22  5.4397e-021
11.242  5.56946e-021
12.264  5.69931e-021
13.286  5.82924e-021
14.308  5.95924e-021
15.33  6.0893e-021
16.352  6.21942e-021
17.374  6.34959e-021
18.396  6.47981e-021
19.418  6.61006e-021
20.44  6.74035e-021
21.462  6.87066e-021
22.484  7.001e-021
23.506  7.13135e-021
24.528  7.26171e-021
25.55  7.39207e-021
26.572  7.52243e-021
27.594  7.65277e-021
28.616  7.78309e-021
29.638  7.91338e-021
30.66  8.04363e-021
31.682  8.17384e-021
32.704  8.30399e-021
33.726  8.43408e-021
34.748  8.56409e-021
35.77  8.69402e-021
36.792  8.82386e-021
37.814  8.95359e-021
38.836  9.08321e-021
39.858  9.21271e-021
40.88  9.34208e-021
41.902  9.4713e-021
42.924  9.60037e-021
43.946  9.72927e-021
44.968  9.858e-021
45.99  9.98654e-021
47.012  1.01149e-020
48.034  1.0243e-020
49.056  1.03709e-020
50.078  1.04986e-020
51.1  1.0626e-020
52.122  1.07532e-020
53.144  1.08801e-020
54.166  1.10068e-020
55.188  1.11331e-020
56.21  1.12592e-020
57.232  1.13849e-020
58.254  1.15103e-020
59.276  1.16354e-020
60.298  1.17602e-020
61.32  1.18845e-020
62.342  1.20085e-020
63.364  1.21322e-020
64.386  1.22554e-020
65.408  1.23782e-020
66.43  1.25007e-020
67.452  1.26226e-020
68.474  1.27442e-020
69.496  1.28653e-020
70.518  1.29859e-020
71.54  1.31061e-020
72.562  1.32258e-020
73.584  1.3345e-020
74.606  1.34636e-020
75.628  1.35818e-020
76.65  1.36994e-020
77.672  1.38165e-020
78.694  1.3933e-020
79.716  1.4049e-020
80.738  1.41644e-020
81.76  1.42792e-020
82.782  1.43934e-020
83.804  1.4507e-020
84.826  1.462e-020
85.848  1.47324e-020
86.87  1.48441e-020
87.892  1.49551e-020
88.914  1.50655e-020
89.936  1.51753e-020
90.958  1.52843e-020
91.98  1.53926e-020
93.002  1.55003e-020
94.024  1.56072e-020
95.046  1.57134e-020
96.068  1.58188e-020
97.09  1.59235e-020
98.112  1.60275e-020
99.134  1.61307e-020
100.156  1.6233e-020
101.178  1.63346e-020
102.2  1.64354e-020
103.222  1.65354e-020
104.244  1.66346e-020
105.266  1.67329e-020
106.288  1.68303e-020
107.31  1.69269e-020
108.332  1.70227e-020
109.354  1.71175e-020
110.376  1.72115e-020
111.398  1.73046e-020
112.42  1.73967e-020
113.442  1.74879e-020
114.464  1.75782e-020
115.486  1.76676e-020
116.508  1.7756e-020
117.53  1.78434e-020
118.552  1.79298e-020
119.574  1.80153e-020
120.596  1.80997e-020
121.618  1.81832e-020
122.64  1.82656e-020
123.662  1.83469e-020
124.684  1.84273e-020
125.706  1.85065e-020
126.728  1.85847e-020
127.75  1.86618e-020
128.772  1.87378e-020
129.794  1.88127e-020
130.816  1.88864e-020
131.838  1.8959e-020
132.86  1.90305e-020
133.882  1.91008e-020
134.904  1.917e-020
135.926  1.92379e-020
136.948  1.93047e-020
137.97  1.93702e-020
138.992  1.94345e-020
140.014  1.94976e-020
141.036  1.95594e-020
142.058  1.96199e-020
143.08  1.96792e-020
144.102  1.97371e-020
145.124  1.97937e-020
146.146  1.9849e-020
147.168  1.9903e-020
148.19  1.99556e-020
149.212  2.00068e-020
150.234  2.00566e-020
151.256  2.0105e-020
152.278  2.0152e-020
153.3  2.01975e-020
154.322  2.02416e-020
155.344  2.02842e-020
156.366  2.03253e-020
157.388  2.03649e-020
158.41  2.0403e-020
159.432  2.04395e-020
160.454  2.04745e-020
161.476  2.05079e-020
162.498  2.05396e-020
163.52  2.05698e-020
164.542  2.05983e-020
165.564  2.06251e-020
166.586  2.06503e-020
167.608  2.06737e-020
168.63  2.06955e-020
169.652  2.07155e-020
170.674  2.07337e-020
171.696  2.07501e-020
172.718  2.07648e-020
173.74  2.07776e-020
174.762  2.07885e-020
175.784  2.07976e-020
176.806  2.08048e-020
177.828  2.081e-020
178.85  2.08133e-020
179.872  2.08147e-020
180.894  2.0814e-020
181.916  2.08114e-020
182.938  2.08067e-020
183.96  2.07999e-020
184.982  2.07911e-020
186.004  2.07801e-020
187.026  2.0767e-020
188.048  2.07518e-020
189.07  2.07343e-020
190.092  2.07146e-020
191.114  2.06927e-020
192.136  2.06686e-020
193.158  2.06421e-020
194.18  2.06133e-020
195.202  2.05822e-020
196.224  2.05487e-020
197.246  2.05128e-020
198.268  2.04745e-020
199.29  2.04338e-020
200.312  2.03905e-020
201.334  2.03448e-020
202.356  2.02965e-020
203.378  2.02457e-020
204.4  2.01923e-020
205.422  2.01363e-020
206.444  2.00776e-020
207.466  2.00163e-020
208.488  1.99523e-020
209.51  1.98855e-020
210.532  1.98161e-020
211.554  1.97438e-020
212.576  1.96688e-020
213.598  1.95909e-020
214.62  1.95102e-020
215.642  1.94267e-020
216.664  1.93402e-020
217.686  1.92509e-020
218.708  1.91586e-020
219.73  1.90633e-020
220.752  1.89651e-020
221.774  1.88638e-020
222.796  1.87596e-020
223.818  1.86522e-020
224.84  1.85419e-020
225.862  1.84284e-020
226.884  1.83118e-020
227.906  1.81922e-020
228.928  1.80693e-020
229.95  1.79434e-020
230.972  1.78143e-020
231.994  1.7682e-020
233.016  1.75465e-020
234.038  1.74078e-020
235.06  1.72659e-020
236.082  1.71208e-020
237.104  1.69725e-020
238.126  1.6821e-020
239.148  1.66662e-020
240.17  1.65082e-020
241.192  1.6347e-020
242.214  1.61826e-020
243.236  1.60149e-020
244.258  1.5844e-020
245.28  1.56699e-020
246.302  1.54926e-020
247.324  1.53122e-020
248.346  1.51285e-020
249.368  1.49417e-020
250.39  1.47518e-020
251.412  1.45588e-020
252.434  1.43627e-020
253.456  1.41636e-020
254.478  1.39614e-020
255.5  1.37562e-020
256.522  1.35481e-020
257.544  1.33371e-020
258.566  1.31232e-020
259.588  1.29065e-020
260.61  1.26871e-020
261.632  1.24649e-020
262.654  1.22401e-020
263.676  1.20128e-020
264.698  1.17829e-020
265.72  1.15506e-020
266.742  1.13159e-020
267.764  1.10789e-020
268.786  1.08398e-020
269.808  1.05985e-020
270.83  1.03553e-020
271.852  1.01102e-020
272.874  9.86327e-021
273.896  9.61469e-021
274.918  9.36457e-021
275.94  9.11302e-021
276.962  8.86019e-021
277.984  8.60621e-021
279.006  8.35124e-021
280.028  8.09542e-021
281.05  7.83891e-021
282.072  7.58189e-021
283.094  7.32453e-021
284.116  7.06702e-021
285.138  6.80955e-021
286.16  6.55231e-021
287.182  6.29552e-021
288.204  6.0394e-021
289.226  5.78417e-021
290.248  5.53007e-021
291.27  5.27734e-021
292.292  5.02625e-021
293.314  4.77705e-021
294.336  4.53002e-021
295.358  4.28546e-021
296.38  4.04365e-021
297.402  3.80491e-021
298.424  3.56956e-021
299.446  3.33793e-021
300.468  3.11037e-021
301.49  2.88722e-021
302.512  2.66887e-021
303.534  2.4557e-021
304.556  2.2481e-021
305.578  2.04648e-021
306.6  1.85127e-021
307.622  1.6629e-021
308.644  1.48184e-021
309.666  1.30854e-021
310.688  1.1435e-021
311.71  9.87217e-022
312.732  8.40204e-022
313.754  7.02997e-022
314.776  5.76145e-022
315.798  4.60218e-022
316.82  3.55801e-022
317.842  2.63497e-022
318.864  1.83929e-022
319.886  1.17737e-022
320.908  6.558e-023
321.93  2.81353e-023
322.952  6.09643e-024
