1.022  8.23235e-021
2.044  8.4102e-021
3.066  8.58769e-021
4.088  8.76479e-021
5.11  8.94151e-021
6.132  9.11781e-021
7.154  9.29369e-021
8.176  9.46914e-021
9.198  9.64413e-021
10.22  9.81867e-021
11.242  9.99274e-021
12.264  1.01663e-020
13.286  1.03395e-020
14.308  1.05121e-020
15.33  1.06843e-020
16.352  1.08561e-020
17.374  1.10273e-020
18.396  1.11981e-020
19.418  1.13685e-020
20.44  1.15384e-020
21.462  1.17078e-020
22.484  1.18767e-020
23.506  1.20453e-020
24.528  1.22133e-020
25.55  1.23809e-020
26.572  1.2548e-020
27.594  1.27147e-020
28.616  1.28809e-020
29.638  1.30466e-020
30.66  1.32119e-020
31.682  1.33767e-020
32.704  1.3541e-020
33.726  1.37048e-020
34.748  1.38681e-020
35.77  1.40309e-020
36.792  1.41932e-020
37.814  1.4355e-020
38.836  1.45163e-020
39.858  1.4677e-020
40.88  1.48372e-020
41.902  1.49969e-020
42.924  1.5156e-020
43.946  1.53146e-020
44.968  1.54726e-020
45.99  1.563e-020
47.012  1.57868e-020
48.034  1.5943e-020
49.056  1.60986e-020
50.078  1.62536e-020
51.1  1.6408e-020
52.122  1.65618e-020
53.144  1.67148e-020
54.166  1.68673e-020
55.188  1.7019e-020
56.21  1.71701e-020
57.232  1.73205e-020
58.254  1.74702e-020
59.276  1.76192e-020
60.298  1.77675e-020
61.32  1.79151e-020
62.342  1.80619e-020
63.364  1.82079e-020
64.386  1.83532e-020
65.408  1.84978e-020
66.43  1.86415e-020
67.452  1.87844e-020
68.474  1.89266e-020
69.496  1.90679e-020
70.518  1.92084e-020
71.54  1.93481e-020
72.562  1.94869e-020
73.584  1.96249e-020
74.606  1.9762e-020
75.628  1.98982e-020
76.65  2.00335e-020
77.672  2.01679e-020
78.694  2.03014e-020
79.716  2.0434e-020
80.738  2.05657e-020
81.76  2.06964e-020
82.782  2.08262e-020
83.804  2.09549e-020
84.826  2.10828e-020
85.848  2.12096e-020
86.87  2.13354e-020
87.892  2.14603e-020
88.914  2.15841e-020
89.936  2.17069e-020
90.958  2.18286e-020
91.98  2.19493e-020
93.002  2.20689e-020
94.024  2.21875e-020
95.046  2.2305e-020
96.068  2.24214e-020
97.09  2.25367e-020
98.112  2.26508e-020
99.134  2.27639e-020
100.156  2.28758e-020
101.178  2.29866e-020
102.2  2.30962e-020
103.222  2.32047e-020
104.244  2.3312e-020
105.266  2.34181e-020
106.288  2.3523e-020
107.31  2.36267e-020
108.332  2.37291e-020
109.354  2.38304e-020
110.376  2.39304e-020
111.398  2.40292e-020
112.42  2.41267e-020
113.442  2.42229e-020
114.464  2.43178e-020
115.486  2.44115e-020
116.508  2.45038e-020
117.53  2.45949e-020
118.552  2.46846e-020
119.574  2.47729e-020
120.596  2.48599e-020
121.618  2.49456e-020
122.64  2.50299e-020
123.662  2.51128e-020
124.684  2.51942e-020
125.706  2.52743e-020
126.728  2.5353e-020
127.75  2.54302e-020
128.772  2.5506e-020
129.794  2.55803e-020
130.816  2.56532e-020
131.838  2.57245e-020
132.86  2.57944e-020
133.882  2.58628e-020
134.904  2.59296e-020
135.926  2.59949e-020
136.948  2.60586e-020
137.97  2.61208e-020
138.992  2.61814e-020
140.014  2.62404e-020
141.036  2.62978e-020
142.058  2.63536e-020
143.08  2.64077e-020
144.102  2.64602e-020
145.124  2.6511e-020
146.146  2.65601e-020
147.168  2.66075e-020
148.19  2.66532e-020
149.212  2.66972e-020
150.234  2.67394e-020
151.256  2.67798e-020
152.278  2.68185e-020
153.3  2.68553e-020
154.322  2.68903e-020
155.344  2.69235e-020
156.366  2.69549e-020
157.388  2.69843e-020
158.41  2.70119e-020
159.432  2.70375e-020
160.454  2.70612e-020
161.476  2.70829e-020
162.498  2.71027e-020
163.52  2.71204e-020
164.542  2.71362e-020
165.564  2.71499e-020
166.586  2.71615e-020
167.608  2.71711e-020
168.63  2.71785e-020
169.652  2.71838e-020
170.674  2.7187e-020
171.696  2.7188e-020
172.718  2.71868e-020
173.74  2.71833e-020
174.762  2.71776e-020
175.784  2.71697e-020
176.806  2.71594e-020
177.828  2.71468e-020
178.85  2.71319e-020
179.872  2.71145e-020
180.894  2.70948e-020
181.916  2.70727e-020
182.938  2.7048e-020
183.96  2.70209e-020
184.982  2.69913e-020
186.004  2.69592e-020
187.026  2.69245e-020
188.048  2.68871e-020
189.07  2.68472e-020
190.092  2.68046e-020
191.114  2.67593e-020
192.136  2.67113e-020
193.158  2.66606e-020
194.18  2.6607e-020
195.202  2.65507e-020
196.224  2.64916e-020
197.246  2.64296e-020
198.268  2.63647e-020
199.29  2.62968e-020
200.312  2.6226e-020
201.334  2.61523e-020
202.356  2.60755e-020
203.378  2.59956e-020
204.4  2.59127e-020
205.422  2.58267e-020
206.444  2.57375e-020
207.466  2.56452e-020
208.488  2.55497e-020
209.51  2.54509e-020
210.532  2.53489e-020
211.554  2.52436e-020
212.576  2.5135e-020
213.598  2.5023e-020
214.62  2.49077e-020
215.642  2.47889e-020
216.664  2.46667e-020
217.686  2.45411e-020
218.708  2.4412e-020
219.73  2.42793e-020
220.752  2.41432e-020
221.774  2.40034e-020
222.796  2.38601e-020
223.818  2.37132e-020
224.84  2.35626e-020
225.862  2.34084e-020
226.884  2.32505e-020
227.906  2.30889e-020
228.928  2.29236e-020
229.95  2.27545e-020
230.972  2.25817e-020
231.994  2.24052e-020
233.016  2.22249e-020
234.038  2.20408e-020
235.06  2.18528e-020
236.082  2.16611e-020
237.104  2.14656e-020
238.126  2.12663e-020
239.148  2.10631e-020
240.17  2.08561e-020
241.192  2.06453e-020
242.214  2.04307e-020
243.236  2.02122e-020
244.258  1.999e-020
245.28  1.97639e-020
246.302  1.95341e-020
247.324  1.93005e-020
248.346  1.90632e-020
249.368  1.88221e-020
250.39  1.85774e-020
251.412  1.83289e-020
252.434  1.80769e-020
253.456  1.78212e-020
254.478  1.75619e-020
255.5  1.72992e-020
256.522  1.70329e-020
257.544  1.67632e-020
258.566  1.64902e-020
259.588  1.62138e-020
260.61  1.59342e-020
261.632  1.56514e-020
262.654  1.53655e-020
263.676  1.50766e-020
264.698  1.47847e-020
265.72  1.449e-020
266.742  1.41925e-020
267.764  1.38923e-020
268.786  1.35896e-020
269.808  1.32845e-020
270.83  1.2977e-020
271.852  1.26673e-020
272.874  1.23556e-020
273.896  1.2042e-020
274.918  1.17266e-020
275.94  1.14096e-020
276.962  1.10911e-020
277.984  1.07714e-020
279.006  1.04505e-020
280.028  1.01288e-020
281.05  9.80633e-021
282.072  9.48337e-021
283.094  9.16012e-021
284.116  8.83681e-021
285.138  8.51367e-021
286.16  8.19096e-021
287.182  7.86892e-021
288.204  7.54783e-021
289.226  7.22797e-021
290.248  6.90962e-021
291.27  6.59309e-021
292.292  6.27869e-021
293.314  5.96676e-021
294.336  5.65763e-021
295.358  5.35165e-021
296.38  5.0492e-021
297.402  4.75065e-021
298.424  4.45641e-021
299.446  4.16687e-021
300.468  3.88248e-021
301.49  3.60366e-021
302.512  3.33088e-021
303.534  3.06461e-021
304.556  2.80534e-021
305.578  2.55358e-021
306.6  2.30986e-021
307.622  2.07471e-021
308.644  1.84871e-021
309.666  1.63242e-021
310.688  1.42647e-021
311.71  1.23145e-021
312.732  1.04802e-021
313.754  8.76845e-022
314.776  7.18598e-022
315.798  5.73989e-022
316.82  4.43745e-022
317.842  3.28618e-022
318.864  2.2938e-022
319.886  1.46828e-022
320.908  8.17822e-023
321.93  3.50859e-023
322.952  7.6024e-024
