1.022  5.84779e-020
2.044  5.87024e-020
3.066  5.89255e-020
4.088  5.91474e-020
5.11  5.93678e-020
6.132  5.95868e-020
7.154  5.98042e-020
8.176  6.00201e-020
9.198  6.02344e-020
10.22  6.04471e-020
11.242  6.06582e-020
12.264  6.08677e-020
13.286  6.10756e-020
14.308  6.1282e-020
15.33  6.14869e-020
16.352  6.16904e-020
17.374  6.18925e-020
18.396  6.20932e-020
19.418  6.22927e-020
20.44  6.24909e-020
21.462  6.26878e-020
22.484  6.28836e-020
23.506  6.30782e-020
24.528  6.32716e-020
25.55  6.34639e-020
26.572  6.36551e-020
27.594  6.38451e-020
28.616  6.4034e-020
29.638  6.42219e-020
30.66  6.44086e-020
31.682  6.45942e-020
32.704  6.47787e-020
33.726  6.49621e-020
34.748  6.51443e-020
35.77  6.53254e-020
36.792  6.55054e-020
37.814  6.56842e-020
38.836  6.58618e-020
39.858  6.60382e-020
40.88  6.62134e-020
41.902  6.63874e-020
42.924  6.65602e-020
43.946  6.67316e-020
44.968  6.69018e-020
45.99  6.70707e-020
47.012  6.72382e-020
48.034  6.74044e-020
49.056  6.75692e-020
50.078  6.77326e-020
51.1  6.78946e-020
52.122  6.80551e-020
53.144  6.82142e-020
54.166  6.83718e-020
55.188  6.85279e-020
56.21  6.86824e-020
57.232  6.88354e-020
58.254  6.89869e-020
59.276  6.91367e-020
60.298  6.92849e-020
61.32  6.94314e-020
62.342  6.95763e-020
63.364  6.97194e-020
64.386  6.98609e-020
65.408  7.00006e-020
66.43  7.01385e-020
67.452  7.02747e-020
68.474  7.0409e-020
69.496  7.05415e-020
70.518  7.06722e-020
71.54  7.0801e-020
72.562  7.09278e-020
73.584  7.10528e-020
74.606  7.11758e-020
75.628  7.12968e-020
76.65  7.14159e-020
77.672  7.1533e-020
78.694  7.1648e-020
79.716  7.1761e-020
80.738  7.18719e-020
81.76  7.19807e-020
82.782  7.20874e-020
83.804  7.21919e-020
84.826  7.22944e-020
85.848  7.23946e-020
86.87  7.24926e-020
87.892  7.25885e-020
88.914  7.26821e-020
89.936  7.27734e-020
90.958  7.28625e-020
91.98  7.29493e-020
93.002  7.30338e-020
94.024  7.3116e-020
95.046  7.31958e-020
96.068  7.32732e-020
97.09  7.33483e-020
98.112  7.3421e-020
99.134  7.34912e-020
100.156  7.3559e-020
101.178  7.36244e-020
102.2  7.36872e-020
103.222  7.37476e-020
104.244  7.38055e-020
105.266  7.38608e-020
106.288  7.39136e-020
107.31  7.39639e-020
108.332  7.40115e-020
109.354  7.40566e-020
110.376  7.4099e-020
111.398  7.41388e-020
112.42  7.4176e-020
113.442  7.42105e-020
114.464  7.42423e-020
115.486  7.42714e-020
116.508  7.42977e-020
117.53  7.43214e-020
118.552  7.43422e-020
119.574  7.43603e-020
120.596  7.43756e-020
121.618  7.43881e-020
122.64  7.43978e-020
123.662  7.44046e-020
124.684  7.44085e-020
125.706  7.44096e-020
126.728  7.44077e-020
127.75  7.4403e-020
128.772  7.43952e-020
129.794  7.43846e-020
130.816  7.43709e-020
131.838  7.43543e-020
132.86  7.43346e-020
133.882  7.43119e-020
134.904  7.42861e-020
135.926  7.42572e-020
136.948  7.42252e-020
137.97  7.41901e-020
138.992  7.41519e-020
140.014  7.41105e-020
141.036  7.40659e-020
142.058  7.40181e-020
143.08  7.3967e-020
144.102  7.39127e-020
145.124  7.38551e-020
146.146  7.37942e-020
147.168  7.373e-020
148.19  7.36624e-020
149.212  7.35914e-020
150.234  7.3517e-020
151.256  7.34392e-020
152.278  7.33579e-020
153.3  7.32731e-020
154.322  7.31847e-020
155.344  7.30929e-020
156.366  7.29974e-020
157.388  7.28984e-020
158.41  7.27957e-020
159.432  7.26893e-020
160.454  7.25792e-020
161.476  7.24654e-020
162.498  7.23479e-020
163.52  7.22265e-020
164.542  7.21013e-020
165.564  7.19722e-020
166.586  7.18392e-020
167.608  7.17023e-020
168.63  7.15613e-020
169.652  7.14164e-020
170.674  7.12674e-020
171.696  7.11143e-020
172.718  7.09571e-020
173.74  7.07957e-020
174.762  7.06301e-020
175.784  7.04602e-020
176.806  7.02861e-020
177.828  7.01075e-020
178.85  6.99246e-020
179.872  6.97373e-020
180.894  6.95455e-020
181.916  6.93491e-020
182.938  6.91482e-020
183.96  6.89427e-020
184.982  6.87325e-020
186.004  6.85176e-020
187.026  6.82979e-020
188.048  6.80734e-020
189.07  6.7844e-020
190.092  6.76098e-020
191.114  6.73705e-020
192.136  6.71263e-020
193.158  6.68769e-020
194.18  6.66225e-020
195.202  6.63628e-020
196.224  6.60979e-020
197.246  6.58278e-020
198.268  6.55523e-020
199.29  6.52714e-020
200.312  6.4985e-020
201.334  6.46931e-020
202.356  6.43957e-020
203.378  6.40926e-020
204.4  6.37839e-020
205.422  6.34694e-020
206.444  6.31491e-020
207.466  6.2823e-020
208.488  6.24909e-020
209.51  6.2153e-020
210.532  6.18089e-020
211.554  6.14589e-020
212.576  6.11026e-020
213.598  6.07402e-020
214.62  6.03716e-020
215.642  5.99967e-020
216.664  5.96154e-020
217.686  5.92277e-020
218.708  5.88336e-020
219.73  5.84329e-020
220.752  5.80258e-020
221.774  5.7612e-020
222.796  5.71916e-020
223.818  5.67645e-020
224.84  5.63306e-020
225.862  5.589e-020
226.884  5.54425e-020
227.906  5.49882e-020
228.928  5.4527e-020
229.95  5.40589e-020
230.972  5.35838e-020
231.994  5.31018e-020
233.016  5.26127e-020
234.038  5.21165e-020
235.06  5.16133e-020
236.082  5.11031e-020
237.104  5.05857e-020
238.126  5.00612e-020
239.148  4.95297e-020
240.17  4.8991e-020
241.192  4.84452e-020
242.214  4.78922e-020
243.236  4.73322e-020
244.258  4.67651e-020
245.28  4.6191e-020
246.302  4.56098e-020
247.324  4.50216e-020
248.346  4.44264e-020
249.368  4.38244e-020
250.39  4.32154e-020
251.412  4.25996e-020
252.434  4.19771e-020
253.456  4.13479e-020
254.478  4.0712e-020
255.5  4.00697e-020
256.522  3.94209e-020
257.544  3.87659e-020
258.566  3.81046e-020
259.588  3.74372e-020
260.61  3.67639e-020
261.632  3.60847e-020
262.654  3.53999e-020
263.676  3.47096e-020
264.698  3.4014e-020
265.72  3.33132e-020
266.742  3.26075e-020
267.764  3.18971e-020
268.786  3.11822e-020
269.808  3.0463e-020
270.83  2.97398e-020
271.852  2.90128e-020
272.874  2.82824e-020
273.896  2.75488e-020
274.918  2.68124e-020
275.94  2.60734e-020
276.962  2.53322e-020
277.984  2.45893e-020
279.006  2.38449e-020
280.028  2.30995e-020
281.05  2.23534e-020
282.072  2.16072e-020
283.094  2.08613e-020
284.116  2.01162e-020
285.138  1.93724e-020
286.16  1.86304e-020
287.182  1.78907e-020
288.204  1.71541e-020
289.226  1.64209e-020
290.248  1.5692e-020
291.27  1.49679e-020
292.292  1.42493e-020
293.314  1.35369e-020
294.336  1.28315e-020
295.358  1.21339e-020
296.38  1.14448e-020
297.402  1.0765e-020
298.424  1.00955e-020
299.446  9.43717e-021
300.468  8.79088e-021
301.49  8.15763e-021
302.512  7.53842e-021
303.534  6.9343e-021
304.556  6.34635e-021
305.578  5.77568e-021
306.6  5.22346e-021
307.622  4.69089e-021
308.644  4.17921e-021
309.666  3.68971e-021
310.688  3.22372e-021
311.71  2.78263e-021
312.732  2.36785e-021
313.754  1.98087e-021
314.776  1.6232e-021
315.798  1.29643e-021
316.82  1.00217e-021
317.842  7.42102e-022
318.864  5.17961e-022
319.886  3.31531e-022
320.908  1.84651e-022
321.93  7.9215e-023
322.952  1.71637e-023
