1.022  8.28801e-020
2.044  8.30587e-020
3.066  8.32363e-020
4.088  8.34129e-020
5.11  8.35883e-020
6.132  8.37625e-020
7.154  8.39354e-020
8.176  8.41068e-020
9.198  8.42769e-020
10.22  8.44454e-020
11.242  8.46125e-020
12.264  8.47781e-020
13.286  8.49424e-020
14.308  8.51053e-020
15.33  8.52669e-020
16.352  8.54272e-020
17.374  8.55864e-020
18.396  8.57445e-020
19.418  8.59016e-020
20.44  8.60576e-020
21.462  8.62127e-020
22.484  8.63668e-020
23.506  8.652e-020
24.528  8.66723e-020
25.55  8.68238e-020
26.572  8.69744e-020
27.594  8.71242e-020
28.616  8.72732e-020
29.638  8.74213e-020
30.66  8.75686e-020
31.682  8.7715e-020
32.704  8.78606e-020
33.726  8.80054e-020
34.748  8.81492e-020
35.77  8.82921e-020
36.792  8.84341e-020
37.814  8.85752e-020
38.836  8.87153e-020
39.858  8.88544e-020
40.88  8.89925e-020
41.902  8.91296e-020
42.924  8.92655e-020
43.946  8.94004e-020
44.968  8.95341e-020
45.99  8.96667e-020
47.012  8.97981e-020
48.034  8.99283e-020
49.056  9.00571e-020
50.078  9.01847e-020
51.1  9.0311e-020
52.122  9.04359e-020
53.144  9.05595e-020
54.166  9.06816e-020
55.188  9.08023e-020
56.21  9.09214e-020
57.232  9.10391e-020
58.254  9.11552e-020
59.276  9.12697e-020
60.298  9.13826e-020
61.32  9.14938e-020
62.342  9.16034e-020
63.364  9.17113e-020
64.386  9.18174e-020
65.408  9.19217e-020
66.43  9.20242e-020
67.452  9.21249e-020
68.474  9.22237e-020
69.496  9.23206e-020
70.518  9.24156e-020
71.54  9.25086e-020
72.562  9.25996e-020
73.584  9.26886e-020
74.606  9.27756e-020
75.628  9.28605e-020
76.65  9.29432e-020
77.672  9.30239e-020
78.694  9.31023e-020
79.716  9.31786e-020
80.738  9.32526e-020
81.76  9.33244e-020
82.782  9.33939e-020
83.804  9.34612e-020
84.826  9.35261e-020
85.848  9.35886e-020
86.87  9.36487e-020
87.892  9.37065e-020
88.914  9.37618e-020
89.936  9.38146e-020
90.958  9.3865e-020
91.98  9.39129e-020
93.002  9.39582e-020
94.024  9.4001e-020
95.046  9.40411e-020
96.068  9.40787e-020
97.09  9.41137e-020
98.112  9.41459e-020
99.134  9.41756e-020
100.156  9.42025e-020
101.178  9.42267e-020
102.2  9.42481e-020
103.222  9.42668e-020
104.244  9.42826e-020
105.266  9.42957e-020
106.288  9.43059e-020
107.31  9.43133e-020
108.332  9.43178e-020
109.354  9.43194e-020
110.376  9.4318e-020
111.398  9.43137e-020
112.42  9.43065e-020
113.442  9.42962e-020
114.464  9.42829e-020
115.486  9.42666e-020
116.508  9.42473e-020
117.53  9.42248e-020
118.552  9.41993e-020
119.574  9.41706e-020
120.596  9.41388e-020
121.618  9.41038e-020
122.64  9.40656e-020
123.662  9.40242e-020
124.684  9.39796e-020
125.706  9.39318e-020
126.728  9.38806e-020
127.75  9.38262e-020
128.772  9.37684e-020
129.794  9.37072e-020
130.816  9.36427e-020
131.838  9.35749e-020
132.86  9.35035e-020
133.882  9.34288e-020
134.904  9.33506e-020
135.926  9.32689e-020
136.948  9.31836e-020
137.97  9.30949e-020
138.992  9.30025e-020
140.014  9.29066e-020
141.036  9.28071e-020
142.058  9.27039e-020
143.08  9.2597e-020
144.102  9.24864e-020
145.124  9.23722e-020
146.146  9.22541e-020
147.168  9.21323e-020
148.19  9.20066e-020
149.212  9.18771e-020
150.234  9.17437e-020
151.256  9.16065e-020
152.278  9.14652e-020
153.3  9.13201e-020
154.322  9.11709e-020
155.344  9.10176e-020
156.366  9.08603e-020
157.388  9.06989e-020
158.41  9.05334e-020
159.432  9.03637e-020
160.454  9.01897e-020
161.476  9.00115e-020
162.498  8.9829e-020
163.52  8.96422e-020
164.542  8.94511e-020
165.564  8.92555e-020
166.586  8.90554e-020
167.608  8.88509e-020
168.63  8.86419e-020
169.652  8.84282e-020
170.674  8.82099e-020
171.696  8.7987e-020
172.718  8.77594e-020
173.74  8.7527e-020
174.762  8.72898e-020
175.784  8.70477e-020
176.806  8.68007e-020
177.828  8.65488e-020
178.85  8.62918e-020
179.872  8.60298e-020
180.894  8.57627e-020
181.916  8.54905e-020
182.938  8.5213e-020
183.96  8.49302e-020
184.982  8.46421e-020
186.004  8.43486e-020
187.026  8.40497e-020
188.048  8.37453e-020
189.07  8.34353e-020
190.092  8.31197e-020
191.114  8.27984e-020
192.136  8.24713e-020
193.158  8.21385e-020
194.18  8.17998e-020
195.202  8.14552e-020
196.224  8.11045e-020
197.246  8.07479e-020
198.268  8.03851e-020
199.29  8.00161e-020
200.312  7.96409e-020
201.334  7.92593e-020
202.356  7.88714e-020
203.378  7.84771e-020
204.4  7.80762e-020
205.422  7.76687e-020
206.444  7.72546e-020
207.466  7.68338e-020
208.488  7.64062e-020
209.51  7.59718e-020
210.532  7.55305e-020
211.554  7.50821e-020
212.576  7.46268e-020
213.598  7.41643e-020
214.62  7.36947e-020
215.642  7.32178e-020
216.664  7.27337e-020
217.686  7.22422e-020
218.708  7.17432e-020
219.73  7.12368e-020
220.752  7.07229e-020
221.774  7.02013e-020
222.796  6.96722e-020
223.818  6.91353e-020
224.84  6.85906e-020
225.862  6.80382e-020
226.884  6.74779e-020
227.906  6.69097e-020
228.928  6.63335e-020
229.95  6.57494e-020
230.972  6.51572e-020
231.994  6.4557e-020
233.016  6.39487e-020
234.038  6.33323e-020
235.06  6.27077e-020
236.082  6.2075e-020
237.104  6.1434e-020
238.126  6.07849e-020
239.148  6.01276e-020
240.17  5.94621e-020
241.192  5.87883e-020
242.214  5.81064e-020
243.236  5.74162e-020
244.258  5.67179e-020
245.28  5.60114e-020
246.302  5.52968e-020
247.324  5.45741e-020
248.346  5.38434e-020
249.368  5.31047e-020
250.39  5.2358e-020
251.412  5.16035e-020
252.434  5.08412e-020
253.456  5.00712e-020
254.478  4.92935e-020
255.5  4.85083e-020
256.522  4.77158e-020
257.544  4.69159e-020
258.566  4.61089e-020
259.588  4.52949e-020
260.61  4.4474e-020
261.632  4.36464e-020
262.654  4.28124e-020
263.676  4.1972e-020
264.698  4.11255e-020
265.72  4.02731e-020
266.742  3.94151e-020
267.764  3.85517e-020
268.786  3.76831e-020
269.808  3.68097e-020
270.83  3.59318e-020
271.852  3.50496e-020
272.874  3.41634e-020
273.896  3.32738e-020
274.918  3.2381e-020
275.94  3.14853e-020
276.962  3.05873e-020
277.984  2.96874e-020
279.006  2.8786e-020
280.028  2.78835e-020
281.05  2.69806e-020
282.072  2.60777e-020
283.094  2.51753e-020
284.116  2.42742e-020
285.138  2.33747e-020
286.16  2.24777e-020
287.182  2.15837e-020
288.204  2.06935e-020
289.226  1.98077e-020
290.248  1.89271e-020
291.27  1.80525e-020
292.292  1.71848e-020
293.314  1.63246e-020
294.336  1.54731e-020
295.358  1.4631e-020
296.38  1.37993e-020
297.402  1.2979e-020
298.424  1.21712e-020
299.446  1.1377e-020
300.468  1.05973e-020
301.49  9.83353e-021
302.512  9.08673e-021
303.534  8.3582e-021
304.556  7.64922e-021
305.578  6.96115e-021
306.6  6.29536e-021
307.622  5.65332e-021
308.644  5.0365e-021
309.666  4.44646e-021
310.688  3.8848e-021
311.71  3.35317e-021
312.732  2.85329e-021
313.754  2.38692e-021
314.776  1.9559e-021
315.798  1.56212e-021
316.82  1.20753e-021
317.842  8.94162e-022
318.864  6.24086e-022
319.886  3.99454e-022
320.908  2.2248e-022
321.93  9.54427e-023
322.952  2.06797e-023
