1.022  3.4747e-021
2.044  3.41907e-021
3.066  3.36461e-021
4.088  3.31132e-021
5.11  3.25917e-021
6.132  3.20814e-021
7.154  3.15823e-021
8.176  3.10941e-021
9.198  3.06167e-021
10.22  3.01499e-021
11.242  2.96937e-021
12.264  2.92479e-021
13.286  2.88124e-021
14.308  2.83871e-021
15.33  2.79719e-021
16.352  2.75667e-021
17.374  2.71713e-021
18.396  2.67858e-021
19.418  2.64099e-021
20.44  2.60435e-021
21.462  2.56866e-021
22.484  2.5339e-021
23.506  2.50006e-021
24.528  2.46714e-021
25.55  2.43511e-021
26.572  2.40396e-021
27.594  2.37369e-021
28.616  2.34428e-021
29.638  2.31572e-021
30.66  2.288e-021
31.682  2.2611e-021
32.704  2.23502e-021
33.726  2.20974e-021
34.748  2.18525e-021
35.77  2.16154e-021
36.792  2.1386e-021
37.814  2.11641e-021
38.836  2.09497e-021
39.858  2.07426e-021
40.88  2.05427e-021
41.902  2.03499e-021
42.924  2.01641e-021
43.946  1.99852e-021
44.968  1.98131e-021
45.99  1.96476e-021
47.012  1.94887e-021
48.034  1.93363e-021
49.056  1.91902e-021
50.078  1.90504e-021
51.1  1.89168e-021
52.122  1.87892e-021
53.144  1.86675e-021
54.166  1.85517e-021
55.188  1.84417e-021
56.21  1.83374e-021
57.232  1.82386e-021
58.254  1.81453e-021
59.276  1.80574e-021
60.298  1.79748e-021
61.32  1.78974e-021
62.342  1.78252e-021
63.364  1.77579e-021
64.386  1.76957e-021
65.408  1.76382e-021
66.43  1.75856e-021
67.452  1.75377e-021
68.474  1.74944e-021
69.496  1.74556e-021
70.518  1.74212e-021
71.54  1.73913e-021
72.562  1.73656e-021
73.584  1.73442e-021
74.606  1.73269e-021
75.628  1.73137e-021
76.65  1.73044e-021
77.672  1.72991e-021
78.694  1.72976e-021
79.716  1.72999e-021
80.738  1.73059e-021
81.76  1.73155e-021
82.782  1.73286e-021
83.804  1.73453e-021
84.826  1.73653e-021
85.848  1.73888e-021
86.87  1.74155e-021
87.892  1.74454e-021
88.914  1.74784e-021
89.936  1.75146e-021
90.958  1.75538e-021
91.98  1.75959e-021
93.002  1.76409e-021
94.024  1.76887e-021
95.046  1.77393e-021
96.068  1.77926e-021
97.09  1.78486e-021
98.112  1.79071e-021
99.134  1.79681e-021
100.156  1.80316e-021
101.178  1.80975e-021
102.2  1.81657e-021
103.222  1.82362e-021
104.244  1.8309e-021
105.266  1.83838e-021
106.288  1.84608e-021
107.31  1.85399e-021
108.332  1.86209e-021
109.354  1.87039e-021
110.376  1.87887e-021
111.398  1.88754e-021
112.42  1.89638e-021
113.442  1.9054e-021
114.464  1.91458e-021
115.486  1.92392e-021
116.508  1.93341e-021
117.53  1.94305e-021
118.552  1.95284e-021
119.574  1.96276e-021
120.596  1.97282e-021
121.618  1.983e-021
122.64  1.99331e-021
123.662  2.00373e-021
124.684  2.01427e-021
125.706  2.0249e-021
126.728  2.03564e-021
127.75  2.04648e-021
128.772  2.0574e-021
129.794  2.06841e-021
130.816  2.0795e-021
131.838  2.09066e-021
132.86  2.10189e-021
133.882  2.11318e-021
134.904  2.12453e-021
135.926  2.13593e-021
136.948  2.14738e-021
137.97  2.15886e-021
138.992  2.17039e-021
140.014  2.18194e-021
141.036  2.19352e-021
142.058  2.20512e-021
143.08  2.21674e-021
144.102  2.22836e-021
145.124  2.23998e-021
146.146  2.2516e-021
147.168  2.26322e-021
148.19  2.27482e-021
149.212  2.2864e-021
150.234  2.29795e-021
151.256  2.30947e-021
152.278  2.32096e-021
153.3  2.33241e-021
154.322  2.3438e-021
155.344  2.35515e-021
156.366  2.36643e-021
157.388  2.37765e-021
158.41  2.38879e-021
159.432  2.39986e-021
160.454  2.41085e-021
161.476  2.42174e-021
162.498  2.43254e-021
163.52  2.44324e-021
164.542  2.45383e-021
165.564  2.4643e-021
166.586  2.47466e-021
167.608  2.48489e-021
168.63  2.49498e-021
169.652  2.50494e-021
170.674  2.51474e-021
171.696  2.5244e-021
172.718  2.5339e-021
173.74  2.54323e-021
174.762  2.55239e-021
175.784  2.56137e-021
176.806  2.57016e-021
177.828  2.57876e-021
178.85  2.58717e-021
179.872  2.59536e-021
180.894  2.60334e-021
181.916  2.61111e-021
182.938  2.61864e-021
183.96  2.62594e-021
184.982  2.633e-021
186.004  2.63981e-021
187.026  2.64637e-021
188.048  2.65266e-021
189.07  2.65868e-021
190.092  2.66443e-021
191.114  2.66988e-021
192.136  2.67505e-021
193.158  2.67992e-021
194.18  2.68448e-021
195.202  2.68872e-021
196.224  2.69264e-021
197.246  2.69623e-021
198.268  2.69949e-021
199.29  2.7024e-021
200.312  2.70495e-021
201.334  2.70715e-021
202.356  2.70898e-021
203.378  2.71043e-021
204.4  2.7115e-021
205.422  2.71217e-021
206.444  2.71245e-021
207.466  2.71232e-021
208.488  2.71178e-021
209.51  2.71081e-021
210.532  2.70942e-021
211.554  2.70759e-021
212.576  2.70531e-021
213.598  2.70258e-021
214.62  2.69939e-021
215.642  2.69574e-021
216.664  2.6916e-021
217.686  2.68699e-021
218.708  2.68189e-021
219.73  2.67628e-021
220.752  2.67018e-021
221.774  2.66356e-021
222.796  2.65643e-021
223.818  2.64877e-021
224.84  2.64058e-021
225.862  2.63185e-021
226.884  2.62257e-021
227.906  2.61275e-021
228.928  2.60236e-021
229.95  2.59142e-021
230.972  2.5799e-021
231.994  2.5678e-021
233.016  2.55513e-021
234.038  2.54187e-021
235.06  2.52801e-021
236.082  2.51356e-021
237.104  2.49851e-021
238.126  2.48285e-021
239.148  2.46659e-021
240.17  2.44971e-021
241.192  2.43221e-021
242.214  2.41409e-021
243.236  2.39534e-021
244.258  2.37597e-021
245.28  2.35597e-021
246.302  2.33534e-021
247.324  2.31408e-021
248.346  2.29219e-021
249.368  2.26966e-021
250.39  2.2465e-021
251.412  2.2227e-021
252.434  2.19827e-021
253.456  2.17321e-021
254.478  2.14752e-021
255.5  2.1212e-021
256.522  2.09426e-021
257.544  2.06669e-021
258.566  2.03851e-021
259.588  2.00972e-021
260.61  1.98032e-021
261.632  1.95032e-021
262.654  1.91973e-021
263.676  1.88855e-021
264.698  1.8568e-021
265.72  1.82448e-021
266.742  1.79161e-021
267.764  1.75818e-021
268.786  1.72423e-021
269.808  1.68975e-021
270.83  1.65477e-021
271.852  1.6193e-021
272.874  1.58335e-021
273.896  1.54694e-021
274.918  1.5101e-021
275.94  1.47283e-021
276.962  1.43517e-021
277.984  1.39713e-021
279.006  1.35874e-021
280.028  1.32002e-021
281.05  1.28099e-021
282.072  1.2417e-021
283.094  1.20215e-021
284.116  1.16239e-021
285.138  1.12245e-021
286.16  1.08236e-021
287.182  1.04216e-021
288.204  1.00188e-021
289.226  9.6157e-022
290.248  9.2126e-022
291.27  8.80998e-022
292.292  8.40828e-022
293.314  8.00797e-022
294.336  7.60955e-022
295.358  7.21352e-022
296.38  6.82043e-022
297.402  6.43082e-022
298.424  6.04528e-022
299.446  5.66441e-022
300.468  5.28885e-022
301.49  4.91925e-022
302.512  4.55629e-022
303.534  4.20068e-022
304.556  3.85317e-022
305.578  3.5145e-022
306.6  3.18549e-022
307.622  2.86696e-022
308.644  2.55976e-022
309.666  2.26478e-022
310.688  1.98296e-022
311.71  1.71523e-022
312.732  1.4626e-022
313.754  1.22609e-022
314.776  1.00675e-022
315.798  8.05705e-023
316.82  6.24075e-023
317.842  4.63042e-023
318.864  3.23822e-023
319.886  2.07672e-023
320.908  1.15889e-023
321.93  4.98109e-024
322.952  1.08131e-024
