1.022  1.90467e-021
2.044  1.95376e-021
3.066  2.00292e-021
4.088  2.05216e-021
5.11  2.10147e-021
6.132  2.15084e-021
7.154  2.20027e-021
8.176  2.24975e-021
9.198  2.29927e-021
10.22  2.34884e-021
11.242  2.39844e-021
12.264  2.44807e-021
13.286  2.49773e-021
14.308  2.54742e-021
15.33  2.59713e-021
16.352  2.64687e-021
17.374  2.69663e-021
18.396  2.7464e-021
19.418  2.7962e-021
20.44  2.84601e-021
21.462  2.89583e-021
22.484  2.94567e-021
23.506  2.99551e-021
24.528  3.04536e-021
25.55  3.09522e-021
26.572  3.14508e-021
27.594  3.19493e-021
28.616  3.24479e-021
29.638  3.29464e-021
30.66  3.34448e-021
31.682  3.39431e-021
32.704  3.44412e-021
33.726  3.49391e-021
34.748  3.54369e-021
35.77  3.59343e-021
36.792  3.64315e-021
37.814  3.69284e-021
38.836  3.74249e-021
39.858  3.7921e-021
40.88  3.84167e-021
41.902  3.89119e-021
42.924  3.94066e-021
43.946  3.99007e-021
44.968  4.03942e-021
45.99  4.08872e-021
47.012  4.13794e-021
48.034  4.1871e-021
49.056  4.23618e-021
50.078  4.28518e-021
51.1  4.33409e-021
52.122  4.38292e-021
53.144  4.43166e-021
54.166  4.4803e-021
55.188  4.52884e-021
56.21  4.57728e-021
57.232  4.62561e-021
58.254  4.67383e-021
59.276  4.72193e-021
60.298  4.7699e-021
61.32  4.81776e-021
62.342  4.86548e-021
63.364  4.91307e-021
64.386  4.96052e-021
65.408  5.00783e-021
66.43  5.05499e-021
67.452  5.102e-021
68.474  5.14886e-021
69.496  5.19556e-021
70.518  5.24209e-021
71.54  5.28846e-021
72.562  5.33466e-021
73.584  5.38067e-021
74.606  5.42651e-021
75.628  5.47217e-021
76.65  5.51764e-021
77.672  5.56291e-021
78.694  5.60799e-021
79.716  5.65286e-021
80.738  5.69754e-021
81.76  5.742e-021
82.782  5.78625e-021
83.804  5.83029e-021
84.826  5.8741e-021
85.848  5.91769e-021
86.87  5.96104e-021
87.892  6.00417e-021
88.914  6.04706e-021
89.936  6.08971e-021
90.958  6.13211e-021
91.98  6.17426e-021
93.002  6.21616e-021
94.024  6.25781e-021
95.046  6.29919e-021
96.068  6.34031e-021
97.09  6.38116e-021
98.112  6.42173e-021
99.134  6.46203e-021
100.156  6.50205e-021
101.178  6.54179e-021
102.2  6.58123e-021
103.222  6.62039e-021
104.244  6.65924e-021
105.266  6.6978e-021
106.288  6.73605e-021
107.31  6.774e-021
108.332  6.81163e-021
109.354  6.84895e-021
110.376  6.88594e-021
111.398  6.92261e-021
112.42  6.95896e-021
113.442  6.99497e-021
114.464  7.03064e-021
115.486  7.06597e-021
116.508  7.10096e-021
117.53  7.1356e-021
118.552  7.16989e-021
119.574  7.20382e-021
120.596  7.23739e-021
121.618  7.27059e-021
122.64  7.30342e-021
123.662  7.33588e-021
124.684  7.36796e-021
125.706  7.39966e-021
126.728  7.43097e-021
127.75  7.46188e-021
128.772  7.4924e-021
129.794  7.52252e-021
130.816  7.55224e-021
131.838  7.58154e-021
132.86  7.61043e-021
133.882  7.63889e-021
134.904  7.66693e-021
135.926  7.69455e-021
136.948  7.72172e-021
137.97  7.74846e-021
138.992  7.77475e-021
140.014  7.80059e-021
141.036  7.82598e-021
142.058  7.8509e-021
143.08  7.87536e-021
144.102  7.89934e-021
145.124  7.92285e-021
146.146  7.94587e-021
147.168  7.9684e-021
148.19  7.99044e-021
149.212  8.01198e-021
150.234  8.033e-021
151.256  8.05352e-021
152.278  8.07351e-021
153.3  8.09298e-021
154.322  8.11191e-021
155.344  8.1303e-021
156.366  8.14815e-021
157.388  8.16544e-021
158.41  8.18217e-021
159.432  8.19834e-021
160.454  8.21393e-021
161.476  8.22893e-021
162.498  8.24335e-021
163.52  8.25717e-021
164.542  8.27038e-021
165.564  8.28298e-021
166.586  8.29496e-021
167.608  8.3063e-021
168.63  8.31701e-021
169.652  8.32708e-021
170.674  8.33649e-021
171.696  8.34523e-021
172.718  8.3533e-021
173.74  8.36069e-021
174.762  8.36739e-021
175.784  8.37339e-021
176.806  8.37868e-021
177.828  8.38326e-021
178.85  8.3871e-021
179.872  8.3902e-021
180.894  8.39256e-021
181.916  8.39415e-021
182.938  8.39498e-021
183.96  8.39503e-021
184.982  8.39429e-021
186.004  8.39275e-021
187.026  8.39039e-021
188.048  8.38722e-021
189.07  8.38321e-021
190.092  8.37836e-021
191.114  8.37265e-021
192.136  8.36607e-021
193.158  8.35861e-021
194.18  8.35027e-021
195.202  8.34102e-021
196.224  8.33086e-021
197.246  8.31977e-021
198.268  8.30774e-021
199.29  8.29476e-021
200.312  8.28082e-021
201.334  8.26591e-021
202.356  8.25001e-021
203.378  8.2331e-021
204.4  8.21519e-021
205.422  8.19625e-021
206.444  8.17628e-021
207.466  8.15525e-021
208.488  8.13316e-021
209.51  8.11e-021
210.532  8.08575e-021
211.554  8.0604e-021
212.576  8.03393e-021
213.598  8.00634e-021
214.62  7.97762e-021
215.642  7.94774e-021
216.664  7.9167e-021
217.686  7.88448e-021
218.708  7.85108e-021
219.73  7.81648e-021
220.752  7.78067e-021
221.774  7.74363e-021
222.796  7.70536e-021
223.818  7.66585e-021
224.84  7.62508e-021
225.862  7.58304e-021
226.884  7.53973e-021
227.906  7.49512e-021
228.928  7.44922e-021
229.95  7.40201e-021
230.972  7.35349e-021
231.994  7.30363e-021
233.016  7.25244e-021
234.038  7.19991e-021
235.06  7.14603e-021
236.082  7.0908e-021
237.104  7.03419e-021
238.126  6.97622e-021
239.148  6.91687e-021
240.17  6.85615e-021
241.192  6.79403e-021
242.214  6.73053e-021
243.236  6.66564e-021
244.258  6.59936e-021
245.28  6.53168e-021
246.302  6.46261e-021
247.324  6.39215e-021
248.346  6.3203e-021
249.368  6.24706e-021
250.39  6.17243e-021
251.412  6.09642e-021
252.434  6.01904e-021
253.456  5.94029e-021
254.478  5.86018e-021
255.5  5.77872e-021
256.522  5.69593e-021
257.544  5.61181e-021
258.566  5.52638e-021
259.588  5.43965e-021
260.61  5.35164e-021
261.632  5.26237e-021
262.654  5.17187e-021
263.676  5.08014e-021
264.698  4.98723e-021
265.72  4.89315e-021
266.742  4.79792e-021
267.764  4.7016e-021
268.786  4.60419e-021
269.808  4.50575e-021
270.83  4.4063e-021
271.852  4.30589e-021
272.874  4.20455e-021
273.896  4.10234e-021
274.918  3.99931e-021
275.94  3.89549e-021
276.962  3.79095e-021
277.984  3.68574e-021
279.006  3.57992e-021
280.028  3.47355e-021
281.05  3.3667e-021
282.072  3.25944e-021
283.094  3.15184e-021
284.116  3.04399e-021
285.138  2.93595e-021
286.16  2.82781e-021
287.182  2.71967e-021
288.204  2.61161e-021
289.226  2.50373e-021
290.248  2.39614e-021
291.27  2.28894e-021
292.292  2.18223e-021
293.314  2.07615e-021
294.336  1.9708e-021
295.358  1.86631e-021
296.38  1.76282e-021
297.402  1.66045e-021
298.424  1.55937e-021
299.446  1.4597e-021
300.468  1.36161e-021
301.49  1.26525e-021
302.512  1.1708e-021
303.534  1.07843e-021
304.556  9.88312e-022
305.578  9.00637e-022
306.6  8.15601e-022
307.622  7.33403e-022
308.644  6.54253e-022
309.666  5.78368e-022
310.688  5.05972e-022
311.71  4.37297e-022
312.732  3.72584e-022
313.754  3.12083e-022
314.776  2.56052e-022
315.798  2.04758e-022
316.82  1.58477e-022
317.842  1.17495e-022
318.864  8.21066e-023
319.886  5.26171e-023
320.908  2.9341e-023
321.93  1.26021e-023
322.952  2.73375e-024
