1.022  2.09159e-021
2.044  2.14386e-021
3.066  2.19617e-021
4.088  2.24853e-021
5.11  2.30092e-021
6.132  2.35334e-021
7.154  2.40578e-021
8.176  2.45823e-021
9.198  2.5107e-021
10.22  2.56317e-021
11.242  2.61565e-021
12.264  2.66813e-021
13.286  2.7206e-021
14.308  2.77307e-021
15.33  2.82553e-021
16.352  2.87798e-021
17.374  2.93042e-021
18.396  2.98285e-021
19.418  3.03527e-021
20.44  3.08767e-021
21.462  3.14006e-021
22.484  3.19243e-021
23.506  3.24478e-021
24.528  3.29711e-021
25.55  3.34941e-021
26.572  3.40169e-021
27.594  3.45395e-021
28.616  3.50617e-021
29.638  3.55836e-021
30.66  3.61051e-021
31.682  3.66263e-021
32.704  3.71471e-021
33.726  3.76674e-021
34.748  3.81872e-021
35.77  3.87065e-021
36.792  3.92253e-021
37.814  3.97435e-021
38.836  4.02612e-021
39.858  4.07781e-021
40.88  4.12944e-021
41.902  4.181e-021
42.924  4.23248e-021
43.946  4.28389e-021
44.968  4.33521e-021
45.99  4.38645e-021
47.012  4.43759e-021
48.034  4.48864e-021
49.056  4.53959e-021
50.078  4.59044e-021
51.1  4.64118e-021
52.122  4.69182e-021
53.144  4.74233e-021
54.166  4.79273e-021
55.188  4.84301e-021
56.21  4.89316e-021
57.232  4.94318e-021
58.254  4.99306e-021
59.276  5.0428e-021
60.298  5.0924e-021
61.32  5.14185e-021
62.342  5.19116e-021
63.364  5.2403e-021
64.386  5.28928e-021
65.408  5.33811e-021
66.43  5.38676e-021
67.452  5.43524e-021
68.474  5.48354e-021
69.496  5.53166e-021
70.518  5.5796e-021
71.54  5.62734e-021
72.562  5.6749e-021
73.584  5.72225e-021
74.606  5.76941e-021
75.628  5.81636e-021
76.65  5.8631e-021
77.672  5.90962e-021
78.694  5.95593e-021
79.716  6.00202e-021
80.738  6.04787e-021
81.76  6.0935e-021
82.782  6.1389e-021
83.804  6.18406e-021
84.826  6.22897e-021
85.848  6.27364e-021
86.87  6.31806e-021
87.892  6.36222e-021
88.914  6.40613e-021
89.936  6.44977e-021
90.958  6.49315e-021
91.98  6.53626e-021
93.002  6.5791e-021
94.024  6.62165e-021
95.046  6.66393e-021
96.068  6.70592e-021
97.09  6.74762e-021
98.112  6.78902e-021
99.134  6.83013e-021
100.156  6.87094e-021
101.178  6.91144e-021
102.2  6.95163e-021
103.222  6.99151e-021
104.244  7.03107e-021
105.266  7.07031e-021
106.288  7.10923e-021
107.31  7.14782e-021
108.332  7.18607e-021
109.354  7.22399e-021
110.376  7.26156e-021
111.398  7.2988e-021
112.42  7.33568e-021
113.442  7.37221e-021
114.464  7.40838e-021
115.486  7.44419e-021
116.508  7.47964e-021
117.53  7.51471e-021
118.552  7.54941e-021
119.574  7.58374e-021
120.596  7.61768e-021
121.618  7.65124e-021
122.64  7.6844e-021
123.662  7.71717e-021
124.684  7.74955e-021
125.706  7.78151e-021
126.728  7.81307e-021
127.75  7.84422e-021
128.772  7.87495e-021
129.794  7.90526e-021
130.816  7.93514e-021
131.838  7.96459e-021
132.86  7.9936e-021
133.882  8.02218e-021
134.904  8.0503e-021
135.926  8.07798e-021
136.948  8.1052e-021
137.97  8.13196e-021
138.992  8.15825e-021
140.014  8.18408e-021
141.036  8.20942e-021
142.058  8.23428e-021
143.08  8.25866e-021
144.102  8.28254e-021
145.124  8.30592e-021
146.146  8.3288e-021
147.168  8.35116e-021
148.19  8.37301e-021
149.212  8.39434e-021
150.234  8.41513e-021
151.256  8.4354e-021
152.278  8.45512e-021
153.3  8.47429e-021
154.322  8.4929e-021
155.344  8.51096e-021
156.366  8.52844e-021
157.388  8.54535e-021
158.41  8.56168e-021
159.432  8.57741e-021
160.454  8.59255e-021
161.476  8.60709e-021
162.498  8.62101e-021
163.52  8.63431e-021
164.542  8.64698e-021
165.564  8.65902e-021
166.586  8.67041e-021
167.608  8.68115e-021
168.63  8.69123e-021
169.652  8.70064e-021
170.674  8.70937e-021
171.696  8.71742e-021
172.718  8.72476e-021
173.74  8.73141e-021
174.762  8.73733e-021
175.784  8.74254e-021
176.806  8.747e-021
177.828  8.75073e-021
178.85  8.7537e-021
179.872  8.75591e-021
180.894  8.75734e-021
181.916  8.758e-021
182.938  8.75785e-021
183.96  8.7569e-021
184.982  8.75514e-021
186.004  8.75255e-021
187.026  8.74912e-021
188.048  8.74484e-021
189.07  8.7397e-021
190.092  8.73369e-021
191.114  8.7268e-021
192.136  8.71902e-021
193.158  8.71032e-021
194.18  8.70071e-021
195.202  8.69017e-021
196.224  8.67868e-021
197.246  8.66624e-021
198.268  8.65284e-021
199.29  8.63845e-021
200.312  8.62307e-021
201.334  8.60669e-021
202.356  8.58929e-021
203.378  8.57086e-021
204.4  8.55139e-021
205.422  8.53086e-021
206.444  8.50926e-021
207.466  8.48658e-021
208.488  8.46281e-021
209.51  8.43793e-021
210.532  8.41193e-021
211.554  8.3848e-021
212.576  8.35653e-021
213.598  8.32709e-021
214.62  8.29648e-021
215.642  8.26469e-021
216.664  8.23171e-021
217.686  8.19751e-021
218.708  8.16209e-021
219.73  8.12544e-021
220.752  8.08755e-021
221.774  8.04839e-021
222.796  8.00797e-021
223.818  7.96626e-021
224.84  7.92326e-021
225.862  7.87896e-021
226.884  7.83335e-021
227.906  7.78641e-021
228.928  7.73813e-021
229.95  7.68851e-021
230.972  7.63754e-021
231.994  7.5852e-021
233.016  7.53149e-021
234.038  7.47639e-021
235.06  7.41991e-021
236.082  7.36204e-021
237.104  7.30276e-021
238.126  7.24208e-021
239.148  7.17998e-021
240.17  7.11646e-021
241.192  7.05152e-021
242.214  6.98515e-021
243.236  6.91735e-021
244.258  6.84813e-021
245.28  6.77747e-021
246.302  6.70538e-021
247.324  6.63185e-021
248.346  6.5569e-021
249.368  6.48052e-021
250.39  6.40272e-021
251.412  6.3235e-021
252.434  6.24287e-021
253.456  6.16084e-021
254.478  6.07741e-021
255.5  5.9926e-021
256.522  5.90641e-021
257.544  5.81886e-021
258.566  5.72996e-021
259.588  5.63974e-021
260.61  5.5482e-021
261.632  5.45537e-021
262.654  5.36127e-021
263.676  5.26592e-021
264.698  5.16935e-021
265.72  5.07158e-021
266.742  4.97264e-021
267.764  4.87257e-021
268.786  4.77139e-021
269.808  4.66916e-021
270.83  4.56589e-021
271.852  4.46164e-021
272.874  4.35644e-021
273.896  4.25035e-021
274.918  4.14342e-021
275.94  4.03568e-021
276.962  3.92721e-021
277.984  3.81806e-021
279.006  3.70829e-021
280.028  3.59796e-021
281.05  3.48714e-021
282.072  3.37591e-021
283.094  3.26435e-021
284.116  3.15252e-021
285.138  3.04051e-021
286.16  2.92841e-021
287.182  2.81632e-021
288.204  2.70432e-021
289.226  2.59252e-021
290.248  2.48103e-021
291.27  2.36995e-021
292.292  2.25939e-021
293.314  2.14948e-021
294.336  2.04034e-021
295.358  1.9321e-021
296.38  1.8249e-021
297.402  1.71888e-021
298.424  1.61419e-021
299.446  1.51097e-021
300.468  1.40939e-021
301.49  1.30962e-021
302.512  1.21182e-021
303.534  1.11618e-021
304.556  1.02288e-021
305.578  9.3211e-022
306.6  8.44079e-022
307.622  7.58991e-022
308.644  6.77062e-022
309.666  5.98516e-022
310.688  5.23584e-022
311.71  4.52507e-022
312.732  3.85534e-022
313.754  3.22923e-022
314.776  2.64939e-022
315.798  2.1186e-022
316.82  1.6397e-022
317.842  1.21564e-022
318.864  8.49486e-023
319.886  5.44372e-023
320.908  3.03552e-023
321.93  1.30375e-023
322.952  2.82813e-024
