1.022  4.39543e-021
2.044  4.46825e-021
3.066  4.54088e-021
4.088  4.61332e-021
5.11  4.68557e-021
6.132  4.75761e-021
7.154  4.82945e-021
8.176  4.90106e-021
9.198  4.97246e-021
10.22  5.04364e-021
11.242  5.11458e-021
12.264  5.18531e-021
13.286  5.2558e-021
14.308  5.32607e-021
15.33  5.39612e-021
16.352  5.46595e-021
17.374  5.53556e-021
18.396  5.60495e-021
19.418  5.67413e-021
20.44  5.74309e-021
21.462  5.81185e-021
22.484  5.88039e-021
23.506  5.94873e-021
24.528  6.01686e-021
25.55  6.08478e-021
26.572  6.15249e-021
27.594  6.22e-021
28.616  6.2873e-021
29.638  6.35439e-021
30.66  6.42127e-021
31.682  6.48795e-021
32.704  6.5544e-021
33.726  6.62065e-021
34.748  6.68668e-021
35.77  6.75249e-021
36.792  6.81808e-021
37.814  6.88345e-021
38.836  6.9486e-021
39.858  7.01351e-021
40.88  7.0782e-021
41.902  7.14265e-021
42.924  7.20687e-021
43.946  7.27085e-021
44.968  7.33458e-021
45.99  7.39807e-021
47.012  7.4613e-021
48.034  7.52429e-021
49.056  7.58702e-021
50.078  7.64948e-021
51.1  7.71169e-021
52.122  7.77362e-021
53.144  7.83528e-021
54.166  7.89667e-021
55.188  7.95778e-021
56.21  8.0186e-021
57.232  8.07914e-021
58.254  8.13939e-021
59.276  8.19934e-021
60.298  8.25899e-021
61.32  8.31834e-021
62.342  8.37738e-021
63.364  8.4361e-021
64.386  8.49452e-021
65.408  8.55261e-021
66.43  8.61038e-021
67.452  8.66782e-021
68.474  8.72493e-021
69.496  8.7817e-021
70.518  8.83813e-021
71.54  8.89422e-021
72.562  8.94996e-021
73.584  9.00534e-021
74.606  9.06037e-021
75.628  9.11504e-021
76.65  9.16934e-021
77.672  9.22327e-021
78.694  9.27683e-021
79.716  9.33002e-021
80.738  9.38282e-021
81.76  9.43523e-021
82.782  9.48726e-021
83.804  9.53889e-021
84.826  9.59013e-021
85.848  9.64096e-021
86.87  9.69139e-021
87.892  9.7414e-021
88.914  9.79101e-021
89.936  9.84019e-021
90.958  9.88895e-021
91.98  9.93729e-021
93.002  9.9852e-021
94.024  1.00327e-020
95.046  1.00797e-020
96.068  1.01263e-020
97.09  1.01724e-020
98.112  1.02181e-020
99.134  1.02634e-020
100.156  1.03082e-020
101.178  1.03525e-020
102.2  1.03963e-020
103.222  1.04397e-020
104.244  1.04826e-020
105.266  1.05251e-020
106.288  1.0567e-020
107.31  1.06085e-020
108.332  1.06495e-020
109.354  1.069e-020
110.376  1.07299e-020
111.398  1.07694e-020
112.42  1.08084e-020
113.442  1.08469e-020
114.464  1.08848e-020
115.486  1.09222e-020
116.508  1.09591e-020
117.53  1.09955e-020
118.552  1.10313e-020
119.574  1.10667e-020
120.596  1.11014e-020
121.618  1.11356e-020
122.64  1.11693e-020
123.662  1.12024e-020
124.684  1.1235e-020
125.706  1.1267e-020
126.728  1.12984e-020
127.75  1.13292e-020
128.772  1.13595e-020
129.794  1.13892e-020
130.816  1.14183e-020
131.838  1.14468e-020
132.86  1.14747e-020
133.882  1.1502e-020
134.904  1.15287e-020
135.926  1.15548e-020
136.948  1.15803e-020
137.97  1.16051e-020
138.992  1.16293e-020
140.014  1.16529e-020
141.036  1.16759e-020
142.058  1.16981e-020
143.08  1.17198e-020
144.102  1.17407e-020
145.124  1.1761e-020
146.146  1.17807e-020
147.168  1.17996e-020
148.19  1.18179e-020
149.212  1.18355e-020
150.234  1.18524e-020
151.256  1.18685e-020
152.278  1.1884e-020
153.3  1.18987e-020
154.322  1.19127e-020
155.344  1.1926e-020
156.366  1.19386e-020
157.388  1.19503e-020
158.41  1.19614e-020
159.432  1.19716e-020
160.454  1.19811e-020
161.476  1.19898e-020
162.498  1.19977e-020
163.52  1.20048e-020
164.542  1.20111e-020
165.564  1.20166e-020
166.586  1.20212e-020
167.608  1.20251e-020
168.63  1.2028e-020
169.652  1.20301e-020
170.674  1.20314e-020
171.696  1.20317e-020
172.718  1.20312e-020
173.74  1.20298e-020
174.762  1.20275e-020
175.784  1.20242e-020
176.806  1.20201e-020
177.828  1.20149e-020
178.85  1.20089e-020
179.872  1.20018e-020
180.894  1.19938e-020
181.916  1.19848e-020
182.938  1.19748e-020
183.96  1.19638e-020
184.982  1.19518e-020
186.004  1.19387e-020
187.026  1.19245e-020
188.048  1.19093e-020
189.07  1.18931e-020
190.092  1.18757e-020
191.114  1.18572e-020
192.136  1.18377e-020
193.158  1.18169e-020
194.18  1.17951e-020
195.202  1.17721e-020
196.224  1.17479e-020
197.246  1.17225e-020
198.268  1.16959e-020
199.29  1.16681e-020
200.312  1.1639e-020
201.334  1.16087e-020
202.356  1.15772e-020
203.378  1.15444e-020
204.4  1.15102e-020
205.422  1.14748e-020
206.444  1.14381e-020
207.466  1.14e-020
208.488  1.13605e-020
209.51  1.13197e-020
210.532  1.12775e-020
211.554  1.12339e-020
212.576  1.11889e-020
213.598  1.11425e-020
214.62  1.10946e-020
215.642  1.10452e-020
216.664  1.09944e-020
217.686  1.09421e-020
218.708  1.08883e-020
219.73  1.08329e-020
220.752  1.0776e-020
221.774  1.07176e-020
222.796  1.06576e-020
223.818  1.05961e-020
224.84  1.05329e-020
225.862  1.04682e-020
226.884  1.04018e-020
227.906  1.03338e-020
228.928  1.02641e-020
229.95  1.01928e-020
230.972  1.01199e-020
231.994  1.00453e-020
233.016  9.96894e-021
234.038  9.89093e-021
235.06  9.81122e-021
236.082  9.7298e-021
237.104  9.64665e-021
238.126  9.56178e-021
239.148  9.47518e-021
240.17  9.38684e-021
241.192  9.29676e-021
242.214  9.20494e-021
243.236  9.11136e-021
244.258  9.01604e-021
245.28  8.91896e-021
246.302  8.82013e-021
247.324  8.71956e-021
248.346  8.61724e-021
249.368  8.51318e-021
250.39  8.40738e-021
251.412  8.29985e-021
252.434  8.19061e-021
253.456  8.07965e-021
254.478  7.967e-021
255.5  7.85266e-021
256.522  7.73665e-021
257.544  7.61899e-021
258.566  7.4997e-021
259.588  7.37879e-021
260.61  7.25629e-021
261.632  7.13223e-021
262.654  7.00664e-021
263.676  6.87953e-021
264.698  6.75096e-021
265.72  6.62094e-021
266.742  6.48952e-021
267.764  6.35674e-021
268.786  6.22265e-021
269.808  6.08728e-021
270.83  5.9507e-021
271.852  5.81294e-021
272.874  5.67407e-021
273.896  5.53415e-021
274.918  5.39323e-021
275.94  5.25139e-021
276.962  5.1087e-021
277.984  4.96523e-021
279.006  4.82106e-021
280.028  4.67628e-021
281.05  4.53096e-021
282.072  4.3852e-021
283.094  4.23911e-021
284.116  4.09277e-021
285.138  3.9463e-021
286.16  3.7998e-021
287.182  3.6534e-021
288.204  3.50722e-021
289.226  3.36138e-021
290.248  3.21602e-021
291.27  3.07127e-021
292.292  2.9273e-021
293.314  2.78423e-021
294.336  2.64225e-021
295.358  2.50151e-021
296.38  2.36218e-021
297.402  2.22445e-021
298.424  2.08851e-021
299.446  1.95454e-021
300.468  1.82275e-021
301.49  1.69336e-021
302.512  1.56659e-021
303.534  1.44265e-021
304.556  1.3218e-021
305.578  1.20427e-021
306.6  1.09033e-021
307.622  9.80234e-022
308.644  8.74261e-022
309.666  7.72697e-022
310.688  6.75837e-022
311.71  5.83989e-022
312.732  4.9747e-022
313.754  4.16609e-022
314.776  3.41746e-022
315.798  2.73234e-022
316.82  2.11436e-022
317.842  1.5673e-022
318.864  1.09505e-022
319.886  7.01631e-023
320.908  3.91184e-023
321.93  1.67988e-023
322.952  3.64352e-024
