1.022  1.18859e-020
2.044  1.19735e-020
3.066  1.20608e-020
4.088  1.21477e-020
5.11  1.22342e-020
6.132  1.23203e-020
7.154  1.2406e-020
8.176  1.24912e-020
9.198  1.25759e-020
10.22  1.26602e-020
11.242  1.2744e-020
12.264  1.28274e-020
13.286  1.29104e-020
14.308  1.29929e-020
15.33  1.30749e-020
16.352  1.31566e-020
17.374  1.32378e-020
18.396  1.33187e-020
19.418  1.33991e-020
20.44  1.34792e-020
21.462  1.35588e-020
22.484  1.36381e-020
23.506  1.37171e-020
24.528  1.37957e-020
25.55  1.38739e-020
26.572  1.39517e-020
27.594  1.40292e-020
28.616  1.41064e-020
29.638  1.41832e-020
30.66  1.42596e-020
31.682  1.43357e-020
32.704  1.44114e-020
33.726  1.44868e-020
34.748  1.45618e-020
35.77  1.46365e-020
36.792  1.47108e-020
37.814  1.47847e-020
38.836  1.48583e-020
39.858  1.49314e-020
40.88  1.50043e-020
41.902  1.50767e-020
42.924  1.51487e-020
43.946  1.52204e-020
44.968  1.52917e-020
45.99  1.53625e-020
47.012  1.5433e-020
48.034  1.5503e-020
49.056  1.55727e-020
50.078  1.56419e-020
51.1  1.57107e-020
52.122  1.57791e-020
53.144  1.5847e-020
54.166  1.59145e-020
55.188  1.59815e-020
56.21  1.60481e-020
57.232  1.61143e-020
58.254  1.61799e-020
59.276  1.62451e-020
60.298  1.63099e-020
61.32  1.63741e-020
62.342  1.64379e-020
63.364  1.65012e-020
64.386  1.65639e-020
65.408  1.66262e-020
66.43  1.66879e-020
67.452  1.67492e-020
68.474  1.68099e-020
69.496  1.68701e-020
70.518  1.69298e-020
71.54  1.69889e-020
72.562  1.70474e-020
73.584  1.71055e-020
74.606  1.71629e-020
75.628  1.72199e-020
76.65  1.72762e-020
77.672  1.7332e-020
78.694  1.73872e-020
79.716  1.74418e-020
80.738  1.74958e-020
81.76  1.75492e-020
82.782  1.7602e-020
83.804  1.76542e-020
84.826  1.77059e-020
85.848  1.77568e-020
86.87  1.78072e-020
87.892  1.7857e-020
88.914  1.79061e-020
89.936  1.79545e-020
90.958  1.80024e-020
91.98  1.80495e-020
93.002  1.80961e-020
94.024  1.81419e-020
95.046  1.81871e-020
96.068  1.82317e-020
97.09  1.82755e-020
98.112  1.83187e-020
99.134  1.83612e-020
100.156  1.8403e-020
101.178  1.84441e-020
102.2  1.84845e-020
103.222  1.85242e-020
104.244  1.85632e-020
105.266  1.86015e-020
106.288  1.8639e-020
107.31  1.86758e-020
108.332  1.87119e-020
109.354  1.87473e-020
110.376  1.87819e-020
111.398  1.88158e-020
112.42  1.88489e-020
113.442  1.88812e-020
114.464  1.89128e-020
115.486  1.89437e-020
116.508  1.89737e-020
117.53  1.9003e-020
118.552  1.90315e-020
119.574  1.90592e-020
120.596  1.90861e-020
121.618  1.91122e-020
122.64  1.91375e-020
123.662  1.9162e-020
124.684  1.91857e-020
125.706  1.92085e-020
126.728  1.92305e-020
127.75  1.92517e-020
128.772  1.92721e-020
129.794  1.92916e-020
130.816  1.93102e-020
131.838  1.9328e-020
132.86  1.9345e-020
133.882  1.9361e-020
134.904  1.93762e-020
135.926  1.93905e-020
136.948  1.94039e-020
137.97  1.94164e-020
138.992  1.9428e-020
140.014  1.94387e-020
141.036  1.94485e-020
142.058  1.94573e-020
143.08  1.94652e-020
144.102  1.94722e-020
145.124  1.94782e-020
146.146  1.94833e-020
147.168  1.94874e-020
148.19  1.94905e-020
149.212  1.94927e-020
150.234  1.94938e-020
151.256  1.9494e-020
152.278  1.94932e-020
153.3  1.94913e-020
154.322  1.94884e-020
155.344  1.94845e-020
156.366  1.94795e-020
157.388  1.94735e-020
158.41  1.94665e-020
159.432  1.94583e-020
160.454  1.94491e-020
161.476  1.94387e-020
162.498  1.94273e-020
163.52  1.94148e-020
164.542  1.94011e-020
165.564  1.93863e-020
166.586  1.93703e-020
167.608  1.93532e-020
168.63  1.93349e-020
169.652  1.93154e-020
170.674  1.92947e-020
171.696  1.92728e-020
172.718  1.92496e-020
173.74  1.92253e-020
174.762  1.91996e-020
175.784  1.91727e-020
176.806  1.91446e-020
177.828  1.91151e-020
178.85  1.90843e-020
179.872  1.90522e-020
180.894  1.90187e-020
181.916  1.89839e-020
182.938  1.89477e-020
183.96  1.89102e-020
184.982  1.88712e-020
186.004  1.88308e-020
187.026  1.87889e-020
188.048  1.87457e-020
189.07  1.87009e-020
190.092  1.86546e-020
191.114  1.86069e-020
192.136  1.85576e-020
193.158  1.85067e-020
194.18  1.84543e-020
195.202  1.84004e-020
196.224  1.83448e-020
197.246  1.82876e-020
198.268  1.82288e-020
199.29  1.81683e-020
200.312  1.81061e-020
201.334  1.80422e-020
202.356  1.79767e-020
203.378  1.79093e-020
204.4  1.78403e-020
205.422  1.77694e-020
206.444  1.76968e-020
207.466  1.76223e-020
208.488  1.7546e-020
209.51  1.74678e-020
210.532  1.73878e-020
211.554  1.73059e-020
212.576  1.7222e-020
213.598  1.71362e-020
214.62  1.70485e-020
215.642  1.69587e-020
216.664  1.6867e-020
217.686  1.67732e-020
218.708  1.66775e-020
219.73  1.65796e-020
220.752  1.64797e-020
221.774  1.63777e-020
222.796  1.62735e-020
223.818  1.61672e-020
224.84  1.60588e-020
225.862  1.59482e-020
226.884  1.58354e-020
227.906  1.57205e-020
228.928  1.56033e-020
229.95  1.54838e-020
230.972  1.53622e-020
231.994  1.52382e-020
233.016  1.5112e-020
234.038  1.49835e-020
235.06  1.48527e-020
236.082  1.47195e-020
237.104  1.45841e-020
238.126  1.44463e-020
239.148  1.43062e-020
240.17  1.41638e-020
241.192  1.4019e-020
242.214  1.38718e-020
243.236  1.37223e-020
244.258  1.35704e-020
245.28  1.34162e-020
246.302  1.32596e-020
247.324  1.31007e-020
248.346  1.29394e-020
249.368  1.27757e-020
250.39  1.26098e-020
251.412  1.24415e-020
252.434  1.22709e-020
253.456  1.2098e-020
254.478  1.19229e-020
255.5  1.17455e-020
256.522  1.15659e-020
257.544  1.1384e-020
258.566  1.12e-020
259.588  1.10138e-020
260.61  1.08255e-020
261.632  1.06352e-020
262.654  1.04428e-020
263.676  1.02484e-020
264.698  1.00521e-020
265.72  9.85387e-021
266.742  9.6538e-021
267.764  9.45196e-021
268.786  9.2484e-021
269.808  9.0432e-021
270.83  8.83641e-021
271.852  8.62812e-021
272.874  8.41841e-021
273.896  8.20736e-021
274.918  7.99507e-021
275.94  7.78163e-021
276.962  7.56714e-021
277.984  7.35172e-021
279.006  7.13547e-021
280.028  6.91851e-021
281.05  6.70098e-021
282.072  6.483e-021
283.094  6.26471e-021
284.116  6.04625e-021
285.138  5.82779e-021
286.16  5.60949e-021
287.182  5.3915e-021
288.204  5.17401e-021
289.226  4.9572e-021
290.248  4.74127e-021
291.27  4.52641e-021
292.292  4.31284e-021
293.314  4.10078e-021
294.336  3.89046e-021
295.358  3.68211e-021
296.38  3.47599e-021
297.402  3.27236e-021
298.424  3.07148e-021
299.446  2.87365e-021
300.468  2.67915e-021
301.49  2.48828e-021
302.512  2.30137e-021
303.534  2.11875e-021
304.556  1.94075e-021
305.578  1.76774e-021
306.6  1.60008e-021
307.622  1.43816e-021
308.644  1.28237e-021
309.666  1.13312e-021
310.688  9.90851e-022
311.71  8.55995e-022
312.732  7.29013e-022
313.754  6.10381e-022
314.776  5.00589e-022
315.798  4.00147e-022
316.82  3.09581e-022
317.842  2.29435e-022
318.864  1.6027e-022
319.886  1.02669e-022
320.908  5.72307e-023
321.93  2.45722e-023
322.952  5.32851e-024
