1.022  2.47962e-020
2.044  2.487e-020
3.066  2.49435e-020
4.088  2.50167e-020
5.11  2.50895e-020
6.132  2.51619e-020
7.154  2.52339e-020
8.176  2.53055e-020
9.198  2.53766e-020
10.22  2.54473e-020
11.242  2.55175e-020
12.264  2.55872e-020
13.286  2.56565e-020
14.308  2.57254e-020
15.33  2.57938e-020
16.352  2.58619e-020
17.374  2.59296e-020
18.396  2.5997e-020
19.418  2.6064e-020
20.44  2.61306e-020
21.462  2.6197e-020
22.484  2.6263e-020
23.506  2.63288e-020
24.528  2.63942e-020
25.55  2.64594e-020
26.572  2.65243e-020
27.594  2.65889e-020
28.616  2.66533e-020
29.638  2.67173e-020
30.66  2.67811e-020
31.682  2.68446e-020
32.704  2.69078e-020
33.726  2.69707e-020
34.748  2.70334e-020
35.77  2.70957e-020
36.792  2.71577e-020
37.814  2.72194e-020
38.836  2.72808e-020
39.858  2.73419e-020
40.88  2.74026e-020
41.902  2.7463e-020
42.924  2.7523e-020
43.946  2.75827e-020
44.968  2.7642e-020
45.99  2.77009e-020
47.012  2.77594e-020
48.034  2.78175e-020
49.056  2.78752e-020
50.078  2.79325e-020
51.1  2.79894e-020
52.122  2.80458e-020
53.144  2.81018e-020
54.166  2.81572e-020
55.188  2.82123e-020
56.21  2.82668e-020
57.232  2.83208e-020
58.254  2.83744e-020
59.276  2.84274e-020
60.298  2.84799e-020
61.32  2.85319e-020
62.342  2.85833e-020
63.364  2.86341e-020
64.386  2.86844e-020
65.408  2.87341e-020
66.43  2.87833e-020
67.452  2.88318e-020
68.474  2.88797e-020
69.496  2.8927e-020
70.518  2.89737e-020
71.54  2.90197e-020
72.562  2.90651e-020
73.584  2.91099e-020
74.606  2.91539e-020
75.628  2.91973e-020
76.65  2.924e-020
77.672  2.92821e-020
78.694  2.93234e-020
79.716  2.9364e-020
80.738  2.94039e-020
81.76  2.9443e-020
82.782  2.94814e-020
83.804  2.95191e-020
84.826  2.9556e-020
85.848  2.95922e-020
86.87  2.96275e-020
87.892  2.96621e-020
88.914  2.96959e-020
89.936  2.97289e-020
90.958  2.97611e-020
91.98  2.97925e-020
93.002  2.98231e-020
94.024  2.98528e-020
95.046  2.98817e-020
96.068  2.99097e-020
97.09  2.99369e-020
98.112  2.99632e-020
99.134  2.99886e-020
100.156  3.00132e-020
101.178  3.00368e-020
102.2  3.00596e-020
103.222  3.00815e-020
104.244  3.01024e-020
105.266  3.01225e-020
106.288  3.01416e-020
107.31  3.01598e-020
108.332  3.0177e-020
109.354  3.01933e-020
110.376  3.02087e-020
111.398  3.0223e-020
112.42  3.02364e-020
113.442  3.02489e-020
114.464  3.02603e-020
115.486  3.02707e-020
116.508  3.02802e-020
117.53  3.02886e-020
118.552  3.0296e-020
119.574  3.03024e-020
120.596  3.03078e-020
121.618  3.03121e-020
122.64  3.03154e-020
123.662  3.03176e-020
124.684  3.03187e-020
125.706  3.03188e-020
126.728  3.03178e-020
127.75  3.03158e-020
128.772  3.03126e-020
129.794  3.03083e-020
130.816  3.03029e-020
131.838  3.02964e-020
132.86  3.02888e-020
133.882  3.02801e-020
134.904  3.02701e-020
135.926  3.02591e-020
136.948  3.02469e-020
137.97  3.02335e-020
138.992  3.02189e-020
140.014  3.02031e-020
141.036  3.01862e-020
142.058  3.0168e-020
143.08  3.01486e-020
144.102  3.0128e-020
145.124  3.01062e-020
146.146  3.00831e-020
147.168  3.00588e-020
148.19  3.00331e-020
149.212  3.00062e-020
150.234  2.99781e-020
151.256  2.99486e-020
152.278  2.99178e-020
153.3  2.98856e-020
154.322  2.98522e-020
155.344  2.98174e-020
156.366  2.97812e-020
157.388  2.97437e-020
158.41  2.97047e-020
159.432  2.96644e-020
160.454  2.96227e-020
161.476  2.95795e-020
162.498  2.95349e-020
163.52  2.94888e-020
164.542  2.94413e-020
165.564  2.93923e-020
166.586  2.93417e-020
167.608  2.92897e-020
168.63  2.92361e-020
169.652  2.9181e-020
170.674  2.91244e-020
171.696  2.90661e-020
172.718  2.90062e-020
173.74  2.89448e-020
174.762  2.88817e-020
175.784  2.88169e-020
176.806  2.87505e-020
177.828  2.86824e-020
178.85  2.86126e-020
179.872  2.8541e-020
180.894  2.84678e-020
181.916  2.83927e-020
182.938  2.83159e-020
183.96  2.82372e-020
184.982  2.81567e-020
186.004  2.80744e-020
187.026  2.79902e-020
188.048  2.79041e-020
189.07  2.78161e-020
190.092  2.77261e-020
191.114  2.76342e-020
192.136  2.75403e-020
193.158  2.74444e-020
194.18  2.73464e-020
195.202  2.72464e-020
196.224  2.71443e-020
197.246  2.70401e-020
198.268  2.69337e-020
199.29  2.68252e-020
200.312  2.67146e-020
201.334  2.66017e-020
202.356  2.64865e-020
203.378  2.63691e-020
204.4  2.62495e-020
205.422  2.61274e-020
206.444  2.60031e-020
207.466  2.58764e-020
208.488  2.57473e-020
209.51  2.56157e-020
210.532  2.54818e-020
211.554  2.53453e-020
212.576  2.52063e-020
213.598  2.50648e-020
214.62  2.49208e-020
215.642  2.47742e-020
216.664  2.46249e-020
217.686  2.4473e-020
218.708  2.43185e-020
219.73  2.41613e-020
220.752  2.40013e-020
221.774  2.38386e-020
222.796  2.36732e-020
223.818  2.35049e-020
224.84  2.33339e-020
225.862  2.316e-020
226.884  2.29833e-020
227.906  2.28037e-020
228.928  2.26211e-020
229.95  2.24357e-020
230.972  2.22473e-020
231.994  2.2056e-020
233.016  2.18617e-020
234.038  2.16644e-020
235.06  2.14641e-020
236.082  2.12608e-020
237.104  2.10544e-020
238.126  2.0845e-020
239.148  2.06326e-020
240.17  2.0417e-020
241.192  2.01984e-020
242.214  1.99768e-020
243.236  1.9752e-020
244.258  1.95242e-020
245.28  1.92933e-020
246.302  1.90594e-020
247.324  1.88223e-020
248.346  1.85822e-020
249.368  1.83391e-020
250.39  1.80929e-020
251.412  1.78437e-020
252.434  1.75915e-020
253.456  1.73363e-020
254.478  1.70781e-020
255.5  1.68171e-020
256.522  1.65531e-020
257.544  1.62863e-020
258.566  1.60166e-020
259.588  1.57442e-020
260.61  1.5469e-020
261.632  1.51912e-020
262.654  1.49108e-020
263.676  1.46277e-020
264.698  1.43422e-020
265.72  1.40543e-020
266.742  1.3764e-020
267.764  1.34715e-020
268.786  1.31768e-020
269.808  1.288e-020
270.83  1.25812e-020
271.852  1.22805e-020
272.874  1.19781e-020
273.896  1.1674e-020
274.918  1.13684e-020
275.94  1.10614e-020
276.962  1.07532e-020
277.984  1.04438e-020
279.006  1.01336e-020
280.028  9.82255e-021
281.05  9.51092e-021
282.072  9.19888e-021
283.094  8.88662e-021
284.116  8.57434e-021
285.138  8.26226e-021
286.16  7.95061e-021
287.182  7.63961e-021
288.204  7.32951e-021
289.226  7.02056e-021
290.248  6.71305e-021
291.27  6.40724e-021
292.292  6.10343e-021
293.314  5.80192e-021
294.336  5.50304e-021
295.358  5.20712e-021
296.38  4.91451e-021
297.402  4.62556e-021
298.424  4.34065e-021
299.446  4.06018e-021
300.468  3.78456e-021
301.49  3.51421e-021
302.512  3.24956e-021
303.534  2.99109e-021
304.556  2.73926e-021
305.578  2.49458e-021
306.6  2.25755e-021
307.622  2.02871e-021
308.644  1.80861e-021
309.666  1.59783e-021
310.688  1.39696e-021
311.71  1.20662e-021
312.732  1.02745e-021
313.754  8.60111e-022
314.776  7.05283e-022
315.798  5.63679e-022
316.82  4.36031e-022
317.842  3.23098e-022
318.864  2.25665e-022
319.886  1.44539e-022
320.908  8.05584e-023
321.93  3.4583e-023
322.952  7.49832e-024
