1.022  1.04209e-019
2.044  1.04892e-019
3.066  1.05571e-019
4.088  1.06245e-019
5.11  1.06916e-019
6.132  1.07582e-019
7.154  1.08243e-019
8.176  1.089e-019
9.198  1.09552e-019
10.22  1.102e-019
11.242  1.10843e-019
12.264  1.11481e-019
13.286  1.12115e-019
14.308  1.12744e-019
15.33  1.13369e-019
16.352  1.1399e-019
17.374  1.14607e-019
18.396  1.15219e-019
19.418  1.15828e-019
20.44  1.16433e-019
21.462  1.17034e-019
22.484  1.17631e-019
23.506  1.18225e-019
24.528  1.18815e-019
25.55  1.19401e-019
26.572  1.19984e-019
27.594  1.20563e-019
28.616  1.21139e-019
29.638  1.21711e-019
30.66  1.2228e-019
31.682  1.22845e-019
32.704  1.23407e-019
33.726  1.23966e-019
34.748  1.24521e-019
35.77  1.25072e-019
36.792  1.25621e-019
37.814  1.26165e-019
38.836  1.26707e-019
39.858  1.27244e-019
40.88  1.27778e-019
41.902  1.28309e-019
42.924  1.28836e-019
43.946  1.29359e-019
44.968  1.29879e-019
45.99  1.30395e-019
47.012  1.30907e-019
48.034  1.31416e-019
49.056  1.31921e-019
50.078  1.32422e-019
51.1  1.32919e-019
52.122  1.33412e-019
53.144  1.33901e-019
54.166  1.34387e-019
55.188  1.34868e-019
56.21  1.35345e-019
57.232  1.35819e-019
58.254  1.36288e-019
59.276  1.36753e-019
60.298  1.37214e-019
61.32  1.3767e-019
62.342  1.38123e-019
63.364  1.38571e-019
64.386  1.39014e-019
65.408  1.39454e-019
66.43  1.39888e-019
67.452  1.40319e-019
68.474  1.40745e-019
69.496  1.41166e-019
70.518  1.41582e-019
71.54  1.41995e-019
72.562  1.42402e-019
73.584  1.42805e-019
74.606  1.43203e-019
75.628  1.43596e-019
76.65  1.43984e-019
77.672  1.44367e-019
78.694  1.44746e-019
79.716  1.4512e-019
80.738  1.45488e-019
81.76  1.45852e-019
82.782  1.4621e-019
83.804  1.46564e-019
84.826  1.46912e-019
85.848  1.47255e-019
86.87  1.47593e-019
87.892  1.47926e-019
88.914  1.48253e-019
89.936  1.48575e-019
90.958  1.48892e-019
91.98  1.49203e-019
93.002  1.49509e-019
94.024  1.4981e-019
95.046  1.50104e-019
96.068  1.50394e-019
97.09  1.50678e-019
98.112  1.50956e-019
99.134  1.51228e-019
100.156  1.51495e-019
101.178  1.51757e-019
102.2  1.52012e-019
103.222  1.52262e-019
104.244  1.52505e-019
105.266  1.52743e-019
106.288  1.52975e-019
107.31  1.53202e-019
108.332  1.53422e-019
109.354  1.53636e-019
110.376  1.53844e-019
111.398  1.54046e-019
112.42  1.54242e-019
113.442  1.54432e-019
114.464  1.54616e-019
115.486  1.54793e-019
116.508  1.54964e-019
117.53  1.55129e-019
118.552  1.55288e-019
119.574  1.5544e-019
120.596  1.55586e-019
121.618  1.55725e-019
122.64  1.55858e-019
123.662  1.55984e-019
124.684  1.56104e-019
125.706  1.56217e-019
126.728  1.56324e-019
127.75  1.56423e-019
128.772  1.56517e-019
129.794  1.56603e-019
130.816  1.56682e-019
131.838  1.56755e-019
132.86  1.56821e-019
133.882  1.5688e-019
134.904  1.56931e-019
135.926  1.56976e-019
136.948  1.57014e-019
137.97  1.57044e-019
138.992  1.57068e-019
140.014  1.57084e-019
141.036  1.57093e-019
142.058  1.57094e-019
143.08  1.57088e-019
144.102  1.57075e-019
145.124  1.57054e-019
146.146  1.57025e-019
147.168  1.56989e-019
148.19  1.56945e-019
149.212  1.56893e-019
150.234  1.56834e-019
151.256  1.56767e-019
152.278  1.56691e-019
153.3  1.56608e-019
154.322  1.56516e-019
155.344  1.56417e-019
156.366  1.56309e-019
157.388  1.56193e-019
158.41  1.56068e-019
159.432  1.55936e-019
160.454  1.55794e-019
161.476  1.55644e-019
162.498  1.55485e-019
163.52  1.55318e-019
164.542  1.55141e-019
165.564  1.54956e-019
166.586  1.54761e-019
167.608  1.54558e-019
168.63  1.54345e-019
169.652  1.54123e-019
170.674  1.53891e-019
171.696  1.5365e-019
172.718  1.53399e-019
173.74  1.53139e-019
174.762  1.52869e-019
175.784  1.52589e-019
176.806  1.52299e-019
177.828  1.51998e-019
178.85  1.51688e-019
179.872  1.51367e-019
180.894  1.51035e-019
181.916  1.50694e-019
182.938  1.50341e-019
183.96  1.49977e-019
184.982  1.49603e-019
186.004  1.49217e-019
187.026  1.48821e-019
188.048  1.48413e-019
189.07  1.47993e-019
190.092  1.47562e-019
191.114  1.47119e-019
192.136  1.46665e-019
193.158  1.46198e-019
194.18  1.45719e-019
195.202  1.45228e-019
196.224  1.44725e-019
197.246  1.44209e-019
198.268  1.43681e-019
199.29  1.43139e-019
200.312  1.42585e-019
201.334  1.42018e-019
202.356  1.41437e-019
203.378  1.40843e-019
204.4  1.40236e-019
205.422  1.39615e-019
206.444  1.3898e-019
207.466  1.38331e-019
208.488  1.37668e-019
209.51  1.36991e-019
210.532  1.363e-019
211.554  1.35593e-019
212.576  1.34873e-019
213.598  1.34137e-019
214.62  1.33387e-019
215.642  1.32621e-019
216.664  1.31841e-019
217.686  1.31045e-019
218.708  1.30233e-019
219.73  1.29406e-019
220.752  1.28563e-019
221.774  1.27705e-019
222.796  1.2683e-019
223.818  1.25939e-019
224.84  1.25032e-019
225.862  1.24109e-019
226.884  1.2317e-019
227.906  1.22213e-019
228.928  1.21241e-019
229.95  1.20251e-019
230.972  1.19245e-019
231.994  1.18222e-019
233.016  1.17182e-019
234.038  1.16125e-019
235.06  1.1505e-019
236.082  1.13959e-019
237.104  1.12851e-019
238.126  1.11725e-019
239.148  1.10582e-019
240.17  1.09422e-019
241.192  1.08245e-019
242.214  1.0705e-019
243.236  1.05838e-019
244.258  1.04609e-019
245.28  1.03363e-019
246.302  1.021e-019
247.324  1.00819e-019
248.346  9.9522e-020
249.368  9.82079e-020
250.39  9.68769e-020
251.412  9.55294e-020
252.434  9.41653e-020
253.456  9.27849e-020
254.478  9.13883e-020
255.5  8.99758e-020
256.522  8.85475e-020
257.544  8.71037e-020
258.566  8.56446e-020
259.588  8.41706e-020
260.61  8.26819e-020
261.632  8.11788e-020
262.654  7.96617e-020
263.676  7.8131e-020
264.698  7.6587e-020
265.72  7.50303e-020
266.742  7.34612e-020
267.764  7.18802e-020
268.786  7.02879e-020
269.808  6.86848e-020
270.83  6.70715e-020
271.852  6.54486e-020
272.874  6.38168e-020
273.896  6.21767e-020
274.918  6.0529e-020
275.94  5.88746e-020
276.962  5.72142e-020
277.984  5.55487e-020
279.006  5.3879e-020
280.028  5.22059e-020
281.05  5.05305e-020
282.072  4.88538e-020
283.094  4.71768e-020
284.116  4.55008e-020
285.138  4.38267e-020
286.16  4.2156e-020
287.182  4.04898e-020
288.204  3.88294e-020
289.226  3.71764e-020
290.248  3.55321e-020
291.27  3.3898e-020
292.292  3.22757e-020
293.314  3.06669e-020
294.336  2.90732e-020
295.358  2.74965e-020
296.38  2.59386e-020
297.402  2.44013e-020
298.424  2.28868e-020
299.446  2.1397e-020
300.468  1.9934e-020
301.49  1.85003e-020
302.512  1.70979e-020
303.534  1.57294e-020
304.556  1.43972e-020
305.578  1.31039e-020
306.6  1.18521e-020
307.622  1.06447e-020
308.644  9.48437e-021
309.666  8.37416e-021
310.688  7.31712e-021
311.71  6.31639e-021
312.732  5.37524e-021
313.754  4.49703e-021
314.776  3.68527e-021
315.798  2.94352e-021
316.82  2.27552e-021
317.842  1.68509e-021
318.864  1.17618e-021
319.886  7.52867e-022
320.908  4.19335e-022
321.93  1.79899e-022
322.952  3.898e-023
