1.022  2.2102e-019
2.044  2.21532e-019
3.066  2.2204e-019
4.088  2.22544e-019
5.11  2.23044e-019
6.132  2.2354e-019
7.154  2.24031e-019
8.176  2.24518e-019
9.198  2.25e-019
10.22  2.25477e-019
11.242  2.2595e-019
12.264  2.26418e-019
13.286  2.26881e-019
14.308  2.2734e-019
15.33  2.27794e-019
16.352  2.28245e-019
17.374  2.28691e-019
18.396  2.29134e-019
19.418  2.29574e-019
20.44  2.3001e-019
21.462  2.30442e-019
22.484  2.30872e-019
23.506  2.31298e-019
24.528  2.31722e-019
25.55  2.32142e-019
26.572  2.3256e-019
27.594  2.32974e-019
28.616  2.33386e-019
29.638  2.33795e-019
30.66  2.34202e-019
31.682  2.34605e-019
32.704  2.35006e-019
33.726  2.35404e-019
34.748  2.35799e-019
35.77  2.36191e-019
36.792  2.3658e-019
37.814  2.36966e-019
38.836  2.37349e-019
39.858  2.37729e-019
40.88  2.38106e-019
41.902  2.3848e-019
42.924  2.3885e-019
43.946  2.39217e-019
44.968  2.39581e-019
45.99  2.39941e-019
47.012  2.40298e-019
48.034  2.40651e-019
49.056  2.41e-019
50.078  2.41345e-019
51.1  2.41687e-019
52.122  2.42024e-019
53.144  2.42358e-019
54.166  2.42688e-019
55.188  2.43013e-019
56.21  2.43334e-019
57.232  2.43651e-019
58.254  2.43964e-019
59.276  2.44272e-019
60.298  2.44575e-019
61.32  2.44874e-019
62.342  2.45168e-019
63.364  2.45457e-019
64.386  2.45742e-019
65.408  2.46021e-019
66.43  2.46296e-019
67.452  2.46565e-019
68.474  2.46829e-019
69.496  2.47088e-019
70.518  2.47342e-019
71.54  2.4759e-019
72.562  2.47833e-019
73.584  2.4807e-019
74.606  2.48302e-019
75.628  2.48528e-019
76.65  2.48749e-019
77.672  2.48963e-019
78.694  2.49172e-019
79.716  2.49375e-019
80.738  2.49571e-019
81.76  2.49762e-019
82.782  2.49947e-019
83.804  2.50125e-019
84.826  2.50297e-019
85.848  2.50463e-019
86.87  2.50622e-019
87.892  2.50775e-019
88.914  2.50922e-019
89.936  2.51061e-019
90.958  2.51195e-019
91.98  2.51321e-019
93.002  2.51441e-019
94.024  2.51554e-019
95.046  2.5166e-019
96.068  2.51759e-019
97.09  2.51852e-019
98.112  2.51937e-019
99.134  2.52015e-019
100.156  2.52086e-019
101.178  2.52149e-019
102.2  2.52206e-019
103.222  2.52255e-019
104.244  2.52297e-019
105.266  2.52331e-019
106.288  2.52358e-019
107.31  2.52377e-019
108.332  2.52389e-019
109.354  2.52393e-019
110.376  2.5239e-019
111.398  2.52378e-019
112.42  2.52359e-019
113.442  2.52332e-019
114.464  2.52297e-019
115.486  2.52255e-019
116.508  2.52204e-019
117.53  2.52145e-019
118.552  2.52078e-019
119.574  2.52003e-019
120.596  2.51919e-019
121.618  2.51827e-019
122.64  2.51727e-019
123.662  2.51619e-019
124.684  2.51502e-019
125.706  2.51377e-019
126.728  2.51243e-019
127.75  2.511e-019
128.772  2.50949e-019
129.794  2.50789e-019
130.816  2.5062e-019
131.838  2.50443e-019
132.86  2.50256e-019
133.882  2.50061e-019
134.904  2.49856e-019
135.926  2.49642e-019
136.948  2.4942e-019
137.97  2.49188e-019
138.992  2.48946e-019
140.014  2.48696e-019
141.036  2.48435e-019
142.058  2.48166e-019
143.08  2.47887e-019
144.102  2.47598e-019
145.124  2.47299e-019
146.146  2.46991e-019
147.168  2.46673e-019
148.19  2.46344e-019
149.212  2.46006e-019
150.234  2.45658e-019
151.256  2.45299e-019
152.278  2.44931e-019
153.3  2.44551e-019
154.322  2.44162e-019
155.344  2.43762e-019
156.366  2.43351e-019
157.388  2.42929e-019
158.41  2.42497e-019
159.432  2.42053e-019
160.454  2.41599e-019
161.476  2.41133e-019
162.498  2.40657e-019
163.52  2.40169e-019
164.542  2.39669e-019
165.564  2.39158e-019
166.586  2.38635e-019
167.608  2.381e-019
168.63  2.37554e-019
169.652  2.36995e-019
170.674  2.36424e-019
171.696  2.35841e-019
172.718  2.35246e-019
173.74  2.34638e-019
174.762  2.34017e-019
175.784  2.33383e-019
176.806  2.32737e-019
177.828  2.32077e-019
178.85  2.31404e-019
179.872  2.30718e-019
180.894  2.30018e-019
181.916  2.29304e-019
182.938  2.28577e-019
183.96  2.27836e-019
184.982  2.2708e-019
186.004  2.2631e-019
187.026  2.25526e-019
188.048  2.24726e-019
189.07  2.23913e-019
190.092  2.23084e-019
191.114  2.2224e-019
192.136  2.2138e-019
193.158  2.20505e-019
194.18  2.19615e-019
195.202  2.18708e-019
196.224  2.17785e-019
197.246  2.16847e-019
198.268  2.15891e-019
199.29  2.1492e-019
200.312  2.13931e-019
201.334  2.12925e-019
202.356  2.11903e-019
203.378  2.10862e-019
204.4  2.09805e-019
205.422  2.08729e-019
206.444  2.07636e-019
207.466  2.06524e-019
208.488  2.05394e-019
209.51  2.04246e-019
210.532  2.03079e-019
211.554  2.01893e-019
212.576  2.00688e-019
213.598  1.99464e-019
214.62  1.9822e-019
215.642  1.96957e-019
216.664  1.95674e-019
217.686  1.9437e-019
218.708  1.93047e-019
219.73  1.91703e-019
220.752  1.90339e-019
221.774  1.88954e-019
222.796  1.87548e-019
223.818  1.86122e-019
224.84  1.84674e-019
225.862  1.83204e-019
226.884  1.81714e-019
227.906  1.80202e-019
228.928  1.78668e-019
229.95  1.77112e-019
230.972  1.75534e-019
231.994  1.73934e-019
233.016  1.72312e-019
234.038  1.70668e-019
235.06  1.69001e-019
236.082  1.67312e-019
237.104  1.656e-019
238.126  1.63866e-019
239.148  1.6211e-019
240.17  1.60331e-019
241.192  1.58529e-019
242.214  1.56705e-019
243.236  1.54858e-019
244.258  1.52989e-019
245.28  1.51097e-019
246.302  1.49183e-019
247.324  1.47247e-019
248.346  1.45288e-019
249.368  1.43307e-019
250.39  1.41305e-019
251.412  1.39281e-019
252.434  1.37235e-019
253.456  1.35168e-019
254.478  1.3308e-019
255.5  1.30971e-019
256.522  1.28841e-019
257.544  1.26692e-019
258.566  1.24522e-019
259.588  1.22334e-019
260.61  1.20126e-019
261.632  1.17899e-019
262.654  1.15655e-019
263.676  1.13393e-019
264.698  1.11114e-019
265.72  1.08819e-019
266.742  1.06508e-019
267.764  1.04182e-019
268.786  1.01841e-019
269.808  9.94871e-020
270.83  9.71203e-020
271.852  9.47416e-020
272.874  9.23519e-020
273.896  8.99521e-020
274.918  8.75434e-020
275.94  8.51266e-020
276.962  8.27031e-020
277.984  8.02739e-020
279.006  7.78404e-020
280.028  7.54037e-020
281.05  7.29653e-020
282.072  7.05266e-020
283.094  6.80891e-020
284.116  6.56545e-020
285.138  6.32242e-020
286.16  6.08002e-020
287.182  5.8384e-020
288.204  5.59778e-020
289.226  5.35833e-020
290.248  5.12027e-020
291.27  4.8838e-020
292.292  4.64916e-020
293.314  4.41656e-020
294.336  4.18626e-020
295.358  3.95851e-020
296.38  3.73355e-020
297.402  3.51167e-020
298.424  3.29315e-020
299.446  3.07828e-020
300.468  2.86736e-020
301.49  2.66071e-020
302.512  2.45866e-020
303.534  2.26154e-020
304.556  2.0697e-020
305.578  1.88352e-020
306.6  1.70337e-020
307.622  1.52964e-020
308.644  1.36273e-020
309.666  1.20307e-020
310.688  1.05109e-020
311.71  9.07235e-021
312.732  7.71972e-021
313.754  6.45781e-021
314.776  5.29157e-021
315.798  4.22612e-021
316.82  3.26675e-021
317.842  2.41891e-021
318.864  1.68824e-021
319.886  1.08054e-021
320.908  6.01799e-022
321.93  2.58159e-022
322.952  5.59333e-023
