1.022  2.10761e-019
2.044  2.12283e-019
3.066  2.13797e-019
4.088  2.15303e-019
5.11  2.16799e-019
6.132  2.18286e-019
7.154  2.19764e-019
8.176  2.21233e-019
9.198  2.22692e-019
10.22  2.24141e-019
11.242  2.2558e-019
12.264  2.2701e-019
13.286  2.2843e-019
14.308  2.29841e-019
15.33  2.31242e-019
16.352  2.32634e-019
17.374  2.34018e-019
18.396  2.35392e-019
19.418  2.36759e-019
20.44  2.38116e-019
21.462  2.39465e-019
22.484  2.40806e-019
23.506  2.42139e-019
24.528  2.43464e-019
25.55  2.4478e-019
26.572  2.46089e-019
27.594  2.4739e-019
28.616  2.48683e-019
29.638  2.49968e-019
30.66  2.51245e-019
31.682  2.52514e-019
32.704  2.53775e-019
33.726  2.55028e-019
34.748  2.56274e-019
35.77  2.57511e-019
36.792  2.5874e-019
37.814  2.59961e-019
38.836  2.61174e-019
39.858  2.62379e-019
40.88  2.63575e-019
41.902  2.64763e-019
42.924  2.65942e-019
43.946  2.67113e-019
44.968  2.68275e-019
45.99  2.69429e-019
47.012  2.70573e-019
48.034  2.71709e-019
49.056  2.72836e-019
50.078  2.73953e-019
51.1  2.75062e-019
52.122  2.76161e-019
53.144  2.77251e-019
54.166  2.78331e-019
55.188  2.79402e-019
56.21  2.80463e-019
57.232  2.81514e-019
58.254  2.82555e-019
59.276  2.83586e-019
60.298  2.84607e-019
61.32  2.85618e-019
62.342  2.86619e-019
63.364  2.87609e-019
64.386  2.88589e-019
65.408  2.89558e-019
66.43  2.90516e-019
67.452  2.91463e-019
68.474  2.924e-019
69.496  2.93325e-019
70.518  2.9424e-019
71.54  2.95143e-019
72.562  2.96034e-019
73.584  2.96915e-019
74.606  2.97783e-019
75.628  2.9864e-019
76.65  2.99486e-019
77.672  3.00319e-019
78.694  3.01141e-019
79.716  3.0195e-019
80.738  3.02747e-019
81.76  3.03532e-019
82.782  3.04305e-019
83.804  3.05065e-019
84.826  3.05813e-019
85.848  3.06548e-019
86.87  3.07271e-019
87.892  3.0798e-019
88.914  3.08677e-019
89.936  3.0936e-019
90.958  3.10031e-019
91.98  3.10688e-019
93.002  3.11332e-019
94.024  3.11962e-019
95.046  3.12579e-019
96.068  3.13183e-019
97.09  3.13773e-019
98.112  3.14349e-019
99.134  3.14911e-019
100.156  3.15459e-019
101.178  3.15993e-019
102.2  3.16514e-019
103.222  3.17019e-019
104.244  3.17511e-019
105.266  3.17988e-019
106.288  3.18451e-019
107.31  3.18899e-019
108.332  3.19333e-019
109.354  3.19751e-019
110.376  3.20155e-019
111.398  3.20544e-019
112.42  3.20918e-019
113.442  3.21277e-019
114.464  3.21621e-019
115.486  3.21949e-019
116.508  3.22262e-019
117.53  3.2256e-019
118.552  3.22841e-019
119.574  3.23108e-019
120.596  3.23358e-019
121.618  3.23593e-019
122.64  3.23812e-019
123.662  3.24015e-019
124.684  3.24201e-019
125.706  3.24372e-019
126.728  3.24526e-019
127.75  3.24664e-019
128.772  3.24785e-019
129.794  3.2489e-019
130.816  3.24978e-019
131.838  3.25049e-019
132.86  3.25103e-019
133.882  3.25141e-019
134.904  3.25161e-019
135.926  3.25164e-019
136.948  3.2515e-019
137.97  3.25118e-019
138.992  3.25069e-019
140.014  3.25002e-019
141.036  3.24918e-019
142.058  3.24816e-019
143.08  3.24696e-019
144.102  3.24558e-019
145.124  3.24401e-019
146.146  3.24227e-019
147.168  3.24034e-019
148.19  3.23822e-019
149.212  3.23592e-019
150.234  3.23343e-019
151.256  3.23075e-019
152.278  3.22789e-019
153.3  3.22483e-019
154.322  3.22158e-019
155.344  3.21813e-019
156.366  3.21449e-019
157.388  3.21066e-019
158.41  3.20662e-019
159.432  3.20239e-019
160.454  3.19796e-019
161.476  3.19332e-019
162.498  3.18849e-019
163.52  3.18344e-019
164.542  3.1782e-019
165.564  3.17274e-019
166.586  3.16707e-019
167.608  3.1612e-019
168.63  3.15511e-019
169.652  3.14881e-019
170.674  3.14229e-019
171.696  3.13556e-019
172.718  3.12861e-019
173.74  3.12144e-019
174.762  3.11405e-019
175.784  3.10643e-019
176.806  3.09859e-019
177.828  3.09052e-019
178.85  3.08223e-019
179.872  3.0737e-019
180.894  3.06495e-019
181.916  3.05596e-019
182.938  3.04673e-019
183.96  3.03727e-019
184.982  3.02757e-019
186.004  3.01763e-019
187.026  3.00745e-019
188.048  2.99702e-019
189.07  2.98635e-019
190.092  2.97543e-019
191.114  2.96426e-019
192.136  2.95284e-019
193.158  2.94117e-019
194.18  2.92924e-019
195.202  2.91706e-019
196.224  2.90462e-019
197.246  2.89192e-019
198.268  2.87895e-019
199.29  2.86573e-019
200.312  2.85223e-019
201.334  2.83847e-019
202.356  2.82444e-019
203.378  2.81014e-019
204.4  2.79557e-019
205.422  2.78073e-019
206.444  2.76561e-019
207.466  2.75021e-019
208.488  2.73453e-019
209.51  2.71857e-019
210.532  2.70233e-019
211.554  2.68581e-019
212.576  2.669e-019
213.598  2.6519e-019
214.62  2.63452e-019
215.642  2.61685e-019
216.664  2.59889e-019
217.686  2.58064e-019
218.708  2.56209e-019
219.73  2.54325e-019
220.752  2.52412e-019
221.774  2.50469e-019
222.796  2.48496e-019
223.818  2.46494e-019
224.84  2.44462e-019
225.862  2.424e-019
226.884  2.40308e-019
227.906  2.38187e-019
228.928  2.36035e-019
229.95  2.33854e-019
230.972  2.31642e-019
231.994  2.29401e-019
233.016  2.2713e-019
234.038  2.24829e-019
235.06  2.22498e-019
236.082  2.20138e-019
237.104  2.17747e-019
238.126  2.15328e-019
239.148  2.12879e-019
240.17  2.10401e-019
241.192  2.07893e-019
242.214  2.05357e-019
243.236  2.02792e-019
244.258  2.00199e-019
245.28  1.97578e-019
246.302  1.94928e-019
247.324  1.92251e-019
248.346  1.89547e-019
249.368  1.86816e-019
250.39  1.84058e-019
251.412  1.81274e-019
252.434  1.78464e-019
253.456  1.75629e-019
254.478  1.7277e-019
255.5  1.69886e-019
256.522  1.66978e-019
257.544  1.64048e-019
258.566  1.61095e-019
259.588  1.5812e-019
260.61  1.55125e-019
261.632  1.52109e-019
262.654  1.49074e-019
263.676  1.4602e-019
264.698  1.42949e-019
265.72  1.39861e-019
266.742  1.36757e-019
267.764  1.33638e-019
268.786  1.30506e-019
269.808  1.27361e-019
270.83  1.24205e-019
271.852  1.21038e-019
272.874  1.17863e-019
273.896  1.14681e-019
274.918  1.11493e-019
275.94  1.083e-019
276.962  1.05104e-019
277.984  1.01907e-019
279.006  9.87103e-020
280.028  9.55156e-020
281.05  9.23249e-020
282.072  8.91401e-020
283.094  8.5963e-020
284.116  8.27959e-020
285.138  7.96407e-020
286.16  7.64998e-020
287.182  7.33754e-020
288.204  7.02699e-020
289.226  6.71859e-020
290.248  6.41258e-020
291.27  6.10923e-020
292.292  5.80883e-020
293.314  5.51165e-020
294.336  5.218e-020
295.358  4.92817e-020
296.38  4.6425e-020
297.402  4.3613e-020
298.424  4.08491e-020
299.446  3.8137e-020
300.468  3.54801e-020
301.49  3.28823e-020
302.512  3.03475e-020
303.534  2.78796e-020
304.556  2.54827e-020
305.578  2.31612e-020
306.6  2.09195e-020
307.622  1.8762e-020
308.644  1.66936e-020
309.666  1.47189e-020
310.688  1.2843e-020
311.71  1.1071e-020
312.732  9.40828e-021
313.754  7.86017e-021
314.776  6.43231e-021
315.798  5.13049e-021
316.82  3.96064e-021
317.842  2.92888e-021
318.864  2.04149e-021
319.886  1.30492e-021
320.908  7.25805e-022
321.93  3.10943e-022
322.952  6.72805e-023
