1.022  1.0549e-019
2.044  1.06909e-019
3.066  1.08323e-019
4.088  1.09731e-019
5.11  1.11133e-019
6.132  1.12528e-019
7.154  1.13917e-019
8.176  1.153e-019
9.198  1.16676e-019
10.22  1.18045e-019
11.242  1.19408e-019
12.264  1.20764e-019
13.286  1.22113e-019
14.308  1.23455e-019
15.33  1.24791e-019
16.352  1.26121e-019
17.374  1.27444e-019
18.396  1.28761e-019
19.418  1.30072e-019
20.44  1.31376e-019
21.462  1.32674e-019
22.484  1.33966e-019
23.506  1.35251e-019
24.528  1.36531e-019
25.55  1.37805e-019
26.572  1.39072e-019
27.594  1.40334e-019
28.616  1.41589e-019
29.638  1.42838e-019
30.66  1.44082e-019
31.682  1.45319e-019
32.704  1.4655e-019
33.726  1.47775e-019
34.748  1.48993e-019
35.77  1.50206e-019
36.792  1.51412e-019
37.814  1.52612e-019
38.836  1.53805e-019
39.858  1.54992e-019
40.88  1.56173e-019
41.902  1.57347e-019
42.924  1.58514e-019
43.946  1.59675e-019
44.968  1.60829e-019
45.99  1.61976e-019
47.012  1.63117e-019
48.034  1.6425e-019
49.056  1.65377e-019
50.078  1.66496e-019
51.1  1.67608e-019
52.122  1.68713e-019
53.144  1.6981e-019
54.166  1.70901e-019
55.188  1.71983e-019
56.21  1.73058e-019
57.232  1.74126e-019
58.254  1.75186e-019
59.276  1.76238e-019
60.298  1.77282e-019
61.32  1.78318e-019
62.342  1.79346e-019
63.364  1.80366e-019
64.386  1.81378e-019
65.408  1.82381e-019
66.43  1.83376e-019
67.452  1.84363e-019
68.474  1.85341e-019
69.496  1.86311e-019
70.518  1.87272e-019
71.54  1.88224e-019
72.562  1.89167e-019
73.584  1.90101e-019
74.606  1.91026e-019
75.628  1.91942e-019
76.65  1.92849e-019
77.672  1.93746e-019
78.694  1.94635e-019
79.716  1.95513e-019
80.738  1.96382e-019
81.76  1.97242e-019
82.782  1.98092e-019
83.804  1.98932e-019
84.826  1.99762e-019
85.848  2.00583e-019
86.87  2.01393e-019
87.892  2.02193e-019
88.914  2.02983e-019
89.936  2.03763e-019
90.958  2.04532e-019
91.98  2.05291e-019
93.002  2.0604e-019
94.024  2.06778e-019
95.046  2.07505e-019
96.068  2.08222e-019
97.09  2.08927e-019
98.112  2.09622e-019
99.134  2.10306e-019
100.156  2.10979e-019
101.178  2.11641e-019
102.2  2.12291e-019
103.222  2.1293e-019
104.244  2.13558e-019
105.266  2.14175e-019
106.288  2.14779e-019
107.31  2.15373e-019
108.332  2.15954e-019
109.354  2.16524e-019
110.376  2.17082e-019
111.398  2.17628e-019
112.42  2.18162e-019
113.442  2.18684e-019
114.464  2.19194e-019
115.486  2.19692e-019
116.508  2.20177e-019
117.53  2.2065e-019
118.552  2.21111e-019
119.574  2.21558e-019
120.596  2.21994e-019
121.618  2.22416e-019
122.64  2.22826e-019
123.662  2.23223e-019
124.684  2.23607e-019
125.706  2.23977e-019
126.728  2.24335e-019
127.75  2.24679e-019
128.772  2.25011e-019
129.794  2.25328e-019
130.816  2.25632e-019
131.838  2.25923e-019
132.86  2.262e-019
133.882  2.26463e-019
134.904  2.26713e-019
135.926  2.26948e-019
136.948  2.2717e-019
137.97  2.27377e-019
138.992  2.2757e-019
140.014  2.27749e-019
141.036  2.27913e-019
142.058  2.28063e-019
143.08  2.28198e-019
144.102  2.28319e-019
145.124  2.28424e-019
146.146  2.28515e-019
147.168  2.28591e-019
148.19  2.28652e-019
149.212  2.28697e-019
150.234  2.28728e-019
151.256  2.28742e-019
152.278  2.28742e-019
153.3  2.28725e-019
154.322  2.28693e-019
155.344  2.28645e-019
156.366  2.28581e-019
157.388  2.28501e-019
158.41  2.28404e-019
159.432  2.28292e-019
160.454  2.28163e-019
161.476  2.28017e-019
162.498  2.27854e-019
163.52  2.27675e-019
164.542  2.27479e-019
165.564  2.27266e-019
166.586  2.27035e-019
167.608  2.26788e-019
168.63  2.26522e-019
169.652  2.2624e-019
170.674  2.25939e-019
171.696  2.25621e-019
172.718  2.25284e-019
173.74  2.2493e-019
174.762  2.24557e-019
175.784  2.24166e-019
176.806  2.23756e-019
177.828  2.23328e-019
178.85  2.22881e-019
179.872  2.22415e-019
180.894  2.2193e-019
181.916  2.21426e-019
182.938  2.20902e-019
183.96  2.20358e-019
184.982  2.19796e-019
186.004  2.19213e-019
187.026  2.1861e-019
188.048  2.17987e-019
189.07  2.17344e-019
190.092  2.16681e-019
191.114  2.15997e-019
192.136  2.15292e-019
193.158  2.14566e-019
194.18  2.1382e-019
195.202  2.13052e-019
196.224  2.12263e-019
197.246  2.11453e-019
198.268  2.10621e-019
199.29  2.09767e-019
200.312  2.08892e-019
201.334  2.07995e-019
202.356  2.07075e-019
203.378  2.06133e-019
204.4  2.05169e-019
205.422  2.04182e-019
206.444  2.03173e-019
207.466  2.02141e-019
208.488  2.01086e-019
209.51  2.00008e-019
210.532  1.98907e-019
211.554  1.97782e-019
212.576  1.96634e-019
213.598  1.95463e-019
214.62  1.94268e-019
215.642  1.9305e-019
216.664  1.91807e-019
217.686  1.90541e-019
218.708  1.89251e-019
219.73  1.87937e-019
220.752  1.86599e-019
221.774  1.85236e-019
222.796  1.8385e-019
223.818  1.82439e-019
224.84  1.81004e-019
225.862  1.79544e-019
226.884  1.78061e-019
227.906  1.76552e-019
228.928  1.7502e-019
229.95  1.73463e-019
230.972  1.71881e-019
231.994  1.70276e-019
233.016  1.68646e-019
234.038  1.66991e-019
235.06  1.65313e-019
236.082  1.6361e-019
237.104  1.61883e-019
238.126  1.60132e-019
239.148  1.58358e-019
240.17  1.56559e-019
241.192  1.54737e-019
242.214  1.52892e-019
243.236  1.51023e-019
244.258  1.49131e-019
245.28  1.47217e-019
246.302  1.45279e-019
247.324  1.43319e-019
248.346  1.41338e-019
249.368  1.39334e-019
250.39  1.37309e-019
251.412  1.35262e-019
252.434  1.33195e-019
253.456  1.31107e-019
254.478  1.28999e-019
255.5  1.26871e-019
256.522  1.24724e-019
257.544  1.22559e-019
258.566  1.20375e-019
259.588  1.18174e-019
260.61  1.15955e-019
261.632  1.1372e-019
262.654  1.11469e-019
263.676  1.09203e-019
264.698  1.06923e-019
265.72  1.04628e-019
266.742  1.02321e-019
267.764  1.00002e-019
268.786  9.76706e-020
269.808  9.53293e-020
270.83  9.29784e-020
271.852  9.06189e-020
272.874  8.82519e-020
273.896  8.58783e-020
274.918  8.34994e-020
275.94  8.11163e-020
276.962  7.873e-020
277.984  7.6342e-020
279.006  7.39535e-020
280.028  7.15658e-020
281.05  6.91804e-020
282.072  6.67986e-020
283.094  6.44221e-020
284.116  6.20525e-020
285.138  5.96912e-020
286.16  5.73401e-020
287.182  5.50009e-020
288.204  5.26755e-020
289.226  5.03656e-020
290.248  4.80734e-020
291.27  4.58008e-020
292.292  4.35499e-020
293.314  4.13228e-020
294.336  3.9122e-020
295.358  3.69496e-020
296.38  3.48081e-020
297.402  3.27e-020
298.424  3.06279e-020
299.446  2.85944e-020
300.468  2.66022e-020
301.49  2.46543e-020
302.512  2.27535e-020
303.534  2.09028e-020
304.556  1.91054e-020
305.578  1.73645e-020
306.6  1.56835e-020
307.622  1.40656e-020
308.644  1.25145e-020
309.666  1.10338e-020
310.688  9.62717e-021
311.71  8.29854e-021
312.732  7.05186e-021
313.754  5.89121e-021
314.776  4.82078e-021
315.798  3.8449e-021
316.82  2.96802e-021
317.842  2.19471e-021
318.864  1.52966e-021
319.886  9.77691e-022
320.908  5.43761e-022
321.93  2.32936e-022
322.952  5.0398e-023
