1.022  8.01764e-020
2.044  8.15079e-020
3.066  8.2835e-020
4.088  8.41574e-020
5.11  8.54752e-020
6.132  8.67882e-020
7.154  8.80962e-020
8.176  8.93991e-020
9.198  9.06969e-020
10.22  9.19894e-020
11.242  9.32767e-020
12.264  9.45586e-020
13.286  9.58353e-020
14.308  9.71068e-020
15.33  9.8373e-020
16.352  9.9634e-020
17.374  1.0089e-019
18.396  1.02141e-019
19.418  1.03386e-019
20.44  1.04627e-019
21.462  1.05862e-019
22.484  1.07093e-019
23.506  1.08318e-019
24.528  1.09538e-019
25.55  1.10754e-019
26.572  1.11964e-019
27.594  1.1317e-019
28.616  1.1437e-019
29.638  1.15565e-019
30.66  1.16756e-019
31.682  1.17941e-019
32.704  1.19121e-019
33.726  1.20296e-019
34.748  1.21465e-019
35.77  1.2263e-019
36.792  1.23789e-019
37.814  1.24942e-019
38.836  1.26091e-019
39.858  1.27233e-019
40.88  1.28371e-019
41.902  1.29503e-019
42.924  1.30629e-019
43.946  1.31749e-019
44.968  1.32864e-019
45.99  1.33972e-019
47.012  1.35075e-019
48.034  1.36172e-019
49.056  1.37263e-019
50.078  1.38347e-019
51.1  1.39426e-019
52.122  1.40498e-019
53.144  1.41564e-019
54.166  1.42623e-019
55.188  1.43676e-019
56.21  1.44722e-019
57.232  1.45762e-019
58.254  1.46795e-019
59.276  1.47821e-019
60.298  1.4884e-019
61.32  1.49852e-019
62.342  1.50858e-019
63.364  1.51856e-019
64.386  1.52846e-019
65.408  1.5383e-019
66.43  1.54806e-019
67.452  1.55775e-019
68.474  1.56736e-019
69.496  1.57689e-019
70.518  1.58635e-019
71.54  1.59573e-019
72.562  1.60503e-019
73.584  1.61425e-019
74.606  1.62339e-019
75.628  1.63245e-019
76.65  1.64143e-019
77.672  1.65033e-019
78.694  1.65914e-019
79.716  1.66787e-019
80.738  1.67651e-019
81.76  1.68507e-019
82.782  1.69354e-019
83.804  1.70192e-019
84.826  1.71021e-019
85.848  1.71842e-019
86.87  1.72654e-019
87.892  1.73456e-019
88.914  1.74249e-019
89.936  1.75033e-019
90.958  1.75808e-019
91.98  1.76574e-019
93.002  1.7733e-019
94.024  1.78076e-019
95.046  1.78813e-019
96.068  1.7954e-019
97.09  1.80258e-019
98.112  1.80965e-019
99.134  1.81663e-019
100.156  1.8235e-019
101.178  1.83028e-019
102.2  1.83695e-019
103.222  1.84352e-019
104.244  1.84999e-019
105.266  1.85636e-019
106.288  1.86262e-019
107.31  1.86877e-019
108.332  1.87482e-019
109.354  1.88076e-019
110.376  1.88659e-019
111.398  1.89232e-019
112.42  1.89794e-019
113.442  1.90344e-019
114.464  1.90884e-019
115.486  1.91412e-019
116.508  1.91929e-019
117.53  1.92435e-019
118.552  1.92929e-019
119.574  1.93412e-019
120.596  1.93883e-019
121.618  1.94343e-019
122.64  1.94791e-019
123.662  1.95227e-019
124.684  1.95651e-019
125.706  1.96063e-019
126.728  1.96463e-019
127.75  1.96851e-019
128.772  1.97227e-019
129.794  1.97591e-019
130.816  1.97942e-019
131.838  1.9828e-019
132.86  1.98606e-019
133.882  1.9892e-019
134.904  1.9922e-019
135.926  1.99508e-019
136.948  1.99783e-019
137.97  2.00045e-019
138.992  2.00293e-019
140.014  2.00529e-019
141.036  2.00751e-019
142.058  2.0096e-019
143.08  2.01155e-019
144.102  2.01337e-019
145.124  2.01505e-019
146.146  2.01659e-019
147.168  2.01799e-019
148.19  2.01926e-019
149.212  2.02038e-019
150.234  2.02136e-019
151.256  2.0222e-019
152.278  2.02289e-019
153.3  2.02344e-019
154.322  2.02385e-019
155.344  2.0241e-019
156.366  2.02421e-019
157.388  2.02417e-019
158.41  2.02397e-019
159.432  2.02363e-019
160.454  2.02313e-019
161.476  2.02248e-019
162.498  2.02167e-019
163.52  2.02071e-019
164.542  2.01959e-019
165.564  2.01831e-019
166.586  2.01687e-019
167.608  2.01527e-019
168.63  2.01351e-019
169.652  2.01159e-019
170.674  2.0095e-019
171.696  2.00724e-019
172.718  2.00481e-019
173.74  2.00222e-019
174.762  1.99946e-019
175.784  1.99652e-019
176.806  1.99342e-019
177.828  1.99014e-019
178.85  1.98668e-019
179.872  1.98305e-019
180.894  1.97924e-019
181.916  1.97525e-019
182.938  1.97108e-019
183.96  1.96672e-019
184.982  1.96219e-019
186.004  1.95747e-019
187.026  1.95256e-019
188.048  1.94746e-019
189.07  1.94218e-019
190.092  1.93671e-019
191.114  1.93104e-019
192.136  1.92518e-019
193.158  1.91913e-019
194.18  1.91288e-019
195.202  1.90644e-019
196.224  1.89979e-019
197.246  1.89295e-019
198.268  1.88591e-019
199.29  1.87866e-019
200.312  1.87121e-019
201.334  1.86355e-019
202.356  1.85569e-019
203.378  1.84762e-019
204.4  1.83934e-019
205.422  1.83086e-019
206.444  1.82216e-019
207.466  1.81325e-019
208.488  1.80412e-019
209.51  1.79478e-019
210.532  1.78522e-019
211.554  1.77545e-019
212.576  1.76546e-019
213.598  1.75525e-019
214.62  1.74482e-019
215.642  1.73417e-019
216.664  1.7233e-019
217.686  1.71221e-019
218.708  1.70089e-019
219.73  1.68935e-019
220.752  1.67759e-019
221.774  1.6656e-019
222.796  1.65339e-019
223.818  1.64095e-019
224.84  1.62828e-019
225.862  1.61538e-019
226.884  1.60226e-019
227.906  1.58892e-019
228.928  1.57534e-019
229.95  1.56154e-019
230.972  1.54751e-019
231.994  1.53326e-019
233.016  1.51878e-019
234.038  1.50407e-019
235.06  1.48914e-019
236.082  1.47398e-019
237.104  1.4586e-019
238.126  1.44299e-019
239.148  1.42717e-019
240.17  1.41112e-019
241.192  1.39485e-019
242.214  1.37837e-019
243.236  1.36167e-019
244.258  1.34475e-019
245.28  1.32762e-019
246.302  1.31028e-019
247.324  1.29273e-019
248.346  1.27498e-019
249.368  1.25702e-019
250.39  1.23887e-019
251.412  1.22051e-019
252.434  1.20196e-019
253.456  1.18322e-019
254.478  1.1643e-019
255.5  1.14519e-019
256.522  1.1259e-019
257.544  1.10644e-019
258.566  1.08681e-019
259.588  1.06701e-019
260.61  1.04705e-019
261.632  1.02694e-019
262.654  1.00669e-019
263.676  9.86287e-020
264.698  9.65752e-020
265.72  9.45088e-020
266.742  9.24302e-020
267.764  9.03402e-020
268.786  8.82395e-020
269.808  8.6129e-020
270.83  8.40095e-020
271.852  8.18818e-020
272.874  7.9747e-020
273.896  7.76059e-020
274.918  7.54596e-020
275.94  7.33092e-020
276.962  7.11557e-020
277.984  6.90003e-020
279.006  6.68441e-020
280.028  6.46884e-020
281.05  6.25345e-020
282.072  6.03837e-020
283.094  5.82373e-020
284.116  5.60969e-020
285.138  5.39639e-020
286.16  5.18399e-020
287.182  4.97264e-020
288.204  4.76252e-020
289.226  4.55379e-020
290.248  4.34663e-020
291.27  4.14124e-020
292.292  3.93779e-020
293.314  3.73649e-020
294.336  3.53754e-020
295.358  3.34116e-020
296.38  3.14756e-020
297.402  2.95697e-020
298.424  2.76962e-020
299.446  2.58576e-020
300.468  2.40564e-020
301.49  2.2295e-020
302.512  2.05762e-020
303.534  1.89027e-020
304.556  1.72774e-020
305.578  1.57031e-020
306.6  1.41829e-020
307.622  1.27198e-020
308.644  1.13171e-020
309.666  9.97804e-021
310.688  8.70599e-021
311.71  7.50446e-021
312.732  6.37704e-021
313.754  5.32742e-021
314.776  4.3594e-021
315.798  3.47689e-021
316.82  2.68391e-021
317.842  1.9846e-021
318.864  1.3832e-021
319.886  8.8407e-022
320.908  4.91685e-022
321.93  2.10625e-022
322.952  4.55699e-023
