1.022  1.13086e-019
2.044  1.13302e-019
3.066  1.13517e-019
4.088  1.1373e-019
5.11  1.13942e-019
6.132  1.14153e-019
7.154  1.14361e-019
8.176  1.14568e-019
9.198  1.14773e-019
10.22  1.14976e-019
11.242  1.15177e-019
12.264  1.15376e-019
13.286  1.15574e-019
14.308  1.15769e-019
15.33  1.15963e-019
16.352  1.16155e-019
17.374  1.16345e-019
18.396  1.16534e-019
19.418  1.16722e-019
20.44  1.16908e-019
21.462  1.17093e-019
22.484  1.17276e-019
23.506  1.17458e-019
24.528  1.17639e-019
25.55  1.17818e-019
26.572  1.17997e-019
27.594  1.18174e-019
28.616  1.18349e-019
29.638  1.18524e-019
30.66  1.18697e-019
31.682  1.18869e-019
32.704  1.1904e-019
33.726  1.19209e-019
34.748  1.19377e-019
35.77  1.19543e-019
36.792  1.19708e-019
37.814  1.19872e-019
38.836  1.20034e-019
39.858  1.20195e-019
40.88  1.20353e-019
41.902  1.20511e-019
42.924  1.20666e-019
43.946  1.2082e-019
44.968  1.20972e-019
45.99  1.21122e-019
47.012  1.2127e-019
48.034  1.21417e-019
49.056  1.21561e-019
50.078  1.21703e-019
51.1  1.21844e-019
52.122  1.21982e-019
53.144  1.22117e-019
54.166  1.22251e-019
55.188  1.22382e-019
56.21  1.22511e-019
57.232  1.22638e-019
58.254  1.22762e-019
59.276  1.22883e-019
60.298  1.23002e-019
61.32  1.23119e-019
62.342  1.23233e-019
63.364  1.23344e-019
64.386  1.23452e-019
65.408  1.23557e-019
66.43  1.2366e-019
67.452  1.2376e-019
68.474  1.23857e-019
69.496  1.2395e-019
70.518  1.24041e-019
71.54  1.24129e-019
72.562  1.24214e-019
73.584  1.24295e-019
74.606  1.24373e-019
75.628  1.24448e-019
76.65  1.2452e-019
77.672  1.24588e-019
78.694  1.24653e-019
79.716  1.24714e-019
80.738  1.24772e-019
81.76  1.24826e-019
82.782  1.24877e-019
83.804  1.24924e-019
84.826  1.24968e-019
85.848  1.25008e-019
86.87  1.25044e-019
87.892  1.25076e-019
88.914  1.25105e-019
89.936  1.2513e-019
90.958  1.2515e-019
91.98  1.25167e-019
93.002  1.2518e-019
94.024  1.25189e-019
95.046  1.25194e-019
96.068  1.25195e-019
97.09  1.25192e-019
98.112  1.25185e-019
99.134  1.25173e-019
100.156  1.25157e-019
101.178  1.25137e-019
102.2  1.25113e-019
103.222  1.25084e-019
104.244  1.25051e-019
105.266  1.25014e-019
106.288  1.24972e-019
107.31  1.24926e-019
108.332  1.24875e-019
109.354  1.2482e-019
110.376  1.2476e-019
111.398  1.24696e-019
112.42  1.24627e-019
113.442  1.24554e-019
114.464  1.24475e-019
115.486  1.24392e-019
116.508  1.24305e-019
117.53  1.24212e-019
118.552  1.24115e-019
119.574  1.24013e-019
120.596  1.23906e-019
121.618  1.23794e-019
122.64  1.23677e-019
123.662  1.23555e-019
124.684  1.23429e-019
125.706  1.23297e-019
126.728  1.2316e-019
127.75  1.23018e-019
128.772  1.22871e-019
129.794  1.22719e-019
130.816  1.22562e-019
131.838  1.22399e-019
132.86  1.22232e-019
133.882  1.22059e-019
134.904  1.21881e-019
135.926  1.21697e-019
136.948  1.21508e-019
137.97  1.21314e-019
138.992  1.21114e-019
140.014  1.20909e-019
141.036  1.20698e-019
142.058  1.20482e-019
143.08  1.2026e-019
144.102  1.20033e-019
145.124  1.198e-019
146.146  1.19562e-019
147.168  1.19318e-019
148.19  1.19068e-019
149.212  1.18812e-019
150.234  1.18551e-019
151.256  1.18284e-019
152.278  1.18011e-019
153.3  1.17732e-019
154.322  1.17447e-019
155.344  1.17156e-019
156.366  1.1686e-019
157.388  1.16557e-019
158.41  1.16248e-019
159.432  1.15934e-019
160.454  1.15613e-019
161.476  1.15286e-019
162.498  1.14953e-019
163.52  1.14613e-019
164.542  1.14268e-019
165.564  1.13916e-019
166.586  1.13558e-019
167.608  1.13193e-019
168.63  1.12822e-019
169.652  1.12445e-019
170.674  1.12061e-019
171.696  1.11671e-019
172.718  1.11274e-019
173.74  1.1087e-019
174.762  1.1046e-019
175.784  1.10044e-019
176.806  1.0962e-019
177.828  1.0919e-019
178.85  1.08753e-019
179.872  1.08309e-019
180.894  1.07859e-019
181.916  1.07401e-019
182.938  1.06937e-019
183.96  1.06466e-019
184.982  1.05987e-019
186.004  1.05502e-019
187.026  1.0501e-019
188.048  1.0451e-019
189.07  1.04003e-019
190.092  1.03489e-019
191.114  1.02968e-019
192.136  1.0244e-019
193.158  1.01904e-019
194.18  1.01361e-019
195.202  1.0081e-019
196.224  1.00253e-019
197.246  9.96872e-020
198.268  9.91144e-020
199.29  9.8534e-020
200.312  9.79461e-020
201.334  9.73506e-020
202.356  9.67475e-020
203.378  9.61367e-020
204.4  9.55182e-020
205.422  9.48921e-020
206.444  9.42581e-020
207.466  9.36164e-020
208.488  9.29669e-020
209.51  9.23096e-020
210.532  9.16444e-020
211.554  9.09714e-020
212.576  9.02905e-020
213.598  8.96016e-020
214.62  8.89048e-020
215.642  8.82001e-020
216.664  8.74875e-020
217.686  8.67668e-020
218.708  8.60382e-020
219.73  8.53017e-020
220.752  8.45571e-020
221.774  8.38045e-020
222.796  8.3044e-020
223.818  8.22755e-020
224.84  8.1499e-020
225.862  8.07145e-020
226.884  7.99221e-020
227.906  7.91217e-020
228.928  7.83135e-020
229.95  7.74973e-020
230.972  7.66733e-020
231.994  7.58415e-020
233.016  7.50018e-020
234.038  7.41544e-020
235.06  7.32993e-020
236.082  7.24366e-020
237.104  7.15662e-020
238.126  7.06884e-020
239.148  6.9803e-020
240.17  6.89102e-020
241.192  6.80101e-020
242.214  6.71028e-020
243.236  6.61883e-020
244.258  6.52668e-020
245.28  6.43384e-020
246.302  6.3403e-020
247.324  6.2461e-020
248.346  6.15124e-020
249.368  6.05573e-020
250.39  5.95959e-020
251.412  5.86284e-020
252.434  5.76548e-020
253.456  5.66754e-020
254.478  5.56903e-020
255.5  5.46998e-020
256.522  5.37039e-020
257.544  5.2703e-020
258.566  5.16973e-020
259.588  5.06869e-020
260.61  4.96722e-020
261.632  4.86533e-020
262.654  4.76305e-020
263.676  4.66042e-020
264.698  4.55746e-020
265.72  4.45419e-020
266.742  4.35066e-020
267.764  4.2469e-020
268.786  4.14293e-020
269.808  4.0388e-020
270.83  3.93454e-020
271.852  3.8302e-020
272.874  3.72581e-020
273.896  3.62141e-020
274.918  3.51706e-020
275.94  3.41279e-020
276.962  3.30865e-020
277.984  3.20469e-020
279.006  3.10098e-020
280.028  2.99754e-020
281.05  2.89446e-020
282.072  2.79177e-020
283.094  2.68955e-020
284.116  2.58785e-020
285.138  2.48673e-020
286.16  2.38627e-020
287.182  2.28653e-020
288.204  2.18759e-020
289.226  2.08952e-020
290.248  1.99239e-020
291.27  1.89628e-020
292.292  1.80128e-020
293.314  1.70747e-020
294.336  1.61494e-020
295.358  1.52377e-020
296.38  1.43407e-020
297.402  1.34592e-020
298.424  1.25943e-020
299.446  1.1747e-020
300.468  1.09184e-020
301.49  1.01095e-020
302.512  9.32148e-021
303.534  8.5555e-021
304.556  7.81276e-021
305.578  7.0945e-021
306.6  6.40197e-021
307.622  5.73651e-021
308.644  5.09945e-021
309.666  4.49219e-021
310.688  3.91616e-021
311.71  3.37283e-021
312.732  2.86372e-021
313.754  2.39038e-021
314.776  1.95443e-021
315.798  1.55752e-021
316.82  1.20133e-021
317.842  8.87608e-022
318.864  6.18147e-022
319.886  3.94781e-022
320.908  2.19392e-022
321.93  9.39104e-023
322.952  2.03028e-023
