1.022  4.2441e-020
2.044  4.27681e-020
3.066  4.30936e-020
4.088  4.34174e-020
5.11  4.37395e-020
6.132  4.40598e-020
7.154  4.43783e-020
8.176  4.4695e-020
9.198  4.50098e-020
10.22  4.53226e-020
11.242  4.56335e-020
12.264  4.59425e-020
13.286  4.62496e-020
14.308  4.65548e-020
15.33  4.68581e-020
16.352  4.71597e-020
17.374  4.74594e-020
18.396  4.77573e-020
19.418  4.80535e-020
20.44  4.83479e-020
21.462  4.86406e-020
22.484  4.89316e-020
23.506  4.92209e-020
24.528  4.95086e-020
25.55  4.97945e-020
26.572  5.00788e-020
27.594  5.03615e-020
28.616  5.06425e-020
29.638  5.09218e-020
30.66  5.11994e-020
31.682  5.14753e-020
32.704  5.17496e-020
33.726  5.20222e-020
34.748  5.2293e-020
35.77  5.25621e-020
36.792  5.28295e-020
37.814  5.30951e-020
38.836  5.33589e-020
39.858  5.36209e-020
40.88  5.38812e-020
41.902  5.41395e-020
42.924  5.43961e-020
43.946  5.46507e-020
44.968  5.49035e-020
45.99  5.51543e-020
47.012  5.54032e-020
48.034  5.56501e-020
49.056  5.5895e-020
50.078  5.61379e-020
51.1  5.63788e-020
52.122  5.66176e-020
53.144  5.68543e-020
54.166  5.70889e-020
55.188  5.73213e-020
56.21  5.75516e-020
57.232  5.77797e-020
58.254  5.80056e-020
59.276  5.82293e-020
60.298  5.84506e-020
61.32  5.86697e-020
62.342  5.88865e-020
63.364  5.91009e-020
64.386  5.9313e-020
65.408  5.95227e-020
66.43  5.97299e-020
67.452  5.99347e-020
68.474  6.0137e-020
69.496  6.03369e-020
70.518  6.05342e-020
71.54  6.0729e-020
72.562  6.09212e-020
73.584  6.11108e-020
74.606  6.12978e-020
75.628  6.14822e-020
76.65  6.16638e-020
77.672  6.18428e-020
78.694  6.20191e-020
79.716  6.21927e-020
80.738  6.23634e-020
81.76  6.25314e-020
82.782  6.26966e-020
83.804  6.28589e-020
84.826  6.30184e-020
85.848  6.3175e-020
86.87  6.33287e-020
87.892  6.34795e-020
88.914  6.36273e-020
89.936  6.37721e-020
90.958  6.3914e-020
91.98  6.40528e-020
93.002  6.41886e-020
94.024  6.43213e-020
95.046  6.44509e-020
96.068  6.45775e-020
97.09  6.47008e-020
98.112  6.48211e-020
99.134  6.49381e-020
100.156  6.5052e-020
101.178  6.51626e-020
102.2  6.527e-020
103.222  6.53742e-020
104.244  6.5475e-020
105.266  6.55726e-020
106.288  6.56668e-020
107.31  6.57577e-020
108.332  6.58452e-020
109.354  6.59293e-020
110.376  6.601e-020
111.398  6.60872e-020
112.42  6.6161e-020
113.442  6.62314e-020
114.464  6.62982e-020
115.486  6.63615e-020
116.508  6.64213e-020
117.53  6.64775e-020
118.552  6.65301e-020
119.574  6.65791e-020
120.596  6.66245e-020
121.618  6.66663e-020
122.64  6.67044e-020
123.662  6.67388e-020
124.684  6.67695e-020
125.706  6.67964e-020
126.728  6.68197e-020
127.75  6.68391e-020
128.772  6.68547e-020
129.794  6.68666e-020
130.816  6.68746e-020
131.838  6.68787e-020
132.86  6.6879e-020
133.882  6.68753e-020
134.904  6.68678e-020
135.926  6.68563e-020
136.948  6.68408e-020
137.97  6.68214e-020
138.992  6.67979e-020
140.014  6.67704e-020
141.036  6.67388e-020
142.058  6.67032e-020
143.08  6.66635e-020
144.102  6.66196e-020
145.124  6.65716e-020
146.146  6.65195e-020
147.168  6.64631e-020
148.19  6.64026e-020
149.212  6.63378e-020
150.234  6.62687e-020
151.256  6.61954e-020
152.278  6.61177e-020
153.3  6.60357e-020
154.322  6.59494e-020
155.344  6.58587e-020
156.366  6.57636e-020
157.388  6.56641e-020
158.41  6.55601e-020
159.432  6.54517e-020
160.454  6.53387e-020
161.476  6.52213e-020
162.498  6.50992e-020
163.52  6.49727e-020
164.542  6.48415e-020
165.564  6.47057e-020
166.586  6.45653e-020
167.608  6.44201e-020
168.63  6.42703e-020
169.652  6.41158e-020
170.674  6.39565e-020
171.696  6.37925e-020
172.718  6.36237e-020
173.74  6.345e-020
174.762  6.32715e-020
175.784  6.30881e-020
176.806  6.28999e-020
177.828  6.27067e-020
178.85  6.25085e-020
179.872  6.23054e-020
180.894  6.20973e-020
181.916  6.18842e-020
182.938  6.1666e-020
183.96  6.14428e-020
184.982  6.12145e-020
186.004  6.0981e-020
187.026  6.07424e-020
188.048  6.04987e-020
189.07  6.02497e-020
190.092  5.99955e-020
191.114  5.97362e-020
192.136  5.94715e-020
193.158  5.92016e-020
194.18  5.89263e-020
195.202  5.86458e-020
196.224  5.83599e-020
197.246  5.80686e-020
198.268  5.7772e-020
199.29  5.74699e-020
200.312  5.71624e-020
201.334  5.68495e-020
202.356  5.65311e-020
203.378  5.62073e-020
204.4  5.5878e-020
205.422  5.55431e-020
206.444  5.52028e-020
207.466  5.48569e-020
208.488  5.45055e-020
209.51  5.41485e-020
210.532  5.3786e-020
211.554  5.34179e-020
212.576  5.30442e-020
213.598  5.2665e-020
214.62  5.22801e-020
215.642  5.18897e-020
216.664  5.14936e-020
217.686  5.1092e-020
218.708  5.06848e-020
219.73  5.0272e-020
220.752  4.98536e-020
221.774  4.94296e-020
222.796  4.90001e-020
223.818  4.8565e-020
224.84  4.81243e-020
225.862  4.76782e-020
226.884  4.72265e-020
227.906  4.67693e-020
228.928  4.63067e-020
229.95  4.58386e-020
230.972  4.5365e-020
231.994  4.48861e-020
233.016  4.44019e-020
234.038  4.39123e-020
235.06  4.34175e-020
236.082  4.29174e-020
237.104  4.24121e-020
238.126  4.19017e-020
239.148  4.13861e-020
240.17  4.08656e-020
241.192  4.03401e-020
242.214  3.98096e-020
243.236  3.92743e-020
244.258  3.87343e-020
245.28  3.81895e-020
246.302  3.76402e-020
247.324  3.70863e-020
248.346  3.6528e-020
249.368  3.59653e-020
250.39  3.53984e-020
251.412  3.48274e-020
252.434  3.42523e-020
253.456  3.36734e-020
254.478  3.30906e-020
255.5  3.25042e-020
256.522  3.19143e-020
257.544  3.1321e-020
258.566  3.07245e-020
259.588  3.01249e-020
260.61  2.95224e-020
261.632  2.89171e-020
262.654  2.83093e-020
263.676  2.7699e-020
264.698  2.70866e-020
265.72  2.64722e-020
266.742  2.58559e-020
267.764  2.52381e-020
268.786  2.4619e-020
269.808  2.39987e-020
270.83  2.33775e-020
271.852  2.27557e-020
272.874  2.21335e-020
273.896  2.15112e-020
274.918  2.08891e-020
275.94  2.02675e-020
276.962  1.96466e-020
277.984  1.90268e-020
279.006  1.84084e-020
280.028  1.77918e-020
281.05  1.71772e-020
282.072  1.65651e-020
283.094  1.59557e-020
284.116  1.53496e-020
285.138  1.4747e-020
286.16  1.41485e-020
287.182  1.35543e-020
288.204  1.2965e-020
289.226  1.2381e-020
290.248  1.18028e-020
291.27  1.12308e-020
292.292  1.06655e-020
293.314  1.01075e-020
294.336  9.55725e-021
295.358  9.01531e-021
296.38  8.48225e-021
297.402  7.95863e-021
298.424  7.44505e-021
299.446  6.94211e-021
300.468  6.45045e-021
301.49  5.97071e-021
302.512  5.50355e-021
303.534  5.04967e-021
304.556  4.60975e-021
305.578  4.18454e-021
306.6  3.77476e-021
307.622  3.3812e-021
308.644  3.00462e-021
309.666  2.64586e-021
310.688  2.30572e-021
311.71  1.98507e-021
312.732  1.68479e-021
313.754  1.40577e-021
314.776  1.14893e-021
315.798  9.15234e-022
316.82  7.0564e-022
317.842  5.2115e-022
318.864  3.62786e-022
319.886  2.31595e-022
320.908  1.28649e-022
321.93  5.5044e-023
322.952  1.18949e-023
