1.022  3.03833e-020
2.044  3.07032e-020
3.066  3.10216e-020
4.088  3.13386e-020
5.11  3.16542e-020
6.132  3.19682e-020
7.154  3.22807e-020
8.176  3.25917e-020
9.198  3.29009e-020
10.22  3.32086e-020
11.242  3.35146e-020
12.264  3.3819e-020
13.286  3.41217e-020
14.308  3.44228e-020
15.33  3.47223e-020
16.352  3.50202e-020
17.374  3.53165e-020
18.396  3.56113e-020
19.418  3.59045e-020
20.44  3.61961e-020
21.462  3.64863e-020
22.484  3.67749e-020
23.506  3.7062e-020
24.528  3.73476e-020
25.55  3.76318e-020
26.572  3.79144e-020
27.594  3.81955e-020
28.616  3.84751e-020
29.638  3.87532e-020
30.66  3.90298e-020
31.682  3.93049e-020
32.704  3.95784e-020
33.726  3.98504e-020
34.748  4.01208e-020
35.77  4.03897e-020
36.792  4.0657e-020
37.814  4.09227e-020
38.836  4.11869e-020
39.858  4.14493e-020
40.88  4.17102e-020
41.902  4.19694e-020
42.924  4.22269e-020
43.946  4.24827e-020
44.968  4.27368e-020
45.99  4.29891e-020
47.012  4.32398e-020
48.034  4.34886e-020
49.056  4.37356e-020
50.078  4.39809e-020
51.1  4.42242e-020
52.122  4.44658e-020
53.144  4.47054e-020
54.166  4.49432e-020
55.188  4.5179e-020
56.21  4.54129e-020
57.232  4.56448e-020
58.254  4.58747e-020
59.276  4.61026e-020
60.298  4.63285e-020
61.32  4.65524e-020
62.342  4.67741e-020
63.364  4.69937e-020
64.386  4.72113e-020
65.408  4.74266e-020
66.43  4.76399e-020
67.452  4.78509e-020
68.474  4.80597e-020
69.496  4.82662e-020
70.518  4.84706e-020
71.54  4.86726e-020
72.562  4.88723e-020
73.584  4.90697e-020
74.606  4.92648e-020
75.628  4.94575e-020
76.65  4.96478e-020
77.672  4.98357e-020
78.694  5.00212e-020
79.716  5.02042e-020
80.738  5.03847e-020
81.76  5.05627e-020
82.782  5.07383e-020
83.804  5.09112e-020
84.826  5.10817e-020
85.848  5.12495e-020
86.87  5.14147e-020
87.892  5.15773e-020
88.914  5.17373e-020
89.936  5.18946e-020
90.958  5.20492e-020
91.98  5.22011e-020
93.002  5.23502e-020
94.024  5.24967e-020
95.046  5.26403e-020
96.068  5.27812e-020
97.09  5.29192e-020
98.112  5.30544e-020
99.134  5.31868e-020
100.156  5.33163e-020
101.178  5.34429e-020
102.2  5.35666e-020
103.222  5.36873e-020
104.244  5.38051e-020
105.266  5.392e-020
106.288  5.40318e-020
107.31  5.41407e-020
108.332  5.42465e-020
109.354  5.43492e-020
110.376  5.44489e-020
111.398  5.45455e-020
112.42  5.4639e-020
113.442  5.47293e-020
114.464  5.48165e-020
115.486  5.49005e-020
116.508  5.49814e-020
117.53  5.5059e-020
118.552  5.51334e-020
119.574  5.52046e-020
120.596  5.52725e-020
121.618  5.53371e-020
122.64  5.53984e-020
123.662  5.54563e-020
124.684  5.5511e-020
125.706  5.55622e-020
126.728  5.56101e-020
127.75  5.56546e-020
128.772  5.56956e-020
129.794  5.57332e-020
130.816  5.57673e-020
131.838  5.57979e-020
132.86  5.58251e-020
133.882  5.58487e-020
134.904  5.58687e-020
135.926  5.58852e-020
136.948  5.58981e-020
137.97  5.59074e-020
138.992  5.5913e-020
140.014  5.5915e-020
141.036  5.59134e-020
142.058  5.5908e-020
143.08  5.58989e-020
144.102  5.58861e-020
145.124  5.58696e-020
146.146  5.58492e-020
147.168  5.58251e-020
148.19  5.57971e-020
149.212  5.57653e-020
150.234  5.57297e-020
151.256  5.56901e-020
152.278  5.56467e-020
153.3  5.55993e-020
154.322  5.5548e-020
155.344  5.54927e-020
156.366  5.54334e-020
157.388  5.537e-020
158.41  5.53027e-020
159.432  5.52313e-020
160.454  5.51558e-020
161.476  5.50762e-020
162.498  5.49924e-020
163.52  5.49045e-020
164.542  5.48125e-020
165.564  5.47162e-020
166.586  5.46157e-020
167.608  5.4511e-020
168.63  5.4402e-020
169.652  5.42887e-020
170.674  5.41711e-020
171.696  5.40492e-020
172.718  5.39229e-020
173.74  5.37923e-020
174.762  5.36572e-020
175.784  5.35177e-020
176.806  5.33738e-020
177.828  5.32253e-020
178.85  5.30724e-020
179.872  5.2915e-020
180.894  5.2753e-020
181.916  5.25865e-020
182.938  5.24154e-020
183.96  5.22397e-020
184.982  5.20594e-020
186.004  5.18744e-020
187.026  5.16847e-020
188.048  5.14904e-020
189.07  5.12913e-020
190.092  5.10875e-020
191.114  5.0879e-020
192.136  5.06657e-020
193.158  5.04476e-020
194.18  5.02247e-020
195.202  4.99969e-020
196.224  4.97644e-020
197.246  4.95269e-020
198.268  4.92846e-020
199.29  4.90374e-020
200.312  4.87852e-020
201.334  4.85282e-020
202.356  4.82662e-020
203.378  4.79992e-020
204.4  4.77273e-020
205.422  4.74504e-020
206.444  4.71685e-020
207.466  4.68816e-020
208.488  4.65897e-020
209.51  4.62928e-020
210.532  4.59909e-020
211.554  4.56839e-020
212.576  4.53719e-020
213.598  4.50548e-020
214.62  4.47327e-020
215.642  4.44056e-020
216.664  4.40734e-020
217.686  4.37362e-020
218.708  4.33939e-020
219.73  4.30466e-020
220.752  4.26943e-020
221.774  4.23369e-020
222.796  4.19745e-020
223.818  4.16071e-020
224.84  4.12348e-020
225.862  4.08574e-020
226.884  4.04752e-020
227.906  4.00879e-020
228.928  3.96958e-020
229.95  3.92988e-020
230.972  3.88969e-020
231.994  3.84901e-020
233.016  3.80786e-020
234.038  3.76623e-020
235.06  3.72413e-020
236.082  3.68155e-020
237.104  3.63851e-020
238.126  3.59502e-020
239.148  3.55106e-020
240.17  3.50666e-020
241.192  3.46181e-020
242.214  3.41652e-020
243.236  3.3708e-020
244.258  3.32465e-020
245.28  3.27808e-020
246.302  3.23111e-020
247.324  3.18372e-020
248.346  3.13595e-020
249.368  3.08778e-020
250.39  3.03924e-020
251.412  2.99033e-020
252.434  2.94106e-020
253.456  2.89144e-020
254.478  2.84148e-020
255.5  2.7912e-020
256.522  2.74061e-020
257.544  2.68972e-020
258.566  2.63853e-020
259.588  2.58708e-020
260.61  2.53536e-020
261.632  2.4834e-020
262.654  2.43121e-020
263.676  2.37881e-020
264.698  2.32621e-020
265.72  2.27344e-020
266.742  2.2205e-020
267.764  2.16742e-020
268.786  2.11422e-020
269.808  2.06092e-020
270.83  2.00754e-020
271.852  1.9541e-020
272.874  1.90063e-020
273.896  1.84714e-020
274.918  1.79367e-020
275.94  1.74024e-020
276.962  1.68687e-020
277.984  1.63359e-020
279.006  1.58043e-020
280.028  1.52742e-020
281.05  1.4746e-020
282.072  1.42198e-020
283.094  1.3696e-020
284.116  1.3175e-020
285.138  1.26571e-020
286.16  1.21426e-020
287.182  1.1632e-020
288.204  1.11256e-020
289.226  1.06237e-020
290.248  1.01269e-020
291.27  9.6354e-021
292.292  9.14976e-021
293.314  8.67039e-021
294.336  8.19774e-021
295.358  7.73227e-021
296.38  7.27446e-021
297.402  6.82482e-021
298.424  6.38384e-021
299.446  5.95206e-021
300.468  5.53e-021
301.49  5.11823e-021
302.512  4.71732e-021
303.534  4.32784e-021
304.556  3.95041e-021
305.578  3.58564e-021
306.6  3.23418e-021
307.622  2.89666e-021
308.644  2.57377e-021
309.666  2.26619e-021
310.688  1.97464e-021
311.71  1.69984e-021
312.732  1.44253e-021
313.754  1.20349e-021
314.776  9.8349e-022
315.798  7.83345e-022
316.82  6.03879e-022
317.842  4.45937e-022
318.864  3.10388e-022
319.886  1.9812e-022
320.908  1.10039e-022
321.93  4.70751e-023
322.952  1.01714e-023
