1.022  1.29922e-020
2.044  1.32555e-020
3.066  1.35183e-020
4.088  1.37804e-020
5.11  1.4042e-020
6.132  1.4303e-020
7.154  1.45633e-020
8.176  1.48229e-020
9.198  1.50818e-020
10.22  1.53399e-020
11.242  1.55973e-020
12.264  1.58539e-020
13.286  1.61097e-020
14.308  1.63648e-020
15.33  1.66191e-020
16.352  1.68726e-020
17.374  1.71253e-020
18.396  1.73772e-020
19.418  1.76283e-020
20.44  1.78786e-020
21.462  1.81281e-020
22.484  1.83768e-020
23.506  1.86246e-020
24.528  1.88717e-020
25.55  1.91179e-020
26.572  1.93633e-020
27.594  1.96079e-020
28.616  1.98515e-020
29.638  2.00944e-020
30.66  2.03363e-020
31.682  2.05774e-020
32.704  2.08176e-020
33.726  2.10568e-020
34.748  2.12951e-020
35.77  2.15325e-020
36.792  2.17689e-020
37.814  2.20044e-020
38.836  2.22388e-020
39.858  2.24723e-020
40.88  2.27047e-020
41.902  2.29361e-020
42.924  2.31665e-020
43.946  2.33958e-020
44.968  2.3624e-020
45.99  2.3851e-020
47.012  2.4077e-020
48.034  2.43018e-020
49.056  2.45254e-020
50.078  2.47479e-020
51.1  2.49692e-020
52.122  2.51892e-020
53.144  2.5408e-020
54.166  2.56256e-020
55.188  2.58418e-020
56.21  2.60568e-020
57.232  2.62704e-020
58.254  2.64827e-020
59.276  2.66937e-020
60.298  2.69033e-020
61.32  2.71115e-020
62.342  2.73182e-020
63.364  2.75236e-020
64.386  2.77274e-020
65.408  2.79298e-020
66.43  2.81308e-020
67.452  2.83301e-020
68.474  2.8528e-020
69.496  2.87243e-020
70.518  2.8919e-020
71.54  2.91122e-020
72.562  2.93037e-020
73.584  2.94936e-020
74.606  2.96818e-020
75.628  2.98683e-020
76.65  3.00532e-020
77.672  3.02364e-020
78.694  3.04178e-020
79.716  3.05975e-020
80.738  3.07754e-020
81.76  3.09515e-020
82.782  3.11258e-020
83.804  3.12982e-020
84.826  3.14689e-020
85.848  3.16376e-020
86.87  3.18045e-020
87.892  3.19695e-020
88.914  3.21325e-020
89.936  3.22936e-020
90.958  3.24527e-020
91.98  3.26099e-020
93.002  3.2765e-020
94.024  3.29182e-020
95.046  3.30693e-020
96.068  3.32183e-020
97.09  3.33653e-020
98.112  3.35102e-020
99.134  3.36529e-020
100.156  3.37936e-020
101.178  3.3932e-020
102.2  3.40684e-020
103.222  3.42025e-020
104.244  3.43344e-020
105.266  3.44641e-020
106.288  3.45916e-020
107.31  3.47168e-020
108.332  3.48397e-020
109.354  3.49603e-020
110.376  3.50786e-020
111.398  3.51946e-020
112.42  3.53082e-020
113.442  3.54195e-020
114.464  3.55283e-020
115.486  3.56348e-020
116.508  3.57388e-020
117.53  3.58404e-020
118.552  3.59395e-020
119.574  3.60362e-020
120.596  3.61303e-020
121.618  3.62219e-020
122.64  3.6311e-020
123.662  3.63975e-020
124.684  3.64815e-020
125.706  3.65629e-020
126.728  3.66416e-020
127.75  3.67178e-020
128.772  3.67912e-020
129.794  3.68621e-020
130.816  3.69302e-020
131.838  3.69956e-020
132.86  3.70583e-020
133.882  3.71183e-020
134.904  3.71755e-020
135.926  3.72299e-020
136.948  3.72815e-020
137.97  3.73303e-020
138.992  3.73763e-020
140.014  3.74194e-020
141.036  3.74597e-020
142.058  3.7497e-020
143.08  3.75315e-020
144.102  3.7563e-020
145.124  3.75915e-020
146.146  3.76171e-020
147.168  3.76397e-020
148.19  3.76593e-020
149.212  3.76759e-020
150.234  3.76894e-020
151.256  3.76998e-020
152.278  3.77072e-020
153.3  3.77114e-020
154.322  3.77125e-020
155.344  3.77105e-020
156.366  3.77053e-020
157.388  3.7697e-020
158.41  3.76854e-020
159.432  3.76706e-020
160.454  3.76525e-020
161.476  3.76312e-020
162.498  3.76066e-020
163.52  3.75787e-020
164.542  3.75475e-020
165.564  3.75129e-020
166.586  3.7475e-020
167.608  3.74336e-020
168.63  3.73889e-020
169.652  3.73408e-020
170.674  3.72892e-020
171.696  3.72341e-020
172.718  3.71756e-020
173.74  3.71136e-020
174.762  3.7048e-020
175.784  3.69789e-020
176.806  3.69063e-020
177.828  3.68301e-020
178.85  3.67503e-020
179.872  3.66669e-020
180.894  3.65798e-020
181.916  3.64891e-020
182.938  3.63947e-020
183.96  3.62967e-020
184.982  3.61949e-020
186.004  3.60894e-020
187.026  3.59802e-020
188.048  3.58672e-020
189.07  3.57505e-020
190.092  3.563e-020
191.114  3.55057e-020
192.136  3.53775e-020
193.158  3.52456e-020
194.18  3.51097e-020
195.202  3.49701e-020
196.224  3.48265e-020
197.246  3.46791e-020
198.268  3.45278e-020
199.29  3.43725e-020
200.312  3.42134e-020
201.334  3.40503e-020
202.356  3.38832e-020
203.378  3.37122e-020
204.4  3.35373e-020
205.422  3.33584e-020
206.444  3.31755e-020
207.466  3.29886e-020
208.488  3.27977e-020
209.51  3.26029e-020
210.532  3.2404e-020
211.554  3.22012e-020
212.576  3.19943e-020
213.598  3.17835e-020
214.62  3.15686e-020
215.642  3.13497e-020
216.664  3.11269e-020
217.686  3.09e-020
218.708  3.06691e-020
219.73  3.04343e-020
220.752  3.01955e-020
221.774  2.99527e-020
222.796  2.9706e-020
223.818  2.94553e-020
224.84  2.92006e-020
225.862  2.89421e-020
226.884  2.86796e-020
227.906  2.84133e-020
228.928  2.81431e-020
229.95  2.7869e-020
230.972  2.75911e-020
231.994  2.73094e-020
233.016  2.7024e-020
234.038  2.67348e-020
235.06  2.64419e-020
236.082  2.61454e-020
237.104  2.58452e-020
238.126  2.55414e-020
239.148  2.5234e-020
240.17  2.49231e-020
241.192  2.46088e-020
242.214  2.4291e-020
243.236  2.39698e-020
244.258  2.36454e-020
245.28  2.33176e-020
246.302  2.29867e-020
247.324  2.26526e-020
248.346  2.23155e-020
249.368  2.19754e-020
250.39  2.16323e-020
251.412  2.12863e-020
252.434  2.09376e-020
253.456  2.05862e-020
254.478  2.02322e-020
255.5  1.98756e-020
256.522  1.95167e-020
257.544  1.91554e-020
258.566  1.87919e-020
259.588  1.84262e-020
260.61  1.80586e-020
261.632  1.7689e-020
262.654  1.73177e-020
263.676  1.69447e-020
264.698  1.65703e-020
265.72  1.61944e-020
266.742  1.58172e-020
267.764  1.5439e-020
268.786  1.50598e-020
269.808  1.46798e-020
270.83  1.42991e-020
271.852  1.3918e-020
272.874  1.35365e-020
273.896  1.31549e-020
274.918  1.27734e-020
275.94  1.23921e-020
276.962  1.20112e-020
277.984  1.1631e-020
279.006  1.12516e-020
280.028  1.08733e-020
281.05  1.04962e-020
282.072  1.01207e-020
283.094  9.74687e-021
284.116  9.37504e-021
285.138  9.00545e-021
286.16  8.63835e-021
287.182  8.27401e-021
288.204  7.91271e-021
289.226  7.55471e-021
290.248  7.20033e-021
291.27  6.84985e-021
292.292  6.50358e-021
293.314  6.16183e-021
294.336  5.82495e-021
295.358  5.49324e-021
296.38  5.16708e-021
297.402  4.84679e-021
298.424  4.53276e-021
299.446  4.22535e-021
300.468  3.92494e-021
301.49  3.63194e-021
302.512  3.34674e-021
303.534  3.06976e-021
304.556  2.80143e-021
305.578  2.54218e-021
306.6  2.29246e-021
307.622  2.05274e-021
308.644  1.82348e-021
309.666  1.60518e-021
310.688  1.39832e-021
311.71  1.20341e-021
312.732  1.02099e-021
313.754  8.51572e-022
314.776  6.95718e-022
315.798  5.53985e-022
316.82  4.26948e-022
317.842  3.15193e-022
318.864  2.19323e-022
319.886  1.39953e-022
320.908  7.77095e-023
321.93  3.32345e-023
322.952  7.17873e-024
