1.022  5.80513e-021
2.044  5.7622e-021
3.066  5.72226e-021
4.088  5.68525e-021
5.11  5.65112e-021
6.132  5.61982e-021
7.154  5.59131e-021
8.176  5.56553e-021
9.198  5.54244e-021
10.22  5.52199e-021
11.242  5.50414e-021
12.264  5.48884e-021
13.286  5.47607e-021
14.308  5.46577e-021
15.33  5.45791e-021
16.352  5.45245e-021
17.374  5.44936e-021
18.396  5.4486e-021
19.418  5.45012e-021
20.44  5.45389e-021
21.462  5.45987e-021
22.484  5.46803e-021
23.506  5.47832e-021
24.528  5.49071e-021
25.55  5.50516e-021
26.572  5.52163e-021
27.594  5.54009e-021
28.616  5.56048e-021
29.638  5.58279e-021
30.66  5.60696e-021
31.682  5.63297e-021
32.704  5.66077e-021
33.726  5.69033e-021
34.748  5.72161e-021
35.77  5.75457e-021
36.792  5.78917e-021
37.814  5.82539e-021
38.836  5.86318e-021
39.858  5.9025e-021
40.88  5.94333e-021
41.902  5.98563e-021
42.924  6.02935e-021
43.946  6.07447e-021
44.968  6.12095e-021
45.99  6.16876e-021
47.012  6.21786e-021
48.034  6.26822e-021
49.056  6.31981e-021
50.078  6.37258e-021
51.1  6.42652e-021
52.122  6.48158e-021
53.144  6.53773e-021
54.166  6.59495e-021
55.188  6.65319e-021
56.21  6.71243e-021
57.232  6.77263e-021
58.254  6.83377e-021
59.276  6.89581e-021
60.298  6.95872e-021
61.32  7.02248e-021
62.342  7.08705e-021
63.364  7.15239e-021
64.386  7.21849e-021
65.408  7.28531e-021
66.43  7.35282e-021
67.452  7.421e-021
68.474  7.48981e-021
69.496  7.55922e-021
70.518  7.62922e-021
71.54  7.69976e-021
72.562  7.77082e-021
73.584  7.84238e-021
74.606  7.9144e-021
75.628  7.98686e-021
76.65  8.05972e-021
77.672  8.13298e-021
78.694  8.20659e-021
79.716  8.28052e-021
80.738  8.35477e-021
81.76  8.42929e-021
82.782  8.50406e-021
83.804  8.57905e-021
84.826  8.65425e-021
85.848  8.72962e-021
86.87  8.80514e-021
87.892  8.88078e-021
88.914  8.95652e-021
89.936  9.03233e-021
90.958  9.10819e-021
91.98  9.18407e-021
93.002  9.25995e-021
94.024  9.3358e-021
95.046  9.41161e-021
96.068  9.48734e-021
97.09  9.56298e-021
98.112  9.63849e-021
99.134  9.71386e-021
100.156  9.78905e-021
101.178  9.86406e-021
102.2  9.93885e-021
103.222  1.00134e-020
104.244  1.00877e-020
105.266  1.01617e-020
106.288  1.02354e-020
107.31  1.03087e-020
108.332  1.03818e-020
109.354  1.04544e-020
110.376  1.05266e-020
111.398  1.05984e-020
112.42  1.06698e-020
113.442  1.07407e-020
114.464  1.08111e-020
115.486  1.0881e-020
116.508  1.09504e-020
117.53  1.10192e-020
118.552  1.10875e-020
119.574  1.11551e-020
120.596  1.12221e-020
121.618  1.12885e-020
122.64  1.13542e-020
123.662  1.14193e-020
124.684  1.14836e-020
125.706  1.15472e-020
126.728  1.16101e-020
127.75  1.16722e-020
128.772  1.17335e-020
129.794  1.1794e-020
130.816  1.18537e-020
131.838  1.19125e-020
132.86  1.19704e-020
133.882  1.20275e-020
134.904  1.20836e-020
135.926  1.21388e-020
136.948  1.2193e-020
137.97  1.22463e-020
138.992  1.22986e-020
140.014  1.23498e-020
141.036  1.24001e-020
142.058  1.24492e-020
143.08  1.24973e-020
144.102  1.25443e-020
145.124  1.25902e-020
146.146  1.2635e-020
147.168  1.26785e-020
148.19  1.2721e-020
149.212  1.27622e-020
150.234  1.28022e-020
151.256  1.2841e-020
152.278  1.28785e-020
153.3  1.29148e-020
154.322  1.29497e-020
155.344  1.29834e-020
156.366  1.30157e-020
157.388  1.30467e-020
158.41  1.30763e-020
159.432  1.31046e-020
160.454  1.31314e-020
161.476  1.31568e-020
162.498  1.31808e-020
163.52  1.32033e-020
164.542  1.32244e-020
165.564  1.3244e-020
166.586  1.3262e-020
167.608  1.32785e-020
168.63  1.32935e-020
169.652  1.3307e-020
170.674  1.33188e-020
171.696  1.33291e-020
172.718  1.33377e-020
173.74  1.33448e-020
174.762  1.33502e-020
175.784  1.33539e-020
176.806  1.3356e-020
177.828  1.33563e-020
178.85  1.3355e-020
179.872  1.3352e-020
180.894  1.33472e-020
181.916  1.33407e-020
182.938  1.33324e-020
183.96  1.33223e-020
184.982  1.33105e-020
186.004  1.32968e-020
187.026  1.32814e-020
188.048  1.32641e-020
189.07  1.3245e-020
190.092  1.3224e-020
191.114  1.32012e-020
192.136  1.31765e-020
193.158  1.31499e-020
194.18  1.31214e-020
195.202  1.3091e-020
196.224  1.30587e-020
197.246  1.30245e-020
198.268  1.29883e-020
199.29  1.29502e-020
200.312  1.29102e-020
201.334  1.28682e-020
202.356  1.28242e-020
203.378  1.27783e-020
204.4  1.27304e-020
205.422  1.26805e-020
206.444  1.26286e-020
207.466  1.25747e-020
208.488  1.25189e-020
209.51  1.2461e-020
210.532  1.24011e-020
211.554  1.23393e-020
212.576  1.22754e-020
213.598  1.22095e-020
214.62  1.21416e-020
215.642  1.20718e-020
216.664  1.19999e-020
217.686  1.1926e-020
218.708  1.18501e-020
219.73  1.17722e-020
220.752  1.16923e-020
221.774  1.16105e-020
222.796  1.15266e-020
223.818  1.14408e-020
224.84  1.1353e-020
225.862  1.12632e-020
226.884  1.11715e-020
227.906  1.10779e-020
228.928  1.09823e-020
229.95  1.08848e-020
230.972  1.07854e-020
231.994  1.06842e-020
233.016  1.0581e-020
234.038  1.0476e-020
235.06  1.03691e-020
236.082  1.02604e-020
237.104  1.01499e-020
238.126  1.00376e-020
239.148  9.92356e-021
240.17  9.80776e-021
241.192  9.69024e-021
242.214  9.57103e-021
243.236  9.45014e-021
244.258  9.32761e-021
245.28  9.20347e-021
246.302  9.07775e-021
247.324  8.95048e-021
248.346  8.82168e-021
249.368  8.6914e-021
250.39  8.55967e-021
251.412  8.42653e-021
252.434  8.29201e-021
253.456  8.15616e-021
254.478  8.01902e-021
255.5  7.88063e-021
256.522  7.74104e-021
257.544  7.60028e-021
258.566  7.45842e-021
259.588  7.3155e-021
260.61  7.17157e-021
261.632  7.02669e-021
262.654  6.88091e-021
263.676  6.73428e-021
264.698  6.58688e-021
265.72  6.43875e-021
266.742  6.28996e-021
267.764  6.14058e-021
268.786  5.99068e-021
269.808  5.84031e-021
270.83  5.68957e-021
271.852  5.53851e-021
272.874  5.38721e-021
273.896  5.23575e-021
274.918  5.08422e-021
275.94  4.93269e-021
276.962  4.78125e-021
277.984  4.62999e-021
279.006  4.479e-021
280.028  4.32836e-021
281.05  4.17819e-021
282.072  4.02856e-021
283.094  3.87958e-021
284.116  3.73137e-021
285.138  3.58401e-021
286.16  3.43763e-021
287.182  3.29233e-021
288.204  3.14822e-021
289.226  3.00543e-021
290.248  2.86407e-021
291.27  2.72428e-021
292.292  2.58617e-021
293.314  2.44987e-021
294.336  2.31553e-021
295.358  2.18327e-021
296.38  2.05324e-021
297.402  1.92557e-021
298.424  1.80043e-021
299.446  1.67795e-021
300.468  1.55829e-021
301.49  1.44161e-021
302.512  1.32808e-021
303.534  1.21785e-021
304.556  1.1111e-021
305.578  1.008e-021
306.6  9.08724e-022
307.622  8.13462e-022
308.644  7.22396e-022
309.666  6.35716e-022
310.688  5.53618e-022
311.71  4.76299e-022
312.732  4.03965e-022
313.754  3.36822e-022
314.776  2.75084e-022
315.798  2.18968e-022
316.82  1.68696e-022
317.842  1.24495e-022
318.864  8.6597e-023
319.886  5.52383e-023
320.908  3.066e-023
321.93  1.31076e-023
322.952  2.8302e-024
