1.022  5.61292e-021
2.044  5.51975e-021
3.066  5.428e-021
4.088  5.33764e-021
5.11  5.24866e-021
6.132  5.16104e-021
7.154  5.07476e-021
8.176  4.98979e-021
9.198  4.90613e-021
10.22  4.82377e-021
11.242  4.74267e-021
12.264  4.66285e-021
13.286  4.58428e-021
14.308  4.50696e-021
15.33  4.43087e-021
16.352  4.35601e-021
17.374  4.28236e-021
18.396  4.20993e-021
19.418  4.13869e-021
20.44  4.06863e-021
21.462  3.99975e-021
22.484  3.93203e-021
23.506  3.86546e-021
24.528  3.80002e-021
25.55  3.73572e-021
26.572  3.67253e-021
27.594  3.61044e-021
28.616  3.54943e-021
29.638  3.48951e-021
30.66  3.43064e-021
31.682  3.37283e-021
32.704  3.31605e-021
33.726  3.2603e-021
34.748  3.20556e-021
35.77  3.15181e-021
36.792  3.09906e-021
37.814  3.04728e-021
38.836  2.99646e-021
39.858  2.94658e-021
40.88  2.89765e-021
41.902  2.84964e-021
42.924  2.80255e-021
43.946  2.75635e-021
44.968  2.71105e-021
45.99  2.66663e-021
47.012  2.62307e-021
48.034  2.58037e-021
49.056  2.53852e-021
50.078  2.4975e-021
51.1  2.4573e-021
52.122  2.41792e-021
53.144  2.37934e-021
54.166  2.34155e-021
55.188  2.30455e-021
56.21  2.26832e-021
57.232  2.23286e-021
58.254  2.19814e-021
59.276  2.16418e-021
60.298  2.13094e-021
61.32  2.09844e-021
62.342  2.06665e-021
63.364  2.03557e-021
64.386  2.00519e-021
65.408  1.9755e-021
66.43  1.94649e-021
67.452  1.91815e-021
68.474  1.89049e-021
69.496  1.86348e-021
70.518  1.83711e-021
71.54  1.8114e-021
72.562  1.78631e-021
73.584  1.76185e-021
74.606  1.73801e-021
75.628  1.71479e-021
76.65  1.69216e-021
77.672  1.67014e-021
78.694  1.6487e-021
79.716  1.62785e-021
80.738  1.60757e-021
81.76  1.58786e-021
82.782  1.56872e-021
83.804  1.55013e-021
84.826  1.53209e-021
85.848  1.5146e-021
86.87  1.49764e-021
87.892  1.48121e-021
88.914  1.4653e-021
89.936  1.44992e-021
90.958  1.43504e-021
91.98  1.42068e-021
93.002  1.40681e-021
94.024  1.39344e-021
95.046  1.38055e-021
96.068  1.36815e-021
97.09  1.35623e-021
98.112  1.34478e-021
99.134  1.3338e-021
100.156  1.32327e-021
101.178  1.31321e-021
102.2  1.30359e-021
103.222  1.29442e-021
104.244  1.28569e-021
105.266  1.2774e-021
106.288  1.26953e-021
107.31  1.26209e-021
108.332  1.25507e-021
109.354  1.24847e-021
110.376  1.24227e-021
111.398  1.23648e-021
112.42  1.23109e-021
113.442  1.2261e-021
114.464  1.22149e-021
115.486  1.21728e-021
116.508  1.21344e-021
117.53  1.20998e-021
118.552  1.20689e-021
119.574  1.20417e-021
120.596  1.20181e-021
121.618  1.19981e-021
122.64  1.19817e-021
123.662  1.19687e-021
124.684  1.19591e-021
125.706  1.1953e-021
126.728  1.19502e-021
127.75  1.19507e-021
128.772  1.19545e-021
129.794  1.19614e-021
130.816  1.19716e-021
131.838  1.19848e-021
132.86  1.20012e-021
133.882  1.20205e-021
134.904  1.20429e-021
135.926  1.20681e-021
136.948  1.20963e-021
137.97  1.21273e-021
138.992  1.21611e-021
140.014  1.21976e-021
141.036  1.22368e-021
142.058  1.22787e-021
143.08  1.23232e-021
144.102  1.23702e-021
145.124  1.24197e-021
146.146  1.24717e-021
147.168  1.25261e-021
148.19  1.25828e-021
149.212  1.26418e-021
150.234  1.27031e-021
151.256  1.27666e-021
152.278  1.28322e-021
153.3  1.28999e-021
154.322  1.29696e-021
155.344  1.30414e-021
156.366  1.3115e-021
157.388  1.31905e-021
158.41  1.32679e-021
159.432  1.3347e-021
160.454  1.34277e-021
161.476  1.35102e-021
162.498  1.35942e-021
163.52  1.36797e-021
164.542  1.37667e-021
165.564  1.38551e-021
166.586  1.39448e-021
167.608  1.40358e-021
168.63  1.4128e-021
169.652  1.42213e-021
170.674  1.43157e-021
171.696  1.44111e-021
172.718  1.45074e-021
173.74  1.46046e-021
174.762  1.47026e-021
175.784  1.48014e-021
176.806  1.49007e-021
177.828  1.50007e-021
178.85  1.51011e-021
179.872  1.5202e-021
180.894  1.53032e-021
181.916  1.54047e-021
182.938  1.55064e-021
183.96  1.56082e-021
184.982  1.571e-021
186.004  1.58117e-021
187.026  1.59134e-021
188.048  1.60148e-021
189.07  1.61158e-021
190.092  1.62165e-021
191.114  1.63167e-021
192.136  1.64163e-021
193.158  1.65153e-021
194.18  1.66134e-021
195.202  1.67108e-021
196.224  1.68071e-021
197.246  1.69024e-021
198.268  1.69966e-021
199.29  1.70896e-021
200.312  1.71812e-021
201.334  1.72713e-021
202.356  1.73599e-021
203.378  1.74469e-021
204.4  1.75321e-021
205.422  1.76154e-021
206.444  1.76968e-021
207.466  1.77762e-021
208.488  1.78533e-021
209.51  1.79282e-021
210.532  1.80007e-021
211.554  1.80706e-021
212.576  1.8138e-021
213.598  1.82026e-021
214.62  1.82644e-021
215.642  1.83233e-021
216.664  1.8379e-021
217.686  1.84316e-021
218.708  1.84809e-021
219.73  1.85269e-021
220.752  1.85692e-021
221.774  1.8608e-021
222.796  1.8643e-021
223.818  1.86741e-021
224.84  1.87012e-021
225.862  1.87242e-021
226.884  1.8743e-021
227.906  1.87575e-021
228.928  1.87676e-021
229.95  1.8773e-021
230.972  1.87738e-021
231.994  1.87698e-021
233.016  1.8761e-021
234.038  1.87471e-021
235.06  1.87281e-021
236.082  1.87038e-021
237.104  1.86742e-021
238.126  1.86392e-021
239.148  1.85987e-021
240.17  1.85525e-021
241.192  1.85005e-021
242.214  1.84427e-021
243.236  1.8379e-021
244.258  1.83092e-021
245.28  1.82333e-021
246.302  1.81512e-021
247.324  1.80628e-021
248.346  1.79681e-021
249.368  1.78669e-021
250.39  1.77592e-021
251.412  1.76449e-021
252.434  1.75239e-021
253.456  1.73963e-021
254.478  1.72618e-021
255.5  1.71206e-021
256.522  1.69725e-021
257.544  1.68175e-021
258.566  1.66556e-021
259.588  1.64868e-021
260.61  1.6311e-021
261.632  1.61282e-021
262.654  1.59385e-021
263.676  1.57417e-021
264.698  1.5538e-021
265.72  1.53274e-021
266.742  1.51099e-021
267.764  1.48855e-021
268.786  1.46543e-021
269.808  1.44164e-021
270.83  1.41717e-021
271.852  1.39205e-021
272.874  1.36628e-021
273.896  1.33987e-021
274.918  1.31283e-021
275.94  1.28518e-021
276.962  1.25692e-021
277.984  1.22809e-021
279.006  1.19869e-021
280.028  1.16874e-021
281.05  1.13826e-021
282.072  1.10729e-021
283.094  1.07583e-021
284.116  1.04392e-021
285.138  1.01159e-021
286.16  9.78861e-022
287.182  9.45768e-022
288.204  9.12346e-022
289.226  8.7863e-022
290.248  8.44658e-022
291.27  8.10472e-022
292.292  7.76113e-022
293.314  7.41628e-022
294.336  7.07064e-022
295.358  6.72472e-022
296.38  6.37905e-022
297.402  6.03419e-022
298.424  5.69073e-022
299.446  5.34929e-022
300.468  5.01053e-022
301.49  4.67512e-022
302.512  4.34377e-022
303.534  4.01725e-022
304.556  3.69633e-022
305.578  3.38183e-022
306.6  3.07461e-022
307.622  2.77557e-022
308.644  2.48564e-022
309.666  2.20579e-022
310.688  1.93705e-022
311.71  1.68047e-022
312.732  1.43716e-022
313.754  1.20827e-022
314.776  9.94998e-023
315.798  7.98585e-023
316.82  6.20325e-023
317.842  4.61563e-023
318.864  3.23696e-023
319.886  2.08171e-023
320.908  1.16489e-023
321.93  5.0207e-024
322.952  1.09288e-024
