1.022  1.99591e-020
2.044  1.99965e-020
3.066  2.00336e-020
4.088  2.00705e-020
5.11  2.01071e-020
6.132  2.01435e-020
7.154  2.01795e-020
8.176  2.02152e-020
9.198  2.02506e-020
10.22  2.02856e-020
11.242  2.03203e-020
12.264  2.03547e-020
13.286  2.03888e-020
14.308  2.04226e-020
15.33  2.04561e-020
16.352  2.04893e-020
17.374  2.05224e-020
18.396  2.05552e-020
19.418  2.05878e-020
20.44  2.06202e-020
21.462  2.06524e-020
22.484  2.06845e-020
23.506  2.07164e-020
24.528  2.07481e-020
25.55  2.07798e-020
26.572  2.08112e-020
27.594  2.08426e-020
28.616  2.08738e-020
29.638  2.0905e-020
30.66  2.0936e-020
31.682  2.09668e-020
32.704  2.09976e-020
33.726  2.10283e-020
34.748  2.10588e-020
35.77  2.10892e-020
36.792  2.11195e-020
37.814  2.11496e-020
38.836  2.11797e-020
39.858  2.12096e-020
40.88  2.12393e-020
41.902  2.1269e-020
42.924  2.12984e-020
43.946  2.13278e-020
44.968  2.1357e-020
45.99  2.1386e-020
47.012  2.14149e-020
48.034  2.14435e-020
49.056  2.14721e-020
50.078  2.15004e-020
51.1  2.15286e-020
52.122  2.15565e-020
53.144  2.15843e-020
54.166  2.16119e-020
55.188  2.16393e-020
56.21  2.16664e-020
57.232  2.16934e-020
58.254  2.17201e-020
59.276  2.17466e-020
60.298  2.17729e-020
61.32  2.17989e-020
62.342  2.18247e-020
63.364  2.18502e-020
64.386  2.18755e-020
65.408  2.19005e-020
66.43  2.19252e-020
67.452  2.19497e-020
68.474  2.19739e-020
69.496  2.19978e-020
70.518  2.20214e-020
71.54  2.20447e-020
72.562  2.20678e-020
73.584  2.20905e-020
74.606  2.21129e-020
75.628  2.2135e-020
76.65  2.21568e-020
77.672  2.21782e-020
78.694  2.21994e-020
79.716  2.22202e-020
80.738  2.22406e-020
81.76  2.22608e-020
82.782  2.22805e-020
83.804  2.22999e-020
84.826  2.2319e-020
85.848  2.23377e-020
86.87  2.2356e-020
87.892  2.2374e-020
88.914  2.23916e-020
89.936  2.24088e-020
90.958  2.24256e-020
91.98  2.2442e-020
93.002  2.24581e-020
94.024  2.24737e-020
95.046  2.2489e-020
96.068  2.25038e-020
97.09  2.25183e-020
98.112  2.25323e-020
99.134  2.25459e-020
100.156  2.25591e-020
101.178  2.25718e-020
102.2  2.25842e-020
103.222  2.25961e-020
104.244  2.26075e-020
105.266  2.26186e-020
106.288  2.26291e-020
107.31  2.26393e-020
108.332  2.26489e-020
109.354  2.26581e-020
110.376  2.26669e-020
111.398  2.26752e-020
112.42  2.2683e-020
113.442  2.26904e-020
114.464  2.26973e-020
115.486  2.27036e-020
116.508  2.27096e-020
117.53  2.2715e-020
118.552  2.27199e-020
119.574  2.27243e-020
120.596  2.27283e-020
121.618  2.27317e-020
122.64  2.27346e-020
123.662  2.2737e-020
124.684  2.27389e-020
125.706  2.27402e-020
126.728  2.2741e-020
127.75  2.27413e-020
128.772  2.27411e-020
129.794  2.27403e-020
130.816  2.27389e-020
131.838  2.2737e-020
132.86  2.27345e-020
133.882  2.27315e-020
134.904  2.27279e-020
135.926  2.27237e-020
136.948  2.2719e-020
137.97  2.27136e-020
138.992  2.27076e-020
140.014  2.27011e-020
141.036  2.26939e-020
142.058  2.26861e-020
143.08  2.26777e-020
144.102  2.26686e-020
145.124  2.2659e-020
146.146  2.26486e-020
147.168  2.26376e-020
148.19  2.26259e-020
149.212  2.26136e-020
150.234  2.26006e-020
151.256  2.25869e-020
152.278  2.25724e-020
153.3  2.25573e-020
154.322  2.25414e-020
155.344  2.25249e-020
156.366  2.25075e-020
157.388  2.24894e-020
158.41  2.24706e-020
159.432  2.24509e-020
160.454  2.24305e-020
161.476  2.24093e-020
162.498  2.23872e-020
163.52  2.23643e-020
164.542  2.23406e-020
165.564  2.2316e-020
166.586  2.22905e-020
167.608  2.22642e-020
168.63  2.22369e-020
169.652  2.22087e-020
170.674  2.21796e-020
171.696  2.21496e-020
172.718  2.21185e-020
173.74  2.20865e-020
174.762  2.20535e-020
175.784  2.20194e-020
176.806  2.19843e-020
177.828  2.19482e-020
178.85  2.19109e-020
179.872  2.18726e-020
180.894  2.18331e-020
181.916  2.17925e-020
182.938  2.17507e-020
183.96  2.17077e-020
184.982  2.16635e-020
186.004  2.16181e-020
187.026  2.15714e-020
188.048  2.15234e-020
189.07  2.14741e-020
190.092  2.14235e-020
191.114  2.13715e-020
192.136  2.13182e-020
193.158  2.12634e-020
194.18  2.12072e-020
195.202  2.11495e-020
196.224  2.10903e-020
197.246  2.10296e-020
198.268  2.09673e-020
199.29  2.09034e-020
200.312  2.0838e-020
201.334  2.07708e-020
202.356  2.0702e-020
203.378  2.06315e-020
204.4  2.05593e-020
205.422  2.04853e-020
206.444  2.04095e-020
207.466  2.03318e-020
208.488  2.02523e-020
209.51  2.01709e-020
210.532  2.00875e-020
211.554  2.00022e-020
212.576  1.99149e-020
213.598  1.98255e-020
214.62  1.97341e-020
215.642  1.96406e-020
216.664  1.95449e-020
217.686  1.9447e-020
218.708  1.9347e-020
219.73  1.92447e-020
220.752  1.91401e-020
221.774  1.90332e-020
222.796  1.89239e-020
223.818  1.88123e-020
224.84  1.86983e-020
225.862  1.85818e-020
226.884  1.84628e-020
227.906  1.83414e-020
228.928  1.82173e-020
229.95  1.80907e-020
230.972  1.79615e-020
231.994  1.78297e-020
233.016  1.76951e-020
234.038  1.75579e-020
235.06  1.7418e-020
236.082  1.72753e-020
237.104  1.71298e-020
238.126  1.69815e-020
239.148  1.68304e-020
240.17  1.66764e-020
241.192  1.65196e-020
242.214  1.63598e-020
243.236  1.61971e-020
244.258  1.60316e-020
245.28  1.5863e-020
246.302  1.56915e-020
247.324  1.55171e-020
248.346  1.53396e-020
249.368  1.51592e-020
250.39  1.49758e-020
251.412  1.47893e-020
252.434  1.45999e-020
253.456  1.44075e-020
254.478  1.42121e-020
255.5  1.40138e-020
256.522  1.38124e-020
257.544  1.36082e-020
258.566  1.3401e-020
259.588  1.31908e-020
260.61  1.29779e-020
261.632  1.2762e-020
262.654  1.25434e-020
263.676  1.23219e-020
264.698  1.20978e-020
265.72  1.18709e-020
266.742  1.16414e-020
267.764  1.14094e-020
268.786  1.11748e-020
269.808  1.09378e-020
270.83  1.06984e-020
271.852  1.04568e-020
272.874  1.02129e-020
273.896  9.96701e-021
274.918  9.71907e-021
275.94  9.46924e-021
276.962  9.21763e-021
277.984  8.96437e-021
279.006  8.70959e-021
280.028  8.45343e-021
281.05  8.19604e-021
282.072  7.93757e-021
283.094  7.6782e-021
284.116  7.41808e-021
285.138  7.15742e-021
286.16  6.8964e-021
287.182  6.63523e-021
288.204  6.37413e-021
289.226  6.11333e-021
290.248  5.85306e-021
291.27  5.59357e-021
292.292  5.33514e-021
293.314  5.07803e-021
294.336  4.82253e-021
295.358  4.56896e-021
296.38  4.31762e-021
297.402  4.06884e-021
298.424  3.82298e-021
299.446  3.58039e-021
300.468  3.34145e-021
301.49  3.10656e-021
302.512  2.87613e-021
303.534  2.65058e-021
304.556  2.43036e-021
305.578  2.21593e-021
306.6  2.00778e-021
307.622  1.80641e-021
308.644  1.61234e-021
309.666  1.42612e-021
310.688  1.2483e-021
311.71  1.07948e-021
312.732  9.20251e-022
313.754  7.71259e-022
314.776  6.33151e-022
315.798  5.06606e-022
316.82  3.92328e-022
317.842  2.91042e-022
318.864  2.03503e-022
319.886  1.3049e-022
320.908  7.28086e-023
321.93  3.12905e-023
322.952  6.79185e-024
