1.022  1.0501e-019
2.044  1.0471e-019
3.066  1.04412e-019
4.088  1.04116e-019
5.11  1.03823e-019
6.132  1.03532e-019
7.154  1.03243e-019
8.176  1.02956e-019
9.198  1.0267e-019
10.22  1.02387e-019
11.242  1.02105e-019
12.264  1.01825e-019
13.286  1.01548e-019
14.308  1.01271e-019
15.33  1.00997e-019
16.352  1.00725e-019
17.374  1.00456e-019
18.396  1.00188e-019
19.418  9.99222e-020
20.44  9.96588e-020
21.462  9.93977e-020
22.484  9.91388e-020
23.506  9.88822e-020
24.528  9.8628e-020
25.55  9.8376e-020
26.572  9.81263e-020
27.594  9.78789e-020
28.616  9.76337e-020
29.638  9.73908e-020
30.66  9.71502e-020
31.682  9.69117e-020
32.704  9.66754e-020
33.726  9.64412e-020
34.748  9.62092e-020
35.77  9.59792e-020
36.792  9.57512e-020
37.814  9.55252e-020
38.836  9.53011e-020
39.858  9.50789e-020
40.88  9.48586e-020
41.902  9.46401e-020
42.924  9.44233e-020
43.946  9.42083e-020
44.968  9.39949e-020
45.99  9.37831e-020
47.012  9.35729e-020
48.034  9.33643e-020
49.056  9.31571e-020
50.078  9.29513e-020
51.1  9.27469e-020
52.122  9.25439e-020
53.144  9.23421e-020
54.166  9.21416e-020
55.188  9.19423e-020
56.21  9.17442e-020
57.232  9.15471e-020
58.254  9.13512e-020
59.276  9.11562e-020
60.298  9.09623e-020
61.32  9.07693e-020
62.342  9.05772e-020
63.364  9.0386e-020
64.386  9.01956e-020
65.408  9.00059e-020
66.43  8.9817e-020
67.452  8.96289e-020
68.474  8.94413e-020
69.496  8.92545e-020
70.518  8.90682e-020
71.54  8.88824e-020
72.562  8.86972e-020
73.584  8.85125e-020
74.606  8.83282e-020
75.628  8.81444e-020
76.65  8.79609e-020
77.672  8.77778e-020
78.694  8.75949e-020
79.716  8.74124e-020
80.738  8.72302e-020
81.76  8.70481e-020
82.782  8.68663e-020
83.804  8.66846e-020
84.826  8.65031e-020
85.848  8.63216e-020
86.87  8.61403e-020
87.892  8.59589e-020
88.914  8.57777e-020
89.936  8.55964e-020
90.958  8.5415e-020
91.98  8.52337e-020
93.002  8.50522e-020
94.024  8.48706e-020
95.046  8.46889e-020
96.068  8.4507e-020
97.09  8.4325e-020
98.112  8.41427e-020
99.134  8.39602e-020
100.156  8.37775e-020
101.178  8.35945e-020
102.2  8.34112e-020
103.222  8.32275e-020
104.244  8.30436e-020
105.266  8.28592e-020
106.288  8.26745e-020
107.31  8.24894e-020
108.332  8.23038e-020
109.354  8.21178e-020
110.376  8.19313e-020
111.398  8.17444e-020
112.42  8.15569e-020
113.442  8.13689e-020
114.464  8.11803e-020
115.486  8.09912e-020
116.508  8.08015e-020
117.53  8.06112e-020
118.552  8.04203e-020
119.574  8.02287e-020
120.596  8.00365e-020
121.618  7.98436e-020
122.64  7.965e-020
123.662  7.94557e-020
124.684  7.92606e-020
125.706  7.90648e-020
126.728  7.88682e-020
127.75  7.86708e-020
128.772  7.84727e-020
129.794  7.82737e-020
130.816  7.80738e-020
131.838  7.78731e-020
132.86  7.76715e-020
133.882  7.7469e-020
134.904  7.72656e-020
135.926  7.70612e-020
136.948  7.68559e-020
137.97  7.66496e-020
138.992  7.64423e-020
140.014  7.6234e-020
141.036  7.60247e-020
142.058  7.58143e-020
143.08  7.56028e-020
144.102  7.53902e-020
145.124  7.51765e-020
146.146  7.49617e-020
147.168  7.47457e-020
148.19  7.45285e-020
149.212  7.43101e-020
150.234  7.40905e-020
151.256  7.38696e-020
152.278  7.36475e-020
153.3  7.3424e-020
154.322  7.31992e-020
155.344  7.29731e-020
156.366  7.27455e-020
157.388  7.25166e-020
158.41  7.22862e-020
159.432  7.20544e-020
160.454  7.18211e-020
161.476  7.15862e-020
162.498  7.13498e-020
163.52  7.11119e-020
164.542  7.08723e-020
165.564  7.06311e-020
166.586  7.03882e-020
167.608  7.01436e-020
168.63  6.98972e-020
169.652  6.96491e-020
170.674  6.93992e-020
171.696  6.91474e-020
172.718  6.88937e-020
173.74  6.86381e-020
174.762  6.83806e-020
175.784  6.8121e-020
176.806  6.78594e-020
177.828  6.75957e-020
178.85  6.73299e-020
179.872  6.70619e-020
180.894  6.67917e-020
181.916  6.65192e-020
182.938  6.62444e-020
183.96  6.59673e-020
184.982  6.56877e-020
186.004  6.54057e-020
187.026  6.51212e-020
188.048  6.48342e-020
189.07  6.45445e-020
190.092  6.42522e-020
191.114  6.39572e-020
192.136  6.36594e-020
193.158  6.33588e-020
194.18  6.30553e-020
195.202  6.27489e-020
196.224  6.24394e-020
197.246  6.2127e-020
198.268  6.18114e-020
199.29  6.14926e-020
200.312  6.11706e-020
201.334  6.08453e-020
202.356  6.05167e-020
203.378  6.01846e-020
204.4  5.9849e-020
205.422  5.95099e-020
206.444  5.91672e-020
207.466  5.88207e-020
208.488  5.84706e-020
209.51  5.81165e-020
210.532  5.77587e-020
211.554  5.73968e-020
212.576  5.70309e-020
213.598  5.6661e-020
214.62  5.62868e-020
215.642  5.59085e-020
216.664  5.55258e-020
217.686  5.51388e-020
218.708  5.47473e-020
219.73  5.43513e-020
220.752  5.39508e-020
221.774  5.35456e-020
222.796  5.31357e-020
223.818  5.2721e-020
224.84  5.23015e-020
225.862  5.1877e-020
226.884  5.14476e-020
227.906  5.10132e-020
228.928  5.05736e-020
229.95  5.01289e-020
230.972  4.9679e-020
231.994  4.92238e-020
233.016  4.87632e-020
234.038  4.82973e-020
235.06  4.7826e-020
236.082  4.73491e-020
237.104  4.68667e-020
238.126  4.63788e-020
239.148  4.58852e-020
240.17  4.5386e-020
241.192  4.4881e-020
242.214  4.43704e-020
243.236  4.3854e-020
244.258  4.33318e-020
245.28  4.28038e-020
246.302  4.227e-020
247.324  4.17304e-020
248.346  4.11849e-020
249.368  4.06336e-020
250.39  4.00765e-020
251.412  3.95136e-020
252.434  3.89449e-020
253.456  3.83704e-020
254.478  3.77902e-020
255.5  3.72043e-020
256.522  3.66127e-020
257.544  3.60155e-020
258.566  3.54128e-020
259.588  3.48046e-020
260.61  3.4191e-020
261.632  3.3572e-020
262.654  3.29479e-020
263.676  3.23187e-020
264.698  3.16845e-020
265.72  3.10455e-020
266.742  3.04017e-020
267.764  2.97534e-020
268.786  2.91007e-020
269.808  2.84438e-020
270.83  2.77829e-020
271.852  2.71182e-020
272.874  2.64499e-020
273.896  2.57782e-020
274.918  2.51035e-020
275.94  2.44259e-020
276.962  2.37458e-020
277.984  2.30635e-020
279.006  2.23793e-020
280.028  2.16935e-020
281.05  2.10066e-020
282.072  2.03188e-020
283.094  1.96306e-020
284.116  1.89424e-020
285.138  1.82547e-020
286.16  1.7568e-020
287.182  1.68827e-020
288.204  1.61994e-020
289.226  1.55185e-020
290.248  1.48408e-020
291.27  1.41668e-020
292.292  1.34971e-020
293.314  1.28323e-020
294.336  1.21733e-020
295.358  1.15206e-020
296.38  1.08752e-020
297.402  1.02376e-020
298.424  9.6089e-021
299.446  8.98979e-021
300.468  8.38122e-021
301.49  7.78411e-021
302.512  7.19945e-021
303.534  6.62825e-021
304.556  6.07157e-021
305.578  5.53049e-021
306.6  5.00617e-021
307.622  4.49978e-021
308.644  4.01258e-021
309.666  3.54582e-021
310.688  3.10085e-021
311.71  2.67904e-021
312.732  2.28182e-021
313.754  1.91069e-021
314.776  1.56717e-021
315.798  1.25286e-021
316.82  9.69408e-022
317.842  7.1853e-022
318.864  5.01991e-022
319.886  3.2162e-022
320.908  1.79305e-022
321.93  7.69965e-023
322.952  1.66994e-023
