1.022  1.65613e-019
2.044  1.65704e-019
3.066  1.65795e-019
4.088  1.65886e-019
5.11  1.65976e-019
6.132  1.66066e-019
7.154  1.66154e-019
8.176  1.66242e-019
9.198  1.66328e-019
10.22  1.66412e-019
11.242  1.66496e-019
12.264  1.66578e-019
13.286  1.66659e-019
14.308  1.66739e-019
15.33  1.66817e-019
16.352  1.66895e-019
17.374  1.66972e-019
18.396  1.67048e-019
19.418  1.67124e-019
20.44  1.67198e-019
21.462  1.67272e-019
22.484  1.67346e-019
23.506  1.67419e-019
24.528  1.67492e-019
25.55  1.67564e-019
26.572  1.67636e-019
27.594  1.67708e-019
28.616  1.67779e-019
29.638  1.67849e-019
30.66  1.67919e-019
31.682  1.67989e-019
32.704  1.68058e-019
33.726  1.68126e-019
34.748  1.68193e-019
35.77  1.6826e-019
36.792  1.68326e-019
37.814  1.68392e-019
38.836  1.68456e-019
39.858  1.68519e-019
40.88  1.68582e-019
41.902  1.68643e-019
42.924  1.68703e-019
43.946  1.68762e-019
44.968  1.68819e-019
45.99  1.68875e-019
47.012  1.6893e-019
48.034  1.68983e-019
49.056  1.69034e-019
50.078  1.69084e-019
51.1  1.69132e-019
52.122  1.69178e-019
53.144  1.69222e-019
54.166  1.69264e-019
55.188  1.69304e-019
56.21  1.69342e-019
57.232  1.69377e-019
58.254  1.69411e-019
59.276  1.69442e-019
60.298  1.6947e-019
61.32  1.69496e-019
62.342  1.69519e-019
63.364  1.6954e-019
64.386  1.69558e-019
65.408  1.69573e-019
66.43  1.69585e-019
67.452  1.69594e-019
68.474  1.696e-019
69.496  1.69604e-019
70.518  1.69604e-019
71.54  1.696e-019
72.562  1.69594e-019
73.584  1.69584e-019
74.606  1.69571e-019
75.628  1.69554e-019
76.65  1.69533e-019
77.672  1.69509e-019
78.694  1.69482e-019
79.716  1.69451e-019
80.738  1.69415e-019
81.76  1.69376e-019
82.782  1.69334e-019
83.804  1.69287e-019
84.826  1.69236e-019
85.848  1.69181e-019
86.87  1.69122e-019
87.892  1.69059e-019
88.914  1.68991e-019
89.936  1.6892e-019
90.958  1.68844e-019
91.98  1.68763e-019
93.002  1.68678e-019
94.024  1.68589e-019
95.046  1.68495e-019
96.068  1.68396e-019
97.09  1.68293e-019
98.112  1.68185e-019
99.134  1.68073e-019
100.156  1.67955e-019
101.178  1.67833e-019
102.2  1.67706e-019
103.222  1.67574e-019
104.244  1.67437e-019
105.266  1.67295e-019
106.288  1.67148e-019
107.31  1.66995e-019
108.332  1.66838e-019
109.354  1.66675e-019
110.376  1.66507e-019
111.398  1.66334e-019
112.42  1.66156e-019
113.442  1.65972e-019
114.464  1.65783e-019
115.486  1.65588e-019
116.508  1.65388e-019
117.53  1.65182e-019
118.552  1.64971e-019
119.574  1.64754e-019
120.596  1.64531e-019
121.618  1.64303e-019
122.64  1.64069e-019
123.662  1.63829e-019
124.684  1.63583e-019
125.706  1.63332e-019
126.728  1.63074e-019
127.75  1.62811e-019
128.772  1.62541e-019
129.794  1.62266e-019
130.816  1.61985e-019
131.838  1.61697e-019
132.86  1.61403e-019
133.882  1.61104e-019
134.904  1.60798e-019
135.926  1.60485e-019
136.948  1.60167e-019
137.97  1.59842e-019
138.992  1.59511e-019
140.014  1.59173e-019
141.036  1.58829e-019
142.058  1.58478e-019
143.08  1.58121e-019
144.102  1.57757e-019
145.124  1.57387e-019
146.146  1.5701e-019
147.168  1.56627e-019
148.19  1.56236e-019
149.212  1.55839e-019
150.234  1.55435e-019
151.256  1.55024e-019
152.278  1.54607e-019
153.3  1.54182e-019
154.322  1.53751e-019
155.344  1.53312e-019
156.366  1.52867e-019
157.388  1.52414e-019
158.41  1.51954e-019
159.432  1.51487e-019
160.454  1.51013e-019
161.476  1.50531e-019
162.498  1.50043e-019
163.52  1.49546e-019
164.542  1.49043e-019
165.564  1.48532e-019
166.586  1.48013e-019
167.608  1.47487e-019
168.63  1.46954e-019
169.652  1.46413e-019
170.674  1.45864e-019
171.696  1.45307e-019
172.718  1.44743e-019
173.74  1.44171e-019
174.762  1.43591e-019
175.784  1.43003e-019
176.806  1.42407e-019
177.828  1.41803e-019
178.85  1.41191e-019
179.872  1.40571e-019
180.894  1.39943e-019
181.916  1.39307e-019
182.938  1.38662e-019
183.96  1.3801e-019
184.982  1.37349e-019
186.004  1.36679e-019
187.026  1.36001e-019
188.048  1.35315e-019
189.07  1.3462e-019
190.092  1.33916e-019
191.114  1.33204e-019
192.136  1.32484e-019
193.158  1.31754e-019
194.18  1.31016e-019
195.202  1.30269e-019
196.224  1.29513e-019
197.246  1.28749e-019
198.268  1.27975e-019
199.29  1.27193e-019
200.312  1.26401e-019
201.334  1.256e-019
202.356  1.24791e-019
203.378  1.23972e-019
204.4  1.23144e-019
205.422  1.22306e-019
206.444  1.2146e-019
207.466  1.20604e-019
208.488  1.19739e-019
209.51  1.18865e-019
210.532  1.17981e-019
211.554  1.17088e-019
212.576  1.16185e-019
213.598  1.15273e-019
214.62  1.14351e-019
215.642  1.1342e-019
216.664  1.1248e-019
217.686  1.1153e-019
218.708  1.1057e-019
219.73  1.09601e-019
220.752  1.08622e-019
221.774  1.07634e-019
222.796  1.06636e-019
223.818  1.05628e-019
224.84  1.04611e-019
225.862  1.03585e-019
226.884  1.02549e-019
227.906  1.01503e-019
228.928  1.00448e-019
229.95  9.93834e-020
230.972  9.83095e-020
231.994  9.72262e-020
233.016  9.61335e-020
234.038  9.50315e-020
235.06  9.39203e-020
236.082  9.27999e-020
237.104  9.16704e-020
238.126  9.05319e-020
239.148  8.93844e-020
240.17  8.8228e-020
241.192  8.70628e-020
242.214  8.5889e-020
243.236  8.47066e-020
244.258  8.35157e-020
245.28  8.23166e-020
246.302  8.11092e-020
247.324  7.98938e-020
248.346  7.86705e-020
249.368  7.74394e-020
250.39  7.62008e-020
251.412  7.49549e-020
252.434  7.37017e-020
253.456  7.24416e-020
254.478  7.11748e-020
255.5  6.99014e-020
256.522  6.86217e-020
257.544  6.73361e-020
258.566  6.60447e-020
259.588  6.47478e-020
260.61  6.34457e-020
261.632  6.21388e-020
262.654  6.08273e-020
263.676  5.95117e-020
264.698  5.81923e-020
265.72  5.68693e-020
266.742  5.55434e-020
267.764  5.42148e-020
268.786  5.28839e-020
269.808  5.15513e-020
270.83  5.02174e-020
271.852  4.88827e-020
272.874  4.75477e-020
273.896  4.62129e-020
274.918  4.48789e-020
275.94  4.35462e-020
276.962  4.22155e-020
277.984  4.08874e-020
279.006  3.95625e-020
280.028  3.82415e-020
281.05  3.6925e-020
282.072  3.56139e-020
283.094  3.43088e-020
284.116  3.30106e-020
285.138  3.172e-020
286.16  3.04379e-020
287.182  2.91652e-020
288.204  2.79027e-020
289.226  2.66514e-020
290.248  2.54123e-020
291.27  2.41863e-020
292.292  2.29745e-020
293.314  2.17779e-020
294.336  2.05977e-020
295.358  1.9435e-020
296.38  1.8291e-020
297.402  1.71668e-020
298.424  1.60638e-020
299.446  1.49833e-020
300.468  1.39266e-020
301.49  1.28951e-020
302.512  1.18902e-020
303.534  1.09134e-020
304.556  9.96619e-021
305.578  9.0502e-021
306.6  8.16702e-021
307.622  7.31832e-021
308.644  6.50583e-021
309.666  5.7313e-021
310.688  4.99658e-021
311.71  4.30353e-021
312.732  3.6541e-021
313.754  3.05027e-021
314.776  2.4941e-021
315.798  1.98769e-021
316.82  1.5332e-021
317.842  1.13288e-021
318.864  7.89006e-022
319.886  5.0393e-022
320.908  2.80068e-022
321.93  1.1989e-022
322.952  2.59212e-023
