1.022  1.38126e-019
2.044  1.383e-019
3.066  1.38474e-019
4.088  1.38647e-019
5.11  1.38818e-019
6.132  1.38989e-019
7.154  1.39158e-019
8.176  1.39325e-019
9.198  1.39491e-019
10.22  1.39655e-019
11.242  1.39817e-019
12.264  1.39977e-019
13.286  1.40136e-019
14.308  1.40293e-019
15.33  1.40449e-019
16.352  1.40603e-019
17.374  1.40756e-019
18.396  1.40908e-019
19.418  1.41058e-019
20.44  1.41208e-019
21.462  1.41356e-019
22.484  1.41503e-019
23.506  1.4165e-019
24.528  1.41795e-019
25.55  1.41939e-019
26.572  1.42082e-019
27.594  1.42225e-019
28.616  1.42366e-019
29.638  1.42507e-019
30.66  1.42646e-019
31.682  1.42785e-019
32.704  1.42922e-019
33.726  1.43058e-019
34.748  1.43193e-019
35.77  1.43327e-019
36.792  1.4346e-019
37.814  1.43591e-019
38.836  1.43721e-019
39.858  1.4385e-019
40.88  1.43977e-019
41.902  1.44103e-019
42.924  1.44227e-019
43.946  1.4435e-019
44.968  1.44471e-019
45.99  1.4459e-019
47.012  1.44708e-019
48.034  1.44823e-019
49.056  1.44937e-019
50.078  1.45048e-019
51.1  1.45158e-019
52.122  1.45266e-019
53.144  1.45371e-019
54.166  1.45474e-019
55.188  1.45575e-019
56.21  1.45673e-019
57.232  1.45769e-019
58.254  1.45862e-019
59.276  1.45953e-019
60.298  1.46042e-019
61.32  1.46127e-019
62.342  1.4621e-019
63.364  1.4629e-019
64.386  1.46367e-019
65.408  1.46441e-019
66.43  1.46513e-019
67.452  1.46581e-019
68.474  1.46646e-019
69.496  1.46708e-019
70.518  1.46767e-019
71.54  1.46822e-019
72.562  1.46874e-019
73.584  1.46923e-019
74.606  1.46969e-019
75.628  1.4701e-019
76.65  1.47049e-019
77.672  1.47083e-019
78.694  1.47115e-019
79.716  1.47142e-019
80.738  1.47166e-019
81.76  1.47185e-019
82.782  1.47201e-019
83.804  1.47213e-019
84.826  1.47222e-019
85.848  1.47226e-019
86.87  1.47226e-019
87.892  1.47222e-019
88.914  1.47214e-019
89.936  1.47201e-019
90.958  1.47185e-019
91.98  1.47164e-019
93.002  1.47139e-019
94.024  1.47109e-019
95.046  1.47075e-019
96.068  1.47037e-019
97.09  1.46994e-019
98.112  1.46946e-019
99.134  1.46894e-019
100.156  1.46838e-019
101.178  1.46776e-019
102.2  1.4671e-019
103.222  1.46639e-019
104.244  1.46564e-019
105.266  1.46483e-019
106.288  1.46398e-019
107.31  1.46308e-019
108.332  1.46213e-019
109.354  1.46113e-019
110.376  1.46007e-019
111.398  1.45897e-019
112.42  1.45782e-019
113.442  1.45661e-019
114.464  1.45536e-019
115.486  1.45405e-019
116.508  1.45269e-019
117.53  1.45127e-019
118.552  1.44981e-019
119.574  1.44828e-019
120.596  1.44671e-019
121.618  1.44508e-019
122.64  1.4434e-019
123.662  1.44166e-019
124.684  1.43986e-019
125.706  1.43801e-019
126.728  1.43611e-019
127.75  1.43414e-019
128.772  1.43213e-019
129.794  1.43005e-019
130.816  1.42792e-019
131.838  1.42572e-019
132.86  1.42347e-019
133.882  1.42116e-019
134.904  1.4188e-019
135.926  1.41637e-019
136.948  1.41388e-019
137.97  1.41134e-019
138.992  1.40873e-019
140.014  1.40606e-019
141.036  1.40334e-019
142.058  1.40055e-019
143.08  1.39769e-019
144.102  1.39478e-019
145.124  1.3918e-019
146.146  1.38877e-019
147.168  1.38566e-019
148.19  1.3825e-019
149.212  1.37927e-019
150.234  1.37597e-019
151.256  1.37262e-019
152.278  1.36919e-019
153.3  1.3657e-019
154.322  1.36215e-019
155.344  1.35853e-019
156.366  1.35484e-019
157.388  1.35109e-019
158.41  1.34726e-019
159.432  1.34337e-019
160.454  1.33942e-019
161.476  1.33539e-019
162.498  1.3313e-019
163.52  1.32713e-019
164.542  1.3229e-019
165.564  1.3186e-019
166.586  1.31422e-019
167.608  1.30978e-019
168.63  1.30526e-019
169.652  1.30067e-019
170.674  1.29601e-019
171.696  1.29128e-019
172.718  1.28647e-019
173.74  1.28159e-019
174.762  1.27664e-019
175.784  1.27162e-019
176.806  1.26651e-019
177.828  1.26134e-019
178.85  1.25609e-019
179.872  1.25076e-019
180.894  1.24535e-019
181.916  1.23987e-019
182.938  1.23431e-019
183.96  1.22868e-019
184.982  1.22296e-019
186.004  1.21717e-019
187.026  1.2113e-019
188.048  1.20535e-019
189.07  1.19932e-019
190.092  1.19321e-019
191.114  1.18702e-019
192.136  1.18075e-019
193.158  1.1744e-019
194.18  1.16796e-019
195.202  1.16144e-019
196.224  1.15484e-019
197.246  1.14816e-019
198.268  1.1414e-019
199.29  1.13455e-019
200.312  1.12761e-019
201.334  1.12059e-019
202.356  1.11349e-019
203.378  1.1063e-019
204.4  1.09903e-019
205.422  1.09167e-019
206.444  1.08422e-019
207.466  1.07669e-019
208.488  1.06907e-019
209.51  1.06137e-019
210.532  1.05358e-019
211.554  1.0457e-019
212.576  1.03773e-019
213.598  1.02967e-019
214.62  1.02153e-019
215.642  1.0133e-019
216.664  1.00498e-019
217.686  9.96571e-020
218.708  9.88074e-020
219.73  9.79488e-020
220.752  9.70814e-020
221.774  9.62052e-020
222.796  9.53201e-020
223.818  9.44261e-020
224.84  9.35233e-020
225.862  9.26117e-020
226.884  9.16913e-020
227.906  9.0762e-020
228.928  8.9824e-020
229.95  8.88773e-020
230.972  8.79219e-020
231.994  8.69578e-020
233.016  8.59851e-020
234.038  8.50038e-020
235.06  8.4014e-020
236.082  8.30157e-020
237.104  8.2009e-020
238.126  8.0994e-020
239.148  7.99707e-020
240.17  7.89393e-020
241.192  7.78998e-020
242.214  7.68523e-020
243.236  7.57969e-020
244.258  7.47338e-020
245.28  7.3663e-020
246.302  7.25847e-020
247.324  7.14989e-020
248.346  7.0406e-020
249.368  6.93059e-020
250.39  6.81989e-020
251.412  6.70851e-020
252.434  6.59648e-020
253.456  6.4838e-020
254.478  6.37051e-020
255.5  6.25662e-020
256.522  6.14215e-020
257.544  6.02713e-020
258.566  5.91159e-020
259.588  5.79554e-020
260.61  5.67902e-020
261.632  5.56205e-020
262.654  5.44467e-020
263.676  5.32691e-020
264.698  5.20879e-020
265.72  5.09036e-020
266.742  4.97164e-020
267.764  4.85268e-020
268.786  4.73352e-020
269.808  4.61419e-020
270.83  4.49475e-020
271.852  4.37522e-020
272.874  4.25567e-020
273.896  4.13613e-020
274.918  4.01666e-020
275.94  3.89731e-020
276.962  3.77813e-020
277.984  3.65918e-020
279.006  3.54052e-020
280.028  3.42221e-020
281.05  3.30431e-020
282.072  3.18689e-020
283.094  3.07001e-020
284.116  2.95375e-020
285.138  2.83818e-020
286.16  2.72337e-020
287.182  2.6094e-020
288.204  2.49635e-020
289.226  2.3843e-020
290.248  2.27336e-020
291.27  2.16359e-020
292.292  2.0551e-020
293.314  1.94797e-020
294.336  1.84232e-020
295.358  1.73824e-020
296.38  1.63584e-020
297.402  1.53523e-020
298.424  1.43651e-020
299.446  1.33982e-020
300.468  1.24526e-020
301.49  1.15296e-020
302.512  1.06305e-020
303.534  9.75662e-021
304.556  8.90931e-021
305.578  8.08997e-021
306.6  7.30005e-021
307.622  6.54104e-021
308.644  5.81447e-021
309.666  5.12192e-021
310.688  4.46502e-021
311.71  3.84545e-021
312.732  3.26492e-021
313.754  2.72521e-021
314.776  2.22815e-021
315.798  1.77561e-021
316.82  1.36952e-021
317.842  1.01186e-021
318.864  7.04669e-022
319.886  4.50031e-022
320.908  2.50094e-022
321.93  1.07051e-022
322.952  2.31434e-023
