1.022  1.07384e-019
2.044  1.07639e-019
3.066  1.07894e-019
4.088  1.08147e-019
5.11  1.08398e-019
6.132  1.08648e-019
7.154  1.08895e-019
8.176  1.09141e-019
9.198  1.09385e-019
10.22  1.09627e-019
11.242  1.09866e-019
12.264  1.10104e-019
13.286  1.10339e-019
14.308  1.10573e-019
15.33  1.10805e-019
16.352  1.11035e-019
17.374  1.11263e-019
18.396  1.11489e-019
19.418  1.11714e-019
20.44  1.11938e-019
21.462  1.12159e-019
22.484  1.1238e-019
23.506  1.12598e-019
24.528  1.12816e-019
25.55  1.13032e-019
26.572  1.13246e-019
27.594  1.13459e-019
28.616  1.13671e-019
29.638  1.13881e-019
30.66  1.14089e-019
31.682  1.14297e-019
32.704  1.14502e-019
33.726  1.14706e-019
34.748  1.14909e-019
35.77  1.1511e-019
36.792  1.1531e-019
37.814  1.15507e-019
38.836  1.15703e-019
39.858  1.15898e-019
40.88  1.1609e-019
41.902  1.16281e-019
42.924  1.1647e-019
43.946  1.16657e-019
44.968  1.16842e-019
45.99  1.17024e-019
47.012  1.17205e-019
48.034  1.17384e-019
49.056  1.17561e-019
50.078  1.17735e-019
51.1  1.17907e-019
52.122  1.18077e-019
53.144  1.18244e-019
54.166  1.18409e-019
55.188  1.18572e-019
56.21  1.18732e-019
57.232  1.18889e-019
58.254  1.19044e-019
59.276  1.19196e-019
60.298  1.19346e-019
61.32  1.19492e-019
62.342  1.19636e-019
63.364  1.19777e-019
64.386  1.19915e-019
65.408  1.2005e-019
66.43  1.20182e-019
67.452  1.20311e-019
68.474  1.20437e-019
69.496  1.2056e-019
70.518  1.2068e-019
71.54  1.20796e-019
72.562  1.20909e-019
73.584  1.21019e-019
74.606  1.21125e-019
75.628  1.21228e-019
76.65  1.21328e-019
77.672  1.21424e-019
78.694  1.21516e-019
79.716  1.21605e-019
80.738  1.2169e-019
81.76  1.21771e-019
82.782  1.21849e-019
83.804  1.21923e-019
84.826  1.21993e-019
85.848  1.22059e-019
86.87  1.22122e-019
87.892  1.2218e-019
88.914  1.22235e-019
89.936  1.22286e-019
90.958  1.22332e-019
91.98  1.22374e-019
93.002  1.22413e-019
94.024  1.22447e-019
95.046  1.22477e-019
96.068  1.22503e-019
97.09  1.22524e-019
98.112  1.22541e-019
99.134  1.22554e-019
100.156  1.22562e-019
101.178  1.22567e-019
102.2  1.22566e-019
103.222  1.22561e-019
104.244  1.22552e-019
105.266  1.22538e-019
106.288  1.22519e-019
107.31  1.22496e-019
108.332  1.22468e-019
109.354  1.22436e-019
110.376  1.22399e-019
111.398  1.22357e-019
112.42  1.2231e-019
113.442  1.22259e-019
114.464  1.22202e-019
115.486  1.22141e-019
116.508  1.22075e-019
117.53  1.22004e-019
118.552  1.21928e-019
119.574  1.21847e-019
120.596  1.21761e-019
121.618  1.21669e-019
122.64  1.21573e-019
123.662  1.21472e-019
124.684  1.21365e-019
125.706  1.21253e-019
126.728  1.21136e-019
127.75  1.21014e-019
128.772  1.20887e-019
129.794  1.20754e-019
130.816  1.20616e-019
131.838  1.20472e-019
132.86  1.20323e-019
133.882  1.20169e-019
134.904  1.20009e-019
135.926  1.19844e-019
136.948  1.19673e-019
137.97  1.19496e-019
138.992  1.19314e-019
140.014  1.19127e-019
141.036  1.18933e-019
142.058  1.18734e-019
143.08  1.1853e-019
144.102  1.18319e-019
145.124  1.18103e-019
146.146  1.17881e-019
147.168  1.17653e-019
148.19  1.17419e-019
149.212  1.17179e-019
150.234  1.16934e-019
151.256  1.16682e-019
152.278  1.16424e-019
153.3  1.1616e-019
154.322  1.15891e-019
155.344  1.15615e-019
156.366  1.15333e-019
157.388  1.15044e-019
158.41  1.1475e-019
159.432  1.14449e-019
160.454  1.14142e-019
161.476  1.13829e-019
162.498  1.13509e-019
163.52  1.13183e-019
164.542  1.12851e-019
165.564  1.12512e-019
166.586  1.12167e-019
167.608  1.11815e-019
168.63  1.11456e-019
169.652  1.11091e-019
170.674  1.10719e-019
171.696  1.10341e-019
172.718  1.09956e-019
173.74  1.09564e-019
174.762  1.09165e-019
175.784  1.0876e-019
176.806  1.08347e-019
177.828  1.07928e-019
178.85  1.07502e-019
179.872  1.07069e-019
180.894  1.06629e-019
181.916  1.06181e-019
182.938  1.05727e-019
183.96  1.05266e-019
184.982  1.04797e-019
186.004  1.04321e-019
187.026  1.03839e-019
188.048  1.03348e-019
189.07  1.02851e-019
190.092  1.02346e-019
191.114  1.01834e-019
192.136  1.01314e-019
193.158  1.00787e-019
194.18  1.00252e-019
195.202  9.97103e-020
196.224  9.91607e-020
197.246  9.86035e-020
198.268  9.80387e-020
199.29  9.74663e-020
200.312  9.68862e-020
201.334  9.62984e-020
202.356  9.57028e-020
203.378  9.50995e-020
204.4  9.44885e-020
205.422  9.38696e-020
206.444  9.32429e-020
207.466  9.26083e-020
208.488  9.19658e-020
209.51  9.13155e-020
210.532  9.06572e-020
211.554  8.9991e-020
212.576  8.93168e-020
213.598  8.86347e-020
214.62  8.79446e-020
215.642  8.72464e-020
216.664  8.65403e-020
217.686  8.58262e-020
218.708  8.51041e-020
219.73  8.43739e-020
220.752  8.36358e-020
221.774  8.28896e-020
222.796  8.21354e-020
223.818  8.13732e-020
224.84  8.06031e-020
225.862  7.9825e-020
226.884  7.90389e-020
227.906  7.82449e-020
228.928  7.7443e-020
229.95  7.66332e-020
230.972  7.58156e-020
231.994  7.49902e-020
233.016  7.4157e-020
234.038  7.33161e-020
235.06  7.24676e-020
236.082  7.16114e-020
237.104  7.07477e-020
238.126  6.98766e-020
239.148  6.8998e-020
240.17  6.81121e-020
241.192  6.72189e-020
242.214  6.63186e-020
243.236  6.54112e-020
244.258  6.44968e-020
245.28  6.35756e-020
246.302  6.26477e-020
247.324  6.17131e-020
248.346  6.07721e-020
249.368  5.98247e-020
250.39  5.88711e-020
251.412  5.79115e-020
252.434  5.6946e-020
253.456  5.59748e-020
254.478  5.4998e-020
255.5  5.40159e-020
256.522  5.30287e-020
257.544  5.20365e-020
258.566  5.10396e-020
259.588  5.00383e-020
260.61  4.90327e-020
261.632  4.80232e-020
262.654  4.70099e-020
263.676  4.59932e-020
264.698  4.49734e-020
265.72  4.39507e-020
266.742  4.29255e-020
267.764  4.18981e-020
268.786  4.08689e-020
269.808  3.98382e-020
270.83  3.88064e-020
271.852  3.77739e-020
272.874  3.6741e-020
273.896  3.57083e-020
274.918  3.46761e-020
275.94  3.36449e-020
276.962  3.26152e-020
277.984  3.15874e-020
279.006  3.05622e-020
280.028  2.95399e-020
281.05  2.85213e-020
282.072  2.75067e-020
283.094  2.64969e-020
284.116  2.54924e-020
285.138  2.44939e-020
286.16  2.3502e-020
287.182  2.25174e-020
288.204  2.15408e-020
289.226  2.05729e-020
290.248  1.96145e-020
291.27  1.86664e-020
292.292  1.77294e-020
293.314  1.68043e-020
294.336  1.58919e-020
295.358  1.49932e-020
296.38  1.4109e-020
297.402  1.32404e-020
298.424  1.23882e-020
299.446  1.15535e-020
300.468  1.07373e-020
301.49  9.94075e-021
302.512  9.16488e-021
303.534  8.41084e-021
304.556  7.6798e-021
305.578  6.97298e-021
306.6  6.29161e-021
307.622  5.63698e-021
308.644  5.01041e-021
309.666  4.41325e-021
310.688  3.84691e-021
311.71  3.31281e-021
312.732  2.81244e-021
313.754  2.34731e-021
314.776  1.919e-021
315.798  1.5291e-021
316.82  1.17928e-021
317.842  8.71216e-022
318.864  6.06661e-022
319.886  3.87401e-022
320.908  2.15266e-022
321.93  9.21337e-023
322.952  1.99164e-023
