1.022  5.38932e-020
2.044  5.42389e-020
3.066  5.45828e-020
4.088  5.4925e-020
5.11  5.52653e-020
6.132  5.56038e-020
7.154  5.59403e-020
8.176  5.62747e-020
9.198  5.66071e-020
10.22  5.69374e-020
11.242  5.72657e-020
12.264  5.75918e-020
13.286  5.79158e-020
14.308  5.82378e-020
15.33  5.85578e-020
16.352  5.88758e-020
17.374  5.91919e-020
18.396  5.9506e-020
19.418  5.98183e-020
20.44  6.01287e-020
21.462  6.04372e-020
22.484  6.0744e-020
23.506  6.10489e-020
24.528  6.1352e-020
25.55  6.16534e-020
26.572  6.19529e-020
27.594  6.22507e-020
28.616  6.25467e-020
29.638  6.28409e-020
30.66  6.31334e-020
31.682  6.3424e-020
32.704  6.37128e-020
33.726  6.39997e-020
34.748  6.42849e-020
35.77  6.45681e-020
36.792  6.48495e-020
37.814  6.5129e-020
38.836  6.54066e-020
39.858  6.56822e-020
40.88  6.59558e-020
41.902  6.62274e-020
42.924  6.6497e-020
43.946  6.67646e-020
44.968  6.70301e-020
45.99  6.72935e-020
47.012  6.75547e-020
48.034  6.78138e-020
49.056  6.80707e-020
50.078  6.83253e-020
51.1  6.85778e-020
52.122  6.88279e-020
53.144  6.90757e-020
54.166  6.93212e-020
55.188  6.95643e-020
56.21  6.9805e-020
57.232  7.00433e-020
58.254  7.02791e-020
59.276  7.05124e-020
60.298  7.07432e-020
61.32  7.09714e-020
62.342  7.11971e-020
63.364  7.14201e-020
64.386  7.16405e-020
65.408  7.18582e-020
66.43  7.20732e-020
67.452  7.22854e-020
68.474  7.24949e-020
69.496  7.27016e-020
70.518  7.29055e-020
71.54  7.31065e-020
72.562  7.33046e-020
73.584  7.34998e-020
74.606  7.3692e-020
75.628  7.38813e-020
76.65  7.40675e-020
77.672  7.42507e-020
78.694  7.44309e-020
79.716  7.4608e-020
80.738  7.47819e-020
81.76  7.49527e-020
82.782  7.51203e-020
83.804  7.52847e-020
84.826  7.54459e-020
85.848  7.56038e-020
86.87  7.57585e-020
87.892  7.59098e-020
88.914  7.60577e-020
89.936  7.62024e-020
90.958  7.63436e-020
91.98  7.64814e-020
93.002  7.66157e-020
94.024  7.67466e-020
95.046  7.68739e-020
96.068  7.69977e-020
97.09  7.7118e-020
98.112  7.72347e-020
99.134  7.73478e-020
100.156  7.74573e-020
101.178  7.75631e-020
102.2  7.76652e-020
103.222  7.77637e-020
104.244  7.78583e-020
105.266  7.79493e-020
106.288  7.80364e-020
107.31  7.81198e-020
108.332  7.81993e-020
109.354  7.8275e-020
110.376  7.83467e-020
111.398  7.84146e-020
112.42  7.84786e-020
113.442  7.85386e-020
114.464  7.85946e-020
115.486  7.86466e-020
116.508  7.86946e-020
117.53  7.87385e-020
118.552  7.87784e-020
119.574  7.88142e-020
120.596  7.88458e-020
121.618  7.88733e-020
122.64  7.88966e-020
123.662  7.89158e-020
124.684  7.89307e-020
125.706  7.89414e-020
126.728  7.89478e-020
127.75  7.89499e-020
128.772  7.89477e-020
129.794  7.89411e-020
130.816  7.89302e-020
131.838  7.8915e-020
132.86  7.88953e-020
133.882  7.88711e-020
134.904  7.88425e-020
135.926  7.88095e-020
136.948  7.87719e-020
137.97  7.87297e-020
138.992  7.86831e-020
140.014  7.86318e-020
141.036  7.85759e-020
142.058  7.85154e-020
143.08  7.84503e-020
144.102  7.83804e-020
145.124  7.83059e-020
146.146  7.82266e-020
147.168  7.81425e-020
148.19  7.80537e-020
149.212  7.796e-020
150.234  7.78616e-020
151.256  7.77582e-020
152.278  7.765e-020
153.3  7.75369e-020
154.322  7.74188e-020
155.344  7.72957e-020
156.366  7.71677e-020
157.388  7.70346e-020
158.41  7.68965e-020
159.432  7.67533e-020
160.454  7.66051e-020
161.476  7.64517e-020
162.498  7.62931e-020
163.52  7.61294e-020
164.542  7.59604e-020
165.564  7.57862e-020
166.586  7.56068e-020
167.608  7.5422e-020
168.63  7.5232e-020
169.652  7.50366e-020
170.674  7.48358e-020
171.696  7.46297e-020
172.718  7.44181e-020
173.74  7.4201e-020
174.762  7.39785e-020
175.784  7.37504e-020
176.806  7.35168e-020
177.828  7.32777e-020
178.85  7.3033e-020
179.872  7.27826e-020
180.894  7.25266e-020
181.916  7.22649e-020
182.938  7.19975e-020
183.96  7.17244e-020
184.982  7.14456e-020
186.004  7.11609e-020
187.026  7.08705e-020
188.048  7.05742e-020
189.07  7.02721e-020
190.092  6.99641e-020
191.114  6.96501e-020
192.136  6.93303e-020
193.158  6.90045e-020
194.18  6.86727e-020
195.202  6.83349e-020
196.224  6.79911e-020
197.246  6.76412e-020
198.268  6.72853e-020
199.29  6.69233e-020
200.312  6.65552e-020
201.334  6.61809e-020
202.356  6.58005e-020
203.378  6.54139e-020
204.4  6.50212e-020
205.422  6.46223e-020
206.444  6.42171e-020
207.466  6.38058e-020
208.488  6.33882e-020
209.51  6.29643e-020
210.532  6.25342e-020
211.554  6.20978e-020
212.576  6.16552e-020
213.598  6.12063e-020
214.62  6.07511e-020
215.642  6.02896e-020
216.664  5.98218e-020
217.686  5.93477e-020
218.708  5.88674e-020
219.73  5.83807e-020
220.752  5.78878e-020
221.774  5.73887e-020
222.796  5.68832e-020
223.818  5.63716e-020
224.84  5.58537e-020
225.862  5.53296e-020
226.884  5.47993e-020
227.906  5.42628e-020
228.928  5.37202e-020
229.95  5.31715e-020
230.972  5.26167e-020
231.994  5.20559e-020
233.016  5.1489e-020
234.038  5.09162e-020
235.06  5.03375e-020
236.082  4.97529e-020
237.104  4.91625e-020
238.126  4.85663e-020
239.148  4.79644e-020
240.17  4.73569e-020
241.192  4.67438e-020
242.214  4.61252e-020
243.236  4.55011e-020
244.258  4.48718e-020
245.28  4.42371e-020
246.302  4.35974e-020
247.324  4.29525e-020
248.346  4.23027e-020
249.368  4.16481e-020
250.39  4.09887e-020
251.412  4.03247e-020
252.434  3.96562e-020
253.456  3.89833e-020
254.478  3.83062e-020
255.5  3.76251e-020
256.522  3.694e-020
257.544  3.62512e-020
258.566  3.55588e-020
259.588  3.4863e-020
260.61  3.41639e-020
261.632  3.34618e-020
262.654  3.27568e-020
263.676  3.20493e-020
264.698  3.13393e-020
265.72  3.06271e-020
266.742  2.99129e-020
267.764  2.91971e-020
268.786  2.84798e-020
269.808  2.77613e-020
270.83  2.70418e-020
271.852  2.63218e-020
272.874  2.56014e-020
273.896  2.4881e-020
274.918  2.41608e-020
275.94  2.34413e-020
276.962  2.27228e-020
277.984  2.20056e-020
279.006  2.129e-020
280.028  2.05766e-020
281.05  1.98656e-020
282.072  1.91575e-020
283.094  1.84527e-020
284.116  1.77516e-020
285.138  1.70547e-020
286.16  1.63625e-020
287.182  1.56754e-020
288.204  1.49939e-020
289.226  1.43186e-020
290.248  1.365e-020
291.27  1.29886e-020
292.292  1.2335e-020
293.314  1.16899e-020
294.336  1.10537e-020
295.358  1.04271e-020
296.38  9.81076e-021
297.402  9.20535e-021
298.424  8.61154e-021
299.446  8.03003e-021
300.468  7.46154e-021
301.49  6.90683e-021
302.512  6.36665e-021
303.534  5.8418e-021
304.556  5.33309e-021
305.578  4.84135e-021
306.6  4.36745e-021
307.622  3.91227e-021
308.644  3.47672e-021
309.666  3.06173e-021
310.688  2.66828e-021
311.71  2.29734e-021
312.732  1.94993e-021
313.754  1.62709e-021
314.776  1.32991e-021
315.798  1.05946e-021
316.82  8.16894e-022
317.842  6.03358e-022
318.864  4.20043e-022
319.886  2.68166e-022
320.908  1.48976e-022
321.93  6.37457e-023
322.952  1.37764e-023
