1.022  5.24978e-021
2.044  5.4095e-021
3.066  5.57023e-021
4.088  5.73195e-021
5.11  5.89462e-021
6.132  6.05821e-021
7.154  6.22267e-021
8.176  6.38798e-021
9.198  6.55409e-021
10.22  6.72097e-021
11.242  6.88859e-021
12.264  7.05692e-021
13.286  7.22593e-021
14.308  7.39561e-021
15.33  7.56591e-021
16.352  7.73682e-021
17.374  7.90832e-021
18.396  8.08038e-021
19.418  8.25297e-021
20.44  8.42608e-021
21.462  8.59969e-021
22.484  8.77376e-021
23.506  8.94827e-021
24.528  9.1232e-021
25.55  9.29854e-021
26.572  9.47424e-021
27.594  9.6503e-021
28.616  9.82668e-021
29.638  1.00034e-020
30.66  1.01803e-020
31.682  1.03575e-020
32.704  1.0535e-020
33.726  1.07126e-020
34.748  1.08904e-020
35.77  1.10684e-020
36.792  1.12465e-020
37.814  1.14247e-020
38.836  1.1603e-020
39.858  1.17813e-020
40.88  1.19597e-020
41.902  1.2138e-020
42.924  1.23164e-020
43.946  1.24946e-020
44.968  1.26728e-020
45.99  1.28509e-020
47.012  1.30289e-020
48.034  1.32067e-020
49.056  1.33844e-020
50.078  1.35618e-020
51.1  1.3739e-020
52.122  1.39159e-020
53.144  1.40926e-020
54.166  1.42689e-020
55.188  1.44449e-020
56.21  1.46206e-020
57.232  1.47958e-020
58.254  1.49707e-020
59.276  1.51451e-020
60.298  1.5319e-020
61.32  1.54925e-020
62.342  1.56655e-020
63.364  1.58379e-020
64.386  1.60098e-020
65.408  1.6181e-020
66.43  1.63517e-020
67.452  1.65217e-020
68.474  1.66911e-020
69.496  1.68598e-020
70.518  1.70277e-020
71.54  1.7195e-020
72.562  1.73615e-020
73.584  1.75272e-020
74.606  1.76921e-020
75.628  1.78561e-020
76.65  1.80194e-020
77.672  1.81817e-020
78.694  1.83431e-020
79.716  1.85036e-020
80.738  1.86632e-020
81.76  1.88218e-020
82.782  1.89794e-020
83.804  1.9136e-020
84.826  1.92915e-020
85.848  1.9446e-020
86.87  1.95994e-020
87.892  1.97516e-020
88.914  1.99028e-020
89.936  2.00528e-020
90.958  2.02016e-020
91.98  2.03492e-020
93.002  2.04956e-020
94.024  2.06407e-020
95.046  2.07846e-020
96.068  2.09271e-020
97.09  2.10684e-020
98.112  2.12083e-020
99.134  2.13469e-020
100.156  2.14841e-020
101.178  2.16199e-020
102.2  2.17543e-020
103.222  2.18872e-020
104.244  2.20186e-020
105.266  2.21486e-020
106.288  2.22771e-020
107.31  2.2404e-020
108.332  2.25294e-020
109.354  2.26532e-020
110.376  2.27754e-020
111.398  2.2896e-020
112.42  2.30149e-020
113.442  2.31322e-020
114.464  2.32478e-020
115.486  2.33617e-020
116.508  2.34739e-020
117.53  2.35843e-020
118.552  2.3693e-020
119.574  2.37998e-020
120.596  2.39049e-020
121.618  2.40081e-020
122.64  2.41095e-020
123.662  2.4209e-020
124.684  2.43067e-020
125.706  2.44024e-020
126.728  2.44961e-020
127.75  2.45879e-020
128.772  2.46778e-020
129.794  2.47656e-020
130.816  2.48514e-020
131.838  2.49352e-020
132.86  2.50169e-020
133.882  2.50965e-020
134.904  2.51741e-020
135.926  2.52495e-020
136.948  2.53227e-020
137.97  2.53938e-020
138.992  2.54627e-020
140.014  2.55294e-020
141.036  2.55939e-020
142.058  2.56561e-020
143.08  2.57161e-020
144.102  2.57738e-020
145.124  2.58291e-020
146.146  2.58821e-020
147.168  2.59328e-020
148.19  2.59811e-020
149.212  2.6027e-020
150.234  2.60705e-020
151.256  2.61116e-020
152.278  2.61502e-020
153.3  2.61863e-020
154.322  2.622e-020
155.344  2.62511e-020
156.366  2.62797e-020
157.388  2.63057e-020
158.41  2.63292e-020
159.432  2.63501e-020
160.454  2.63683e-020
161.476  2.63839e-020
162.498  2.63969e-020
163.52  2.64072e-020
164.542  2.64148e-020
165.564  2.64197e-020
166.586  2.64218e-020
167.608  2.64212e-020
168.63  2.64179e-020
169.652  2.64117e-020
170.674  2.64027e-020
171.696  2.63909e-020
172.718  2.63763e-020
173.74  2.63588e-020
174.762  2.63384e-020
175.784  2.63151e-020
176.806  2.62889e-020
177.828  2.62598e-020
178.85  2.62277e-020
179.872  2.61926e-020
180.894  2.61546e-020
181.916  2.61135e-020
182.938  2.60694e-020
183.96  2.60223e-020
184.982  2.59722e-020
186.004  2.59189e-020
187.026  2.58626e-020
188.048  2.58032e-020
189.07  2.57407e-020
190.092  2.5675e-020
191.114  2.56062e-020
192.136  2.55343e-020
193.158  2.54592e-020
194.18  2.53809e-020
195.202  2.52994e-020
196.224  2.52148e-020
197.246  2.51269e-020
198.268  2.50357e-020
199.29  2.49414e-020
200.312  2.48438e-020
201.334  2.47429e-020
202.356  2.46388e-020
203.378  2.45314e-020
204.4  2.44208e-020
205.422  2.43068e-020
206.444  2.41896e-020
207.466  2.4069e-020
208.488  2.39452e-020
209.51  2.38181e-020
210.532  2.36876e-020
211.554  2.35539e-020
212.576  2.34168e-020
213.598  2.32765e-020
214.62  2.31328e-020
215.642  2.29858e-020
216.664  2.28355e-020
217.686  2.26819e-020
218.708  2.2525e-020
219.73  2.23648e-020
220.752  2.22013e-020
221.774  2.20346e-020
222.796  2.18646e-020
223.818  2.16913e-020
224.84  2.15147e-020
225.862  2.1335e-020
226.884  2.1152e-020
227.906  2.09658e-020
228.928  2.07764e-020
229.95  2.05838e-020
230.972  2.03881e-020
231.994  2.01892e-020
233.016  1.99873e-020
234.038  1.97822e-020
235.06  1.95741e-020
236.082  1.93629e-020
237.104  1.91488e-020
238.126  1.89317e-020
239.148  1.87116e-020
240.17  1.84886e-020
241.192  1.82628e-020
242.214  1.80341e-020
243.236  1.78026e-020
244.258  1.75684e-020
245.28  1.73315e-020
246.302  1.70919e-020
247.324  1.68497e-020
248.346  1.6605e-020
249.368  1.63578e-020
250.39  1.61081e-020
251.412  1.5856e-020
252.434  1.56016e-020
253.456  1.5345e-020
254.478  1.50862e-020
255.5  1.48252e-020
256.522  1.45622e-020
257.544  1.42973e-020
258.566  1.40304e-020
259.588  1.37618e-020
260.61  1.34914e-020
261.632  1.32194e-020
262.654  1.29458e-020
263.676  1.26708e-020
264.698  1.23944e-020
265.72  1.21168e-020
266.742  1.18381e-020
267.764  1.15584e-020
268.786  1.12777e-020
269.808  1.09962e-020
270.83  1.07141e-020
271.852  1.04314e-020
272.874  1.01483e-020
273.896  9.86494e-021
274.918  9.58142e-021
275.94  9.29792e-021
276.962  9.01456e-021
277.984  8.73152e-021
279.006  8.44894e-021
280.028  8.16699e-021
281.05  7.88585e-021
282.072  7.60568e-021
283.094  7.32666e-021
284.116  7.04898e-021
285.138  6.77284e-021
286.16  6.49842e-021
287.182  6.22594e-021
288.204  5.95559e-021
289.226  5.6876e-021
290.248  5.42219e-021
291.27  5.15958e-021
292.292  4.90001e-021
293.314  4.64372e-021
294.336  4.39095e-021
295.358  4.14197e-021
296.38  3.89704e-021
297.402  3.65643e-021
298.424  3.4204e-021
299.446  3.18926e-021
300.468  2.96329e-021
301.49  2.74279e-021
302.512  2.52808e-021
303.534  2.31947e-021
304.556  2.11728e-021
305.578  1.92186e-021
306.6  1.73355e-021
307.622  1.55269e-021
308.644  1.37966e-021
309.666  1.21482e-021
310.688  1.05856e-021
311.71  9.11268e-022
312.732  7.73347e-022
313.754  6.45208e-022
314.776  5.27275e-022
315.798  4.1998e-022
316.82  3.23767e-022
317.842  2.39091e-022
318.864  1.66419e-022
319.886  1.06226e-022
320.908  5.90006e-023
321.93  2.52409e-023
322.952  5.45382e-024
