1.022  2.58359e-020
2.044  2.54425e-020
3.066  2.50561e-020
4.088  2.46768e-020
5.11  2.43043e-020
6.132  2.39385e-020
7.154  2.35794e-020
8.176  2.32269e-020
9.198  2.28808e-020
10.22  2.2541e-020
11.242  2.22076e-020
12.264  2.18804e-020
13.286  2.15593e-020
14.308  2.12443e-020
15.33  2.09354e-020
16.352  2.06324e-020
17.374  2.03354e-020
18.396  2.00442e-020
19.418  1.97588e-020
20.44  1.94791e-020
21.462  1.9205e-020
22.484  1.89365e-020
23.506  1.86736e-020
24.528  1.84161e-020
25.55  1.81639e-020
26.572  1.79171e-020
27.594  1.76755e-020
28.616  1.7439e-020
29.638  1.72077e-020
30.66  1.69813e-020
31.682  1.67599e-020
32.704  1.65433e-020
33.726  1.63316e-020
34.748  1.61245e-020
35.77  1.59221e-020
36.792  1.57243e-020
37.814  1.5531e-020
38.836  1.53421e-020
39.858  1.51576e-020
40.88  1.49774e-020
41.902  1.48014e-020
42.924  1.46296e-020
43.946  1.44618e-020
44.968  1.42981e-020
45.99  1.41384e-020
47.012  1.39826e-020
48.034  1.38306e-020
49.056  1.36823e-020
50.078  1.35378e-020
51.1  1.33969e-020
52.122  1.32597e-020
53.144  1.31259e-020
54.166  1.29956e-020
55.188  1.28687e-020
56.21  1.27452e-020
57.232  1.26249e-020
58.254  1.25079e-020
59.276  1.23941e-020
60.298  1.22834e-020
61.32  1.21758e-020
62.342  1.20712e-020
63.364  1.19695e-020
64.386  1.18708e-020
65.408  1.17749e-020
66.43  1.16818e-020
67.452  1.15915e-020
68.474  1.15039e-020
69.496  1.1419e-020
70.518  1.13366e-020
71.54  1.12568e-020
72.562  1.11796e-020
73.584  1.11048e-020
74.606  1.10324e-020
75.628  1.09623e-020
76.65  1.08946e-020
77.672  1.08292e-020
78.694  1.0766e-020
79.716  1.0705e-020
80.738  1.06462e-020
81.76  1.05894e-020
82.782  1.05347e-020
83.804  1.04821e-020
84.826  1.04314e-020
85.848  1.03826e-020
86.87  1.03357e-020
87.892  1.02907e-020
88.914  1.02475e-020
89.936  1.0206e-020
90.958  1.01663e-020
91.98  1.01283e-020
93.002  1.00919e-020
94.024  1.00571e-020
95.046  1.00239e-020
96.068  9.99227e-021
97.09  9.96211e-021
98.112  9.9334e-021
99.134  9.90612e-021
100.156  9.88023e-021
101.178  9.85568e-021
102.2  9.83245e-021
103.222  9.8105e-021
104.244  9.78979e-021
105.266  9.77029e-021
106.288  9.75196e-021
107.31  9.73477e-021
108.332  9.71868e-021
109.354  9.70366e-021
110.376  9.68967e-021
111.398  9.67669e-021
112.42  9.66468e-021
113.442  9.6536e-021
114.464  9.64342e-021
115.486  9.63412e-021
116.508  9.62565e-021
117.53  9.61799e-021
118.552  9.6111e-021
119.574  9.60496e-021
120.596  9.59952e-021
121.618  9.59477e-021
122.64  9.59067e-021
123.662  9.58718e-021
124.684  9.58428e-021
125.706  9.58194e-021
126.728  9.58013e-021
127.75  9.57882e-021
128.772  9.57798e-021
129.794  9.57757e-021
130.816  9.57758e-021
131.838  9.57797e-021
132.86  9.57871e-021
133.882  9.57978e-021
134.904  9.58114e-021
135.926  9.58277e-021
136.948  9.58464e-021
137.97  9.58672e-021
138.992  9.58899e-021
140.014  9.59142e-021
141.036  9.59398e-021
142.058  9.59664e-021
143.08  9.59938e-021
144.102  9.60218e-021
145.124  9.60499e-021
146.146  9.60781e-021
147.168  9.6106e-021
148.19  9.61334e-021
149.212  9.616e-021
150.234  9.61856e-021
151.256  9.62099e-021
152.278  9.62327e-021
153.3  9.62538e-021
154.322  9.62728e-021
155.344  9.62896e-021
156.366  9.63039e-021
157.388  9.63154e-021
158.41  9.6324e-021
159.432  9.63295e-021
160.454  9.63315e-021
161.476  9.63298e-021
162.498  9.63243e-021
163.52  9.63146e-021
164.542  9.63007e-021
165.564  9.62822e-021
166.586  9.62589e-021
167.608  9.62307e-021
168.63  9.61973e-021
169.652  9.61585e-021
170.674  9.61141e-021
171.696  9.60639e-021
172.718  9.60077e-021
173.74  9.59453e-021
174.762  9.58764e-021
175.784  9.5801e-021
176.806  9.57187e-021
177.828  9.56295e-021
178.85  9.55331e-021
179.872  9.54293e-021
180.894  9.5318e-021
181.916  9.51989e-021
182.938  9.5072e-021
183.96  9.49369e-021
184.982  9.47936e-021
186.004  9.46419e-021
187.026  9.44816e-021
188.048  9.43125e-021
189.07  9.41345e-021
190.092  9.39474e-021
191.114  9.37511e-021
192.136  9.35454e-021
193.158  9.33302e-021
194.18  9.31052e-021
195.202  9.28704e-021
196.224  9.26257e-021
197.246  9.23708e-021
198.268  9.21057e-021
199.29  9.18302e-021
200.312  9.15442e-021
201.334  9.12475e-021
202.356  9.09401e-021
203.378  9.06218e-021
204.4  9.02925e-021
205.422  8.99521e-021
206.444  8.96005e-021
207.466  8.92375e-021
208.488  8.88631e-021
209.51  8.84772e-021
210.532  8.80797e-021
211.554  8.76704e-021
212.576  8.72494e-021
213.598  8.68164e-021
214.62  8.63715e-021
215.642  8.59146e-021
216.664  8.54455e-021
217.686  8.49643e-021
218.708  8.44708e-021
219.73  8.39651e-021
220.752  8.34469e-021
221.774  8.29164e-021
222.796  8.23734e-021
223.818  8.1818e-021
224.84  8.125e-021
225.862  8.06694e-021
226.884  8.00763e-021
227.906  7.94706e-021
228.928  7.88522e-021
229.95  7.82213e-021
230.972  7.75777e-021
231.994  7.69215e-021
233.016  7.62526e-021
234.038  7.55712e-021
235.06  7.48772e-021
236.082  7.41706e-021
237.104  7.34516e-021
238.126  7.272e-021
239.148  7.1976e-021
240.17  7.12196e-021
241.192  7.04509e-021
242.214  6.96699e-021
243.236  6.88768e-021
244.258  6.80716e-021
245.28  6.72544e-021
246.302  6.64253e-021
247.324  6.55844e-021
248.346  6.47318e-021
249.368  6.38677e-021
250.39  6.29922e-021
251.412  6.21054e-021
252.434  6.12076e-021
253.456  6.02988e-021
254.478  5.93793e-021
255.5  5.84492e-021
256.522  5.75088e-021
257.544  5.65582e-021
258.566  5.55977e-021
259.588  5.46275e-021
260.61  5.36479e-021
261.632  5.26592e-021
262.654  5.16616e-021
263.676  5.06554e-021
264.698  4.96409e-021
265.72  4.86185e-021
266.742  4.75885e-021
267.764  4.65512e-021
268.786  4.5507e-021
269.808  4.44564e-021
270.83  4.33997e-021
271.852  4.23374e-021
272.874  4.12699e-021
273.896  4.01977e-021
274.918  3.91213e-021
275.94  3.80412e-021
276.962  3.69579e-021
277.984  3.5872e-021
279.006  3.47841e-021
280.028  3.36947e-021
281.05  3.26046e-021
282.072  3.15144e-021
283.094  3.04248e-021
284.116  2.93365e-021
285.138  2.82502e-021
286.16  2.71667e-021
287.182  2.6087e-021
288.204  2.50116e-021
289.226  2.39417e-021
290.248  2.28781e-021
291.27  2.18217e-021
292.292  2.07735e-021
293.314  1.97346e-021
294.336  1.8706e-021
295.358  1.76888e-021
296.38  1.66842e-021
297.402  1.56935e-021
298.424  1.47177e-021
299.446  1.37583e-021
300.468  1.28165e-021
301.49  1.18939e-021
302.512  1.09917e-021
303.534  1.01115e-021
304.556  9.25487e-022
305.578  8.42343e-022
306.6  7.61883e-022
307.622  6.84282e-022
308.644  6.09719e-022
309.666  5.3838e-022
310.688  4.70459e-022
311.71  4.06156e-022
312.732  3.45679e-022
313.754  2.89241e-022
314.776  2.37067e-022
315.798  1.89385e-022
316.82  1.46435e-022
317.842  1.08463e-022
318.864  7.57247e-023
319.886  4.84835e-023
320.908  2.70121e-023
321.93  1.1592e-023
322.952  2.51254e-024
