1.022  1.03349e-019
2.044  1.03513e-019
3.066  1.03676e-019
4.088  1.03839e-019
5.11  1.04e-019
6.132  1.0416e-019
7.154  1.04319e-019
8.176  1.04476e-019
9.198  1.04632e-019
10.22  1.04786e-019
11.242  1.04938e-019
12.264  1.0509e-019
13.286  1.05239e-019
14.308  1.05387e-019
15.33  1.05534e-019
16.352  1.0568e-019
17.374  1.05824e-019
18.396  1.05967e-019
19.418  1.06109e-019
20.44  1.0625e-019
21.462  1.0639e-019
22.484  1.06529e-019
23.506  1.06667e-019
24.528  1.06803e-019
25.55  1.06939e-019
26.572  1.07074e-019
27.594  1.07208e-019
28.616  1.07342e-019
29.638  1.07474e-019
30.66  1.07605e-019
31.682  1.07735e-019
32.704  1.07864e-019
33.726  1.07992e-019
34.748  1.0812e-019
35.77  1.08246e-019
36.792  1.0837e-019
37.814  1.08494e-019
38.836  1.08617e-019
39.858  1.08738e-019
40.88  1.08858e-019
41.902  1.08976e-019
42.924  1.09094e-019
43.946  1.0921e-019
44.968  1.09324e-019
45.99  1.09437e-019
47.012  1.09548e-019
48.034  1.09658e-019
49.056  1.09766e-019
50.078  1.09873e-019
51.1  1.09977e-019
52.122  1.1008e-019
53.144  1.10181e-019
54.166  1.1028e-019
55.188  1.10378e-019
56.21  1.10473e-019
57.232  1.10566e-019
58.254  1.10657e-019
59.276  1.10746e-019
60.298  1.10833e-019
61.32  1.10918e-019
62.342  1.11001e-019
63.364  1.11081e-019
64.386  1.11159e-019
65.408  1.11234e-019
66.43  1.11307e-019
67.452  1.11378e-019
68.474  1.11446e-019
69.496  1.11511e-019
70.518  1.11574e-019
71.54  1.11634e-019
72.562  1.11692e-019
73.584  1.11746e-019
74.606  1.11799e-019
75.628  1.11848e-019
76.65  1.11894e-019
77.672  1.11938e-019
78.694  1.11978e-019
79.716  1.12016e-019
80.738  1.1205e-019
81.76  1.12082e-019
82.782  1.1211e-019
83.804  1.12136e-019
84.826  1.12158e-019
85.848  1.12177e-019
86.87  1.12193e-019
87.892  1.12205e-019
88.914  1.12214e-019
89.936  1.1222e-019
90.958  1.12223e-019
91.98  1.12222e-019
93.002  1.12218e-019
94.024  1.1221e-019
95.046  1.12198e-019
96.068  1.12184e-019
97.09  1.12165e-019
98.112  1.12143e-019
99.134  1.12118e-019
100.156  1.12088e-019
101.178  1.12055e-019
102.2  1.12018e-019
103.222  1.11978e-019
104.244  1.11934e-019
105.266  1.11886e-019
106.288  1.11834e-019
107.31  1.11778e-019
108.332  1.11718e-019
109.354  1.11654e-019
110.376  1.11587e-019
111.398  1.11515e-019
112.42  1.11439e-019
113.442  1.11359e-019
114.464  1.11276e-019
115.486  1.11188e-019
116.508  1.11096e-019
117.53  1.10999e-019
118.552  1.10899e-019
119.574  1.10794e-019
120.596  1.10685e-019
121.618  1.10572e-019
122.64  1.10455e-019
123.662  1.10333e-019
124.684  1.10207e-019
125.706  1.10076e-019
126.728  1.09941e-019
127.75  1.09802e-019
128.772  1.09658e-019
129.794  1.09509e-019
130.816  1.09356e-019
131.838  1.09199e-019
132.86  1.09037e-019
133.882  1.0887e-019
134.904  1.08699e-019
135.926  1.08523e-019
136.948  1.08343e-019
137.97  1.08157e-019
138.992  1.07967e-019
140.014  1.07772e-019
141.036  1.07573e-019
142.058  1.07368e-019
143.08  1.07159e-019
144.102  1.06945e-019
145.124  1.06726e-019
146.146  1.06502e-019
147.168  1.06273e-019
148.19  1.06039e-019
149.212  1.058e-019
150.234  1.05556e-019
151.256  1.05307e-019
152.278  1.05053e-019
153.3  1.04793e-019
154.322  1.04529e-019
155.344  1.04259e-019
156.366  1.03984e-019
157.388  1.03704e-019
158.41  1.03419e-019
159.432  1.03128e-019
160.454  1.02832e-019
161.476  1.0253e-019
162.498  1.02224e-019
163.52  1.01911e-019
164.542  1.01594e-019
165.564  1.0127e-019
166.586  1.00942e-019
167.608  1.00607e-019
168.63  1.00267e-019
169.652  9.99218e-020
170.674  9.95706e-020
171.696  9.92138e-020
172.718  9.88512e-020
173.74  9.84829e-020
174.762  9.81087e-020
175.784  9.77288e-020
176.806  9.7343e-020
177.828  9.69514e-020
178.85  9.65538e-020
179.872  9.61503e-020
180.894  9.57408e-020
181.916  9.53253e-020
182.938  9.49037e-020
183.96  9.44761e-020
184.982  9.40423e-020
186.004  9.36024e-020
187.026  9.31563e-020
188.048  9.2704e-020
189.07  9.22455e-020
190.092  9.17807e-020
191.114  9.13096e-020
192.136  9.08321e-020
193.158  9.03483e-020
194.18  8.9858e-020
195.202  8.93613e-020
196.224  8.88582e-020
197.246  8.83485e-020
198.268  8.78324e-020
199.29  8.73096e-020
200.312  8.67803e-020
201.334  8.62444e-020
202.356  8.57019e-020
203.378  8.51526e-020
204.4  8.45967e-020
205.422  8.40341e-020
206.444  8.34647e-020
207.466  8.28886e-020
208.488  8.23057e-020
209.51  8.17159e-020
210.532  8.11194e-020
211.554  8.0516e-020
212.576  7.99058e-020
213.598  7.92887e-020
214.62  7.86647e-020
215.642  7.80338e-020
216.664  7.7396e-020
217.686  7.67513e-020
218.708  7.60996e-020
219.73  7.54411e-020
220.752  7.47756e-020
221.774  7.41031e-020
222.796  7.34238e-020
223.818  7.27375e-020
224.84  7.20444e-020
225.862  7.13443e-020
226.884  7.06373e-020
227.906  6.99235e-020
228.928  6.92028e-020
229.95  6.84753e-020
230.972  6.7741e-020
231.994  6.69999e-020
233.016  6.62521e-020
234.038  6.54976e-020
235.06  6.47364e-020
236.082  6.39687e-020
237.104  6.31943e-020
238.126  6.24135e-020
239.148  6.16262e-020
240.17  6.08325e-020
241.192  6.00325e-020
242.214  5.92263e-020
243.236  5.8414e-020
244.258  5.75956e-020
245.28  5.67712e-020
246.302  5.59409e-020
247.324  5.51048e-020
248.346  5.42631e-020
249.368  5.34159e-020
250.39  5.25633e-020
251.412  5.17053e-020
252.434  5.08423e-020
253.456  4.99742e-020
254.478  4.91013e-020
255.5  4.82238e-020
256.522  4.73418e-020
257.544  4.64555e-020
258.566  4.5565e-020
259.588  4.46707e-020
260.61  4.37726e-020
261.632  4.28711e-020
262.654  4.19663e-020
263.676  4.10585e-020
264.698  4.0148e-020
265.72  3.92351e-020
266.742  3.83199e-020
267.764  3.74028e-020
268.786  3.64841e-020
269.808  3.55642e-020
270.83  3.46433e-020
271.852  3.37217e-020
272.874  3.28e-020
273.896  3.18783e-020
274.918  3.09572e-020
275.94  3.00369e-020
276.962  2.9118e-020
277.984  2.82009e-020
279.006  2.7286e-020
280.028  2.63738e-020
281.05  2.54647e-020
282.072  2.45594e-020
283.094  2.36582e-020
284.116  2.27618e-020
285.138  2.18708e-020
286.16  2.09856e-020
287.182  2.01069e-020
288.204  1.92353e-020
289.226  1.83716e-020
290.248  1.75162e-020
291.27  1.667e-020
292.292  1.58337e-020
293.314  1.50079e-020
294.336  1.41935e-020
295.358  1.33913e-020
296.38  1.2602e-020
297.402  1.18265e-020
298.424  1.10657e-020
299.446  1.03205e-020
300.468  9.5918e-021
301.49  8.88054e-021
302.512  8.18773e-021
303.534  7.51437e-021
304.556  6.86152e-021
305.578  6.23026e-021
306.6  5.6217e-021
307.622  5.03699e-021
308.644  4.4773e-021
309.666  3.94385e-021
310.688  3.43789e-021
311.71  2.96071e-021
312.732  2.51363e-021
313.754  2.09802e-021
314.776  1.71527e-021
315.798  1.36683e-021
316.82  1.05418e-021
317.842  7.78836e-022
318.864  5.4236e-022
319.886  3.46356e-022
320.908  1.92469e-022
321.93  8.23804e-023
322.952  1.78089e-023
