1.022  6.97001e-020
2.044  6.99417e-020
3.066  7.0182e-020
4.088  7.04209e-020
5.11  7.06583e-020
6.132  7.08941e-020
7.154  7.11283e-020
8.176  7.13608e-020
9.198  7.15915e-020
10.22  7.18203e-020
11.242  7.20474e-020
12.264  7.22727e-020
13.286  7.24962e-020
14.308  7.27181e-020
15.33  7.29382e-020
16.352  7.31567e-020
17.374  7.33736e-020
18.396  7.3589e-020
19.418  7.38028e-020
20.44  7.40152e-020
21.462  7.42261e-020
22.484  7.44357e-020
23.506  7.46438e-020
24.528  7.48505e-020
25.55  7.50559e-020
26.572  7.52599e-020
27.594  7.54626e-020
28.616  7.56639e-020
29.638  7.58638e-020
30.66  7.60623e-020
31.682  7.62595e-020
32.704  7.64553e-020
33.726  7.66496e-020
34.748  7.68425e-020
35.77  7.7034e-020
36.792  7.7224e-020
37.814  7.74125e-020
38.836  7.75994e-020
39.858  7.77849e-020
40.88  7.79687e-020
41.902  7.81509e-020
42.924  7.83315e-020
43.946  7.85105e-020
44.968  7.86877e-020
45.99  7.88632e-020
47.012  7.9037e-020
48.034  7.92089e-020
49.056  7.9379e-020
50.078  7.95473e-020
51.1  7.97137e-020
52.122  7.98782e-020
53.144  8.00407e-020
54.166  8.02012e-020
55.188  8.03597e-020
56.21  8.05161e-020
57.232  8.06704e-020
58.254  8.08226e-020
59.276  8.09727e-020
60.298  8.11206e-020
61.32  8.12662e-020
62.342  8.14096e-020
63.364  8.15507e-020
64.386  8.16895e-020
65.408  8.18259e-020
66.43  8.19599e-020
67.452  8.20916e-020
68.474  8.22207e-020
69.496  8.23474e-020
70.518  8.24716e-020
71.54  8.25932e-020
72.562  8.27123e-020
73.584  8.28287e-020
74.606  8.29425e-020
75.628  8.30537e-020
76.65  8.31621e-020
77.672  8.32678e-020
78.694  8.33708e-020
79.716  8.3471e-020
80.738  8.35683e-020
81.76  8.36629e-020
82.782  8.37545e-020
83.804  8.38432e-020
84.826  8.39291e-020
85.848  8.40119e-020
86.87  8.40918e-020
87.892  8.41687e-020
88.914  8.42425e-020
89.936  8.43133e-020
90.958  8.43809e-020
91.98  8.44455e-020
93.002  8.45069e-020
94.024  8.45651e-020
95.046  8.46202e-020
96.068  8.4672e-020
97.09  8.47206e-020
98.112  8.47659e-020
99.134  8.48079e-020
100.156  8.48465e-020
101.178  8.48819e-020
102.2  8.49138e-020
103.222  8.49424e-020
104.244  8.49675e-020
105.266  8.49892e-020
106.288  8.50075e-020
107.31  8.50222e-020
108.332  8.50334e-020
109.354  8.50411e-020
110.376  8.50452e-020
111.398  8.50457e-020
112.42  8.50426e-020
113.442  8.50359e-020
114.464  8.50256e-020
115.486  8.50115e-020
116.508  8.49938e-020
117.53  8.49723e-020
118.552  8.49471e-020
119.574  8.49181e-020
120.596  8.48853e-020
121.618  8.48487e-020
122.64  8.48082e-020
123.662  8.47639e-020
124.684  8.47158e-020
125.706  8.46637e-020
126.728  8.46077e-020
127.75  8.45477e-020
128.772  8.44838e-020
129.794  8.44159e-020
130.816  8.43439e-020
131.838  8.4268e-020
132.86  8.41879e-020
133.882  8.41038e-020
134.904  8.40156e-020
135.926  8.39232e-020
136.948  8.38267e-020
137.97  8.3726e-020
138.992  8.36211e-020
140.014  8.3512e-020
141.036  8.33987e-020
142.058  8.32811e-020
143.08  8.31592e-020
144.102  8.3033e-020
145.124  8.29024e-020
146.146  8.27675e-020
147.168  8.26282e-020
148.19  8.24845e-020
149.212  8.23364e-020
150.234  8.21838e-020
151.256  8.20267e-020
152.278  8.18651e-020
153.3  8.1699e-020
154.322  8.15284e-020
155.344  8.13532e-020
156.366  8.11733e-020
157.388  8.09889e-020
158.41  8.07998e-020
159.432  8.0606e-020
160.454  8.04075e-020
161.476  8.02043e-020
162.498  7.99963e-020
163.52  7.97836e-020
164.542  7.9566e-020
165.564  7.93437e-020
166.586  7.91164e-020
167.608  7.88843e-020
168.63  7.86473e-020
169.652  7.84053e-020
170.674  7.81584e-020
171.696  7.79065e-020
172.718  7.76495e-020
173.74  7.73875e-020
174.762  7.71205e-020
175.784  7.68484e-020
176.806  7.65711e-020
177.828  7.62887e-020
178.85  7.60011e-020
179.872  7.57083e-020
180.894  7.54103e-020
181.916  7.5107e-020
182.938  7.47984e-020
183.96  7.44845e-020
184.982  7.41653e-020
186.004  7.38407e-020
187.026  7.35108e-020
188.048  7.31754e-020
189.07  7.28345e-020
190.092  7.24882e-020
191.114  7.21365e-020
192.136  7.17792e-020
193.158  7.14163e-020
194.18  7.10479e-020
195.202  7.06739e-020
196.224  7.02942e-020
197.246  6.9909e-020
198.268  6.95181e-020
199.29  6.91214e-020
200.312  6.87191e-020
201.334  6.83111e-020
202.356  6.78973e-020
203.378  6.74778e-020
204.4  6.70524e-020
205.422  6.66213e-020
206.444  6.61843e-020
207.466  6.57416e-020
208.488  6.52929e-020
209.51  6.48384e-020
210.532  6.4378e-020
211.554  6.39118e-020
212.576  6.34396e-020
213.598  6.29615e-020
214.62  6.24776e-020
215.642  6.19876e-020
216.664  6.14918e-020
217.686  6.09901e-020
218.708  6.04824e-020
219.73  5.99687e-020
220.752  5.94492e-020
221.774  5.89237e-020
222.796  5.83923e-020
223.818  5.7855e-020
224.84  5.73118e-020
225.862  5.67628e-020
226.884  5.62078e-020
227.906  5.5647e-020
228.928  5.50804e-020
229.95  5.4508e-020
230.972  5.39297e-020
231.994  5.33458e-020
233.016  5.27561e-020
234.038  5.21608e-020
235.06  5.15598e-020
236.082  5.09532e-020
237.104  5.0341e-020
238.126  4.97234e-020
239.148  4.91003e-020
240.17  4.84718e-020
241.192  4.7838e-020
242.214  4.71989e-020
243.236  4.65547e-020
244.258  4.59053e-020
245.28  4.52509e-020
246.302  4.45916e-020
247.324  4.39274e-020
248.346  4.32585e-020
249.368  4.25849e-020
250.39  4.19068e-020
251.412  4.12243e-020
252.434  4.05374e-020
253.456  3.98464e-020
254.478  3.91514e-020
255.5  3.84524e-020
256.522  3.77497e-020
257.544  3.70434e-020
258.566  3.63336e-020
259.588  3.56206e-020
260.61  3.49045e-020
261.632  3.41855e-020
262.654  3.34637e-020
263.676  3.27395e-020
264.698  3.2013e-020
265.72  3.12844e-020
266.742  3.0554e-020
267.764  2.9822e-020
268.786  2.90886e-020
269.808  2.83542e-020
270.83  2.76189e-020
271.852  2.68831e-020
272.874  2.61471e-020
273.896  2.54112e-020
274.918  2.46756e-020
275.94  2.39408e-020
276.962  2.3207e-020
277.984  2.24747e-020
279.006  2.17441e-020
280.028  2.10157e-020
281.05  2.02898e-020
282.072  1.9567e-020
283.094  1.88475e-020
284.116  1.81319e-020
285.138  1.74205e-020
286.16  1.6714e-020
287.182  1.60127e-020
288.204  1.53171e-020
289.226  1.46278e-020
290.248  1.39453e-020
291.27  1.32702e-020
292.292  1.26031e-020
293.314  1.19445e-020
294.336  1.1295e-020
295.358  1.06553e-020
296.38  1.00261e-020
297.402  9.40797e-021
298.424  8.80163e-021
299.446  8.20782e-021
300.468  7.62726e-021
301.49  7.06072e-021
302.512  6.50897e-021
303.534  5.97283e-021
304.556  5.45312e-021
305.578  4.9507e-021
306.6  4.46645e-021
307.622  4.00128e-021
308.644  3.55612e-021
309.666  3.13193e-021
310.688  2.72969e-021
311.71  2.35043e-021
312.732  1.99517e-021
313.754  1.665e-021
314.776  1.36102e-021
315.798  1.08436e-021
316.82  8.3617e-022
317.842  6.17657e-022
318.864  4.30042e-022
319.886  2.74578e-022
320.908  1.52554e-022
321.93  6.52837e-023
322.952  1.41103e-023
