1.022  9.10696e-021
2.044  8.96785e-021
3.066  8.8324e-021
4.088  8.70057e-021
5.11  8.57228e-021
6.132  8.44749e-021
7.154  8.32613e-021
8.176  8.20816e-021
9.198  8.09352e-021
10.22  7.98217e-021
11.242  7.87406e-021
12.264  7.76914e-021
13.286  7.66738e-021
14.308  7.56874e-021
15.33  7.47317e-021
16.352  7.38064e-021
17.374  7.29111e-021
18.396  7.20454e-021
19.418  7.12088e-021
20.44  7.04011e-021
21.462  6.96217e-021
22.484  6.88703e-021
23.506  6.81465e-021
24.528  6.74498e-021
25.55  6.67798e-021
26.572  6.61362e-021
27.594  6.55185e-021
28.616  6.49263e-021
29.638  6.43591e-021
30.66  6.38166e-021
31.682  6.32984e-021
32.704  6.2804e-021
33.726  6.2333e-021
34.748  6.18851e-021
35.77  6.14598e-021
36.792  6.10567e-021
37.814  6.06755e-021
38.836  6.03157e-021
39.858  5.99769e-021
40.88  5.96588e-021
41.902  5.9361e-021
42.924  5.90831e-021
43.946  5.88247e-021
44.968  5.85854e-021
45.99  5.83649e-021
47.012  5.81629e-021
48.034  5.79788e-021
49.056  5.78125e-021
50.078  5.76636e-021
51.1  5.75316e-021
52.122  5.74162e-021
53.144  5.73172e-021
54.166  5.72341e-021
55.188  5.71666e-021
56.21  5.71144e-021
57.232  5.70772e-021
58.254  5.70546e-021
59.276  5.70463e-021
60.298  5.7052e-021
61.32  5.70714e-021
62.342  5.71041e-021
63.364  5.71499e-021
64.386  5.72084e-021
65.408  5.72794e-021
66.43  5.73624e-021
67.452  5.74574e-021
68.474  5.75638e-021
69.496  5.76815e-021
70.518  5.78102e-021
71.54  5.79495e-021
72.562  5.80992e-021
73.584  5.8259e-021
74.606  5.84286e-021
75.628  5.86078e-021
76.65  5.87962e-021
77.672  5.89937e-021
78.694  5.91998e-021
79.716  5.94145e-021
80.738  5.96373e-021
81.76  5.9868e-021
82.782  6.01064e-021
83.804  6.03523e-021
84.826  6.06053e-021
85.848  6.08651e-021
86.87  6.11317e-021
87.892  6.14046e-021
88.914  6.16837e-021
89.936  6.19686e-021
90.958  6.22593e-021
91.98  6.25553e-021
93.002  6.28565e-021
94.024  6.31627e-021
95.046  6.34735e-021
96.068  6.37888e-021
97.09  6.41083e-021
98.112  6.44318e-021
99.134  6.47591e-021
100.156  6.50899e-021
101.178  6.5424e-021
102.2  6.57611e-021
103.222  6.61012e-021
104.244  6.64438e-021
105.266  6.67888e-021
106.288  6.71361e-021
107.31  6.74852e-021
108.332  6.78362e-021
109.354  6.81886e-021
110.376  6.85424e-021
111.398  6.88972e-021
112.42  6.9253e-021
113.442  6.96094e-021
114.464  6.99662e-021
115.486  7.03234e-021
116.508  7.06805e-021
117.53  7.10375e-021
118.552  7.13941e-021
119.574  7.17501e-021
120.596  7.21054e-021
121.618  7.24597e-021
122.64  7.28127e-021
123.662  7.31644e-021
124.684  7.35145e-021
125.706  7.38628e-021
126.728  7.42092e-021
127.75  7.45533e-021
128.772  7.48951e-021
129.794  7.52343e-021
130.816  7.55708e-021
131.838  7.59042e-021
132.86  7.62346e-021
133.882  7.65616e-021
134.904  7.6885e-021
135.926  7.72048e-021
136.948  7.75207e-021
137.97  7.78324e-021
138.992  7.81399e-021
140.014  7.84429e-021
141.036  7.87413e-021
142.058  7.90349e-021
143.08  7.93235e-021
144.102  7.96068e-021
145.124  7.98849e-021
146.146  8.01573e-021
147.168  8.04241e-021
148.19  8.0685e-021
149.212  8.09398e-021
150.234  8.11883e-021
151.256  8.14305e-021
152.278  8.16661e-021
153.3  8.18949e-021
154.322  8.21168e-021
155.344  8.23316e-021
156.366  8.25392e-021
157.388  8.27393e-021
158.41  8.29319e-021
159.432  8.31168e-021
160.454  8.32937e-021
161.476  8.34626e-021
162.498  8.36233e-021
163.52  8.37756e-021
164.542  8.39194e-021
165.564  8.40545e-021
166.586  8.41808e-021
167.608  8.42981e-021
168.63  8.44063e-021
169.652  8.45052e-021
170.674  8.45947e-021
171.696  8.46747e-021
172.718  8.4745e-021
173.74  8.48054e-021
174.762  8.48559e-021
175.784  8.48962e-021
176.806  8.49264e-021
177.828  8.49462e-021
178.85  8.49554e-021
179.872  8.49541e-021
180.894  8.4942e-021
181.916  8.49191e-021
182.938  8.48852e-021
183.96  8.48402e-021
184.982  8.4784e-021
186.004  8.47164e-021
187.026  8.46375e-021
188.048  8.4547e-021
189.07  8.44448e-021
190.092  8.43309e-021
191.114  8.42052e-021
192.136  8.40676e-021
193.158  8.39179e-021
194.18  8.37561e-021
195.202  8.35821e-021
196.224  8.33958e-021
197.246  8.31972e-021
198.268  8.29861e-021
199.29  8.27626e-021
200.312  8.25264e-021
201.334  8.22776e-021
202.356  8.20161e-021
203.378  8.17419e-021
204.4  8.14548e-021
205.422  8.11548e-021
206.444  8.0842e-021
207.466  8.05162e-021
208.488  8.01773e-021
209.51  7.98255e-021
210.532  7.94606e-021
211.554  7.90826e-021
212.576  7.86916e-021
213.598  7.82874e-021
214.62  7.787e-021
215.642  7.74396e-021
216.664  7.69959e-021
217.686  7.65392e-021
218.708  7.60693e-021
219.73  7.55863e-021
220.752  7.50903e-021
221.774  7.45811e-021
222.796  7.40589e-021
223.818  7.35237e-021
224.84  7.29756e-021
225.862  7.24145e-021
226.884  7.18405e-021
227.906  7.12538e-021
228.928  7.06543e-021
229.95  7.00421e-021
230.972  6.94174e-021
231.994  6.87801e-021
233.016  6.81304e-021
234.038  6.74684e-021
235.06  6.67942e-021
236.082  6.61079e-021
237.104  6.54096e-021
238.126  6.46995e-021
239.148  6.39777e-021
240.17  6.32442e-021
241.192  6.24994e-021
242.214  6.17433e-021
243.236  6.0976e-021
244.258  6.01979e-021
245.28  5.9409e-021
246.302  5.86096e-021
247.324  5.77998e-021
248.346  5.69798e-021
249.368  5.615e-021
250.39  5.53104e-021
251.412  5.44614e-021
252.434  5.36032e-021
253.456  5.2736e-021
254.478  5.18602e-021
255.5  5.09759e-021
256.522  5.00835e-021
257.544  4.91833e-021
258.566  4.82756e-021
259.588  4.73607e-021
260.61  4.64389e-021
261.632  4.55106e-021
262.654  4.45761e-021
263.676  4.36359e-021
264.698  4.26902e-021
265.72  4.17395e-021
266.742  4.07842e-021
267.764  3.98247e-021
268.786  3.88615e-021
269.808  3.78949e-021
270.83  3.69254e-021
271.852  3.59536e-021
272.874  3.49798e-021
273.896  3.40046e-021
274.918  3.30286e-021
275.94  3.20522e-021
276.962  3.1076e-021
277.984  3.01005e-021
279.006  2.91264e-021
280.028  2.81542e-021
281.05  2.71846e-021
282.072  2.62182e-021
283.094  2.52555e-021
284.116  2.42974e-021
285.138  2.33444e-021
286.16  2.23974e-021
287.182  2.14569e-021
288.204  2.05238e-021
289.226  1.95988e-021
290.248  1.86827e-021
291.27  1.77763e-021
292.292  1.68804e-021
293.314  1.59959e-021
294.336  1.51236e-021
295.358  1.42645e-021
296.38  1.34195e-021
297.402  1.25894e-021
298.424  1.17753e-021
299.446  1.09781e-021
300.468  1.01989e-021
301.49  9.43874e-022
302.512  8.69863e-022
303.534  7.97969e-022
304.556  7.28304e-022
305.578  6.60983e-022
306.6  5.96125e-022
307.622  5.33851e-022
308.644  4.74283e-022
309.666  4.17551e-022
310.688  3.63783e-022
311.71  3.13114e-022
312.732  2.65681e-022
313.754  2.21623e-022
314.776  1.81084e-022
315.798  1.44211e-022
316.82  1.11155e-022
317.842  8.20709e-023
318.864  5.71156e-023
319.886  3.64511e-023
320.908  2.02426e-023
321.93  8.65851e-024
322.952  1.87054e-024
