1.022  5.4967e-020
2.044  5.41994e-020
3.066  5.34419e-020
4.088  5.26945e-020
5.11  5.19569e-020
6.132  5.12291e-020
7.154  5.05109e-020
8.176  4.98021e-020
9.198  4.91025e-020
10.22  4.84122e-020
11.242  4.7731e-020
12.264  4.70588e-020
13.286  4.63955e-020
14.308  4.57412e-020
15.33  4.50956e-020
16.352  4.44589e-020
17.374  4.38308e-020
18.396  4.32114e-020
19.418  4.26005e-020
20.44  4.19981e-020
21.462  4.14041e-020
22.484  4.08185e-020
23.506  4.02411e-020
24.528  3.96719e-020
25.55  3.91108e-020
26.572  3.85576e-020
27.594  3.80123e-020
28.616  3.74749e-020
29.638  3.69451e-020
30.66  3.6423e-020
31.682  3.59084e-020
32.704  3.54011e-020
33.726  3.49013e-020
34.748  3.44086e-020
35.77  3.39231e-020
36.792  3.34446e-020
37.814  3.2973e-020
38.836  3.25083e-020
39.858  3.20504e-020
40.88  3.15991e-020
41.902  3.11544e-020
42.924  3.07161e-020
43.946  3.02843e-020
44.968  2.98588e-020
45.99  2.94394e-020
47.012  2.90262e-020
48.034  2.86191e-020
49.056  2.82178e-020
50.078  2.78225e-020
51.1  2.7433e-020
52.122  2.70491e-020
53.144  2.66709e-020
54.166  2.62983e-020
55.188  2.59311e-020
56.21  2.55694e-020
57.232  2.52129e-020
58.254  2.48617e-020
59.276  2.45157e-020
60.298  2.41748e-020
61.32  2.38389e-020
62.342  2.3508e-020
63.364  2.3182e-020
64.386  2.28609e-020
65.408  2.25444e-020
66.43  2.22327e-020
67.452  2.19256e-020
68.474  2.16231e-020
69.496  2.13251e-020
70.518  2.10315e-020
71.54  2.07423e-020
72.562  2.04574e-020
73.584  2.01768e-020
74.606  1.99004e-020
75.628  1.96282e-020
76.65  1.936e-020
77.672  1.90958e-020
78.694  1.88357e-020
79.716  1.85794e-020
80.738  1.8327e-020
81.76  1.80784e-020
82.782  1.78336e-020
83.804  1.75925e-020
84.826  1.73551e-020
85.848  1.71213e-020
86.87  1.6891e-020
87.892  1.66642e-020
88.914  1.64409e-020
89.936  1.6221e-020
90.958  1.60044e-020
91.98  1.57912e-020
93.002  1.55813e-020
94.024  1.53745e-020
95.046  1.5171e-020
96.068  1.49706e-020
97.09  1.47732e-020
98.112  1.45789e-020
99.134  1.43877e-020
100.156  1.41993e-020
101.178  1.40139e-020
102.2  1.38314e-020
103.222  1.36517e-020
104.244  1.34748e-020
105.266  1.33007e-020
106.288  1.31292e-020
107.31  1.29605e-020
108.332  1.27943e-020
109.354  1.26308e-020
110.376  1.24699e-020
111.398  1.23114e-020
112.42  1.21555e-020
113.442  1.2002e-020
114.464  1.18509e-020
115.486  1.17021e-020
116.508  1.15557e-020
117.53  1.14117e-020
118.552  1.12699e-020
119.574  1.11303e-020
120.596  1.09929e-020
121.618  1.08577e-020
122.64  1.07246e-020
123.662  1.05936e-020
124.684  1.04647e-020
125.706  1.03379e-020
126.728  1.0213e-020
127.75  1.00901e-020
128.772  9.96915e-021
129.794  9.8501e-021
130.816  9.73294e-021
131.838  9.61762e-021
132.86  9.50412e-021
133.882  9.39241e-021
134.904  9.28246e-021
135.926  9.17424e-021
136.948  9.06772e-021
137.97  8.96288e-021
138.992  8.85968e-021
140.014  8.7581e-021
141.036  8.65811e-021
142.058  8.55968e-021
143.08  8.46278e-021
144.102  8.3674e-021
145.124  8.27349e-021
146.146  8.18105e-021
147.168  8.09003e-021
148.19  8.00042e-021
149.212  7.91219e-021
150.234  7.82531e-021
151.256  7.73977e-021
152.278  7.65553e-021
153.3  7.57257e-021
154.322  7.49087e-021
155.344  7.41041e-021
156.366  7.33116e-021
157.388  7.25309e-021
158.41  7.17619e-021
159.432  7.10043e-021
160.454  7.02579e-021
161.476  6.95225e-021
162.498  6.87979e-021
163.52  6.80838e-021
164.542  6.73801e-021
165.564  6.66864e-021
166.586  6.60027e-021
167.608  6.53288e-021
168.63  6.46643e-021
169.652  6.40091e-021
170.674  6.3363e-021
171.696  6.27259e-021
172.718  6.20974e-021
173.74  6.14775e-021
174.762  6.08659e-021
175.784  6.02625e-021
176.806  5.96671e-021
177.828  5.90794e-021
178.85  5.84993e-021
179.872  5.79266e-021
180.894  5.73612e-021
181.916  5.68028e-021
182.938  5.62514e-021
183.96  5.57067e-021
184.982  5.51685e-021
186.004  5.46367e-021
187.026  5.41111e-021
188.048  5.35916e-021
189.07  5.3078e-021
190.092  5.25701e-021
191.114  5.20678e-021
192.136  5.15709e-021
193.158  5.10793e-021
194.18  5.05928e-021
195.202  5.01113e-021
196.224  4.96345e-021
197.246  4.91625e-021
198.268  4.86949e-021
199.29  4.82318e-021
200.312  4.77728e-021
201.334  4.73179e-021
202.356  4.6867e-021
203.378  4.64199e-021
204.4  4.59764e-021
205.422  4.55365e-021
206.444  4.50999e-021
207.466  4.46666e-021
208.488  4.42365e-021
209.51  4.38093e-021
210.532  4.3385e-021
211.554  4.29633e-021
212.576  4.25443e-021
213.598  4.21278e-021
214.62  4.17136e-021
215.642  4.13016e-021
216.664  4.08917e-021
217.686  4.04837e-021
218.708  4.00776e-021
219.73  3.96732e-021
220.752  3.92704e-021
221.774  3.88691e-021
222.796  3.84692e-021
223.818  3.80704e-021
224.84  3.76728e-021
225.862  3.72762e-021
226.884  3.68805e-021
227.906  3.64855e-021
228.928  3.60912e-021
229.95  3.56975e-021
230.972  3.53042e-021
231.994  3.49112e-021
233.016  3.45184e-021
234.038  3.41257e-021
235.06  3.3733e-021
236.082  3.33402e-021
237.104  3.29471e-021
238.126  3.25538e-021
239.148  3.216e-021
240.17  3.17657e-021
241.192  3.13708e-021
242.214  3.09751e-021
243.236  3.05786e-021
244.258  3.01813e-021
245.28  2.97829e-021
246.302  2.93834e-021
247.324  2.89827e-021
248.346  2.85808e-021
249.368  2.81775e-021
250.39  2.77728e-021
251.412  2.73666e-021
252.434  2.69588e-021
253.456  2.65493e-021
254.478  2.61382e-021
255.5  2.57252e-021
256.522  2.53104e-021
257.544  2.48937e-021
258.566  2.44751e-021
259.588  2.40544e-021
260.61  2.36317e-021
261.632  2.3207e-021
262.654  2.27802e-021
263.676  2.23512e-021
264.698  2.19201e-021
265.72  2.14868e-021
266.742  2.10514e-021
267.764  2.06138e-021
268.786  2.01741e-021
269.808  1.97323e-021
270.83  1.92883e-021
271.852  1.88424e-021
272.874  1.83944e-021
273.896  1.79445e-021
274.918  1.74927e-021
275.94  1.70392e-021
276.962  1.65839e-021
277.984  1.61271e-021
279.006  1.56688e-021
280.028  1.52092e-021
281.05  1.47484e-021
282.072  1.42866e-021
283.094  1.3824e-021
284.116  1.33608e-021
285.138  1.28972e-021
286.16  1.24334e-021
287.182  1.19698e-021
288.204  1.15065e-021
289.226  1.10439e-021
290.248  1.05824e-021
291.27  1.01222e-021
292.292  9.66371e-022
293.314  9.20742e-022
294.336  8.7537e-022
295.358  8.30302e-022
296.38  7.85588e-022
297.402  7.41279e-022
298.424  6.97431e-022
299.446  6.54103e-022
300.468  6.11357e-022
301.49  5.6926e-022
302.512  5.27881e-022
303.534  4.87296e-022
304.556  4.47582e-022
305.578  4.08822e-022
306.6  3.71105e-022
307.622  3.34521e-022
308.644  2.99168e-022
309.666  2.65148e-022
310.688  2.32568e-022
311.71  2.01543e-022
312.732  1.7219e-022
313.754  1.44634e-022
314.776  1.19006e-022
315.798  9.54432e-023
316.82  7.40897e-023
317.842  5.50962e-023
318.864  3.86202e-023
319.886  2.48267e-023
320.908  1.38881e-023
321.93  5.98425e-024
322.952  1.3024e-024
