1.022  6.41264e-020
2.044  6.33313e-020
3.066  6.25456e-020
4.088  6.1769e-020
5.11  6.10015e-020
6.132  6.02429e-020
7.154  5.94931e-020
8.176  5.87519e-020
9.198  5.80191e-020
10.22  5.72947e-020
11.242  5.65787e-020
12.264  5.58709e-020
13.286  5.51714e-020
14.308  5.44799e-020
15.33  5.37966e-020
16.352  5.31214e-020
17.374  5.24542e-020
18.396  5.1795e-020
19.418  5.11438e-020
20.44  5.05004e-020
21.462  4.98648e-020
22.484  4.92369e-020
23.506  4.86168e-020
24.528  4.80043e-020
25.55  4.73992e-020
26.572  4.68017e-020
27.594  4.62115e-020
28.616  4.56286e-020
29.638  4.5053e-020
30.66  4.44844e-020
31.682  4.39229e-020
32.704  4.33684e-020
33.726  4.28207e-020
34.748  4.22798e-020
35.77  4.17457e-020
36.792  4.12181e-020
37.814  4.0697e-020
38.836  4.01824e-020
39.858  3.96741e-020
40.88  3.91721e-020
41.902  3.86763e-020
42.924  3.81865e-020
43.946  3.77028e-020
44.968  3.72251e-020
45.99  3.67531e-020
47.012  3.6287e-020
48.034  3.58265e-020
49.056  3.53717e-020
50.078  3.49224e-020
51.1  3.44786e-020
52.122  3.40402e-020
53.144  3.36071e-020
54.166  3.31792e-020
55.188  3.27566e-020
56.21  3.2339e-020
57.232  3.19265e-020
58.254  3.1519e-020
59.276  3.11164e-020
60.298  3.07186e-020
61.32  3.03256e-020
62.342  2.99373e-020
63.364  2.95537e-020
64.386  2.91747e-020
65.408  2.88002e-020
66.43  2.84302e-020
67.452  2.80646e-020
68.474  2.77034e-020
69.496  2.73465e-020
70.518  2.69939e-020
71.54  2.66454e-020
72.562  2.63011e-020
73.584  2.59609e-020
74.606  2.56248e-020
75.628  2.52926e-020
76.65  2.49644e-020
77.672  2.46401e-020
78.694  2.43196e-020
79.716  2.40029e-020
80.738  2.369e-020
81.76  2.33808e-020
82.782  2.30752e-020
83.804  2.27733e-020
84.826  2.24749e-020
85.848  2.21801e-020
86.87  2.18888e-020
87.892  2.16009e-020
88.914  2.13164e-020
89.936  2.10353e-020
90.958  2.07575e-020
91.98  2.0483e-020
93.002  2.02117e-020
94.024  1.99437e-020
95.046  1.96788e-020
96.068  1.94171e-020
97.09  1.91585e-020
98.112  1.89029e-020
99.134  1.86504e-020
100.156  1.84009e-020
101.178  1.81543e-020
102.2  1.79107e-020
103.222  1.76699e-020
104.244  1.74321e-020
105.266  1.7197e-020
106.288  1.69648e-020
107.31  1.67353e-020
108.332  1.65085e-020
109.354  1.62845e-020
110.376  1.60631e-020
111.398  1.58444e-020
112.42  1.56283e-020
113.442  1.54148e-020
114.464  1.52038e-020
115.486  1.49954e-020
116.508  1.47895e-020
117.53  1.45861e-020
118.552  1.43851e-020
119.574  1.41865e-020
120.596  1.39904e-020
121.618  1.37966e-020
122.64  1.36051e-020
123.662  1.3416e-020
124.684  1.32292e-020
125.706  1.30446e-020
126.728  1.28623e-020
127.75  1.26823e-020
128.772  1.25044e-020
129.794  1.23287e-020
130.816  1.21551e-020
131.838  1.19837e-020
132.86  1.18144e-020
133.882  1.16472e-020
134.904  1.1482e-020
135.926  1.13189e-020
136.948  1.11578e-020
137.97  1.09987e-020
138.992  1.08416e-020
140.014  1.06864e-020
141.036  1.05332e-020
142.058  1.03819e-020
143.08  1.02325e-020
144.102  1.0085e-020
145.124  9.93932e-021
146.146  9.79549e-021
147.168  9.65348e-021
148.19  9.51326e-021
149.212  9.37483e-021
150.234  9.23816e-021
151.256  9.10324e-021
152.278  8.97004e-021
153.3  8.83855e-021
154.322  8.70875e-021
155.344  8.58062e-021
156.366  8.45414e-021
157.388  8.3293e-021
158.41  8.20608e-021
159.432  8.08446e-021
160.454  7.96443e-021
161.476  7.84596e-021
162.498  7.72905e-021
163.52  7.61367e-021
164.542  7.49981e-021
165.564  7.38745e-021
166.586  7.27658e-021
167.608  7.16718e-021
168.63  7.05923e-021
169.652  6.95272e-021
170.674  6.84763e-021
171.696  6.74394e-021
172.718  6.64165e-021
173.74  6.54074e-021
174.762  6.44118e-021
175.784  6.34297e-021
176.806  6.24609e-021
177.828  6.15052e-021
178.85  6.05626e-021
179.872  5.96327e-021
180.894  5.87156e-021
181.916  5.7811e-021
182.938  5.69189e-021
183.96  5.6039e-021
184.982  5.51712e-021
186.004  5.43154e-021
187.026  5.34714e-021
188.048  5.26391e-021
189.07  5.18183e-021
190.092  5.1009e-021
191.114  5.02109e-021
192.136  4.94239e-021
193.158  4.86479e-021
194.18  4.78827e-021
195.202  4.71282e-021
196.224  4.63842e-021
197.246  4.56507e-021
198.268  4.49275e-021
199.29  4.42144e-021
200.312  4.35113e-021
201.334  4.2818e-021
202.356  4.21345e-021
203.378  4.14606e-021
204.4  4.07961e-021
205.422  4.0141e-021
206.444  3.9495e-021
207.466  3.88581e-021
208.488  3.823e-021
209.51  3.76108e-021
210.532  3.70002e-021
211.554  3.63981e-021
212.576  3.58043e-021
213.598  3.52188e-021
214.62  3.46414e-021
215.642  3.40719e-021
216.664  3.35103e-021
217.686  3.29564e-021
218.708  3.241e-021
219.73  3.18711e-021
220.752  3.13395e-021
221.774  3.0815e-021
222.796  3.02976e-021
223.818  2.97871e-021
224.84  2.92833e-021
225.862  2.87862e-021
226.884  2.82955e-021
227.906  2.78113e-021
228.928  2.73333e-021
229.95  2.68614e-021
230.972  2.63955e-021
231.994  2.59355e-021
233.016  2.54811e-021
234.038  2.50324e-021
235.06  2.45892e-021
236.082  2.41513e-021
237.104  2.37186e-021
238.126  2.3291e-021
239.148  2.28684e-021
240.17  2.24506e-021
241.192  2.20376e-021
242.214  2.16292e-021
243.236  2.12253e-021
244.258  2.08257e-021
245.28  2.04304e-021
246.302  2.00392e-021
247.324  1.9652e-021
248.346  1.92688e-021
249.368  1.88893e-021
250.39  1.85136e-021
251.412  1.81414e-021
252.434  1.77727e-021
253.456  1.74073e-021
254.478  1.70452e-021
255.5  1.66863e-021
256.522  1.63305e-021
257.544  1.59777e-021
258.566  1.56278e-021
259.588  1.52806e-021
260.61  1.49362e-021
261.632  1.45944e-021
262.654  1.42552e-021
263.676  1.39185e-021
264.698  1.35842e-021
265.72  1.32523e-021
266.742  1.29227e-021
267.764  1.25953e-021
268.786  1.22701e-021
269.808  1.1947e-021
270.83  1.1626e-021
271.852  1.13071e-021
272.874  1.09903e-021
273.896  1.06754e-021
274.918  1.03626e-021
275.94  1.00518e-021
276.962  9.74289e-022
277.984  9.43601e-022
279.006  9.13114e-022
280.028  8.82828e-022
281.05  8.52748e-022
282.072  8.22877e-022
283.094  7.93218e-022
284.116  7.63779e-022
285.138  7.34566e-022
286.16  7.05585e-022
287.182  6.76846e-022
288.204  6.48359e-022
289.226  6.20135e-022
290.248  5.92185e-022
291.27  5.64524e-022
292.292  5.37165e-022
293.314  5.10126e-022
294.336  4.83423e-022
295.358  4.57076e-022
296.38  4.31105e-022
297.402  4.05533e-022
298.424  3.80382e-022
299.446  3.55679e-022
300.468  3.31451e-022
301.49  3.07726e-022
302.512  2.84536e-022
303.534  2.61914e-022
304.556  2.39894e-022
305.578  2.18515e-022
306.6  1.97814e-022
307.622  1.77833e-022
308.644  1.58617e-022
309.666  1.40211e-022
310.688  1.22665e-022
311.71  1.0603e-022
312.732  9.03589e-023
313.754  7.57095e-023
314.776  6.21412e-023
315.798  4.97164e-023
316.82  3.85007e-023
317.842  2.85628e-023
318.864  1.99744e-023
319.886  1.28106e-023
320.908  7.14984e-024
321.93  3.07382e-024
322.952  6.67477e-025
