1.022  2.74449e-020
2.044  2.70376e-020
3.066  2.66356e-020
4.088  2.6239e-020
5.11  2.58477e-020
6.132  2.54615e-020
7.154  2.50805e-020
8.176  2.47044e-020
9.198  2.43333e-020
10.22  2.39672e-020
11.242  2.36059e-020
12.264  2.32494e-020
13.286  2.28976e-020
14.308  2.25507e-020
15.33  2.22084e-020
16.352  2.18709e-020
17.374  2.15379e-020
18.396  2.12096e-020
19.418  2.08859e-020
20.44  2.05667e-020
21.462  2.0252e-020
22.484  1.99417e-020
23.506  1.96359e-020
24.528  1.93344e-020
25.55  1.90372e-020
26.572  1.87443e-020
27.594  1.84557e-020
28.616  1.81712e-020
29.638  1.78908e-020
30.66  1.76145e-020
31.682  1.73422e-020
32.704  1.70739e-020
33.726  1.68095e-020
34.748  1.6549e-020
35.77  1.62923e-020
36.792  1.60394e-020
37.814  1.57903e-020
38.836  1.55447e-020
39.858  1.53029e-020
40.88  1.50646e-020
41.902  1.48298e-020
42.924  1.45985e-020
43.946  1.43707e-020
44.968  1.41463e-020
45.99  1.39252e-020
47.012  1.37074e-020
48.034  1.34929e-020
49.056  1.32815e-020
50.078  1.30734e-020
51.1  1.28684e-020
52.122  1.26665e-020
53.144  1.24676e-020
54.166  1.22718e-020
55.188  1.20789e-020
56.21  1.1889e-020
57.232  1.17019e-020
58.254  1.15177e-020
59.276  1.13363e-020
60.298  1.11578e-020
61.32  1.09819e-020
62.342  1.08088e-020
63.364  1.06383e-020
64.386  1.04705e-020
65.408  1.03053e-020
66.43  1.01426e-020
67.452  9.98251e-021
68.474  9.82492e-021
69.496  9.6698e-021
70.518  9.51714e-021
71.54  9.36688e-021
72.562  9.21901e-021
73.584  9.0735e-021
74.606  8.93031e-021
75.628  8.78942e-021
76.65  8.65079e-021
77.672  8.51441e-021
78.694  8.38024e-021
79.716  8.24825e-021
80.738  8.11843e-021
81.76  7.99073e-021
82.782  7.86514e-021
83.804  7.74163e-021
84.826  7.62018e-021
85.848  7.50075e-021
86.87  7.38334e-021
87.892  7.2679e-021
88.914  7.15442e-021
89.936  7.04287e-021
90.958  6.93323e-021
91.98  6.82548e-021
93.002  6.7196e-021
94.024  6.61556e-021
95.046  6.51334e-021
96.068  6.41291e-021
97.09  6.31427e-021
98.112  6.21738e-021
99.134  6.12223e-021
100.156  6.02879e-021
101.178  5.93704e-021
102.2  5.84697e-021
103.222  5.75855e-021
104.244  5.67177e-021
105.266  5.5866e-021
106.288  5.50303e-021
107.31  5.42104e-021
108.332  5.3406e-021
109.354  5.26171e-021
110.376  5.18433e-021
111.398  5.10846e-021
112.42  5.03407e-021
113.442  4.96115e-021
114.464  4.88968e-021
115.486  4.81965e-021
116.508  4.75102e-021
117.53  4.6838e-021
118.552  4.61796e-021
119.574  4.55348e-021
120.596  4.49035e-021
121.618  4.42855e-021
122.64  4.36807e-021
123.662  4.30888e-021
124.684  4.25098e-021
125.706  4.19434e-021
126.728  4.13896e-021
127.75  4.08481e-021
128.772  4.03188e-021
129.794  3.98015e-021
130.816  3.92962e-021
131.838  3.88025e-021
132.86  3.83205e-021
133.882  3.78499e-021
134.904  3.73905e-021
135.926  3.69423e-021
136.948  3.65051e-021
137.97  3.60787e-021
138.992  3.5663e-021
140.014  3.52579e-021
141.036  3.48631e-021
142.058  3.44786e-021
143.08  3.41042e-021
144.102  3.37397e-021
145.124  3.33851e-021
146.146  3.30401e-021
147.168  3.27047e-021
148.19  3.23786e-021
149.212  3.20618e-021
150.234  3.17541e-021
151.256  3.14553e-021
152.278  3.11654e-021
153.3  3.08841e-021
154.322  3.06114e-021
155.344  3.0347e-021
156.366  3.00909e-021
157.388  2.98428e-021
158.41  2.96027e-021
159.432  2.93705e-021
160.454  2.91459e-021
161.476  2.89288e-021
162.498  2.87191e-021
163.52  2.85167e-021
164.542  2.83213e-021
165.564  2.81329e-021
166.586  2.79513e-021
167.608  2.77764e-021
168.63  2.7608e-021
169.652  2.74459e-021
170.674  2.72901e-021
171.696  2.71404e-021
172.718  2.69965e-021
173.74  2.68585e-021
174.762  2.67261e-021
175.784  2.65991e-021
176.806  2.64775e-021
177.828  2.63611e-021
178.85  2.62497e-021
179.872  2.61432e-021
180.894  2.60415e-021
181.916  2.59443e-021
182.938  2.58515e-021
183.96  2.5763e-021
184.982  2.56785e-021
186.004  2.55981e-021
187.026  2.55214e-021
188.048  2.54484e-021
189.07  2.53789e-021
190.092  2.53127e-021
191.114  2.52496e-021
192.136  2.51896e-021
193.158  2.51324e-021
194.18  2.50778e-021
195.202  2.50258e-021
196.224  2.49761e-021
197.246  2.49287e-021
198.268  2.48832e-021
199.29  2.48396e-021
200.312  2.47977e-021
201.334  2.47573e-021
202.356  2.47183e-021
203.378  2.46804e-021
204.4  2.46436e-021
205.422  2.46076e-021
206.444  2.45723e-021
207.466  2.45374e-021
208.488  2.4503e-021
209.51  2.44686e-021
210.532  2.44343e-021
211.554  2.43998e-021
212.576  2.43649e-021
213.598  2.43295e-021
214.62  2.42934e-021
215.642  2.42564e-021
216.664  2.42183e-021
217.686  2.4179e-021
218.708  2.41384e-021
219.73  2.40961e-021
220.752  2.40521e-021
221.774  2.40062e-021
222.796  2.39582e-021
223.818  2.39079e-021
224.84  2.38552e-021
225.862  2.37998e-021
226.884  2.37417e-021
227.906  2.36806e-021
228.928  2.36165e-021
229.95  2.3549e-021
230.972  2.34781e-021
231.994  2.34035e-021
233.016  2.33252e-021
234.038  2.32429e-021
235.06  2.31566e-021
236.082  2.30659e-021
237.104  2.29709e-021
238.126  2.28713e-021
239.148  2.27669e-021
240.17  2.26577e-021
241.192  2.25435e-021
242.214  2.24242e-021
243.236  2.22995e-021
244.258  2.21694e-021
245.28  2.20337e-021
246.302  2.18924e-021
247.324  2.17452e-021
248.346  2.15921e-021
249.368  2.1433e-021
250.39  2.12677e-021
251.412  2.10961e-021
252.434  2.09182e-021
253.456  2.07338e-021
254.478  2.05429e-021
255.5  2.03454e-021
256.522  2.01412e-021
257.544  1.99302e-021
258.566  1.97124e-021
259.588  1.94878e-021
260.61  1.92562e-021
261.632  1.90177e-021
262.654  1.87722e-021
263.676  1.85198e-021
264.698  1.82603e-021
265.72  1.79939e-021
266.742  1.77205e-021
267.764  1.74401e-021
268.786  1.71529e-021
269.808  1.68588e-021
270.83  1.65579e-021
271.852  1.62503e-021
272.874  1.5936e-021
273.896  1.56153e-021
274.918  1.52881e-021
275.94  1.49547e-021
276.962  1.46151e-021
277.984  1.42696e-021
279.006  1.39183e-021
280.028  1.35615e-021
281.05  1.31993e-021
282.072  1.2832e-021
283.094  1.24599e-021
284.116  1.20832e-021
285.138  1.17023e-021
286.16  1.13174e-021
287.182  1.09289e-021
288.204  1.05372e-021
289.226  1.01427e-021
290.248  9.74581e-022
291.27  9.34696e-022
292.292  8.94662e-022
293.314  8.54531e-022
294.336  8.14357e-022
295.358  7.74194e-022
296.38  7.34104e-022
297.402  6.94147e-022
298.424  6.54391e-022
299.446  6.14904e-022
300.468  5.75759e-022
301.49  5.37034e-022
302.512  4.98807e-022
303.534  4.61164e-022
304.556  4.24192e-022
305.578  3.87984e-022
306.6  3.52635e-022
307.622  3.18248e-022
308.644  2.84927e-022
309.666  2.52782e-022
310.688  2.21928e-022
311.71  1.92484e-022
312.732  1.64576e-022
313.754  1.38333e-022
314.776  1.1389e-022
315.798  9.13885e-023
316.82  7.0974e-023
317.842  5.27988e-023
318.864  3.70208e-023
319.886  2.38038e-023
320.908  1.33179e-023
321.93  5.73901e-024
322.952  1.24903e-024
