1.022  1.72722e-020
2.044  1.69917e-020
3.066  1.67153e-020
4.088  1.6443e-020
5.11  1.61747e-020
6.132  1.59103e-020
7.154  1.56498e-020
8.176  1.53931e-020
9.198  1.51402e-020
10.22  1.4891e-020
11.242  1.46456e-020
12.264  1.44038e-020
13.286  1.41656e-020
14.308  1.3931e-020
15.33  1.37e-020
16.352  1.34726e-020
17.374  1.32487e-020
18.396  1.30282e-020
19.418  1.28113e-020
20.44  1.25977e-020
21.462  1.23875e-020
22.484  1.21807e-020
23.506  1.19773e-020
24.528  1.17771e-020
25.55  1.15802e-020
26.572  1.13864e-020
27.594  1.11959e-020
28.616  1.10085e-020
29.638  1.08242e-020
30.66  1.0643e-020
31.682  1.04648e-020
32.704  1.02895e-020
33.726  1.01173e-020
34.748  9.9479e-021
35.77  9.78142e-021
36.792  9.61777e-021
37.814  9.45692e-021
38.836  9.29884e-021
39.858  9.14347e-021
40.88  8.9908e-021
41.902  8.84079e-021
42.924  8.69339e-021
43.946  8.54857e-021
44.968  8.40631e-021
45.99  8.26656e-021
47.012  8.12929e-021
48.034  7.99447e-021
49.056  7.86207e-021
50.078  7.73205e-021
51.1  7.60438e-021
52.122  7.47903e-021
53.144  7.35597e-021
54.166  7.23517e-021
55.188  7.1166e-021
56.21  7.00023e-021
57.232  6.88603e-021
58.254  6.77397e-021
59.276  6.66402e-021
60.298  6.55616e-021
61.32  6.45036e-021
62.342  6.34659e-021
63.364  6.24482e-021
64.386  6.14504e-021
65.408  6.0472e-021
66.43  5.95129e-021
67.452  5.85729e-021
68.474  5.76516e-021
69.496  5.67489e-021
70.518  5.58644e-021
71.54  5.4998e-021
72.562  5.41494e-021
73.584  5.33185e-021
74.606  5.25049e-021
75.628  5.17084e-021
76.65  5.09289e-021
77.672  5.0166e-021
78.694  4.94197e-021
79.716  4.86896e-021
80.738  4.79757e-021
81.76  4.72776e-021
82.782  4.65952e-021
83.804  4.59282e-021
84.826  4.52765e-021
85.848  4.46399e-021
86.87  4.40182e-021
87.892  4.34112e-021
88.914  4.28187e-021
89.936  4.22406e-021
90.958  4.16766e-021
91.98  4.11265e-021
93.002  4.05903e-021
94.024  4.00677e-021
95.046  3.95585e-021
96.068  3.90626e-021
97.09  3.85798e-021
98.112  3.81099e-021
99.134  3.76528e-021
100.156  3.72083e-021
101.178  3.67763e-021
102.2  3.63566e-021
103.222  3.59489e-021
104.244  3.55533e-021
105.266  3.51695e-021
106.288  3.47973e-021
107.31  3.44367e-021
108.332  3.40874e-021
109.354  3.37493e-021
110.376  3.34223e-021
111.398  3.31062e-021
112.42  3.28009e-021
113.442  3.25063e-021
114.464  3.22221e-021
115.486  3.19482e-021
116.508  3.16846e-021
117.53  3.1431e-021
118.552  3.11874e-021
119.574  3.09536e-021
120.596  3.07294e-021
121.618  3.05147e-021
122.64  3.03094e-021
123.662  3.01133e-021
124.684  2.99264e-021
125.706  2.97484e-021
126.728  2.95793e-021
127.75  2.94189e-021
128.772  2.92671e-021
129.794  2.91237e-021
130.816  2.89887e-021
131.838  2.88618e-021
132.86  2.8743e-021
133.882  2.86321e-021
134.904  2.8529e-021
135.926  2.84336e-021
136.948  2.83458e-021
137.97  2.82653e-021
138.992  2.81921e-021
140.014  2.81261e-021
141.036  2.80671e-021
142.058  2.80149e-021
143.08  2.79696e-021
144.102  2.79308e-021
145.124  2.78986e-021
146.146  2.78727e-021
147.168  2.78531e-021
148.19  2.78396e-021
149.212  2.78321e-021
150.234  2.78304e-021
151.256  2.78344e-021
152.278  2.78439e-021
153.3  2.7859e-021
154.322  2.78793e-021
155.344  2.79048e-021
156.366  2.79354e-021
157.388  2.79708e-021
158.41  2.8011e-021
159.432  2.80559e-021
160.454  2.81052e-021
161.476  2.81589e-021
162.498  2.82168e-021
163.52  2.82787e-021
164.542  2.83446e-021
165.564  2.84143e-021
166.586  2.84876e-021
167.608  2.85644e-021
168.63  2.86445e-021
169.652  2.87278e-021
170.674  2.88142e-021
171.696  2.89035e-021
172.718  2.89955e-021
173.74  2.90901e-021
174.762  2.91872e-021
175.784  2.92865e-021
176.806  2.9388e-021
177.828  2.94914e-021
178.85  2.95966e-021
179.872  2.97035e-021
180.894  2.98119e-021
181.916  2.99217e-021
182.938  3.00325e-021
183.96  3.01444e-021
184.982  3.02571e-021
186.004  3.03705e-021
187.026  3.04844e-021
188.048  3.05986e-021
189.07  3.07129e-021
190.092  3.08272e-021
191.114  3.09414e-021
192.136  3.10551e-021
193.158  3.11683e-021
194.18  3.12807e-021
195.202  3.13923e-021
196.224  3.15027e-021
197.246  3.16119e-021
198.268  3.17196e-021
199.29  3.18256e-021
200.312  3.19298e-021
201.334  3.2032e-021
202.356  3.2132e-021
203.378  3.22296e-021
204.4  3.23245e-021
205.422  3.24167e-021
206.444  3.25059e-021
207.466  3.25919e-021
208.488  3.26746e-021
209.51  3.27537e-021
210.532  3.2829e-021
211.554  3.29004e-021
212.576  3.29676e-021
213.598  3.30304e-021
214.62  3.30887e-021
215.642  3.31423e-021
216.664  3.31909e-021
217.686  3.32343e-021
218.708  3.32724e-021
219.73  3.33049e-021
220.752  3.33317e-021
221.774  3.33526e-021
222.796  3.33673e-021
223.818  3.33757e-021
224.84  3.33775e-021
225.862  3.33726e-021
226.884  3.33608e-021
227.906  3.33418e-021
228.928  3.33156e-021
229.95  3.32819e-021
230.972  3.32404e-021
231.994  3.31911e-021
233.016  3.31338e-021
234.038  3.30682e-021
235.06  3.29942e-021
236.082  3.29116e-021
237.104  3.28203e-021
238.126  3.272e-021
239.148  3.26107e-021
240.17  3.24921e-021
241.192  3.23641e-021
242.214  3.22265e-021
243.236  3.20792e-021
244.258  3.1922e-021
245.28  3.17549e-021
246.302  3.15776e-021
247.324  3.13901e-021
248.346  3.11922e-021
249.368  3.09839e-021
250.39  3.0765e-021
251.412  3.05354e-021
252.434  3.0295e-021
253.456  3.00438e-021
254.478  2.97816e-021
255.5  2.95085e-021
256.522  2.92243e-021
257.544  2.89291e-021
258.566  2.86227e-021
259.588  2.83053e-021
260.61  2.79766e-021
261.632  2.76369e-021
262.654  2.7286e-021
263.676  2.69241e-021
264.698  2.65511e-021
265.72  2.61671e-021
266.742  2.57722e-021
267.764  2.53664e-021
268.786  2.495e-021
269.808  2.45229e-021
270.83  2.40854e-021
271.852  2.36376e-021
272.874  2.31797e-021
273.896  2.27119e-021
274.918  2.22343e-021
275.94  2.17473e-021
276.962  2.12511e-021
277.984  2.0746e-021
279.006  2.02323e-021
280.028  1.97104e-021
281.05  1.91805e-021
282.072  1.86432e-021
283.094  1.80987e-021
284.116  1.75476e-021
285.138  1.69904e-021
286.16  1.64274e-021
287.182  1.58594e-021
288.204  1.52868e-021
289.226  1.47102e-021
290.248  1.41304e-021
291.27  1.35479e-021
292.292  1.29635e-021
293.314  1.23779e-021
294.336  1.1792e-021
295.358  1.12065e-021
296.38  1.06224e-021
297.402  1.00406e-021
298.424  9.462e-022
299.446  8.88767e-022
300.468  8.31866e-022
301.49  7.75608e-022
302.512  7.2011e-022
303.534  6.65494e-022
304.556  6.11887e-022
305.578  5.59422e-022
306.6  5.08238e-022
307.622  4.58479e-022
308.644  4.10296e-022
309.666  3.63847e-022
310.688  3.19294e-022
311.71  2.76808e-022
312.732  2.36566e-022
313.754  1.98753e-022
314.776  1.63558e-022
315.798  1.31182e-022
316.82  1.01831e-022
317.842  7.5718e-023
318.864  5.30657e-023
319.886  3.41042e-023
320.908  1.90716e-023
321.93  8.21444e-024
322.952  1.78691e-024
