1.022  2.72469e-021
2.044  2.80355e-021
3.066  2.88265e-021
4.088  2.96199e-021
5.11  3.04156e-021
6.132  3.12135e-021
7.154  3.20136e-021
8.176  3.28157e-021
9.198  3.36198e-021
10.22  3.44257e-021
11.242  3.52336e-021
12.264  3.60432e-021
13.286  3.68545e-021
14.308  3.76676e-021
15.33  3.84824e-021
16.352  3.92989e-021
17.374  4.0117e-021
18.396  4.09367e-021
19.418  4.1758e-021
20.44  4.25808e-021
21.462  4.34052e-021
22.484  4.42311e-021
23.506  4.50585e-021
24.528  4.58873e-021
25.55  4.67175e-021
26.572  4.75491e-021
27.594  4.83821e-021
28.616  4.92163e-021
29.638  5.00518e-021
30.66  5.08885e-021
31.682  5.17263e-021
32.704  5.25653e-021
33.726  5.34054e-021
34.748  5.42465e-021
35.77  5.50886e-021
36.792  5.59316e-021
37.814  5.67755e-021
38.836  5.76202e-021
39.858  5.84657e-021
40.88  5.93118e-021
41.902  6.01587e-021
42.924  6.10061e-021
43.946  6.1854e-021
44.968  6.27025e-021
45.99  6.35513e-021
47.012  6.44005e-021
48.034  6.525e-021
49.056  6.60998e-021
50.078  6.69497e-021
51.1  6.77997e-021
52.122  6.86497e-021
53.144  6.94998e-021
54.166  7.03497e-021
55.188  7.11995e-021
56.21  7.20491e-021
57.232  7.28985e-021
58.254  7.37475e-021
59.276  7.45961e-021
60.298  7.54442e-021
61.32  7.62918e-021
62.342  7.71388e-021
63.364  7.79851e-021
64.386  7.88307e-021
65.408  7.96755e-021
66.43  8.05195e-021
67.452  8.13625e-021
68.474  8.22046e-021
69.496  8.30456e-021
70.518  8.38855e-021
71.54  8.47242e-021
72.562  8.55617e-021
73.584  8.63979e-021
74.606  8.72327e-021
75.628  8.80661e-021
76.65  8.8898e-021
77.672  8.97283e-021
78.694  9.0557e-021
79.716  9.13841e-021
80.738  9.22094e-021
81.76  9.30329e-021
82.782  9.38545e-021
83.804  9.46742e-021
84.826  9.54919e-021
85.848  9.63075e-021
86.87  9.71211e-021
87.892  9.79324e-021
88.914  9.87415e-021
89.936  9.95484e-021
90.958  1.00353e-020
91.98  1.01155e-020
93.002  1.01954e-020
94.024  1.02751e-020
95.046  1.03546e-020
96.068  1.04338e-020
97.09  1.05127e-020
98.112  1.05913e-020
99.134  1.06696e-020
100.156  1.07477e-020
101.178  1.08254e-020
102.2  1.09029e-020
103.222  1.098e-020
104.244  1.10568e-020
105.266  1.11333e-020
106.288  1.12095e-020
107.31  1.12854e-020
108.332  1.13609e-020
109.354  1.1436e-020
110.376  1.15108e-020
111.398  1.15853e-020
112.42  1.16593e-020
113.442  1.1733e-020
114.464  1.18064e-020
115.486  1.18793e-020
116.508  1.19518e-020
117.53  1.2024e-020
118.552  1.20957e-020
119.574  1.21671e-020
120.596  1.2238e-020
121.618  1.23084e-020
122.64  1.23785e-020
123.662  1.24481e-020
124.684  1.25172e-020
125.706  1.25859e-020
126.728  1.26541e-020
127.75  1.27219e-020
128.772  1.27892e-020
129.794  1.28559e-020
130.816  1.29222e-020
131.838  1.2988e-020
132.86  1.30532e-020
133.882  1.3118e-020
134.904  1.31822e-020
135.926  1.32458e-020
136.948  1.33089e-020
137.97  1.33714e-020
138.992  1.34334e-020
140.014  1.34948e-020
141.036  1.35556e-020
142.058  1.36157e-020
143.08  1.36753e-020
144.102  1.37342e-020
145.124  1.37925e-020
146.146  1.38502e-020
147.168  1.39072e-020
148.19  1.39635e-020
149.212  1.40191e-020
150.234  1.40741e-020
151.256  1.41283e-020
152.278  1.41818e-020
153.3  1.42345e-020
154.322  1.42865e-020
155.344  1.43378e-020
156.366  1.43882e-020
157.388  1.44379e-020
158.41  1.44867e-020
159.432  1.45347e-020
160.454  1.45819e-020
161.476  1.46282e-020
162.498  1.46736e-020
163.52  1.47182e-020
164.542  1.47618e-020
165.564  1.48045e-020
166.586  1.48462e-020
167.608  1.4887e-020
168.63  1.49267e-020
169.652  1.49655e-020
170.674  1.50032e-020
171.696  1.50399e-020
172.718  1.50755e-020
173.74  1.51101e-020
174.762  1.51435e-020
175.784  1.51757e-020
176.806  1.52069e-020
177.828  1.52368e-020
178.85  1.52655e-020
179.872  1.5293e-020
180.894  1.53192e-020
181.916  1.53442e-020
182.938  1.53678e-020
183.96  1.53901e-020
184.982  1.54111e-020
186.004  1.54307e-020
187.026  1.54488e-020
188.048  1.54655e-020
189.07  1.54808e-020
190.092  1.54945e-020
191.114  1.55067e-020
192.136  1.55174e-020
193.158  1.55265e-020
194.18  1.55339e-020
195.202  1.55397e-020
196.224  1.55438e-020
197.246  1.55462e-020
198.268  1.55469e-020
199.29  1.55458e-020
200.312  1.55429e-020
201.334  1.55381e-020
202.356  1.55314e-020
203.378  1.55229e-020
204.4  1.55124e-020
205.422  1.54999e-020
206.444  1.54854e-020
207.466  1.54689e-020
208.488  1.54502e-020
209.51  1.54295e-020
210.532  1.54066e-020
211.554  1.53815e-020
212.576  1.53541e-020
213.598  1.53246e-020
214.62  1.52927e-020
215.642  1.52584e-020
216.664  1.52219e-020
217.686  1.51829e-020
218.708  1.51414e-020
219.73  1.50975e-020
220.752  1.5051e-020
221.774  1.5002e-020
222.796  1.49505e-020
223.818  1.48963e-020
224.84  1.48394e-020
225.862  1.47798e-020
226.884  1.47176e-020
227.906  1.46525e-020
228.928  1.45847e-020
229.95  1.4514e-020
230.972  1.44405e-020
231.994  1.43641e-020
233.016  1.42848e-020
234.038  1.42025e-020
235.06  1.41173e-020
236.082  1.4029e-020
237.104  1.39377e-020
238.126  1.38434e-020
239.148  1.37459e-020
240.17  1.36454e-020
241.192  1.35417e-020
242.214  1.34349e-020
243.236  1.33249e-020
244.258  1.32117e-020
245.28  1.30954e-020
246.302  1.29758e-020
247.324  1.2853e-020
248.346  1.27269e-020
249.368  1.25976e-020
250.39  1.24651e-020
251.412  1.23293e-020
252.434  1.21902e-020
253.456  1.20479e-020
254.478  1.19023e-020
255.5  1.17536e-020
256.522  1.16015e-020
257.544  1.14463e-020
258.566  1.12879e-020
259.588  1.11263e-020
260.61  1.09615e-020
261.632  1.07936e-020
262.654  1.06227e-020
263.676  1.04486e-020
264.698  1.02716e-020
265.72  1.00916e-020
266.742  9.90866e-021
267.764  9.72287e-021
268.786  9.53427e-021
269.808  9.34293e-021
270.83  9.14893e-021
271.852  8.95232e-021
272.874  8.75321e-021
273.896  8.55167e-021
274.918  8.3478e-021
275.94  8.1417e-021
276.962  7.93348e-021
277.984  7.72325e-021
279.006  7.51114e-021
280.028  7.29727e-021
281.05  7.08179e-021
282.072  6.86483e-021
283.094  6.64655e-021
284.116  6.42712e-021
285.138  6.2067e-021
286.16  5.98548e-021
287.182  5.76365e-021
288.204  5.5414e-021
289.226  5.31895e-021
290.248  5.09651e-021
291.27  4.87433e-021
292.292  4.65264e-021
293.314  4.43169e-021
294.336  4.21176e-021
295.358  3.99313e-021
296.38  3.77607e-021
297.402  3.56091e-021
298.424  3.34796e-021
299.446  3.13754e-021
300.468  2.93001e-021
301.49  2.72572e-021
302.512  2.52506e-021
303.534  2.32841e-021
304.556  2.13619e-021
305.578  1.94881e-021
306.6  1.76672e-021
307.622  1.59038e-021
308.644  1.42026e-021
309.666  1.25686e-021
310.688  1.10069e-021
311.71  9.52291e-022
312.732  8.12209e-022
313.754  6.81022e-022
314.776  5.59323e-022
315.798  4.47729e-022
316.82  3.46878e-022
317.842  2.57432e-022
318.864  1.80075e-022
319.886  1.15512e-022
320.908  6.44761e-023
321.93  2.77197e-023
322.952  6.01894e-024
