1.022  8.00111e-020
2.044  8.00469e-020
3.066  8.00825e-020
4.088  8.01179e-020
5.11  8.01531e-020
6.132  8.01878e-020
7.154  8.02221e-020
8.176  8.02559e-020
9.198  8.02891e-020
10.22  8.03217e-020
11.242  8.03537e-020
12.264  8.03852e-020
13.286  8.04162e-020
14.308  8.04466e-020
15.33  8.04767e-020
16.352  8.05065e-020
17.374  8.05359e-020
18.396  8.05651e-020
19.418  8.05942e-020
20.44  8.06231e-020
21.462  8.06519e-020
22.484  8.06807e-020
23.506  8.07094e-020
24.528  8.07381e-020
25.55  8.07669e-020
26.572  8.07956e-020
27.594  8.08244e-020
28.616  8.08532e-020
29.638  8.08821e-020
30.66  8.0911e-020
31.682  8.094e-020
32.704  8.0969e-020
33.726  8.09979e-020
34.748  8.10269e-020
35.77  8.10559e-020
36.792  8.10848e-020
37.814  8.11137e-020
38.836  8.11425e-020
39.858  8.11711e-020
40.88  8.11997e-020
41.902  8.12281e-020
42.924  8.12564e-020
43.946  8.12844e-020
44.968  8.13123e-020
45.99  8.13398e-020
47.012  8.13671e-020
48.034  8.13941e-020
49.056  8.14208e-020
50.078  8.14471e-020
51.1  8.1473e-020
52.122  8.14985e-020
53.144  8.15235e-020
54.166  8.15481e-020
55.188  8.15721e-020
56.21  8.15957e-020
57.232  8.16186e-020
58.254  8.1641e-020
59.276  8.16628e-020
60.298  8.16839e-020
61.32  8.17044e-020
62.342  8.17241e-020
63.364  8.17432e-020
64.386  8.17615e-020
65.408  8.1779e-020
66.43  8.17957e-020
67.452  8.18116e-020
68.474  8.18266e-020
69.496  8.18407e-020
70.518  8.1854e-020
71.54  8.18663e-020
72.562  8.18777e-020
73.584  8.1888e-020
74.606  8.18974e-020
75.628  8.19058e-020
76.65  8.19131e-020
77.672  8.19193e-020
78.694  8.19244e-020
79.716  8.19284e-020
80.738  8.19313e-020
81.76  8.1933e-020
82.782  8.19335e-020
83.804  8.19328e-020
84.826  8.19309e-020
85.848  8.19278e-020
86.87  8.19233e-020
87.892  8.19176e-020
88.914  8.19106e-020
89.936  8.19022e-020
90.958  8.18925e-020
91.98  8.18814e-020
93.002  8.1869e-020
94.024  8.18551e-020
95.046  8.18398e-020
96.068  8.18231e-020
97.09  8.18048e-020
98.112  8.17851e-020
99.134  8.1764e-020
100.156  8.17412e-020
101.178  8.1717e-020
102.2  8.16912e-020
103.222  8.16638e-020
104.244  8.16349e-020
105.266  8.16043e-020
106.288  8.15721e-020
107.31  8.15383e-020
108.332  8.15028e-020
109.354  8.14656e-020
110.376  8.14268e-020
111.398  8.13862e-020
112.42  8.13439e-020
113.442  8.12999e-020
114.464  8.12541e-020
115.486  8.12066e-020
116.508  8.11573e-020
117.53  8.11061e-020
118.552  8.10531e-020
119.574  8.09983e-020
120.596  8.09416e-020
121.618  8.08831e-020
122.64  8.08227e-020
123.662  8.07603e-020
124.684  8.0696e-020
125.706  8.06298e-020
126.728  8.05616e-020
127.75  8.04915e-020
128.772  8.04193e-020
129.794  8.03451e-020
130.816  8.02689e-020
131.838  8.01907e-020
132.86  8.01104e-020
133.882  8.00279e-020
134.904  7.99434e-020
135.926  7.98567e-020
136.948  7.97679e-020
137.97  7.96769e-020
138.992  7.95837e-020
140.014  7.94883e-020
141.036  7.93907e-020
142.058  7.92908e-020
143.08  7.91886e-020
144.102  7.90842e-020
145.124  7.89773e-020
146.146  7.88682e-020
147.168  7.87566e-020
148.19  7.86427e-020
149.212  7.85263e-020
150.234  7.84074e-020
151.256  7.82861e-020
152.278  7.81622e-020
153.3  7.80358e-020
154.322  7.79068e-020
155.344  7.77753e-020
156.366  7.7641e-020
157.388  7.75041e-020
158.41  7.73646e-020
159.432  7.72222e-020
160.454  7.70771e-020
161.476  7.69292e-020
162.498  7.67785e-020
163.52  7.66248e-020
164.542  7.64683e-020
165.564  7.63087e-020
166.586  7.61462e-020
167.608  7.59807e-020
168.63  7.5812e-020
169.652  7.56403e-020
170.674  7.54653e-020
171.696  7.52872e-020
172.718  7.51058e-020
173.74  7.4921e-020
174.762  7.47329e-020
175.784  7.45414e-020
176.806  7.43465e-020
177.828  7.4148e-020
178.85  7.3946e-020
179.872  7.37403e-020
180.894  7.3531e-020
181.916  7.33179e-020
182.938  7.31011e-020
183.96  7.28804e-020
184.982  7.26558e-020
186.004  7.24272e-020
187.026  7.21946e-020
188.048  7.19579e-020
189.07  7.1717e-020
190.092  7.14719e-020
191.114  7.12225e-020
192.136  7.09688e-020
193.158  7.07106e-020
194.18  7.0448e-020
195.202  7.01807e-020
196.224  6.99088e-020
197.246  6.96322e-020
198.268  6.93508e-020
199.29  6.90646e-020
200.312  6.87734e-020
201.334  6.84771e-020
202.356  6.81758e-020
203.378  6.78693e-020
204.4  6.75576e-020
205.422  6.72405e-020
206.444  6.6918e-020
207.466  6.65901e-020
208.488  6.62565e-020
209.51  6.59173e-020
210.532  6.55723e-020
211.554  6.52216e-020
212.576  6.48649e-020
213.598  6.45022e-020
214.62  6.41334e-020
215.642  6.37585e-020
216.664  6.33774e-020
217.686  6.29899e-020
218.708  6.25961e-020
219.73  6.21957e-020
220.752  6.17888e-020
221.774  6.13752e-020
222.796  6.09549e-020
223.818  6.05278e-020
224.84  6.00938e-020
225.862  5.96529e-020
226.884  5.92049e-020
227.906  5.87497e-020
228.928  5.82874e-020
229.95  5.78179e-020
230.972  5.7341e-020
231.994  5.68567e-020
233.016  5.6365e-020
234.038  5.58658e-020
235.06  5.53589e-020
236.082  5.48445e-020
237.104  5.43223e-020
238.126  5.37925e-020
239.148  5.32548e-020
240.17  5.27093e-020
241.192  5.2156e-020
242.214  5.15948e-020
243.236  5.10257e-020
244.258  5.04486e-020
245.28  4.98635e-020
246.302  4.92705e-020
247.324  4.86695e-020
248.346  4.80606e-020
249.368  4.74436e-020
250.39  4.68187e-020
251.412  4.61859e-020
252.434  4.55451e-020
253.456  4.48965e-020
254.478  4.42401e-020
255.5  4.35759e-020
256.522  4.2904e-020
257.544  4.22244e-020
258.566  4.15373e-020
259.588  4.08427e-020
260.61  4.01408e-020
261.632  3.94316e-020
262.654  3.87154e-020
263.676  3.79921e-020
264.698  3.72621e-020
265.72  3.65254e-020
266.742  3.57822e-020
267.764  3.50327e-020
268.786  3.42773e-020
269.808  3.35159e-020
270.83  3.2749e-020
271.852  3.19768e-020
272.874  3.11995e-020
273.896  3.04175e-020
274.918  2.96311e-020
275.94  2.88405e-020
276.962  2.80463e-020
277.984  2.72487e-020
279.006  2.64481e-020
280.028  2.5645e-020
281.05  2.48399e-020
282.072  2.40331e-020
283.094  2.32252e-020
284.116  2.24168e-020
285.138  2.16084e-020
286.16  2.08005e-020
287.182  1.99937e-020
288.204  1.91888e-020
289.226  1.83863e-020
290.248  1.75871e-020
291.27  1.67917e-020
292.292  1.60011e-020
293.314  1.52159e-020
294.336  1.44371e-020
295.358  1.36655e-020
296.38  1.29021e-020
297.402  1.21477e-020
298.424  1.14034e-020
299.446  1.06703e-020
300.468  9.94938e-021
301.49  9.24182e-021
302.512  8.5488e-021
303.534  7.87152e-021
304.556  7.21127e-021
305.578  6.56937e-021
306.6  5.94719e-021
307.622  5.34616e-021
308.644  4.76776e-021
309.666  4.21354e-021
310.688  3.68508e-021
311.71  3.18405e-021
312.732  2.71215e-021
313.754  2.27118e-021
314.776  1.86296e-021
315.798  1.48941e-021
316.82  1.15251e-021
317.842  8.54284e-022
318.864  5.96859e-022
319.886  3.82415e-022
320.908  2.13206e-022
321.93  9.15565e-023
322.952  1.98577e-023
