1.022  2.04212e-019
2.044  2.03769e-019
3.066  2.03329e-019
4.088  2.02893e-019
5.11  2.02461e-019
6.132  2.02031e-019
7.154  2.01605e-019
8.176  2.01181e-019
9.198  2.00759e-019
10.22  2.0034e-019
11.242  1.99924e-019
12.264  1.9951e-019
13.286  1.99098e-019
14.308  1.9869e-019
15.33  1.98284e-019
16.352  1.97881e-019
17.374  1.97481e-019
18.396  1.97084e-019
19.418  1.9669e-019
20.44  1.96299e-019
21.462  1.95912e-019
22.484  1.95529e-019
23.506  1.95148e-019
24.528  1.94771e-019
25.55  1.94398e-019
26.572  1.94028e-019
27.594  1.93662e-019
28.616  1.93299e-019
29.638  1.92939e-019
30.66  1.92583e-019
31.682  1.9223e-019
32.704  1.9188e-019
33.726  1.91534e-019
34.748  1.9119e-019
35.77  1.9085e-019
36.792  1.90512e-019
37.814  1.90178e-019
38.836  1.89846e-019
39.858  1.89518e-019
40.88  1.89191e-019
41.902  1.88868e-019
42.924  1.88547e-019
43.946  1.88228e-019
44.968  1.87912e-019
45.99  1.87597e-019
47.012  1.87285e-019
48.034  1.86975e-019
49.056  1.86667e-019
50.078  1.86361e-019
51.1  1.86057e-019
52.122  1.85754e-019
53.144  1.85453e-019
54.166  1.85154e-019
55.188  1.84856e-019
56.21  1.84559e-019
57.232  1.84264e-019
58.254  1.83969e-019
59.276  1.83676e-019
60.298  1.83384e-019
61.32  1.83093e-019
62.342  1.82803e-019
63.364  1.82513e-019
64.386  1.82224e-019
65.408  1.81936e-019
66.43  1.81648e-019
67.452  1.81361e-019
68.474  1.81074e-019
69.496  1.80788e-019
70.518  1.80502e-019
71.54  1.80216e-019
72.562  1.7993e-019
73.584  1.79644e-019
74.606  1.79358e-019
75.628  1.79072e-019
76.65  1.78786e-019
77.672  1.785e-019
78.694  1.78213e-019
79.716  1.77926e-019
80.738  1.77639e-019
81.76  1.77351e-019
82.782  1.77063e-019
83.804  1.76774e-019
84.826  1.76484e-019
85.848  1.76194e-019
86.87  1.75903e-019
87.892  1.75612e-019
88.914  1.75319e-019
89.936  1.75025e-019
90.958  1.74731e-019
91.98  1.74435e-019
93.002  1.74139e-019
94.024  1.73841e-019
95.046  1.73542e-019
96.068  1.73242e-019
97.09  1.7294e-019
98.112  1.72638e-019
99.134  1.72334e-019
100.156  1.72028e-019
101.178  1.71721e-019
102.2  1.71413e-019
103.222  1.71103e-019
104.244  1.70791e-019
105.266  1.70478e-019
106.288  1.70163e-019
107.31  1.69846e-019
108.332  1.69528e-019
109.354  1.69208e-019
110.376  1.68886e-019
111.398  1.68562e-019
112.42  1.68236e-019
113.442  1.67908e-019
114.464  1.67579e-019
115.486  1.67247e-019
116.508  1.66913e-019
117.53  1.66577e-019
118.552  1.66239e-019
119.574  1.65898e-019
120.596  1.65556e-019
121.618  1.65211e-019
122.64  1.64864e-019
123.662  1.64514e-019
124.684  1.64162e-019
125.706  1.63808e-019
126.728  1.63451e-019
127.75  1.63092e-019
128.772  1.6273e-019
129.794  1.62366e-019
130.816  1.61999e-019
131.838  1.61629e-019
132.86  1.61257e-019
133.882  1.60882e-019
134.904  1.60504e-019
135.926  1.60123e-019
136.948  1.5974e-019
137.97  1.59353e-019
138.992  1.58964e-019
140.014  1.58572e-019
141.036  1.58177e-019
142.058  1.57778e-019
143.08  1.57377e-019
144.102  1.56972e-019
145.124  1.56565e-019
146.146  1.56154e-019
147.168  1.5574e-019
148.19  1.55322e-019
149.212  1.54901e-019
150.234  1.54477e-019
151.256  1.54049e-019
152.278  1.53618e-019
153.3  1.53183e-019
154.322  1.52745e-019
155.344  1.52303e-019
156.366  1.51857e-019
157.388  1.51408e-019
158.41  1.50954e-019
159.432  1.50497e-019
160.454  1.50036e-019
161.476  1.49571e-019
162.498  1.49102e-019
163.52  1.48628e-019
164.542  1.48151e-019
165.564  1.47669e-019
166.586  1.47183e-019
167.608  1.46693e-019
168.63  1.46198e-019
169.652  1.45698e-019
170.674  1.45194e-019
171.696  1.44686e-019
172.718  1.44172e-019
173.74  1.43654e-019
174.762  1.43131e-019
175.784  1.42603e-019
176.806  1.4207e-019
177.828  1.41532e-019
178.85  1.40989e-019
179.872  1.4044e-019
180.894  1.39886e-019
181.916  1.39326e-019
182.938  1.38761e-019
183.96  1.3819e-019
184.982  1.37614e-019
186.004  1.37031e-019
187.026  1.36443e-019
188.048  1.35848e-019
189.07  1.35248e-019
190.092  1.34641e-019
191.114  1.34028e-019
192.136  1.33408e-019
193.158  1.32782e-019
194.18  1.32149e-019
195.202  1.31509e-019
196.224  1.30862e-019
197.246  1.30208e-019
198.268  1.29548e-019
199.29  1.28879e-019
200.312  1.28204e-019
201.334  1.27521e-019
202.356  1.2683e-019
203.378  1.26132e-019
204.4  1.25425e-019
205.422  1.24711e-019
206.444  1.23989e-019
207.466  1.23258e-019
208.488  1.22519e-019
209.51  1.21771e-019
210.532  1.21015e-019
211.554  1.2025e-019
212.576  1.19476e-019
213.598  1.18693e-019
214.62  1.17901e-019
215.642  1.171e-019
216.664  1.16289e-019
217.686  1.15469e-019
218.708  1.14639e-019
219.73  1.13799e-019
220.752  1.1295e-019
221.774  1.1209e-019
222.796  1.1122e-019
223.818  1.1034e-019
224.84  1.09449e-019
225.862  1.08548e-019
226.884  1.07636e-019
227.906  1.06714e-019
228.928  1.0578e-019
229.95  1.04836e-019
230.972  1.0388e-019
231.994  1.02914e-019
233.016  1.01936e-019
234.038  1.00947e-019
235.06  9.99457e-020
236.082  9.89334e-020
237.104  9.79094e-020
238.126  9.68738e-020
239.148  9.58264e-020
240.17  9.47672e-020
241.192  9.36961e-020
242.214  9.26131e-020
243.236  9.15182e-020
244.258  9.04113e-020
245.28  8.92924e-020
246.302  8.81615e-020
247.324  8.70186e-020
248.346  8.58638e-020
249.368  8.46969e-020
250.39  8.35182e-020
251.412  8.23275e-020
252.434  8.1125e-020
253.456  7.99108e-020
254.478  7.86849e-020
255.5  7.74475e-020
256.522  7.61986e-020
257.544  7.49383e-020
258.566  7.3667e-020
259.588  7.23846e-020
260.61  7.10914e-020
261.632  6.97877e-020
262.654  6.84735e-020
263.676  6.71492e-020
264.698  6.58151e-020
265.72  6.44714e-020
266.742  6.31184e-020
267.764  6.17566e-020
268.786  6.03861e-020
269.808  5.90076e-020
270.83  5.76213e-020
271.852  5.62277e-020
272.874  5.48273e-020
273.896  5.34207e-020
274.918  5.20083e-020
275.94  5.05907e-020
276.962  4.91686e-020
277.984  4.77425e-020
279.006  4.63132e-020
280.028  4.48815e-020
281.05  4.34479e-020
282.072  4.20135e-020
283.094  4.05789e-020
284.116  3.91452e-020
285.138  3.77132e-020
286.16  3.62839e-020
287.182  3.48584e-020
288.204  3.34377e-020
289.226  3.2023e-020
290.248  3.06155e-020
291.27  2.92164e-020
292.292  2.7827e-020
293.314  2.64486e-020
294.336  2.50828e-020
295.358  2.3731e-020
296.38  2.23946e-020
297.402  2.10755e-020
298.424  1.97752e-020
299.446  1.84955e-020
300.468  1.72382e-020
301.49  1.60052e-020
302.512  1.47986e-020
303.534  1.36203e-020
304.556  1.24726e-020
305.578  1.13576e-020
306.6  1.02777e-020
307.622  9.23526e-021
308.644  8.23281e-021
309.666  7.27291e-021
310.688  6.35827e-021
311.71  5.49167e-021
312.732  4.67599e-021
313.754  3.91424e-021
314.776  3.20952e-021
315.798  2.56503e-021
316.82  1.98411e-021
317.842  1.47018e-021
318.864  1.0268e-021
319.886  6.57659e-022
320.908  3.66537e-022
321.93  1.57349e-022
322.952  3.4116e-023
