1.022  3.97627e-019
2.044  3.96286e-019
3.066  3.94957e-019
4.088  3.93639e-019
5.11  3.92332e-019
6.132  3.91035e-019
7.154  3.89747e-019
8.176  3.8847e-019
9.198  3.87201e-019
10.22  3.85941e-019
11.242  3.84689e-019
12.264  3.83447e-019
13.286  3.82213e-019
14.308  3.80988e-019
15.33  3.79773e-019
16.352  3.78567e-019
17.374  3.7737e-019
18.396  3.76184e-019
19.418  3.75007e-019
20.44  3.73841e-019
21.462  3.72684e-019
22.484  3.71538e-019
23.506  3.70402e-019
24.528  3.69276e-019
25.55  3.6816e-019
26.572  3.67055e-019
27.594  3.65959e-019
28.616  3.64874e-019
29.638  3.63798e-019
30.66  3.62732e-019
31.682  3.61676e-019
32.704  3.6063e-019
33.726  3.59593e-019
34.748  3.58565e-019
35.77  3.57546e-019
36.792  3.56536e-019
37.814  3.55535e-019
38.836  3.54542e-019
39.858  3.53558e-019
40.88  3.52581e-019
41.902  3.51613e-019
42.924  3.50653e-019
43.946  3.497e-019
44.968  3.48754e-019
45.99  3.47816e-019
47.012  3.46884e-019
48.034  3.4596e-019
49.056  3.45042e-019
50.078  3.4413e-019
51.1  3.43225e-019
52.122  3.42325e-019
53.144  3.41432e-019
54.166  3.40544e-019
55.188  3.39662e-019
56.21  3.38784e-019
57.232  3.37912e-019
58.254  3.37045e-019
59.276  3.36183e-019
60.298  3.35325e-019
61.32  3.34472e-019
62.342  3.33623e-019
63.364  3.32778e-019
64.386  3.31937e-019
65.408  3.31099e-019
66.43  3.30265e-019
67.452  3.29435e-019
68.474  3.28608e-019
69.496  3.27784e-019
70.518  3.26963e-019
71.54  3.26145e-019
72.562  3.25329e-019
73.584  3.24516e-019
74.606  3.23706e-019
75.628  3.22897e-019
76.65  3.22091e-019
77.672  3.21287e-019
78.694  3.20485e-019
79.716  3.19684e-019
80.738  3.18885e-019
81.76  3.18087e-019
82.782  3.17291e-019
83.804  3.16496e-019
84.826  3.15702e-019
85.848  3.14909e-019
86.87  3.14117e-019
87.892  3.13326e-019
88.914  3.12535e-019
89.936  3.11745e-019
90.958  3.10956e-019
91.98  3.10166e-019
93.002  3.09377e-019
94.024  3.08588e-019
95.046  3.07799e-019
96.068  3.0701e-019
97.09  3.06221e-019
98.112  3.05431e-019
99.134  3.04641e-019
100.156  3.03851e-019
101.178  3.0306e-019
102.2  3.02268e-019
103.222  3.01476e-019
104.244  3.00682e-019
105.266  2.99888e-019
106.288  2.99093e-019
107.31  2.98297e-019
108.332  2.97499e-019
109.354  2.96701e-019
110.376  2.95901e-019
111.398  2.95099e-019
112.42  2.94296e-019
113.442  2.93492e-019
114.464  2.92686e-019
115.486  2.91878e-019
116.508  2.91068e-019
117.53  2.90256e-019
118.552  2.89443e-019
119.574  2.88627e-019
120.596  2.8781e-019
121.618  2.8699e-019
122.64  2.86168e-019
123.662  2.85343e-019
124.684  2.84516e-019
125.706  2.83687e-019
126.728  2.82855e-019
127.75  2.82021e-019
128.772  2.81184e-019
129.794  2.80344e-019
130.816  2.79501e-019
131.838  2.78656e-019
132.86  2.77807e-019
133.882  2.76956e-019
134.904  2.76101e-019
135.926  2.75243e-019
136.948  2.74382e-019
137.97  2.73518e-019
138.992  2.7265e-019
140.014  2.71779e-019
141.036  2.70905e-019
142.058  2.70026e-019
143.08  2.69145e-019
144.102  2.68259e-019
145.124  2.6737e-019
146.146  2.66476e-019
147.168  2.65579e-019
148.19  2.64678e-019
149.212  2.63773e-019
150.234  2.62863e-019
151.256  2.61949e-019
152.278  2.61031e-019
153.3  2.60109e-019
154.322  2.59182e-019
155.344  2.5825e-019
156.366  2.57314e-019
157.388  2.56373e-019
158.41  2.55427e-019
159.432  2.54476e-019
160.454  2.5352e-019
161.476  2.52559e-019
162.498  2.51593e-019
163.52  2.50621e-019
164.542  2.49644e-019
165.564  2.48662e-019
166.586  2.47674e-019
167.608  2.4668e-019
168.63  2.4568e-019
169.652  2.44675e-019
170.674  2.43663e-019
171.696  2.42645e-019
172.718  2.41621e-019
173.74  2.40591e-019
174.762  2.39554e-019
175.784  2.3851e-019
176.806  2.3746e-019
177.828  2.36403e-019
178.85  2.35339e-019
179.872  2.34267e-019
180.894  2.33189e-019
181.916  2.32103e-019
182.938  2.3101e-019
183.96  2.29908e-019
184.982  2.28799e-019
186.004  2.27683e-019
187.026  2.26557e-019
188.048  2.25424e-019
189.07  2.24282e-019
190.092  2.23132e-019
191.114  2.21973e-019
192.136  2.20805e-019
193.158  2.19628e-019
194.18  2.18442e-019
195.202  2.17247e-019
196.224  2.16042e-019
197.246  2.14827e-019
198.268  2.13602e-019
199.29  2.12368e-019
200.312  2.11123e-019
201.334  2.09867e-019
202.356  2.08601e-019
203.378  2.07324e-019
204.4  2.06037e-019
205.422  2.04738e-019
206.444  2.03428e-019
207.466  2.02106e-019
208.488  2.00772e-019
209.51  1.99427e-019
210.532  1.9807e-019
211.554  1.967e-019
212.576  1.95318e-019
213.598  1.93923e-019
214.62  1.92515e-019
215.642  1.91094e-019
216.664  1.89661e-019
217.686  1.88213e-019
218.708  1.86752e-019
219.73  1.85277e-019
220.752  1.83788e-019
221.774  1.82286e-019
222.796  1.80768e-019
223.818  1.79236e-019
224.84  1.7769e-019
225.862  1.76128e-019
226.884  1.74552e-019
227.906  1.7296e-019
228.928  1.71353e-019
229.95  1.69731e-019
230.972  1.68092e-019
231.994  1.66438e-019
233.016  1.64768e-019
234.038  1.63082e-019
235.06  1.6138e-019
236.082  1.59661e-019
237.104  1.57926e-019
238.126  1.56174e-019
239.148  1.54406e-019
240.17  1.52621e-019
241.192  1.50819e-019
242.214  1.49001e-019
243.236  1.47165e-019
244.258  1.45313e-019
245.28  1.43443e-019
246.302  1.41557e-019
247.324  1.39654e-019
248.346  1.37734e-019
249.368  1.35797e-019
250.39  1.33843e-019
251.412  1.31873e-019
252.434  1.29886e-019
253.456  1.27882e-019
254.478  1.25862e-019
255.5  1.23826e-019
256.522  1.21774e-019
257.544  1.19706e-019
258.566  1.17623e-019
259.588  1.15524e-019
260.61  1.1341e-019
261.632  1.11282e-019
262.654  1.0914e-019
263.676  1.06983e-019
264.698  1.04813e-019
265.72  1.02631e-019
266.742  1.00435e-019
267.764  9.82278e-020
268.786  9.6009e-020
269.808  9.37794e-020
270.83  9.15397e-020
271.852  8.92905e-020
272.874  8.70327e-020
273.896  8.47669e-020
274.918  8.24941e-020
275.94  8.02152e-020
276.962  7.79311e-020
277.984  7.56427e-020
279.006  7.33513e-020
280.028  7.10578e-020
281.05  6.87635e-020
282.072  6.64696e-020
283.094  6.41775e-020
284.116  6.18884e-020
285.138  5.9604e-020
286.16  5.73256e-020
287.182  5.50549e-020
288.204  5.27936e-020
289.226  5.05434e-020
290.248  4.83062e-020
291.27  4.60838e-020
292.292  4.38784e-020
293.314  4.16919e-020
294.336  3.95267e-020
295.358  3.7385e-020
296.38  3.52692e-020
297.402  3.31818e-020
298.424  3.11254e-020
299.446  2.91027e-020
300.468  2.71166e-020
301.49  2.517e-020
302.512  2.32659e-020
303.534  2.14076e-020
304.556  1.95983e-020
305.578  1.78416e-020
306.6  1.61409e-020
307.622  1.45e-020
308.644  1.29227e-020
309.666  1.14131e-020
310.688  9.97529e-021
311.71  8.61357e-021
312.732  7.33242e-021
313.754  6.13644e-021
314.776  5.03044e-021
315.798  4.01936e-021
316.82  3.10834e-021
317.842  2.30269e-021
318.864  1.60789e-021
319.886  1.02961e-021
320.908  5.73714e-022
321.93  2.46234e-022
322.952  5.33767e-023
