1.022  3.03815e-020
2.044  3.03472e-020
3.066  3.03132e-020
4.088  3.02796e-020
5.11  3.02463e-020
6.132  3.02134e-020
7.154  3.01807e-020
8.176  3.01482e-020
9.198  3.01159e-020
10.22  3.00838e-020
11.242  3.00519e-020
12.264  3.00201e-020
13.286  2.99885e-020
14.308  2.99572e-020
15.33  2.9926e-020
16.352  2.98951e-020
17.374  2.98645e-020
18.396  2.98341e-020
19.418  2.98039e-020
20.44  2.97741e-020
21.462  2.97445e-020
22.484  2.97153e-020
23.506  2.96863e-020
24.528  2.96576e-020
25.55  2.96293e-020
26.572  2.96012e-020
27.594  2.95734e-020
28.616  2.95459e-020
29.638  2.95187e-020
30.66  2.94918e-020
31.682  2.94651e-020
32.704  2.94387e-020
33.726  2.94126e-020
34.748  2.93866e-020
35.77  2.93609e-020
36.792  2.93354e-020
37.814  2.93101e-020
38.836  2.9285e-020
39.858  2.926e-020
40.88  2.92352e-020
41.902  2.92105e-020
42.924  2.9186e-020
43.946  2.91615e-020
44.968  2.91372e-020
45.99  2.91129e-020
47.012  2.90887e-020
48.034  2.90645e-020
49.056  2.90404e-020
50.078  2.90163e-020
51.1  2.89922e-020
52.122  2.8968e-020
53.144  2.89439e-020
54.166  2.89197e-020
55.188  2.88954e-020
56.21  2.88711e-020
57.232  2.88466e-020
58.254  2.88221e-020
59.276  2.87975e-020
60.298  2.87727e-020
61.32  2.87478e-020
62.342  2.87227e-020
63.364  2.86975e-020
64.386  2.8672e-020
65.408  2.86464e-020
66.43  2.86206e-020
67.452  2.85945e-020
68.474  2.85682e-020
69.496  2.85416e-020
70.518  2.85148e-020
71.54  2.84877e-020
72.562  2.84603e-020
73.584  2.84326e-020
74.606  2.84046e-020
75.628  2.83763e-020
76.65  2.83476e-020
77.672  2.83186e-020
78.694  2.82892e-020
79.716  2.82595e-020
80.738  2.82293e-020
81.76  2.81988e-020
82.782  2.81679e-020
83.804  2.81365e-020
84.826  2.81048e-020
85.848  2.80726e-020
86.87  2.80399e-020
87.892  2.80068e-020
88.914  2.79733e-020
89.936  2.79392e-020
90.958  2.79047e-020
91.98  2.78697e-020
93.002  2.78342e-020
94.024  2.77981e-020
95.046  2.77616e-020
96.068  2.77245e-020
97.09  2.76869e-020
98.112  2.76487e-020
99.134  2.76099e-020
100.156  2.75706e-020
101.178  2.75308e-020
102.2  2.74903e-020
103.222  2.74493e-020
104.244  2.74076e-020
105.266  2.73653e-020
106.288  2.73225e-020
107.31  2.7279e-020
108.332  2.72348e-020
109.354  2.71901e-020
110.376  2.71447e-020
111.398  2.70986e-020
112.42  2.70519e-020
113.442  2.70045e-020
114.464  2.69564e-020
115.486  2.69076e-020
116.508  2.68582e-020
117.53  2.6808e-020
118.552  2.67572e-020
119.574  2.67056e-020
120.596  2.66533e-020
121.618  2.66003e-020
122.64  2.65466e-020
123.662  2.64921e-020
124.684  2.64369e-020
125.706  2.63809e-020
126.728  2.63241e-020
127.75  2.62666e-020
128.772  2.62083e-020
129.794  2.61493e-020
130.816  2.60894e-020
131.838  2.60288e-020
132.86  2.59674e-020
133.882  2.59051e-020
134.904  2.58421e-020
135.926  2.57782e-020
136.948  2.57135e-020
137.97  2.5648e-020
138.992  2.55816e-020
140.014  2.55144e-020
141.036  2.54464e-020
142.058  2.53775e-020
143.08  2.53077e-020
144.102  2.52371e-020
145.124  2.51656e-020
146.146  2.50932e-020
147.168  2.50199e-020
148.19  2.49457e-020
149.212  2.48707e-020
150.234  2.47947e-020
151.256  2.47178e-020
152.278  2.464e-020
153.3  2.45613e-020
154.322  2.44816e-020
155.344  2.4401e-020
156.366  2.43195e-020
157.388  2.4237e-020
158.41  2.41535e-020
159.432  2.40691e-020
160.454  2.39837e-020
161.476  2.38973e-020
162.498  2.381e-020
163.52  2.37216e-020
164.542  2.36323e-020
165.564  2.35419e-020
166.586  2.34506e-020
167.608  2.33582e-020
168.63  2.32648e-020
169.652  2.31703e-020
170.674  2.30749e-020
171.696  2.29783e-020
172.718  2.28808e-020
173.74  2.27821e-020
174.762  2.26824e-020
175.784  2.25816e-020
176.806  2.24798e-020
177.828  2.23768e-020
178.85  2.22728e-020
179.872  2.21676e-020
180.894  2.20614e-020
181.916  2.1954e-020
182.938  2.18455e-020
183.96  2.17358e-020
184.982  2.1625e-020
186.004  2.15131e-020
187.026  2.14e-020
188.048  2.12857e-020
189.07  2.11703e-020
190.092  2.10537e-020
191.114  2.09359e-020
192.136  2.08169e-020
193.158  2.06967e-020
194.18  2.05753e-020
195.202  2.04527e-020
196.224  2.03288e-020
197.246  2.02038e-020
198.268  2.00775e-020
199.29  1.99499e-020
200.312  1.98211e-020
201.334  1.9691e-020
202.356  1.95597e-020
203.378  1.94271e-020
204.4  1.92932e-020
205.422  1.9158e-020
206.444  1.90216e-020
207.466  1.88838e-020
208.488  1.87447e-020
209.51  1.86044e-020
210.532  1.84627e-020
211.554  1.83196e-020
212.576  1.81753e-020
213.598  1.80296e-020
214.62  1.78826e-020
215.642  1.77343e-020
216.664  1.75846e-020
217.686  1.74335e-020
218.708  1.72811e-020
219.73  1.71274e-020
220.752  1.69723e-020
221.774  1.68158e-020
222.796  1.6658e-020
223.818  1.64988e-020
224.84  1.63383e-020
225.862  1.61763e-020
226.884  1.60131e-020
227.906  1.58484e-020
228.928  1.56824e-020
229.95  1.55151e-020
230.972  1.53464e-020
231.994  1.51763e-020
233.016  1.50049e-020
234.038  1.48321e-020
235.06  1.46581e-020
236.082  1.44826e-020
237.104  1.43059e-020
238.126  1.41279e-020
239.148  1.39485e-020
240.17  1.37679e-020
241.192  1.35859e-020
242.214  1.34027e-020
243.236  1.32183e-020
244.258  1.30326e-020
245.28  1.28457e-020
246.302  1.26576e-020
247.324  1.24683e-020
248.346  1.22778e-020
249.368  1.20862e-020
250.39  1.18935e-020
251.412  1.16996e-020
252.434  1.15047e-020
253.456  1.13088e-020
254.478  1.11119e-020
255.5  1.09139e-020
256.522  1.07151e-020
257.544  1.05153e-020
258.566  1.03147e-020
259.588  1.01132e-020
260.61  9.91094e-021
261.632  9.70794e-021
262.654  9.50425e-021
263.676  9.29991e-021
264.698  9.09498e-021
265.72  8.88951e-021
266.742  8.68356e-021
267.764  8.47719e-021
268.786  8.27046e-021
269.808  8.06343e-021
270.83  7.85618e-021
271.852  7.64878e-021
272.874  7.44131e-021
273.896  7.23384e-021
274.918  7.02645e-021
275.94  6.81924e-021
276.962  6.61228e-021
277.984  6.40568e-021
279.006  6.19953e-021
280.028  5.99394e-021
281.05  5.789e-021
282.072  5.58484e-021
283.094  5.38155e-021
284.116  5.17927e-021
285.138  4.97812e-021
286.16  4.77822e-021
287.182  4.5797e-021
288.204  4.38272e-021
289.226  4.1874e-021
290.248  3.99391e-021
291.27  3.80239e-021
292.292  3.613e-021
293.314  3.42592e-021
294.336  3.24131e-021
295.358  3.05935e-021
296.38  2.88023e-021
297.402  2.70414e-021
298.424  2.53128e-021
299.446  2.36186e-021
300.468  2.19608e-021
301.49  2.03416e-021
302.512  1.87634e-021
303.534  1.72285e-021
304.556  1.57393e-021
305.578  1.42983e-021
306.6  1.29081e-021
307.622  1.15714e-021
308.644  1.02909e-021
309.666  9.06953e-022
310.688  7.91018e-022
311.71  6.81591e-022
312.732  5.78984e-022
313.754  4.83521e-022
314.776  3.95533e-022
315.798  3.15364e-022
316.82  2.43367e-022
317.842  1.79906e-022
318.864  1.25356e-022
319.886  8.01011e-023
320.908  4.45388e-023
321.93  1.90752e-023
322.952  4.12621e-024
