1.022  2.20131e-020
2.044  2.20124e-020
3.066  2.20119e-020
4.088  2.20115e-020
5.11  2.20111e-020
6.132  2.20109e-020
7.154  2.20107e-020
8.176  2.20105e-020
9.198  2.20103e-020
10.22  2.20101e-020
11.242  2.20099e-020
12.264  2.20097e-020
13.286  2.20095e-020
14.308  2.20092e-020
15.33  2.2009e-020
16.352  2.20088e-020
17.374  2.20087e-020
18.396  2.20086e-020
19.418  2.20085e-020
20.44  2.20085e-020
21.462  2.20086e-020
22.484  2.20087e-020
23.506  2.2009e-020
24.528  2.20093e-020
25.55  2.20097e-020
26.572  2.20101e-020
27.594  2.20107e-020
28.616  2.20113e-020
29.638  2.2012e-020
30.66  2.20127e-020
31.682  2.20135e-020
32.704  2.20143e-020
33.726  2.20152e-020
34.748  2.20161e-020
35.77  2.20171e-020
36.792  2.2018e-020
37.814  2.2019e-020
38.836  2.202e-020
39.858  2.20209e-020
40.88  2.20218e-020
41.902  2.20227e-020
42.924  2.20236e-020
43.946  2.20244e-020
44.968  2.20251e-020
45.99  2.20257e-020
47.012  2.20263e-020
48.034  2.20268e-020
49.056  2.20271e-020
50.078  2.20273e-020
51.1  2.20274e-020
52.122  2.20274e-020
53.144  2.20271e-020
54.166  2.20268e-020
55.188  2.20262e-020
56.21  2.20255e-020
57.232  2.20245e-020
58.254  2.20234e-020
59.276  2.2022e-020
60.298  2.20204e-020
61.32  2.20186e-020
62.342  2.20165e-020
63.364  2.20141e-020
64.386  2.20115e-020
65.408  2.20086e-020
66.43  2.20054e-020
67.452  2.20019e-020
68.474  2.19981e-020
69.496  2.19939e-020
70.518  2.19895e-020
71.54  2.19846e-020
72.562  2.19795e-020
73.584  2.1974e-020
74.606  2.19681e-020
75.628  2.19618e-020
76.65  2.19552e-020
77.672  2.19481e-020
78.694  2.19407e-020
79.716  2.19328e-020
80.738  2.19245e-020
81.76  2.19158e-020
82.782  2.19067e-020
83.804  2.18971e-020
84.826  2.1887e-020
85.848  2.18765e-020
86.87  2.18655e-020
87.892  2.18541e-020
88.914  2.18421e-020
89.936  2.18297e-020
90.958  2.18168e-020
91.98  2.18033e-020
93.002  2.17894e-020
94.024  2.17749e-020
95.046  2.17599e-020
96.068  2.17444e-020
97.09  2.17283e-020
98.112  2.17116e-020
99.134  2.16944e-020
100.156  2.16767e-020
101.178  2.16583e-020
102.2  2.16394e-020
103.222  2.16199e-020
104.244  2.15999e-020
105.266  2.15792e-020
106.288  2.15579e-020
107.31  2.1536e-020
108.332  2.15135e-020
109.354  2.14904e-020
110.376  2.14666e-020
111.398  2.14422e-020
112.42  2.14172e-020
113.442  2.13915e-020
114.464  2.13652e-020
115.486  2.13382e-020
116.508  2.13105e-020
117.53  2.12822e-020
118.552  2.12532e-020
119.574  2.12235e-020
120.596  2.11931e-020
121.618  2.11621e-020
122.64  2.11303e-020
123.662  2.10979e-020
124.684  2.10647e-020
125.706  2.10308e-020
126.728  2.09962e-020
127.75  2.09609e-020
128.772  2.09248e-020
129.794  2.0888e-020
130.816  2.08505e-020
131.838  2.08122e-020
132.86  2.07732e-020
133.882  2.07334e-020
134.904  2.06928e-020
135.926  2.06515e-020
136.948  2.06094e-020
137.97  2.05665e-020
138.992  2.05229e-020
140.014  2.04784e-020
141.036  2.04332e-020
142.058  2.03872e-020
143.08  2.03403e-020
144.102  2.02927e-020
145.124  2.02442e-020
146.146  2.01949e-020
147.168  2.01448e-020
148.19  2.00938e-020
149.212  2.0042e-020
150.234  1.99894e-020
151.256  1.99359e-020
152.278  1.98816e-020
153.3  1.98264e-020
154.322  1.97704e-020
155.344  1.97135e-020
156.366  1.96557e-020
157.388  1.9597e-020
158.41  1.95374e-020
159.432  1.9477e-020
160.454  1.94156e-020
161.476  1.93534e-020
162.498  1.92902e-020
163.52  1.92261e-020
164.542  1.91611e-020
165.564  1.90952e-020
166.586  1.90284e-020
167.608  1.89606e-020
168.63  1.88918e-020
169.652  1.88222e-020
170.674  1.87515e-020
171.696  1.86799e-020
172.718  1.86074e-020
173.74  1.85338e-020
174.762  1.84593e-020
175.784  1.83838e-020
176.806  1.83073e-020
177.828  1.82298e-020
178.85  1.81514e-020
179.872  1.80719e-020
180.894  1.79913e-020
181.916  1.79098e-020
182.938  1.78272e-020
183.96  1.77436e-020
184.982  1.7659e-020
186.004  1.75733e-020
187.026  1.74866e-020
188.048  1.73988e-020
189.07  1.73099e-020
190.092  1.722e-020
191.114  1.7129e-020
192.136  1.70369e-020
193.158  1.69437e-020
194.18  1.68494e-020
195.202  1.6754e-020
196.224  1.66576e-020
197.246  1.656e-020
198.268  1.64612e-020
199.29  1.63614e-020
200.312  1.62604e-020
201.334  1.61583e-020
202.356  1.6055e-020
203.378  1.59506e-020
204.4  1.58451e-020
205.422  1.57383e-020
206.444  1.56304e-020
207.466  1.55214e-020
208.488  1.54112e-020
209.51  1.52998e-020
210.532  1.51872e-020
211.554  1.50734e-020
212.576  1.49584e-020
213.598  1.48423e-020
214.62  1.47249e-020
215.642  1.46063e-020
216.664  1.44866e-020
217.686  1.43656e-020
218.708  1.42434e-020
219.73  1.412e-020
220.752  1.39954e-020
221.774  1.38696e-020
222.796  1.37425e-020
223.818  1.36143e-020
224.84  1.34848e-020
225.862  1.33541e-020
226.884  1.32222e-020
227.906  1.30891e-020
228.928  1.29547e-020
229.95  1.28192e-020
230.972  1.26824e-020
231.994  1.25444e-020
233.016  1.24053e-020
234.038  1.22649e-020
235.06  1.21234e-020
236.082  1.19806e-020
237.104  1.18367e-020
238.126  1.16916e-020
239.148  1.15454e-020
240.17  1.1398e-020
241.192  1.12494e-020
242.214  1.10998e-020
243.236  1.0949e-020
244.258  1.07971e-020
245.28  1.06441e-020
246.302  1.049e-020
247.324  1.03349e-020
248.346  1.01787e-020
249.368  1.00215e-020
250.39  9.86336e-021
251.412  9.70419e-021
252.434  9.54406e-021
253.456  9.383e-021
254.478  9.22103e-021
255.5  9.05818e-021
256.522  8.89448e-021
257.544  8.72996e-021
258.566  8.56466e-021
259.588  8.39859e-021
260.61  8.23181e-021
261.632  8.06436e-021
262.654  7.89626e-021
263.676  7.72756e-021
264.698  7.55831e-021
265.72  7.38855e-021
266.742  7.21833e-021
267.764  7.04771e-021
268.786  6.87673e-021
269.808  6.70545e-021
270.83  6.53393e-021
271.852  6.36223e-021
272.874  6.19041e-021
273.896  6.01855e-021
274.918  5.8467e-021
275.94  5.67495e-021
276.962  5.50336e-021
277.984  5.33202e-021
279.006  5.16102e-021
280.028  4.99042e-021
281.05  4.82033e-021
282.072  4.65084e-021
283.094  4.48203e-021
284.116  4.31402e-021
285.138  4.14691e-021
286.16  3.9808e-021
287.182  3.81581e-021
288.204  3.65206e-021
289.226  3.48965e-021
290.248  3.32873e-021
291.27  3.16942e-021
292.292  3.01185e-021
293.314  2.85617e-021
294.336  2.70252e-021
295.358  2.55105e-021
296.38  2.40191e-021
297.402  2.25527e-021
298.424  2.1113e-021
299.446  1.97016e-021
300.468  1.83204e-021
301.49  1.69711e-021
302.512  1.56558e-021
303.534  1.43763e-021
304.556  1.31348e-021
305.578  1.19333e-021
306.6  1.07739e-021
307.622  9.65901e-022
308.644  8.59087e-022
309.666  7.57188e-022
310.688  6.60452e-022
311.71  5.69133e-022
312.732  4.83495e-022
313.754  4.03808e-022
314.776  3.30352e-022
315.798  2.63415e-022
316.82  2.03294e-022
317.842  1.50294e-022
318.864  1.04731e-022
319.886  6.69271e-023
320.908  3.72165e-023
321.93  1.59404e-023
322.952  3.44837e-024
