1.022  3.72681e-021
2.044  3.77474e-021
3.066  3.8226e-021
4.088  3.87039e-021
5.11  3.91809e-021
6.132  3.9657e-021
7.154  4.01321e-021
8.176  4.06061e-021
9.198  4.10791e-021
10.22  4.15508e-021
11.242  4.20213e-021
12.264  4.24906e-021
13.286  4.29587e-021
14.308  4.34254e-021
15.33  4.38909e-021
16.352  4.43551e-021
17.374  4.48181e-021
18.396  4.52798e-021
19.418  4.57401e-021
20.44  4.61992e-021
21.462  4.6657e-021
22.484  4.71136e-021
23.506  4.75687e-021
24.528  4.80226e-021
25.55  4.84751e-021
26.572  4.89263e-021
27.594  4.93761e-021
28.616  4.98245e-021
29.638  5.02715e-021
30.66  5.0717e-021
31.682  5.11611e-021
32.704  5.16036e-021
33.726  5.20446e-021
34.748  5.24841e-021
35.77  5.29219e-021
36.792  5.33582e-021
37.814  5.37927e-021
38.836  5.42256e-021
39.858  5.46567e-021
40.88  5.50861e-021
41.902  5.55136e-021
42.924  5.59393e-021
43.946  5.63631e-021
44.968  5.6785e-021
45.99  5.72049e-021
47.012  5.76228e-021
48.034  5.80386e-021
49.056  5.84524e-021
50.078  5.8864e-021
51.1  5.92735e-021
52.122  5.96807e-021
53.144  6.00857e-021
54.166  6.04884e-021
55.188  6.08888e-021
56.21  6.12868e-021
57.232  6.16823e-021
58.254  6.20754e-021
59.276  6.2466e-021
60.298  6.2854e-021
61.32  6.32395e-021
62.342  6.36223e-021
63.364  6.40024e-021
64.386  6.43799e-021
65.408  6.47545e-021
66.43  6.51264e-021
67.452  6.54954e-021
68.474  6.58616e-021
69.496  6.62248e-021
70.518  6.6585e-021
71.54  6.69422e-021
72.562  6.72964e-021
73.584  6.76475e-021
74.606  6.79955e-021
75.628  6.83403e-021
76.65  6.86819e-021
77.672  6.90202e-021
78.694  6.93553e-021
79.716  6.9687e-021
80.738  7.00153e-021
81.76  7.03402e-021
82.782  7.06617e-021
83.804  7.09797e-021
84.826  7.12941e-021
85.848  7.1605e-021
86.87  7.19122e-021
87.892  7.22158e-021
88.914  7.25158e-021
89.936  7.28119e-021
90.958  7.31044e-021
91.98  7.3393e-021
93.002  7.36778e-021
94.024  7.39587e-021
95.046  7.42357e-021
96.068  7.45087e-021
97.09  7.47777e-021
98.112  7.50427e-021
99.134  7.53036e-021
100.156  7.55605e-021
101.178  7.58131e-021
102.2  7.60616e-021
103.222  7.63059e-021
104.244  7.65459e-021
105.266  7.67817e-021
106.288  7.70131e-021
107.31  7.72401e-021
108.332  7.74628e-021
109.354  7.7681e-021
110.376  7.78947e-021
111.398  7.81039e-021
112.42  7.83086e-021
113.442  7.85087e-021
114.464  7.87041e-021
115.486  7.8895e-021
116.508  7.90811e-021
117.53  7.92625e-021
118.552  7.94391e-021
119.574  7.9611e-021
120.596  7.9778e-021
121.618  7.99401e-021
122.64  8.00974e-021
123.662  8.02497e-021
124.684  8.0397e-021
125.706  8.05393e-021
126.728  8.06766e-021
127.75  8.08088e-021
128.772  8.09359e-021
129.794  8.10578e-021
130.816  8.11746e-021
131.838  8.12861e-021
132.86  8.13923e-021
133.882  8.14933e-021
134.904  8.1589e-021
135.926  8.16793e-021
136.948  8.17641e-021
137.97  8.18436e-021
138.992  8.19176e-021
140.014  8.19861e-021
141.036  8.2049e-021
142.058  8.21064e-021
143.08  8.21581e-021
144.102  8.22042e-021
145.124  8.22446e-021
146.146  8.22793e-021
147.168  8.23083e-021
148.19  8.23314e-021
149.212  8.23488e-021
150.234  8.23602e-021
151.256  8.23658e-021
152.278  8.23654e-021
153.3  8.23591e-021
154.322  8.23467e-021
155.344  8.23283e-021
156.366  8.23038e-021
157.388  8.22732e-021
158.41  8.22364e-021
159.432  8.21935e-021
160.454  8.21443e-021
161.476  8.20888e-021
162.498  8.2027e-021
163.52  8.19589e-021
164.542  8.18844e-021
165.564  8.18035e-021
166.586  8.17161e-021
167.608  8.16222e-021
168.63  8.15218e-021
169.652  8.14148e-021
170.674  8.13012e-021
171.696  8.1181e-021
172.718  8.10541e-021
173.74  8.09204e-021
174.762  8.078e-021
175.784  8.06327e-021
176.806  8.04786e-021
177.828  8.03177e-021
178.85  8.01498e-021
179.872  7.99749e-021
180.894  7.9793e-021
181.916  7.96041e-021
182.938  7.94082e-021
183.96  7.92051e-021
184.982  7.89948e-021
186.004  7.87774e-021
187.026  7.85527e-021
188.048  7.83207e-021
189.07  7.80814e-021
190.092  7.78348e-021
191.114  7.75807e-021
192.136  7.73193e-021
193.158  7.70504e-021
194.18  7.67739e-021
195.202  7.64899e-021
196.224  7.61984e-021
197.246  7.58992e-021
198.268  7.55923e-021
199.29  7.52778e-021
200.312  7.49555e-021
201.334  7.46255e-021
202.356  7.42877e-021
203.378  7.3942e-021
204.4  7.35885e-021
205.422  7.3227e-021
206.444  7.28577e-021
207.466  7.24803e-021
208.488  7.2095e-021
209.51  7.17016e-021
210.532  7.13002e-021
211.554  7.08906e-021
212.576  7.0473e-021
213.598  7.00472e-021
214.62  6.96133e-021
215.642  6.91711e-021
216.664  6.87208e-021
217.686  6.82622e-021
218.708  6.77954e-021
219.73  6.73203e-021
220.752  6.68369e-021
221.774  6.63452e-021
222.796  6.58452e-021
223.818  6.53368e-021
224.84  6.48201e-021
225.862  6.42951e-021
226.884  6.37618e-021
227.906  6.32201e-021
228.928  6.267e-021
229.95  6.21116e-021
230.972  6.15449e-021
231.994  6.09698e-021
233.016  6.03865e-021
234.038  5.97948e-021
235.06  5.91949e-021
236.082  5.85867e-021
237.104  5.79703e-021
238.126  5.73457e-021
239.148  5.67129e-021
240.17  5.6072e-021
241.192  5.54231e-021
242.214  5.47661e-021
243.236  5.41011e-021
244.258  5.34283e-021
245.28  5.27476e-021
246.302  5.20591e-021
247.324  5.13629e-021
248.346  5.06591e-021
249.368  4.99478e-021
250.39  4.9229e-021
251.412  4.85029e-021
252.434  4.77696e-021
253.456  4.70292e-021
254.478  4.62818e-021
255.5  4.55276e-021
256.522  4.47666e-021
257.544  4.39992e-021
258.566  4.32253e-021
259.588  4.24452e-021
260.61  4.16591e-021
261.632  4.08671e-021
262.654  4.00695e-021
263.676  3.92664e-021
264.698  3.84581e-021
265.72  3.76448e-021
266.742  3.68268e-021
267.764  3.60044e-021
268.786  3.51777e-021
269.808  3.43471e-021
270.83  3.3513e-021
271.852  3.26755e-021
272.874  3.1835e-021
273.896  3.0992e-021
274.918  3.01467e-021
275.94  2.92995e-021
276.962  2.84509e-021
277.984  2.76012e-021
279.006  2.67508e-021
280.028  2.59004e-021
281.05  2.50502e-021
282.072  2.42008e-021
283.094  2.33528e-021
284.116  2.25066e-021
285.138  2.16628e-021
286.16  2.0822e-021
287.182  1.99849e-021
288.204  1.9152e-021
289.226  1.8324e-021
290.248  1.75016e-021
291.27  1.66855e-021
292.292  1.58765e-021
293.314  1.50753e-021
294.336  1.42827e-021
295.358  1.34996e-021
296.38  1.27269e-021
297.402  1.19653e-021
298.424  1.1216e-021
299.446  1.04797e-021
300.468  9.75762e-022
301.49  9.0507e-022
302.512  8.36005e-022
303.534  7.68677e-022
304.556  7.03205e-022
305.578  6.39707e-022
306.6  5.78308e-022
307.622  5.19138e-022
308.644  4.6233e-022
309.666  4.08023e-022
310.688  3.56359e-022
311.71  3.07488e-022
312.732  2.61561e-022
313.754  2.18738e-022
314.776  1.79182e-022
315.798  1.43064e-022
316.82  1.10556e-022
317.842  8.18414e-023
318.864  5.71054e-023
319.886  3.65409e-023
320.908  2.03464e-023
321.93  8.72622e-024
322.952  1.89024e-024
