1.022  1.65914e-021
2.044  1.68931e-021
3.066  1.7197e-021
4.088  1.75031e-021
5.11  1.78112e-021
6.132  1.81214e-021
7.154  1.84334e-021
8.176  1.87472e-021
9.198  1.90628e-021
10.22  1.938e-021
11.242  1.96988e-021
12.264  2.00192e-021
13.286  2.03411e-021
14.308  2.06644e-021
15.33  2.09891e-021
16.352  2.13151e-021
17.374  2.16424e-021
18.396  2.1971e-021
19.418  2.23008e-021
20.44  2.26318e-021
21.462  2.29639e-021
22.484  2.3297e-021
23.506  2.36312e-021
24.528  2.39664e-021
25.55  2.43025e-021
26.572  2.46395e-021
27.594  2.49774e-021
28.616  2.53161e-021
29.638  2.56555e-021
30.66  2.59956e-021
31.682  2.63364e-021
32.704  2.66778e-021
33.726  2.70197e-021
34.748  2.73621e-021
35.77  2.7705e-021
36.792  2.80483e-021
37.814  2.8392e-021
38.836  2.8736e-021
39.858  2.90802e-021
40.88  2.94246e-021
41.902  2.97691e-021
42.924  3.01138e-021
43.946  3.04585e-021
44.968  3.08032e-021
45.99  3.11478e-021
47.012  3.14924e-021
48.034  3.18367e-021
49.056  3.21809e-021
50.078  3.25248e-021
51.1  3.28684e-021
52.122  3.32117e-021
53.144  3.35545e-021
54.166  3.38969e-021
55.188  3.42387e-021
56.21  3.458e-021
57.232  3.49207e-021
58.254  3.52607e-021
59.276  3.56e-021
60.298  3.59385e-021
61.32  3.62763e-021
62.342  3.66131e-021
63.364  3.69491e-021
64.386  3.72841e-021
65.408  3.76181e-021
66.43  3.7951e-021
67.452  3.82829e-021
68.474  3.86135e-021
69.496  3.8943e-021
70.518  3.92712e-021
71.54  3.95982e-021
72.562  3.99238e-021
73.584  4.0248e-021
74.606  4.05707e-021
75.628  4.0892e-021
76.65  4.12118e-021
77.672  4.153e-021
78.694  4.18465e-021
79.716  4.21614e-021
80.738  4.24746e-021
81.76  4.2786e-021
82.782  4.30956e-021
83.804  4.34033e-021
84.826  4.37092e-021
85.848  4.40131e-021
86.87  4.43151e-021
87.892  4.4615e-021
88.914  4.49128e-021
89.936  4.52085e-021
90.958  4.55021e-021
91.98  4.57934e-021
93.002  4.60826e-021
94.024  4.63694e-021
95.046  4.66539e-021
96.068  4.6936e-021
97.09  4.72156e-021
98.112  4.74929e-021
99.134  4.77676e-021
100.156  4.80397e-021
101.178  4.83093e-021
102.2  4.85763e-021
103.222  4.88405e-021
104.244  4.91021e-021
105.266  4.93609e-021
106.288  4.96169e-021
107.31  4.987e-021
108.332  5.01203e-021
109.354  5.03677e-021
110.376  5.06121e-021
111.398  5.08534e-021
112.42  5.10918e-021
113.442  5.1327e-021
114.464  5.15592e-021
115.486  5.17881e-021
116.508  5.20139e-021
117.53  5.22364e-021
118.552  5.24556e-021
119.574  5.26715e-021
120.596  5.28841e-021
121.618  5.30932e-021
122.64  5.32989e-021
123.662  5.35011e-021
124.684  5.36997e-021
125.706  5.38948e-021
126.728  5.40863e-021
127.75  5.42742e-021
128.772  5.44584e-021
129.794  5.46388e-021
130.816  5.48155e-021
131.838  5.49884e-021
132.86  5.51575e-021
133.882  5.53227e-021
134.904  5.5484e-021
135.926  5.56413e-021
136.948  5.57946e-021
137.97  5.59439e-021
138.992  5.60891e-021
140.014  5.62303e-021
141.036  5.63672e-021
142.058  5.65e-021
143.08  5.66286e-021
144.102  5.67529e-021
145.124  5.68729e-021
146.146  5.69885e-021
147.168  5.70998e-021
148.19  5.72067e-021
149.212  5.73091e-021
150.234  5.7407e-021
151.256  5.75004e-021
152.278  5.75892e-021
153.3  5.76734e-021
154.322  5.7753e-021
155.344  5.78279e-021
156.366  5.7898e-021
157.388  5.79634e-021
158.41  5.8024e-021
159.432  5.80797e-021
160.454  5.81306e-021
161.476  5.81765e-021
162.498  5.82175e-021
163.52  5.82535e-021
164.542  5.82844e-021
165.564  5.83103e-021
166.586  5.8331e-021
167.608  5.83466e-021
168.63  5.8357e-021
169.652  5.83622e-021
170.674  5.83621e-021
171.696  5.83567e-021
172.718  5.83459e-021
173.74  5.83298e-021
174.762  5.83082e-021
175.784  5.82811e-021
176.806  5.82485e-021
177.828  5.82104e-021
178.85  5.81667e-021
179.872  5.81173e-021
180.894  5.80623e-021
181.916  5.80015e-021
182.938  5.7935e-021
183.96  5.78628e-021
184.982  5.77846e-021
186.004  5.77006e-021
187.026  5.76107e-021
188.048  5.75148e-021
189.07  5.74129e-021
190.092  5.7305e-021
191.114  5.7191e-021
192.136  5.70709e-021
193.158  5.69446e-021
194.18  5.68121e-021
195.202  5.66734e-021
196.224  5.65284e-021
197.246  5.63771e-021
198.268  5.62193e-021
199.29  5.60552e-021
200.312  5.58847e-021
201.334  5.57076e-021
202.356  5.55241e-021
203.378  5.53339e-021
204.4  5.51372e-021
205.422  5.49338e-021
206.444  5.47237e-021
207.466  5.45069e-021
208.488  5.42834e-021
209.51  5.4053e-021
210.532  5.38158e-021
211.554  5.35718e-021
212.576  5.33208e-021
213.598  5.30629e-021
214.62  5.2798e-021
215.642  5.25261e-021
216.664  5.22471e-021
217.686  5.19611e-021
218.708  5.16679e-021
219.73  5.13676e-021
220.752  5.10602e-021
221.774  5.07455e-021
222.796  5.04236e-021
223.818  5.00944e-021
224.84  4.9758e-021
225.862  4.94143e-021
226.884  4.90632e-021
227.906  4.87048e-021
228.928  4.8339e-021
229.95  4.79658e-021
230.972  4.75853e-021
231.994  4.71973e-021
233.016  4.68019e-021
234.038  4.63991e-021
235.06  4.59889e-021
236.082  4.55712e-021
237.104  4.5146e-021
238.126  4.47135e-021
239.148  4.42735e-021
240.17  4.3826e-021
241.192  4.33712e-021
242.214  4.2909e-021
243.236  4.24394e-021
244.258  4.19624e-021
245.28  4.14781e-021
246.302  4.09865e-021
247.324  4.04877e-021
248.346  3.99816e-021
249.368  3.94684e-021
250.39  3.89481e-021
251.412  3.84207e-021
252.434  3.78863e-021
253.456  3.73449e-021
254.478  3.67967e-021
255.5  3.62418e-021
256.522  3.56801e-021
257.544  3.51119e-021
258.566  3.45372e-021
259.588  3.39561e-021
260.61  3.33688e-021
261.632  3.27753e-021
262.654  3.21758e-021
263.676  3.15705e-021
264.698  3.09596e-021
265.72  3.03431e-021
266.742  2.97212e-021
267.764  2.90942e-021
268.786  2.84623e-021
269.808  2.78256e-021
270.83  2.71844e-021
271.852  2.6539e-021
272.874  2.58895e-021
273.896  2.52362e-021
274.918  2.45795e-021
275.94  2.39196e-021
276.962  2.32568e-021
277.984  2.25914e-021
279.006  2.19239e-021
280.028  2.12545e-021
281.05  2.05836e-021
282.072  1.99117e-021
283.094  1.92391e-021
284.116  1.85664e-021
285.138  1.78938e-021
286.16  1.72221e-021
287.182  1.65515e-021
288.204  1.58827e-021
289.226  1.52163e-021
290.248  1.45527e-021
291.27  1.38927e-021
292.292  1.32367e-021
293.314  1.25856e-021
294.336  1.194e-021
295.358  1.13005e-021
296.38  1.0668e-021
297.402  1.00432e-021
298.424  9.42701e-022
299.446  8.82016e-022
300.468  8.22359e-022
301.49  7.63821e-022
302.512  7.06498e-022
303.534  6.5049e-022
304.556  5.959e-022
305.578  5.42836e-022
306.6  4.9141e-022
307.622  4.4174e-022
308.644  3.93945e-022
309.666  3.48151e-022
310.688  3.0449e-022
311.71  2.63097e-022
312.732  2.24112e-022
313.754  1.87681e-022
314.776  1.53956e-022
315.798  1.23094e-022
316.82  9.52571e-023
317.842  7.06146e-023
318.864  4.9341e-023
319.886  3.16169e-023
320.908  1.76294e-023
321.93  7.57159e-024
322.952  1.64244e-024
