1.022  1.01026e-020
2.044  1.00227e-020
3.066  9.94432e-021
4.088  9.86743e-021
5.11  9.79199e-021
6.132  9.71799e-021
7.154  9.6454e-021
8.176  9.57417e-021
9.198  9.5043e-021
10.22  9.43576e-021
11.242  9.36853e-021
12.264  9.30261e-021
13.286  9.23797e-021
14.308  9.17461e-021
15.33  9.11251e-021
16.352  9.05168e-021
17.374  8.99208e-021
18.396  8.93372e-021
19.418  8.87659e-021
20.44  8.82066e-021
21.462  8.76593e-021
22.484  8.71239e-021
23.506  8.66001e-021
24.528  8.6088e-021
25.55  8.55873e-021
26.572  8.50978e-021
27.594  8.46195e-021
28.616  8.41521e-021
29.638  8.36955e-021
30.66  8.32496e-021
31.682  8.28141e-021
32.704  8.2389e-021
33.726  8.1974e-021
34.748  8.1569e-021
35.77  8.11738e-021
36.792  8.07883e-021
37.814  8.04122e-021
38.836  8.00455e-021
39.858  7.9688e-021
40.88  7.93394e-021
41.902  7.89997e-021
42.924  7.86687e-021
43.946  7.83462e-021
44.968  7.8032e-021
45.99  7.77261e-021
47.012  7.74282e-021
48.034  7.71382e-021
49.056  7.68559e-021
50.078  7.65813e-021
51.1  7.63141e-021
52.122  7.60542e-021
53.144  7.58014e-021
54.166  7.55557e-021
55.188  7.53168e-021
56.21  7.50846e-021
57.232  7.48591e-021
58.254  7.46399e-021
59.276  7.44271e-021
60.298  7.42205e-021
61.32  7.40199e-021
62.342  7.38253e-021
63.364  7.36364e-021
64.386  7.34532e-021
65.408  7.32755e-021
66.43  7.31033e-021
67.452  7.29363e-021
68.474  7.27744e-021
69.496  7.26177e-021
70.518  7.24658e-021
71.54  7.23187e-021
72.562  7.21764e-021
73.584  7.20386e-021
74.606  7.19052e-021
75.628  7.17762e-021
76.65  7.16514e-021
77.672  7.15308e-021
78.694  7.14142e-021
79.716  7.13014e-021
80.738  7.11925e-021
81.76  7.10873e-021
82.782  7.09856e-021
83.804  7.08874e-021
84.826  7.07926e-021
85.848  7.07011e-021
86.87  7.06128e-021
87.892  7.05276e-021
88.914  7.04453e-021
89.936  7.03659e-021
90.958  7.02893e-021
91.98  7.02154e-021
93.002  7.01441e-021
94.024  7.00754e-021
95.046  7.0009e-021
96.068  6.99449e-021
97.09  6.98831e-021
98.112  6.98234e-021
99.134  6.97658e-021
100.156  6.97101e-021
101.178  6.96563e-021
102.2  6.96043e-021
103.222  6.9554e-021
104.244  6.95053e-021
105.266  6.94581e-021
106.288  6.94124e-021
107.31  6.9368e-021
108.332  6.9325e-021
109.354  6.92831e-021
110.376  6.92424e-021
111.398  6.92027e-021
112.42  6.9164e-021
113.442  6.91261e-021
114.464  6.90891e-021
115.486  6.90527e-021
116.508  6.90171e-021
117.53  6.8982e-021
118.552  6.89474e-021
119.574  6.89132e-021
120.596  6.88794e-021
121.618  6.88459e-021
122.64  6.88126e-021
123.662  6.87794e-021
124.684  6.87462e-021
125.706  6.8713e-021
126.728  6.86798e-021
127.75  6.86464e-021
128.772  6.86128e-021
129.794  6.85789e-021
130.816  6.85446e-021
131.838  6.85099e-021
132.86  6.84747e-021
133.882  6.84389e-021
134.904  6.84025e-021
135.926  6.83654e-021
136.948  6.83275e-021
137.97  6.82888e-021
138.992  6.82492e-021
140.014  6.82086e-021
141.036  6.8167e-021
142.058  6.81243e-021
143.08  6.80805e-021
144.102  6.80354e-021
145.124  6.7989e-021
146.146  6.79413e-021
147.168  6.78922e-021
148.19  6.78416e-021
149.212  6.77894e-021
150.234  6.77357e-021
151.256  6.76803e-021
152.278  6.76232e-021
153.3  6.75642e-021
154.322  6.75035e-021
155.344  6.74408e-021
156.366  6.73762e-021
157.388  6.73095e-021
158.41  6.72407e-021
159.432  6.71698e-021
160.454  6.70966e-021
161.476  6.70212e-021
162.498  6.69434e-021
163.52  6.68632e-021
164.542  6.67806e-021
165.564  6.66954e-021
166.586  6.66077e-021
167.608  6.65173e-021
168.63  6.64242e-021
169.652  6.63283e-021
170.674  6.62296e-021
171.696  6.6128e-021
172.718  6.60234e-021
173.74  6.59159e-021
174.762  6.58052e-021
175.784  6.56914e-021
176.806  6.55744e-021
177.828  6.54541e-021
178.85  6.53304e-021
179.872  6.52034e-021
180.894  6.50729e-021
181.916  6.49388e-021
182.938  6.48012e-021
183.96  6.46599e-021
184.982  6.45148e-021
186.004  6.4366e-021
187.026  6.42133e-021
188.048  6.40566e-021
189.07  6.3896e-021
190.092  6.37313e-021
191.114  6.35624e-021
192.136  6.33893e-021
193.158  6.3212e-021
194.18  6.30303e-021
195.202  6.28441e-021
196.224  6.26535e-021
197.246  6.24583e-021
198.268  6.22585e-021
199.29  6.20539e-021
200.312  6.18445e-021
201.334  6.16303e-021
202.356  6.14111e-021
203.378  6.11869e-021
204.4  6.09576e-021
205.422  6.07232e-021
206.444  6.04834e-021
207.466  6.02384e-021
208.488  5.99879e-021
209.51  5.9732e-021
210.532  5.94704e-021
211.554  5.92032e-021
212.576  5.89303e-021
213.598  5.86516e-021
214.62  5.83669e-021
215.642  5.80763e-021
216.664  5.77796e-021
217.686  5.74768e-021
218.708  5.71678e-021
219.73  5.68524e-021
220.752  5.65307e-021
221.774  5.62025e-021
222.796  5.58677e-021
223.818  5.55263e-021
224.84  5.51781e-021
225.862  5.48232e-021
226.884  5.44614e-021
227.906  5.40926e-021
228.928  5.37168e-021
229.95  5.33338e-021
230.972  5.29437e-021
231.994  5.25463e-021
233.016  5.21415e-021
234.038  5.17293e-021
235.06  5.13096e-021
236.082  5.08824e-021
237.104  5.04475e-021
238.126  5.00049e-021
239.148  4.95546e-021
240.17  4.90964e-021
241.192  4.86304e-021
242.214  4.81564e-021
243.236  4.76744e-021
244.258  4.71844e-021
245.28  4.66863e-021
246.302  4.61801e-021
247.324  4.56657e-021
248.346  4.51431e-021
249.368  4.46123e-021
250.39  4.40733e-021
251.412  4.3526e-021
252.434  4.29704e-021
253.456  4.24066e-021
254.478  4.18345e-021
255.5  4.12542e-021
256.522  4.06657e-021
257.544  4.00689e-021
258.566  3.9464e-021
259.588  3.88509e-021
260.61  3.82298e-021
261.632  3.76007e-021
262.654  3.69637e-021
263.676  3.63188e-021
264.698  3.56662e-021
265.72  3.50059e-021
266.742  3.43382e-021
267.764  3.36631e-021
268.786  3.29808e-021
269.808  3.22914e-021
270.83  3.15952e-021
271.852  3.08924e-021
272.874  3.01831e-021
273.896  2.94676e-021
274.918  2.87461e-021
275.94  2.8019e-021
276.962  2.72866e-021
277.984  2.65491e-021
279.006  2.58069e-021
280.028  2.50603e-021
281.05  2.43098e-021
282.072  2.35558e-021
283.094  2.27987e-021
284.116  2.2039e-021
285.138  2.12772e-021
286.16  2.05138e-021
287.182  1.97494e-021
288.204  1.89847e-021
289.226  1.82201e-021
290.248  1.74565e-021
291.27  1.66944e-021
292.292  1.59347e-021
293.314  1.51782e-021
294.336  1.44256e-021
295.358  1.36779e-021
296.38  1.29359e-021
297.402  1.22007e-021
298.424  1.14731e-021
299.446  1.07544e-021
300.468  1.00456e-021
301.49  9.34794e-022
302.512  8.66255e-022
303.534  7.99077e-022
304.556  7.33393e-022
305.578  6.69345e-022
306.6  6.0708e-022
307.622  5.46751e-022
308.644  4.8852e-022
309.666  4.32553e-022
310.688  3.79028e-022
311.71  3.28127e-022
312.732  2.8004e-022
313.754  2.34966e-022
314.776  1.93114e-022
315.798  1.54698e-022
316.82  1.19944e-022
317.842  8.90859e-023
318.864  6.23671e-023
319.886  4.00407e-023
320.908  2.23694e-023
321.93  9.62582e-024
322.952  2.09207e-024
