1.022  1.57486e-020
2.044  1.5617e-020
3.066  1.54874e-020
4.088  1.53598e-020
5.11  1.52342e-020
6.132  1.51107e-020
7.154  1.4989e-020
8.176  1.48692e-020
9.198  1.47513e-020
10.22  1.46353e-020
11.242  1.4521e-020
12.264  1.44085e-020
13.286  1.42979e-020
14.308  1.41889e-020
15.33  1.40818e-020
16.352  1.39764e-020
17.374  1.38727e-020
18.396  1.37707e-020
19.418  1.36704e-020
20.44  1.35719e-020
21.462  1.3475e-020
22.484  1.33797e-020
23.506  1.32862e-020
24.528  1.31942e-020
25.55  1.31038e-020
26.572  1.30151e-020
27.594  1.29279e-020
28.616  1.28422e-020
29.638  1.27581e-020
30.66  1.26754e-020
31.682  1.25943e-020
32.704  1.25146e-020
33.726  1.24364e-020
34.748  1.23596e-020
35.77  1.22841e-020
36.792  1.22101e-020
37.814  1.21374e-020
38.836  1.2066e-020
39.858  1.1996e-020
40.88  1.19272e-020
41.902  1.18597e-020
42.924  1.17934e-020
43.946  1.17284e-020
44.968  1.16646e-020
45.99  1.16019e-020
47.012  1.15404e-020
48.034  1.14801e-020
49.056  1.14208e-020
50.078  1.13627e-020
51.1  1.13056e-020
52.122  1.12496e-020
53.144  1.11947e-020
54.166  1.11408e-020
55.188  1.10878e-020
56.21  1.10359e-020
57.232  1.09849e-020
58.254  1.09349e-020
59.276  1.08858e-020
60.298  1.08376e-020
61.32  1.07903e-020
62.342  1.07439e-020
63.364  1.06983e-020
64.386  1.06536e-020
65.408  1.06097e-020
66.43  1.05666e-020
67.452  1.05243e-020
68.474  1.04828e-020
69.496  1.04421e-020
70.518  1.04021e-020
71.54  1.03628e-020
72.562  1.03243e-020
73.584  1.02865e-020
74.606  1.02493e-020
75.628  1.02128e-020
76.65  1.0177e-020
77.672  1.01418e-020
78.694  1.01073e-020
79.716  1.00733e-020
80.738  1.004e-020
81.76  1.00072e-020
82.782  9.97506e-021
83.804  9.94344e-021
84.826  9.91238e-021
85.848  9.88185e-021
86.87  9.85184e-021
87.892  9.82234e-021
88.914  9.79334e-021
89.936  9.76483e-021
90.958  9.73678e-021
91.98  9.7092e-021
93.002  9.68206e-021
94.024  9.65536e-021
95.046  9.62909e-021
96.068  9.60323e-021
97.09  9.57777e-021
98.112  9.5527e-021
99.134  9.52801e-021
100.156  9.50369e-021
101.178  9.47972e-021
102.2  9.4561e-021
103.222  9.43282e-021
104.244  9.40986e-021
105.266  9.38721e-021
106.288  9.36487e-021
107.31  9.34282e-021
108.332  9.32106e-021
109.354  9.29957e-021
110.376  9.27834e-021
111.398  9.25736e-021
112.42  9.23663e-021
113.442  9.21613e-021
114.464  9.19585e-021
115.486  9.17579e-021
116.508  9.15593e-021
117.53  9.13627e-021
118.552  9.11679e-021
119.574  9.09749e-021
120.596  9.07836e-021
121.618  9.05939e-021
122.64  9.04056e-021
123.662  9.02188e-021
124.684  9.00333e-021
125.706  8.9849e-021
126.728  8.96659e-021
127.75  8.94838e-021
128.772  8.93027e-021
129.794  8.91225e-021
130.816  8.89431e-021
131.838  8.87644e-021
132.86  8.85864e-021
133.882  8.84089e-021
134.904  8.82319e-021
135.926  8.80553e-021
136.948  8.78791e-021
137.97  8.7703e-021
138.992  8.75271e-021
140.014  8.73513e-021
141.036  8.71755e-021
142.058  8.69997e-021
143.08  8.68237e-021
144.102  8.66474e-021
145.124  8.64708e-021
146.146  8.62939e-021
147.168  8.61165e-021
148.19  8.59386e-021
149.212  8.57601e-021
150.234  8.55808e-021
151.256  8.54009e-021
152.278  8.52201e-021
153.3  8.50384e-021
154.322  8.48557e-021
155.344  8.4672e-021
156.366  8.44871e-021
157.388  8.43011e-021
158.41  8.41138e-021
159.432  8.39251e-021
160.454  8.37351e-021
161.476  8.35435e-021
162.498  8.33504e-021
163.52  8.31557e-021
164.542  8.29592e-021
165.564  8.2761e-021
166.586  8.25609e-021
167.608  8.23589e-021
168.63  8.21549e-021
169.652  8.19488e-021
170.674  8.17405e-021
171.696  8.15301e-021
172.718  8.13173e-021
173.74  8.11022e-021
174.762  8.08847e-021
175.784  8.06646e-021
176.806  8.04419e-021
177.828  8.02165e-021
178.85  7.99884e-021
179.872  7.97575e-021
180.894  7.95237e-021
181.916  7.92868e-021
182.938  7.9047e-021
183.96  7.88039e-021
184.982  7.85577e-021
186.004  7.83081e-021
187.026  7.80552e-021
188.048  7.77988e-021
189.07  7.75389e-021
190.092  7.72753e-021
191.114  7.7008e-021
192.136  7.67369e-021
193.158  7.64619e-021
194.18  7.61829e-021
195.202  7.58999e-021
196.224  7.56127e-021
197.246  7.53213e-021
198.268  7.50256e-021
199.29  7.47254e-021
200.312  7.44207e-021
201.334  7.41115e-021
202.356  7.37975e-021
203.378  7.34787e-021
204.4  7.31551e-021
205.422  7.28264e-021
206.444  7.24927e-021
207.466  7.21538e-021
208.488  7.18096e-021
209.51  7.14601e-021
210.532  7.1105e-021
211.554  7.07444e-021
212.576  7.03782e-021
213.598  7.00061e-021
214.62  6.96282e-021
215.642  6.92443e-021
216.664  6.88542e-021
217.686  6.8458e-021
218.708  6.80555e-021
219.73  6.76466e-021
220.752  6.72312e-021
221.774  6.68092e-021
222.796  6.63805e-021
223.818  6.59449e-021
224.84  6.55024e-021
225.862  6.50529e-021
226.884  6.45963e-021
227.906  6.41324e-021
228.928  6.36612e-021
229.95  6.31825e-021
230.972  6.26963e-021
231.994  6.22024e-021
233.016  6.17008e-021
234.038  6.11914e-021
235.06  6.0674e-021
236.082  6.01485e-021
237.104  5.9615e-021
238.126  5.90732e-021
239.148  5.85232e-021
240.17  5.79648e-021
241.192  5.73978e-021
242.214  5.68224e-021
243.236  5.62383e-021
244.258  5.56456e-021
245.28  5.50441e-021
246.302  5.44338e-021
247.324  5.38146e-021
248.346  5.31864e-021
249.368  5.25494e-021
250.39  5.19033e-021
251.412  5.12482e-021
252.434  5.0584e-021
253.456  4.99107e-021
254.478  4.92283e-021
255.5  4.85369e-021
256.522  4.78363e-021
257.544  4.71267e-021
258.566  4.6408e-021
259.588  4.56804e-021
260.61  4.49437e-021
261.632  4.41982e-021
262.654  4.34439e-021
263.676  4.26808e-021
264.698  4.1909e-021
265.72  4.11288e-021
266.742  4.03402e-021
267.764  3.95433e-021
268.786  3.87383e-021
269.808  3.79254e-021
270.83  3.71049e-021
271.852  3.62768e-021
272.874  3.54415e-021
273.896  3.45993e-021
274.918  3.37503e-021
275.94  3.2895e-021
276.962  3.20336e-021
277.984  3.11665e-021
279.006  3.02941e-021
280.028  2.94169e-021
281.05  2.85352e-021
282.072  2.76495e-021
283.094  2.67604e-021
284.116  2.58683e-021
285.138  2.4974e-021
286.16  2.40779e-021
287.182  2.31807e-021
288.204  2.22831e-021
289.226  2.13859e-021
290.248  2.04898e-021
291.27  1.95956e-021
292.292  1.87042e-021
293.314  1.78166e-021
294.336  1.69336e-021
295.358  1.60563e-021
296.38  1.51858e-021
297.402  1.43232e-021
298.424  1.34696e-021
299.446  1.26263e-021
300.468  1.17947e-021
301.49  1.0976e-021
302.512  1.01717e-021
303.534  9.38339e-022
304.556  8.61253e-022
305.578  7.86082e-022
306.6  7.12998e-022
307.622  6.42182e-022
308.644  5.73822e-022
309.666  5.08115e-022
310.688  4.45269e-022
311.71  3.85497e-022
312.732  3.29025e-022
313.754  2.76087e-022
314.776  2.26926e-022
315.798  1.81797e-022
316.82  1.40966e-022
317.842  1.04707e-022
318.864  7.33091e-023
319.886  4.70692e-023
320.908  2.62981e-023
321.93  1.13173e-023
322.952  2.45989e-024
