1.022  2.09265e-020
2.044  2.07502e-020
3.066  2.05765e-020
4.088  2.04053e-020
5.11  2.02365e-020
6.132  2.00702e-020
7.154  1.99063e-020
8.176  1.97447e-020
9.198  1.95854e-020
10.22  1.94283e-020
11.242  1.92735e-020
12.264  1.91208e-020
13.286  1.89704e-020
14.308  1.88221e-020
15.33  1.86761e-020
16.352  1.85321e-020
17.374  1.83904e-020
18.396  1.82507e-020
19.418  1.81132e-020
20.44  1.79778e-020
21.462  1.78444e-020
22.484  1.77131e-020
23.506  1.75839e-020
24.528  1.74567e-020
25.55  1.73314e-020
26.572  1.72082e-020
27.594  1.70869e-020
28.616  1.69676e-020
29.638  1.68501e-020
30.66  1.67345e-020
31.682  1.66208e-020
32.704  1.65089e-020
33.726  1.63988e-020
34.748  1.62905e-020
35.77  1.6184e-020
36.792  1.60791e-020
37.814  1.5976e-020
38.836  1.58745e-020
39.858  1.57747e-020
40.88  1.56764e-020
41.902  1.55798e-020
42.924  1.54847e-020
43.946  1.53912e-020
44.968  1.52992e-020
45.99  1.52086e-020
47.012  1.51196e-020
48.034  1.50319e-020
49.056  1.49457e-020
50.078  1.48609e-020
51.1  1.47774e-020
52.122  1.46952e-020
53.144  1.46144e-020
54.166  1.45349e-020
55.188  1.44566e-020
56.21  1.43796e-020
57.232  1.43038e-020
58.254  1.42292e-020
59.276  1.41558e-020
60.298  1.40836e-020
61.32  1.40125e-020
62.342  1.39425e-020
63.364  1.38736e-020
64.386  1.38058e-020
65.408  1.3739e-020
66.43  1.36733e-020
67.452  1.36086e-020
68.474  1.35449e-020
69.496  1.34821e-020
70.518  1.34204e-020
71.54  1.33595e-020
72.562  1.32996e-020
73.584  1.32406e-020
74.606  1.31825e-020
75.628  1.31253e-020
76.65  1.30689e-020
77.672  1.30133e-020
78.694  1.29586e-020
79.716  1.29046e-020
80.738  1.28515e-020
81.76  1.27991e-020
82.782  1.27475e-020
83.804  1.26966e-020
84.826  1.26464e-020
85.848  1.25969e-020
86.87  1.25482e-020
87.892  1.25001e-020
88.914  1.24526e-020
89.936  1.24058e-020
90.958  1.23597e-020
91.98  1.23141e-020
93.002  1.22692e-020
94.024  1.22249e-020
95.046  1.21811e-020
96.068  1.21379e-020
97.09  1.20952e-020
98.112  1.20531e-020
99.134  1.20115e-020
100.156  1.19704e-020
101.178  1.19298e-020
102.2  1.18896e-020
103.222  1.185e-020
104.244  1.18108e-020
105.266  1.1772e-020
106.288  1.17337e-020
107.31  1.16958e-020
108.332  1.16583e-020
109.354  1.16212e-020
110.376  1.15845e-020
111.398  1.15482e-020
112.42  1.15122e-020
113.442  1.14766e-020
114.464  1.14413e-020
115.486  1.14064e-020
116.508  1.13717e-020
117.53  1.13374e-020
118.552  1.13033e-020
119.574  1.12696e-020
120.596  1.12361e-020
121.618  1.12029e-020
122.64  1.11699e-020
123.662  1.11372e-020
124.684  1.11047e-020
125.706  1.10725e-020
126.728  1.10404e-020
127.75  1.10086e-020
128.772  1.09769e-020
129.794  1.09454e-020
130.816  1.09141e-020
131.838  1.0883e-020
132.86  1.0852e-020
133.882  1.08212e-020
134.904  1.07905e-020
135.926  1.07599e-020
136.948  1.07294e-020
137.97  1.06991e-020
138.992  1.06688e-020
140.014  1.06386e-020
141.036  1.06086e-020
142.058  1.05786e-020
143.08  1.05486e-020
144.102  1.05187e-020
145.124  1.04889e-020
146.146  1.04591e-020
147.168  1.04293e-020
148.19  1.03995e-020
149.212  1.03698e-020
150.234  1.034e-020
151.256  1.03103e-020
152.278  1.02805e-020
153.3  1.02507e-020
154.322  1.02209e-020
155.344  1.0191e-020
156.366  1.01611e-020
157.388  1.01312e-020
158.41  1.01011e-020
159.432  1.0071e-020
160.454  1.00408e-020
161.476  1.00106e-020
162.498  9.98021e-021
163.52  9.94974e-021
164.542  9.91915e-021
165.564  9.88844e-021
166.586  9.8576e-021
167.608  9.82662e-021
168.63  9.7955e-021
169.652  9.76421e-021
170.674  9.73277e-021
171.696  9.70115e-021
172.718  9.66935e-021
173.74  9.63736e-021
174.762  9.60517e-021
175.784  9.57277e-021
176.806  9.54016e-021
177.828  9.50733e-021
178.85  9.47426e-021
179.872  9.44095e-021
180.894  9.40738e-021
181.916  9.37356e-021
182.938  9.33947e-021
183.96  9.3051e-021
184.982  9.27045e-021
186.004  9.23549e-021
187.026  9.20023e-021
188.048  9.16466e-021
189.07  9.12876e-021
190.092  9.09253e-021
191.114  9.05595e-021
192.136  9.01902e-021
193.158  8.98172e-021
194.18  8.94405e-021
195.202  8.906e-021
196.224  8.86755e-021
197.246  8.82869e-021
198.268  8.78942e-021
199.29  8.74973e-021
200.312  8.7096e-021
201.334  8.66902e-021
202.356  8.62799e-021
203.378  8.58648e-021
204.4  8.5445e-021
205.422  8.50202e-021
206.444  8.45904e-021
207.466  8.41555e-021
208.488  8.37153e-021
209.51  8.32698e-021
210.532  8.28188e-021
211.554  8.23622e-021
212.576  8.18998e-021
213.598  8.14316e-021
214.62  8.09575e-021
215.642  8.04772e-021
216.664  7.99908e-021
217.686  7.9498e-021
218.708  7.89988e-021
219.73  7.8493e-021
220.752  7.79805e-021
221.774  7.74612e-021
222.796  7.6935e-021
223.818  7.64017e-021
224.84  7.58612e-021
225.862  7.53133e-021
226.884  7.47581e-021
227.906  7.41952e-021
228.928  7.36247e-021
229.95  7.30464e-021
230.972  7.24602e-021
231.994  7.18659e-021
233.016  7.12634e-021
234.038  7.06527e-021
235.06  7.00335e-021
236.082  6.94059e-021
237.104  6.87696e-021
238.126  6.81246e-021
239.148  6.74708e-021
240.17  6.6808e-021
241.192  6.61362e-021
242.214  6.54553e-021
243.236  6.47651e-021
244.258  6.40657e-021
245.28  6.33568e-021
246.302  6.26385e-021
247.324  6.19106e-021
248.346  6.11732e-021
249.368  6.0426e-021
250.39  5.96692e-021
251.412  5.89026e-021
252.434  5.81262e-021
253.456  5.734e-021
254.478  5.6544e-021
255.5  5.57381e-021
256.522  5.49223e-021
257.544  5.40967e-021
258.566  5.32613e-021
259.588  5.24162e-021
260.61  5.15612e-021
261.632  5.06967e-021
262.654  4.98225e-021
263.676  4.89388e-021
264.698  4.80457e-021
265.72  4.71433e-021
266.742  4.62318e-021
267.764  4.53113e-021
268.786  4.43821e-021
269.808  4.34442e-021
270.83  4.24979e-021
271.852  4.15435e-021
272.874  4.05813e-021
273.896  3.96114e-021
274.918  3.86343e-021
275.94  3.76503e-021
276.962  3.66597e-021
277.984  3.5663e-021
279.006  3.46606e-021
280.028  3.3653e-021
281.05  3.26406e-021
282.072  3.1624e-021
283.094  3.06037e-021
284.116  2.95805e-021
285.138  2.85548e-021
286.16  2.75275e-021
287.182  2.64992e-021
288.204  2.54707e-021
289.226  2.44429e-021
290.248  2.34166e-021
291.27  2.23928e-021
292.292  2.13724e-021
293.314  2.03565e-021
294.336  1.93461e-021
295.358  1.83424e-021
296.38  1.73466e-021
297.402  1.63601e-021
298.424  1.5384e-021
299.446  1.44199e-021
300.468  1.34692e-021
301.49  1.25335e-021
302.512  1.16144e-021
303.534  1.07136e-021
304.556  9.83285e-022
305.578  8.97411e-022
306.6  8.13931e-022
307.622  7.3305e-022
308.644  6.54983e-022
309.666  5.79953e-022
310.688  5.08196e-022
311.71  4.39956e-022
312.732  3.75489e-022
313.754  3.1506e-022
314.776  2.58948e-022
315.798  2.07442e-022
316.82  1.60844e-022
317.842  1.19468e-022
318.864  8.36402e-023
319.886  5.37005e-023
320.908  3.00019e-023
321.93  1.29108e-023
322.952  2.80614e-024
