1.022  4.96288e-021
2.044  5.11659e-021
3.066  5.27173e-021
4.088  5.42828e-021
5.11  5.5862e-021
6.132  5.74546e-021
7.154  5.90604e-021
8.176  6.06789e-021
9.198  6.23099e-021
10.22  6.39531e-021
11.242  6.56082e-021
12.264  6.7275e-021
13.286  6.89532e-021
14.308  7.06426e-021
15.33  7.2343e-021
16.352  7.40541e-021
17.374  7.57758e-021
18.396  7.75079e-021
19.418  7.92501e-021
20.44  8.10022e-021
21.462  8.27641e-021
22.484  8.45356e-021
23.506  8.63163e-021
24.528  8.81062e-021
25.55  8.99049e-021
26.572  9.17124e-021
27.594  9.35283e-021
28.616  9.53525e-021
29.638  9.71847e-021
30.66  9.90247e-021
31.682  1.00872e-020
32.704  1.02727e-020
33.726  1.04589e-020
34.748  1.06458e-020
35.77  1.08334e-020
36.792  1.10216e-020
37.814  1.12104e-020
38.836  1.13998e-020
39.858  1.15898e-020
40.88  1.17803e-020
41.902  1.19714e-020
42.924  1.21629e-020
43.946  1.23549e-020
44.968  1.25474e-020
45.99  1.27403e-020
47.012  1.29336e-020
48.034  1.31273e-020
49.056  1.33213e-020
50.078  1.35157e-020
51.1  1.37103e-020
52.122  1.39053e-020
53.144  1.41005e-020
54.166  1.42959e-020
55.188  1.44915e-020
56.21  1.46873e-020
57.232  1.48833e-020
58.254  1.50794e-020
59.276  1.52756e-020
60.298  1.54719e-020
61.32  1.56682e-020
62.342  1.58646e-020
63.364  1.6061e-020
64.386  1.62574e-020
65.408  1.64538e-020
66.43  1.66501e-020
67.452  1.68463e-020
68.474  1.70424e-020
69.496  1.72384e-020
70.518  1.74343e-020
71.54  1.76299e-020
72.562  1.78254e-020
73.584  1.80207e-020
74.606  1.82157e-020
75.628  1.84104e-020
76.65  1.86049e-020
77.672  1.8799e-020
78.694  1.89929e-020
79.716  1.91863e-020
80.738  1.93794e-020
81.76  1.95721e-020
82.782  1.97644e-020
83.804  1.99562e-020
84.826  2.01475e-020
85.848  2.03384e-020
86.87  2.05288e-020
87.892  2.07186e-020
88.914  2.09079e-020
89.936  2.10966e-020
90.958  2.12848e-020
91.98  2.14723e-020
93.002  2.16591e-020
94.024  2.18454e-020
95.046  2.20309e-020
96.068  2.22157e-020
97.09  2.23999e-020
98.112  2.25832e-020
99.134  2.27659e-020
100.156  2.29477e-020
101.178  2.31287e-020
102.2  2.33089e-020
103.222  2.34883e-020
104.244  2.36668e-020
105.266  2.38444e-020
106.288  2.40211e-020
107.31  2.41969e-020
108.332  2.43717e-020
109.354  2.45455e-020
110.376  2.47184e-020
111.398  2.48902e-020
112.42  2.5061e-020
113.442  2.52308e-020
114.464  2.53994e-020
115.486  2.5567e-020
116.508  2.57335e-020
117.53  2.58988e-020
118.552  2.60629e-020
119.574  2.62259e-020
120.596  2.63876e-020
121.618  2.65481e-020
122.64  2.67074e-020
123.662  2.68654e-020
124.684  2.70221e-020
125.706  2.71774e-020
126.728  2.73314e-020
127.75  2.74841e-020
128.772  2.76353e-020
129.794  2.77851e-020
130.816  2.79335e-020
131.838  2.80804e-020
132.86  2.82259e-020
133.882  2.83698e-020
134.904  2.85121e-020
135.926  2.86529e-020
136.948  2.87921e-020
137.97  2.89297e-020
138.992  2.90656e-020
140.014  2.91998e-020
141.036  2.93324e-020
142.058  2.94632e-020
143.08  2.95922e-020
144.102  2.97195e-020
145.124  2.98449e-020
146.146  2.99685e-020
147.168  3.00902e-020
148.19  3.021e-020
149.212  3.03278e-020
150.234  3.04437e-020
151.256  3.05576e-020
152.278  3.06694e-020
153.3  3.07792e-020
154.322  3.08868e-020
155.344  3.09923e-020
156.366  3.10957e-020
157.388  3.11968e-020
158.41  3.12957e-020
159.432  3.13923e-020
160.454  3.14865e-020
161.476  3.15784e-020
162.498  3.1668e-020
163.52  3.1755e-020
164.542  3.18397e-020
165.564  3.19217e-020
166.586  3.20013e-020
167.608  3.20782e-020
168.63  3.21525e-020
169.652  3.22241e-020
170.674  3.2293e-020
171.696  3.23592e-020
172.718  3.24225e-020
173.74  3.24829e-020
174.762  3.25405e-020
175.784  3.25951e-020
176.806  3.26467e-020
177.828  3.26953e-020
178.85  3.27408e-020
179.872  3.27831e-020
180.894  3.28223e-020
181.916  3.28582e-020
182.938  3.28908e-020
183.96  3.29201e-020
184.982  3.2946e-020
186.004  3.29684e-020
187.026  3.29874e-020
188.048  3.30028e-020
189.07  3.30146e-020
190.092  3.30227e-020
191.114  3.30271e-020
192.136  3.30278e-020
193.158  3.30246e-020
194.18  3.30176e-020
195.202  3.30066e-020
196.224  3.29917e-020
197.246  3.29727e-020
198.268  3.29496e-020
199.29  3.29223e-020
200.312  3.28908e-020
201.334  3.28551e-020
202.356  3.2815e-020
203.378  3.27705e-020
204.4  3.27215e-020
205.422  3.26681e-020
206.444  3.26101e-020
207.466  3.25474e-020
208.488  3.24801e-020
209.51  3.2408e-020
210.532  3.23312e-020
211.554  3.22494e-020
212.576  3.21628e-020
213.598  3.20712e-020
214.62  3.19746e-020
215.642  3.18729e-020
216.664  3.1766e-020
217.686  3.1654e-020
218.708  3.15367e-020
219.73  3.14141e-020
220.752  3.12861e-020
221.774  3.11528e-020
222.796  3.1014e-020
223.818  3.08697e-020
224.84  3.07198e-020
225.862  3.05644e-020
226.884  3.04033e-020
227.906  3.02365e-020
228.928  3.00639e-020
229.95  2.98857e-020
230.972  2.97016e-020
231.994  2.95116e-020
233.016  2.93158e-020
234.038  2.9114e-020
235.06  2.89064e-020
236.082  2.86927e-020
237.104  2.8473e-020
238.126  2.82474e-020
239.148  2.80157e-020
240.17  2.77779e-020
241.192  2.7534e-020
242.214  2.72841e-020
243.236  2.70281e-020
244.258  2.6766e-020
245.28  2.64978e-020
246.302  2.62235e-020
247.324  2.59431e-020
248.346  2.56567e-020
249.368  2.53642e-020
250.39  2.50657e-020
251.412  2.47612e-020
252.434  2.44507e-020
253.456  2.41343e-020
254.478  2.3812e-020
255.5  2.34839e-020
256.522  2.315e-020
257.544  2.28104e-020
258.566  2.24651e-020
259.588  2.21142e-020
260.61  2.17578e-020
261.632  2.1396e-020
262.654  2.10289e-020
263.676  2.06566e-020
264.698  2.02792e-020
265.72  1.98967e-020
266.742  1.95095e-020
267.764  1.91175e-020
268.786  1.87209e-020
269.808  1.832e-020
270.83  1.79148e-020
271.852  1.75055e-020
272.874  1.70923e-020
273.896  1.66754e-020
274.918  1.62551e-020
275.94  1.58315e-020
276.962  1.54048e-020
277.984  1.49754e-020
279.006  1.45435e-020
280.028  1.41093e-020
281.05  1.36731e-020
282.072  1.32353e-020
283.094  1.27961e-020
284.116  1.23558e-020
285.138  1.19149e-020
286.16  1.14736e-020
287.182  1.10324e-020
288.204  1.05916e-020
289.226  1.01516e-020
290.248  9.71294e-021
291.27  9.27595e-021
292.292  8.84112e-021
293.314  8.40894e-021
294.336  7.9799e-021
295.358  7.55454e-021
296.38  7.13338e-021
297.402  6.717e-021
298.424  6.30597e-021
299.446  5.9009e-021
300.468  5.50242e-021
301.49  5.11119e-021
302.512  4.72789e-021
303.534  4.35321e-021
304.556  3.98788e-021
305.578  3.63266e-021
306.6  3.28832e-021
307.622  2.95568e-021
308.644  2.63557e-021
309.666  2.32886e-021
310.688  2.03644e-021
311.71  1.75924e-021
312.732  1.49821e-021
313.754  1.25433e-021
314.776  1.02863e-021
315.798  8.22168e-022
316.82  6.36018e-022
317.842  4.71305e-022
318.864  3.29183e-022
319.886  2.10843e-022
320.908  1.1751e-022
321.93  5.0444e-023
322.952  1.09367e-023
