1.022  2.97163e-019
2.044  2.9707e-019
3.066  2.96978e-019
4.088  2.96886e-019
5.11  2.96795e-019
6.132  2.96703e-019
7.154  2.9661e-019
8.176  2.96517e-019
9.198  2.96423e-019
10.22  2.96327e-019
11.242  2.96231e-019
12.264  2.96133e-019
13.286  2.96035e-019
14.308  2.95936e-019
15.33  2.95837e-019
16.352  2.95737e-019
17.374  2.95637e-019
18.396  2.95537e-019
19.418  2.95438e-019
20.44  2.95339e-019
21.462  2.9524e-019
22.484  2.95142e-019
23.506  2.95045e-019
24.528  2.94949e-019
25.55  2.94854e-019
26.572  2.94759e-019
27.594  2.94666e-019
28.616  2.94573e-019
29.638  2.94482e-019
30.66  2.94391e-019
31.682  2.94301e-019
32.704  2.94212e-019
33.726  2.94123e-019
34.748  2.94036e-019
35.77  2.93948e-019
36.792  2.93862e-019
37.814  2.93775e-019
38.836  2.93689e-019
39.858  2.93604e-019
40.88  2.93518e-019
41.902  2.93433e-019
42.924  2.93347e-019
43.946  2.93261e-019
44.968  2.93175e-019
45.99  2.93089e-019
47.012  2.93002e-019
48.034  2.92914e-019
49.056  2.92826e-019
50.078  2.92737e-019
51.1  2.92647e-019
52.122  2.92555e-019
53.144  2.92463e-019
54.166  2.92369e-019
55.188  2.92274e-019
56.21  2.92177e-019
57.232  2.92079e-019
58.254  2.91979e-019
59.276  2.91877e-019
60.298  2.91773e-019
61.32  2.91667e-019
62.342  2.91558e-019
63.364  2.91448e-019
64.386  2.91335e-019
65.408  2.91219e-019
66.43  2.91101e-019
67.452  2.9098e-019
68.474  2.90857e-019
69.496  2.9073e-019
70.518  2.90601e-019
71.54  2.90468e-019
72.562  2.90332e-019
73.584  2.90193e-019
74.606  2.9005e-019
75.628  2.89904e-019
76.65  2.89755e-019
77.672  2.89602e-019
78.694  2.89445e-019
79.716  2.89284e-019
80.738  2.89119e-019
81.76  2.8895e-019
82.782  2.88777e-019
83.804  2.886e-019
84.826  2.88419e-019
85.848  2.88233e-019
86.87  2.88043e-019
87.892  2.87848e-019
88.914  2.87649e-019
89.936  2.87445e-019
90.958  2.87236e-019
91.98  2.87023e-019
93.002  2.86805e-019
94.024  2.86581e-019
95.046  2.86353e-019
96.068  2.8612e-019
97.09  2.85881e-019
98.112  2.85637e-019
99.134  2.85388e-019
100.156  2.85134e-019
101.178  2.84874e-019
102.2  2.84609e-019
103.222  2.84338e-019
104.244  2.84061e-019
105.266  2.83779e-019
106.288  2.83491e-019
107.31  2.83197e-019
108.332  2.82897e-019
109.354  2.82592e-019
110.376  2.8228e-019
111.398  2.81962e-019
112.42  2.81638e-019
113.442  2.81308e-019
114.464  2.80972e-019
115.486  2.80629e-019
116.508  2.8028e-019
117.53  2.79925e-019
118.552  2.79563e-019
119.574  2.79194e-019
120.596  2.78819e-019
121.618  2.78437e-019
122.64  2.78049e-019
123.662  2.77654e-019
124.684  2.77251e-019
125.706  2.76842e-019
126.728  2.76426e-019
127.75  2.76003e-019
128.772  2.75573e-019
129.794  2.75136e-019
130.816  2.74692e-019
131.838  2.7424e-019
132.86  2.73781e-019
133.882  2.73315e-019
134.904  2.72841e-019
135.926  2.72359e-019
136.948  2.7187e-019
137.97  2.71374e-019
138.992  2.70869e-019
140.014  2.70357e-019
141.036  2.69837e-019
142.058  2.6931e-019
143.08  2.68774e-019
144.102  2.6823e-019
145.124  2.67678e-019
146.146  2.67117e-019
147.168  2.66549e-019
148.19  2.65972e-019
149.212  2.65386e-019
150.234  2.64793e-019
151.256  2.6419e-019
152.278  2.63579e-019
153.3  2.62959e-019
154.322  2.6233e-019
155.344  2.61692e-019
156.366  2.61046e-019
157.388  2.6039e-019
158.41  2.59725e-019
159.432  2.5905e-019
160.454  2.58366e-019
161.476  2.57673e-019
162.498  2.5697e-019
163.52  2.56257e-019
164.542  2.55535e-019
165.564  2.54802e-019
166.586  2.5406e-019
167.608  2.53307e-019
168.63  2.52544e-019
169.652  2.51771e-019
170.674  2.50987e-019
171.696  2.50193e-019
172.718  2.49388e-019
173.74  2.48572e-019
174.762  2.47745e-019
175.784  2.46907e-019
176.806  2.46057e-019
177.828  2.45196e-019
178.85  2.44324e-019
179.872  2.4344e-019
180.894  2.42544e-019
181.916  2.41636e-019
182.938  2.40716e-019
183.96  2.39784e-019
184.982  2.38839e-019
186.004  2.37882e-019
187.026  2.36912e-019
188.048  2.35929e-019
189.07  2.34933e-019
190.092  2.33924e-019
191.114  2.32901e-019
192.136  2.31865e-019
193.158  2.30815e-019
194.18  2.29751e-019
195.202  2.28673e-019
196.224  2.2758e-019
197.246  2.26474e-019
198.268  2.25352e-019
199.29  2.24216e-019
200.312  2.23065e-019
201.334  2.21898e-019
202.356  2.20716e-019
203.378  2.19519e-019
204.4  2.18306e-019
205.422  2.17076e-019
206.444  2.15831e-019
207.466  2.14569e-019
208.488  2.13291e-019
209.51  2.11996e-019
210.532  2.10684e-019
211.554  2.09355e-019
212.576  2.08009e-019
213.598  2.06645e-019
214.62  2.05264e-019
215.642  2.03865e-019
216.664  2.02447e-019
217.686  2.01012e-019
218.708  1.99558e-019
219.73  1.98085e-019
220.752  1.96594e-019
221.774  1.95083e-019
222.796  1.93554e-019
223.818  1.92005e-019
224.84  1.90437e-019
225.862  1.88849e-019
226.884  1.87242e-019
227.906  1.85614e-019
228.928  1.83967e-019
229.95  1.82299e-019
230.972  1.80611e-019
231.994  1.78903e-019
233.016  1.77174e-019
234.038  1.75424e-019
235.06  1.73654e-019
236.082  1.71863e-019
237.104  1.70051e-019
238.126  1.68218e-019
239.148  1.66364e-019
240.17  1.64489e-019
241.192  1.62593e-019
242.214  1.60676e-019
243.236  1.58738e-019
244.258  1.56779e-019
245.28  1.54799e-019
246.302  1.52797e-019
247.324  1.50776e-019
248.346  1.48733e-019
249.368  1.46669e-019
250.39  1.44585e-019
251.412  1.42481e-019
252.434  1.40357e-019
253.456  1.38212e-019
254.478  1.36048e-019
255.5  1.33864e-019
256.522  1.3166e-019
257.544  1.29438e-019
258.566  1.27198e-019
259.588  1.24939e-019
260.61  1.22662e-019
261.632  1.20367e-019
262.654  1.18056e-019
263.676  1.15728e-019
264.698  1.13385e-019
265.72  1.11026e-019
266.742  1.08652e-019
267.764  1.06264e-019
268.786  1.03863e-019
269.808  1.01449e-019
270.83  9.90228e-020
271.852  9.6586e-020
272.874  9.41391e-020
273.896  9.16829e-020
274.918  8.92186e-020
275.94  8.67472e-020
276.962  8.42697e-020
277.984  8.17873e-020
279.006  7.93013e-020
280.028  7.6813e-020
281.05  7.43236e-020
282.072  7.18347e-020
283.094  6.93477e-020
284.116  6.68642e-020
285.138  6.43858e-020
286.16  6.19142e-020
287.182  5.94512e-020
288.204  5.69988e-020
289.226  5.45588e-020
290.248  5.21333e-020
291.27  4.97244e-020
292.292  4.73344e-020
293.314  4.49656e-020
294.336  4.26204e-020
295.358  4.03014e-020
296.38  3.8011e-020
297.402  3.57522e-020
298.424  3.35276e-020
299.446  3.13403e-020
300.468  2.91933e-020
301.49  2.70899e-020
302.512  2.50332e-020
303.534  2.30268e-020
304.556  2.10742e-020
305.578  1.91792e-020
306.6  1.73454e-020
307.622  1.55769e-020
308.644  1.38779e-020
309.666  1.22526e-020
310.688  1.07053e-020
311.71  9.24065e-021
312.732  7.86341e-021
313.754  6.57843e-021
314.776  5.39077e-021
315.798  4.30565e-021
316.82  3.32847e-021
317.842  2.46481e-021
318.864  1.72041e-021
319.886  1.10123e-021
320.908  6.13372e-022
321.93  2.63147e-022
322.952  5.70194e-023
