1.022  3.94725e-019
2.044  3.94277e-019
3.066  3.93832e-019
4.088  3.93391e-019
5.11  3.92952e-019
6.132  3.92516e-019
7.154  3.92081e-019
8.176  3.91648e-019
9.198  3.91216e-019
10.22  3.90785e-019
11.242  3.90355e-019
12.264  3.89926e-019
13.286  3.89499e-019
14.308  3.89073e-019
15.33  3.88649e-019
16.352  3.88226e-019
17.374  3.87806e-019
18.396  3.87389e-019
19.418  3.86974e-019
20.44  3.86562e-019
21.462  3.86153e-019
22.484  3.85747e-019
23.506  3.85344e-019
24.528  3.84945e-019
25.55  3.84549e-019
26.572  3.84156e-019
27.594  3.83767e-019
28.616  3.83381e-019
29.638  3.82999e-019
30.66  3.82619e-019
31.682  3.82243e-019
32.704  3.8187e-019
33.726  3.815e-019
34.748  3.81133e-019
35.77  3.80768e-019
36.792  3.80407e-019
37.814  3.80047e-019
38.836  3.79691e-019
39.858  3.79336e-019
40.88  3.78984e-019
41.902  3.78633e-019
42.924  3.78284e-019
43.946  3.77937e-019
44.968  3.77592e-019
45.99  3.77248e-019
47.012  3.76905e-019
48.034  3.76563e-019
49.056  3.76221e-019
50.078  3.75881e-019
51.1  3.75541e-019
52.122  3.75202e-019
53.144  3.74862e-019
54.166  3.74523e-019
55.188  3.74184e-019
56.21  3.73844e-019
57.232  3.73504e-019
58.254  3.73163e-019
59.276  3.72822e-019
60.298  3.7248e-019
61.32  3.72136e-019
62.342  3.71792e-019
63.364  3.71446e-019
64.386  3.71099e-019
65.408  3.70751e-019
66.43  3.704e-019
67.452  3.70048e-019
68.474  3.69693e-019
69.496  3.69337e-019
70.518  3.68978e-019
71.54  3.68617e-019
72.562  3.68253e-019
73.584  3.67886e-019
74.606  3.67517e-019
75.628  3.67145e-019
76.65  3.6677e-019
77.672  3.66391e-019
78.694  3.6601e-019
79.716  3.65624e-019
80.738  3.65236e-019
81.76  3.64843e-019
82.782  3.64447e-019
83.804  3.64047e-019
84.826  3.63644e-019
85.848  3.63236e-019
86.87  3.62823e-019
87.892  3.62407e-019
88.914  3.61986e-019
89.936  3.61561e-019
90.958  3.61131e-019
91.98  3.60696e-019
93.002  3.60256e-019
94.024  3.59812e-019
95.046  3.59363e-019
96.068  3.58908e-019
97.09  3.58448e-019
98.112  3.57983e-019
99.134  3.57513e-019
100.156  3.57037e-019
101.178  3.56556e-019
102.2  3.56069e-019
103.222  3.55577e-019
104.244  3.55078e-019
105.266  3.54574e-019
106.288  3.54063e-019
107.31  3.53547e-019
108.332  3.53025e-019
109.354  3.52496e-019
110.376  3.51961e-019
111.398  3.5142e-019
112.42  3.50872e-019
113.442  3.50318e-019
114.464  3.49757e-019
115.486  3.49189e-019
116.508  3.48615e-019
117.53  3.48034e-019
118.552  3.47446e-019
119.574  3.4685e-019
120.596  3.46248e-019
121.618  3.45639e-019
122.64  3.45023e-019
123.662  3.44399e-019
124.684  3.43768e-019
125.706  3.43129e-019
126.728  3.42483e-019
127.75  3.4183e-019
128.772  3.41168e-019
129.794  3.40499e-019
130.816  3.39822e-019
131.838  3.39138e-019
132.86  3.38445e-019
133.882  3.37744e-019
134.904  3.37036e-019
135.926  3.36319e-019
136.948  3.35593e-019
137.97  3.3486e-019
138.992  3.34118e-019
140.014  3.33367e-019
141.036  3.32608e-019
142.058  3.3184e-019
143.08  3.31063e-019
144.102  3.30278e-019
145.124  3.29483e-019
146.146  3.2868e-019
147.168  3.27867e-019
148.19  3.27046e-019
149.212  3.26214e-019
150.234  3.25374e-019
151.256  3.24524e-019
152.278  3.23664e-019
153.3  3.22795e-019
154.322  3.21916e-019
155.344  3.21027e-019
156.366  3.20128e-019
157.388  3.19219e-019
158.41  3.183e-019
159.432  3.1737e-019
160.454  3.1643e-019
161.476  3.15479e-019
162.498  3.14518e-019
163.52  3.13546e-019
164.542  3.12563e-019
165.564  3.11568e-019
166.586  3.10563e-019
167.608  3.09546e-019
168.63  3.08518e-019
169.652  3.07479e-019
170.674  3.06427e-019
171.696  3.05364e-019
172.718  3.04288e-019
173.74  3.03201e-019
174.762  3.02101e-019
175.784  3.00989e-019
176.806  2.99864e-019
177.828  2.98726e-019
178.85  2.97576e-019
179.872  2.96412e-019
180.894  2.95235e-019
181.916  2.94045e-019
182.938  2.92841e-019
183.96  2.91623e-019
184.982  2.90391e-019
186.004  2.89145e-019
187.026  2.87885e-019
188.048  2.8661e-019
189.07  2.8532e-019
190.092  2.84016e-019
191.114  2.82696e-019
192.136  2.81361e-019
193.158  2.80011e-019
194.18  2.78645e-019
195.202  2.77263e-019
196.224  2.75865e-019
197.246  2.7445e-019
198.268  2.73019e-019
199.29  2.71571e-019
200.312  2.70106e-019
201.334  2.68624e-019
202.356  2.67125e-019
203.378  2.65608e-019
204.4  2.64073e-019
205.422  2.6252e-019
206.444  2.60949e-019
207.466  2.59359e-019
208.488  2.57751e-019
209.51  2.56123e-019
210.532  2.54476e-019
211.554  2.5281e-019
212.576  2.51125e-019
213.598  2.49419e-019
214.62  2.47693e-019
215.642  2.45947e-019
216.664  2.44181e-019
217.686  2.42394e-019
218.708  2.40585e-019
219.73  2.38756e-019
220.752  2.36905e-019
221.774  2.35033e-019
222.796  2.33139e-019
223.818  2.31223e-019
224.84  2.29285e-019
225.862  2.27324e-019
226.884  2.25341e-019
227.906  2.23336e-019
228.928  2.21307e-019
229.95  2.19256e-019
230.972  2.17181e-019
231.994  2.15083e-019
233.016  2.12962e-019
234.038  2.10817e-019
235.06  2.08649e-019
236.082  2.06456e-019
237.104  2.0424e-019
238.126  2.02e-019
239.148  1.99736e-019
240.17  1.97448e-019
241.192  1.95137e-019
242.214  1.92801e-019
243.236  1.90441e-019
244.258  1.88057e-019
245.28  1.85649e-019
246.302  1.83217e-019
247.324  1.80761e-019
248.346  1.78282e-019
249.368  1.75779e-019
250.39  1.73253e-019
251.412  1.70703e-019
252.434  1.6813e-019
253.456  1.65535e-019
254.478  1.62917e-019
255.5  1.60277e-019
256.522  1.57615e-019
257.544  1.54931e-019
258.566  1.52226e-019
259.588  1.49501e-019
260.61  1.46755e-019
261.632  1.43989e-019
262.654  1.41204e-019
263.676  1.38401e-019
264.698  1.35579e-019
265.72  1.32741e-019
266.742  1.29885e-019
267.764  1.27014e-019
268.786  1.24128e-019
269.808  1.21227e-019
270.83  1.18314e-019
271.852  1.15388e-019
272.874  1.12451e-019
273.896  1.09504e-019
274.918  1.06548e-019
275.94  1.03585e-019
276.962  1.00615e-019
277.984  9.76405e-020
279.006  9.46623e-020
280.028  9.16821e-020
281.05  8.87015e-020
282.072  8.57222e-020
283.094  8.2746e-020
284.116  7.97747e-020
285.138  7.68102e-020
286.16  7.38546e-020
287.182  7.091e-020
288.204  6.79786e-020
289.226  6.50627e-020
290.248  6.21647e-020
291.27  5.92872e-020
292.292  5.64328e-020
293.314  5.36042e-020
294.336  5.08043e-020
295.358  4.80361e-020
296.38  4.53027e-020
297.402  4.26073e-020
298.424  3.99532e-020
299.446  3.7344e-020
300.468  3.47833e-020
301.49  3.22748e-020
302.512  2.98225e-020
303.534  2.74304e-020
304.556  2.51028e-020
305.578  2.2844e-020
306.6  2.06586e-020
307.622  1.85513e-020
308.644  1.65269e-020
309.666  1.45904e-020
310.688  1.27472e-020
311.71  1.10027e-020
312.732  9.36232e-021
313.754  7.832e-021
314.776  6.41771e-021
315.798  5.12564e-021
316.82  3.96218e-021
317.842  2.93395e-021
318.864  2.04778e-021
319.886  1.31072e-021
320.908  7.30029e-022
321.93  3.13183e-022
322.952  6.78588e-023
