1.022  4.8286e-019
2.044  4.82065e-019
3.066  4.81276e-019
4.088  4.80494e-019
5.11  4.79716e-019
6.132  4.78943e-019
7.154  4.78175e-019
8.176  4.7741e-019
9.198  4.76649e-019
10.22  4.7589e-019
11.242  4.75136e-019
12.264  4.74384e-019
13.286  4.73636e-019
14.308  4.72891e-019
15.33  4.72151e-019
16.352  4.71415e-019
17.374  4.70683e-019
18.396  4.69957e-019
19.418  4.69235e-019
20.44  4.68519e-019
21.462  4.67809e-019
22.484  4.67104e-019
23.506  4.66404e-019
24.528  4.65711e-019
25.55  4.65023e-019
26.572  4.64341e-019
27.594  4.63665e-019
28.616  4.62994e-019
29.638  4.6233e-019
30.66  4.61671e-019
31.682  4.61017e-019
32.704  4.60369e-019
33.726  4.59726e-019
34.748  4.59088e-019
35.77  4.58456e-019
36.792  4.57828e-019
37.814  4.57204e-019
38.836  4.56586e-019
39.858  4.55971e-019
40.88  4.55361e-019
41.902  4.54754e-019
42.924  4.54151e-019
43.946  4.53552e-019
44.968  4.52956e-019
45.99  4.52363e-019
47.012  4.51773e-019
48.034  4.51186e-019
49.056  4.50601e-019
50.078  4.50018e-019
51.1  4.49438e-019
52.122  4.48859e-019
53.144  4.48282e-019
54.166  4.47707e-019
55.188  4.47132e-019
56.21  4.46559e-019
57.232  4.45987e-019
58.254  4.45416e-019
59.276  4.44845e-019
60.298  4.44274e-019
61.32  4.43703e-019
62.342  4.43133e-019
63.364  4.42562e-019
64.386  4.4199e-019
65.408  4.41418e-019
66.43  4.40846e-019
67.452  4.40272e-019
68.474  4.39697e-019
69.496  4.39121e-019
70.518  4.38543e-019
71.54  4.37964e-019
72.562  4.37383e-019
73.584  4.368e-019
74.606  4.36215e-019
75.628  4.35628e-019
76.65  4.35038e-019
77.672  4.34445e-019
78.694  4.3385e-019
79.716  4.33252e-019
80.738  4.32651e-019
81.76  4.32047e-019
82.782  4.3144e-019
83.804  4.30829e-019
84.826  4.30215e-019
85.848  4.29597e-019
86.87  4.28975e-019
87.892  4.28349e-019
88.914  4.27719e-019
89.936  4.27084e-019
90.958  4.26446e-019
91.98  4.25803e-019
93.002  4.25155e-019
94.024  4.24503e-019
95.046  4.23845e-019
96.068  4.23183e-019
97.09  4.22516e-019
98.112  4.21844e-019
99.134  4.21166e-019
100.156  4.20483e-019
101.178  4.19795e-019
102.2  4.19101e-019
103.222  4.18401e-019
104.244  4.17695e-019
105.266  4.16984e-019
106.288  4.16266e-019
107.31  4.15542e-019
108.332  4.14813e-019
109.354  4.14076e-019
110.376  4.13334e-019
111.398  4.12585e-019
112.42  4.11829e-019
113.442  4.11067e-019
114.464  4.10297e-019
115.486  4.09521e-019
116.508  4.08738e-019
117.53  4.07948e-019
118.552  4.07151e-019
119.574  4.06346e-019
120.596  4.05535e-019
121.618  4.04715e-019
122.64  4.03889e-019
123.662  4.03054e-019
124.684  4.02212e-019
125.706  4.01362e-019
126.728  4.00505e-019
127.75  3.99639e-019
128.772  3.98765e-019
129.794  3.97883e-019
130.816  3.96993e-019
131.838  3.96095e-019
132.86  3.95188e-019
133.882  3.94273e-019
134.904  3.93349e-019
135.926  3.92416e-019
136.948  3.91475e-019
137.97  3.90525e-019
138.992  3.89566e-019
140.014  3.88597e-019
141.036  3.8762e-019
142.058  3.86633e-019
143.08  3.85638e-019
144.102  3.84632e-019
145.124  3.83617e-019
146.146  3.82593e-019
147.168  3.81558e-019
148.19  3.80514e-019
149.212  3.7946e-019
150.234  3.78396e-019
151.256  3.77321e-019
152.278  3.76237e-019
153.3  3.75142e-019
154.322  3.74036e-019
155.344  3.7292e-019
156.366  3.71793e-019
157.388  3.70655e-019
158.41  3.69506e-019
159.432  3.68346e-019
160.454  3.67175e-019
161.476  3.65992e-019
162.498  3.64798e-019
163.52  3.63592e-019
164.542  3.62374e-019
165.564  3.61145e-019
166.586  3.59903e-019
167.608  3.58649e-019
168.63  3.57383e-019
169.652  3.56104e-019
170.674  3.54812e-019
171.696  3.53508e-019
172.718  3.5219e-019
173.74  3.5086e-019
174.762  3.49516e-019
175.784  3.48158e-019
176.806  3.46787e-019
177.828  3.45402e-019
178.85  3.44002e-019
179.872  3.42589e-019
180.894  3.41161e-019
181.916  3.39718e-019
182.938  3.38261e-019
183.96  3.36789e-019
184.982  3.35301e-019
186.004  3.33798e-019
187.026  3.32279e-019
188.048  3.30745e-019
189.07  3.29194e-019
190.092  3.27627e-019
191.114  3.26044e-019
192.136  3.24444e-019
193.158  3.22827e-019
194.18  3.21193e-019
195.202  3.19541e-019
196.224  3.17872e-019
197.246  3.16185e-019
198.268  3.14479e-019
199.29  3.12756e-019
200.312  3.11014e-019
201.334  3.09253e-019
202.356  3.07473e-019
203.378  3.05673e-019
204.4  3.03854e-019
205.422  3.02015e-019
206.444  3.00156e-019
207.466  2.98277e-019
208.488  2.96377e-019
209.51  2.94457e-019
210.532  2.92515e-019
211.554  2.90552e-019
212.576  2.88568e-019
213.598  2.86561e-019
214.62  2.84533e-019
215.642  2.82482e-019
216.664  2.80408e-019
217.686  2.78312e-019
218.708  2.76193e-019
219.73  2.7405e-019
220.752  2.71884e-019
221.774  2.69695e-019
222.796  2.67481e-019
223.818  2.65243e-019
224.84  2.62981e-019
225.862  2.60694e-019
226.884  2.58382e-019
227.906  2.56045e-019
228.928  2.53683e-019
229.95  2.51296e-019
230.972  2.48883e-019
231.994  2.46445e-019
233.016  2.4398e-019
234.038  2.4149e-019
235.06  2.38974e-019
236.082  2.36431e-019
237.104  2.33863e-019
238.126  2.31268e-019
239.148  2.28646e-019
240.17  2.25998e-019
241.192  2.23323e-019
242.214  2.20622e-019
243.236  2.17895e-019
244.258  2.15141e-019
245.28  2.1236e-019
246.302  2.09553e-019
247.324  2.0672e-019
248.346  2.03861e-019
249.368  2.00976e-019
250.39  1.98064e-019
251.412  1.95128e-019
252.434  1.92166e-019
253.456  1.89178e-019
254.478  1.86166e-019
255.5  1.8313e-019
256.522  1.80069e-019
257.544  1.76984e-019
258.566  1.73876e-019
259.588  1.70746e-019
260.61  1.67593e-019
261.632  1.64418e-019
262.654  1.61223e-019
263.676  1.58007e-019
264.698  1.54771e-019
265.72  1.51516e-019
266.742  1.48243e-019
267.764  1.44953e-019
268.786  1.41646e-019
269.808  1.38325e-019
270.83  1.34988e-019
271.852  1.31639e-019
272.874  1.28278e-019
273.896  1.24906e-019
274.918  1.21525e-019
275.94  1.18135e-019
276.962  1.14739e-019
277.984  1.11338e-019
279.006  1.07934e-019
280.028  1.04528e-019
281.05  1.01123e-019
282.072  9.77194e-020
283.094  9.432e-020
284.116  9.09268e-020
285.138  8.7542e-020
286.16  8.41679e-020
287.182  8.08068e-020
288.204  7.74613e-020
289.226  7.4134e-020
290.248  7.08277e-020
291.27  6.75451e-020
292.292  6.42894e-020
293.314  6.10635e-020
294.336  5.78707e-020
295.358  5.47145e-020
296.38  5.15983e-020
297.402  4.85257e-020
298.424  4.55007e-020
299.446  4.2527e-020
300.468  3.9609e-020
301.49  3.67507e-020
302.512  3.39568e-020
303.534  3.12317e-020
304.556  2.85802e-020
305.578  2.60074e-020
306.6  2.35184e-020
307.622  2.11185e-020
308.644  1.88131e-020
309.666  1.66082e-020
310.688  1.45095e-020
311.71  1.25233e-020
312.732  1.06559e-020
313.754  8.91383e-021
314.776  7.30394e-021
315.798  5.83325e-021
316.82  4.50903e-021
317.842  3.33879e-021
318.864  2.33028e-021
319.886  1.4915e-021
320.908  8.30691e-022
321.93  3.56357e-022
322.952  7.72117e-023
