1.022  6.50773e-021
2.044  6.66347e-021
3.066  6.81901e-021
4.088  6.97433e-021
5.11  7.12943e-021
6.132  7.28428e-021
7.154  7.43888e-021
8.176  7.59321e-021
9.198  7.74726e-021
10.22  7.90102e-021
11.242  8.05448e-021
12.264  8.20765e-021
13.286  8.3605e-021
14.308  8.51305e-021
15.33  8.66529e-021
16.352  8.81722e-021
17.374  8.96885e-021
18.396  9.12016e-021
19.418  9.27117e-021
20.44  9.42186e-021
21.462  9.57225e-021
22.484  9.72232e-021
23.506  9.87208e-021
24.528  1.00215e-020
25.55  1.01706e-020
26.572  1.03195e-020
27.594  1.04679e-020
28.616  1.06161e-020
29.638  1.07639e-020
30.66  1.09114e-020
31.682  1.10585e-020
32.704  1.12053e-020
33.726  1.13518e-020
34.748  1.14978e-020
35.77  1.16436e-020
36.792  1.17889e-020
37.814  1.19338e-020
38.836  1.20784e-020
39.858  1.22226e-020
40.88  1.23664e-020
41.902  1.25097e-020
42.924  1.26527e-020
43.946  1.27952e-020
44.968  1.29372e-020
45.99  1.30789e-020
47.012  1.322e-020
48.034  1.33607e-020
49.056  1.3501e-020
50.078  1.36407e-020
51.1  1.378e-020
52.122  1.39187e-020
53.144  1.4057e-020
54.166  1.41947e-020
55.188  1.43319e-020
56.21  1.44685e-020
57.232  1.46046e-020
58.254  1.47402e-020
59.276  1.48751e-020
60.298  1.50095e-020
61.32  1.51433e-020
62.342  1.52765e-020
63.364  1.54091e-020
64.386  1.5541e-020
65.408  1.56723e-020
66.43  1.5803e-020
67.452  1.59331e-020
68.474  1.60624e-020
69.496  1.61911e-020
70.518  1.63191e-020
71.54  1.64464e-020
72.562  1.6573e-020
73.584  1.66989e-020
74.606  1.68241e-020
75.628  1.69486e-020
76.65  1.70722e-020
77.672  1.71952e-020
78.694  1.73174e-020
79.716  1.74388e-020
80.738  1.75594e-020
81.76  1.76792e-020
82.782  1.77982e-020
83.804  1.79164e-020
84.826  1.80338e-020
85.848  1.81503e-020
86.87  1.8266e-020
87.892  1.83809e-020
88.914  1.84948e-020
89.936  1.86079e-020
90.958  1.87201e-020
91.98  1.88315e-020
93.002  1.89419e-020
94.024  1.90514e-020
95.046  1.916e-020
96.068  1.92676e-020
97.09  1.93743e-020
98.112  1.948e-020
99.134  1.95848e-020
100.156  1.96886e-020
101.178  1.97914e-020
102.2  1.98933e-020
103.222  1.99941e-020
104.244  2.00939e-020
105.266  2.01927e-020
106.288  2.02904e-020
107.31  2.03871e-020
108.332  2.04828e-020
109.354  2.05774e-020
110.376  2.06709e-020
111.398  2.07633e-020
112.42  2.08546e-020
113.442  2.09449e-020
114.464  2.1034e-020
115.486  2.1122e-020
116.508  2.12088e-020
117.53  2.12945e-020
118.552  2.13791e-020
119.574  2.14625e-020
120.596  2.15447e-020
121.618  2.16257e-020
122.64  2.17055e-020
123.662  2.17841e-020
124.684  2.18615e-020
125.706  2.19376e-020
126.728  2.20125e-020
127.75  2.20862e-020
128.772  2.21585e-020
129.794  2.22296e-020
130.816  2.22994e-020
131.838  2.23679e-020
132.86  2.24351e-020
133.882  2.2501e-020
134.904  2.25655e-020
135.926  2.26286e-020
136.948  2.26904e-020
137.97  2.27508e-020
138.992  2.28098e-020
140.014  2.28674e-020
141.036  2.29236e-020
142.058  2.29784e-020
143.08  2.30317e-020
144.102  2.30835e-020
145.124  2.31339e-020
146.146  2.31827e-020
147.168  2.32301e-020
148.19  2.32759e-020
149.212  2.33202e-020
150.234  2.3363e-020
151.256  2.34042e-020
152.278  2.34438e-020
153.3  2.34818e-020
154.322  2.35181e-020
155.344  2.35529e-020
156.366  2.35859e-020
157.388  2.36174e-020
158.41  2.36471e-020
159.432  2.36751e-020
160.454  2.37014e-020
161.476  2.37259e-020
162.498  2.37487e-020
163.52  2.37697e-020
164.542  2.37889e-020
165.564  2.38063e-020
166.586  2.38219e-020
167.608  2.38356e-020
168.63  2.38474e-020
169.652  2.38572e-020
170.674  2.38652e-020
171.696  2.38712e-020
172.718  2.38753e-020
173.74  2.38774e-020
174.762  2.38774e-020
175.784  2.38754e-020
176.806  2.38714e-020
177.828  2.38653e-020
178.85  2.3857e-020
179.872  2.38467e-020
180.894  2.38342e-020
181.916  2.38195e-020
182.938  2.38026e-020
183.96  2.37834e-020
184.982  2.3762e-020
186.004  2.37384e-020
187.026  2.37124e-020
188.048  2.36841e-020
189.07  2.36534e-020
190.092  2.36204e-020
191.114  2.35849e-020
192.136  2.3547e-020
193.158  2.35066e-020
194.18  2.34638e-020
195.202  2.34184e-020
196.224  2.33705e-020
197.246  2.33199e-020
198.268  2.32668e-020
199.29  2.32111e-020
200.312  2.31527e-020
201.334  2.30916e-020
202.356  2.30278e-020
203.378  2.29612e-020
204.4  2.28919e-020
205.422  2.28197e-020
206.444  2.27448e-020
207.466  2.2667e-020
208.488  2.25863e-020
209.51  2.25026e-020
210.532  2.24161e-020
211.554  2.23266e-020
212.576  2.22341e-020
213.598  2.21385e-020
214.62  2.20399e-020
215.642  2.19383e-020
216.664  2.18335e-020
217.686  2.17257e-020
218.708  2.16146e-020
219.73  2.15005e-020
220.752  2.13831e-020
221.774  2.12625e-020
222.796  2.11386e-020
223.818  2.10115e-020
224.84  2.08811e-020
225.862  2.07474e-020
226.884  2.06104e-020
227.906  2.047e-020
228.928  2.03263e-020
229.95  2.01792e-020
230.972  2.00287e-020
231.994  1.98748e-020
233.016  1.97175e-020
234.038  1.95568e-020
235.06  1.93926e-020
236.082  1.9225e-020
237.104  1.9054e-020
238.126  1.88794e-020
239.148  1.87015e-020
240.17  1.852e-020
241.192  1.83351e-020
242.214  1.81468e-020
243.236  1.79549e-020
244.258  1.77597e-020
245.28  1.7561e-020
246.302  1.73588e-020
247.324  1.71533e-020
248.346  1.69443e-020
249.368  1.6732e-020
250.39  1.65163e-020
251.412  1.62973e-020
252.434  1.6075e-020
253.456  1.58494e-020
254.478  1.56205e-020
255.5  1.53885e-020
256.522  1.51533e-020
257.544  1.49149e-020
258.566  1.46735e-020
259.588  1.44291e-020
260.61  1.41818e-020
261.632  1.39315e-020
262.654  1.36784e-020
263.676  1.34225e-020
264.698  1.3164e-020
265.72  1.29028e-020
266.742  1.26391e-020
267.764  1.2373e-020
268.786  1.21046e-020
269.808  1.18339e-020
270.83  1.15611e-020
271.852  1.12863e-020
272.874  1.10095e-020
273.896  1.0731e-020
274.918  1.04509e-020
275.94  1.01693e-020
276.962  9.8863e-021
277.984  9.60212e-021
279.006  9.3169e-021
280.028  9.03082e-021
281.05  8.74405e-021
282.072  8.45677e-021
283.094  8.16918e-021
284.116  7.88148e-021
285.138  7.59389e-021
286.16  7.30661e-021
287.182  7.01989e-021
288.204  6.73397e-021
289.226  6.44908e-021
290.248  6.16551e-021
291.27  5.8835e-021
292.292  5.60336e-021
293.314  5.32536e-021
294.336  5.04983e-021
295.358  4.77706e-021
296.38  4.5074e-021
297.402  4.24118e-021
298.424  3.97877e-021
299.446  3.72052e-021
300.468  3.46682e-021
301.49  3.21807e-021
302.512  2.97467e-021
303.534  2.73705e-021
304.556  2.50566e-021
305.578  2.28094e-021
306.6  2.06336e-021
307.622  1.85342e-021
308.644  1.65163e-021
309.666  1.45849e-021
310.688  1.27455e-021
311.71  1.10037e-021
312.732  9.36523e-022
313.754  7.83601e-022
314.776  6.42219e-022
315.798  5.13009e-022
316.82  3.96624e-022
317.842  2.93738e-022
318.864  2.05044e-022
319.886  1.31258e-022
320.908  7.31137e-023
321.93  3.13686e-023
322.952  6.79729e-024
