1.022  8.94399e-021
2.044  9.12057e-021
3.066  9.2967e-021
4.088  9.47236e-021
5.11  9.64754e-021
6.132  9.82224e-021
7.154  9.99643e-021
8.176  1.01701e-020
9.198  1.03432e-020
10.22  1.05159e-020
11.242  1.06879e-020
12.264  1.08594e-020
13.286  1.10304e-020
14.308  1.12008e-020
15.33  1.13707e-020
16.352  1.15401e-020
17.374  1.17089e-020
18.396  1.18772e-020
19.418  1.2045e-020
20.44  1.22122e-020
21.462  1.23789e-020
22.484  1.25451e-020
23.506  1.27108e-020
24.528  1.2876e-020
25.55  1.30407e-020
26.572  1.32048e-020
27.594  1.33684e-020
28.616  1.35315e-020
29.638  1.36941e-020
30.66  1.38562e-020
31.682  1.40177e-020
32.704  1.41787e-020
33.726  1.43392e-020
34.748  1.44991e-020
35.77  1.46585e-020
36.792  1.48173e-020
37.814  1.49756e-020
38.836  1.51333e-020
39.858  1.52904e-020
40.88  1.5447e-020
41.902  1.5603e-020
42.924  1.57584e-020
43.946  1.59131e-020
44.968  1.60673e-020
45.99  1.62209e-020
47.012  1.63738e-020
48.034  1.65261e-020
49.056  1.66777e-020
50.078  1.68287e-020
51.1  1.69791e-020
52.122  1.71287e-020
53.144  1.72777e-020
54.166  1.7426e-020
55.188  1.75736e-020
56.21  1.77205e-020
57.232  1.78667e-020
58.254  1.80121e-020
59.276  1.81569e-020
60.298  1.83008e-020
61.32  1.8444e-020
62.342  1.85865e-020
63.364  1.87281e-020
64.386  1.8869e-020
65.408  1.90091e-020
66.43  1.91483e-020
67.452  1.92868e-020
68.474  1.94244e-020
69.496  1.95612e-020
70.518  1.96971e-020
71.54  1.98322e-020
72.562  1.99664e-020
73.584  2.00998e-020
74.606  2.02322e-020
75.628  2.03637e-020
76.65  2.04944e-020
77.672  2.06241e-020
78.694  2.07529e-020
79.716  2.08807e-020
80.738  2.10077e-020
81.76  2.11336e-020
82.782  2.12586e-020
83.804  2.13826e-020
84.826  2.15056e-020
85.848  2.16276e-020
86.87  2.17486e-020
87.892  2.18686e-020
88.914  2.19875e-020
89.936  2.21054e-020
90.958  2.22223e-020
91.98  2.23381e-020
93.002  2.24528e-020
94.024  2.25665e-020
95.046  2.2679e-020
96.068  2.27905e-020
97.09  2.29009e-020
98.112  2.30101e-020
99.134  2.31182e-020
100.156  2.32252e-020
101.178  2.33311e-020
102.2  2.34357e-020
103.222  2.35392e-020
104.244  2.36416e-020
105.266  2.37427e-020
106.288  2.38426e-020
107.31  2.39414e-020
108.332  2.40389e-020
109.354  2.41352e-020
110.376  2.42302e-020
111.398  2.4324e-020
112.42  2.44166e-020
113.442  2.45078e-020
114.464  2.45978e-020
115.486  2.46865e-020
116.508  2.4774e-020
117.53  2.486e-020
118.552  2.49448e-020
119.574  2.50283e-020
120.596  2.51104e-020
121.618  2.51911e-020
122.64  2.52705e-020
123.662  2.53485e-020
124.684  2.54251e-020
125.706  2.55003e-020
126.728  2.55741e-020
127.75  2.56465e-020
128.772  2.57174e-020
129.794  2.57869e-020
130.816  2.58549e-020
131.838  2.59215e-020
132.86  2.59866e-020
133.882  2.60502e-020
134.904  2.61122e-020
135.926  2.61728e-020
136.948  2.62318e-020
137.97  2.62893e-020
138.992  2.63452e-020
140.014  2.63995e-020
141.036  2.64523e-020
142.058  2.65034e-020
143.08  2.65529e-020
144.102  2.66008e-020
145.124  2.66471e-020
146.146  2.66916e-020
147.168  2.67345e-020
148.19  2.67757e-020
149.212  2.68152e-020
150.234  2.6853e-020
151.256  2.6889e-020
152.278  2.69233e-020
153.3  2.69558e-020
154.322  2.69865e-020
155.344  2.70153e-020
156.366  2.70424e-020
157.388  2.70676e-020
158.41  2.70909e-020
159.432  2.71124e-020
160.454  2.71319e-020
161.476  2.71495e-020
162.498  2.71652e-020
163.52  2.71789e-020
164.542  2.71907e-020
165.564  2.72004e-020
166.586  2.72081e-020
167.608  2.72137e-020
168.63  2.72173e-020
169.652  2.72188e-020
170.674  2.72182e-020
171.696  2.72154e-020
172.718  2.72105e-020
173.74  2.72034e-020
174.762  2.7194e-020
175.784  2.71825e-020
176.806  2.71687e-020
177.828  2.71526e-020
178.85  2.71342e-020
179.872  2.71135e-020
180.894  2.70904e-020
181.916  2.7065e-020
182.938  2.70371e-020
183.96  2.70068e-020
184.982  2.6974e-020
186.004  2.69387e-020
187.026  2.6901e-020
188.048  2.68606e-020
189.07  2.68177e-020
190.092  2.67722e-020
191.114  2.67241e-020
192.136  2.66733e-020
193.158  2.66198e-020
194.18  2.65636e-020
195.202  2.65046e-020
196.224  2.64429e-020
197.246  2.63784e-020
198.268  2.6311e-020
199.29  2.62408e-020
200.312  2.61676e-020
201.334  2.60916e-020
202.356  2.60126e-020
203.378  2.59305e-020
204.4  2.58455e-020
205.422  2.57575e-020
206.444  2.56663e-020
207.466  2.55721e-020
208.488  2.54747e-020
209.51  2.53741e-020
210.532  2.52704e-020
211.554  2.51634e-020
212.576  2.50532e-020
213.598  2.49396e-020
214.62  2.48228e-020
215.642  2.47027e-020
216.664  2.45791e-020
217.686  2.44522e-020
218.708  2.43219e-020
219.73  2.41881e-020
220.752  2.40508e-020
221.774  2.391e-020
222.796  2.37658e-020
223.818  2.36179e-020
224.84  2.34665e-020
225.862  2.33116e-020
226.884  2.3153e-020
227.906  2.29907e-020
228.928  2.28249e-020
229.95  2.26554e-020
230.972  2.24821e-020
231.994  2.23052e-020
233.016  2.21246e-020
234.038  2.19403e-020
235.06  2.17522e-020
236.082  2.15604e-020
237.104  2.13648e-020
238.126  2.11655e-020
239.148  2.09624e-020
240.17  2.07556e-020
241.192  2.0545e-020
242.214  2.03307e-020
243.236  2.01126e-020
244.258  1.98907e-020
245.28  1.96651e-020
246.302  1.94358e-020
247.324  1.92028e-020
248.346  1.89661e-020
249.368  1.87258e-020
250.39  1.84818e-020
251.412  1.82342e-020
252.434  1.79829e-020
253.456  1.77282e-020
254.478  1.74699e-020
255.5  1.72081e-020
256.522  1.6943e-020
257.544  1.66744e-020
258.566  1.64025e-020
259.588  1.61274e-020
260.61  1.5849e-020
261.632  1.55675e-020
262.654  1.5283e-020
263.676  1.49954e-020
264.698  1.4705e-020
265.72  1.44117e-020
266.742  1.41157e-020
267.764  1.38171e-020
268.786  1.3516e-020
269.808  1.32124e-020
270.83  1.29066e-020
271.852  1.25986e-020
272.874  1.22886e-020
273.896  1.19766e-020
274.918  1.1663e-020
275.94  1.13477e-020
276.962  1.1031e-020
277.984  1.07131e-020
279.006  1.0394e-020
280.028  1.00741e-020
281.05  9.75346e-021
282.072  9.43233e-021
283.094  9.11091e-021
284.116  8.78944e-021
285.138  8.46814e-021
286.16  8.14726e-021
287.182  7.82705e-021
288.204  7.50779e-021
289.226  7.18974e-021
290.248  6.87319e-021
291.27  6.55845e-021
292.292  6.24583e-021
293.314  5.93565e-021
294.336  5.62825e-021
295.358  5.32398e-021
296.38  5.0232e-021
297.402  4.72631e-021
298.424  4.43368e-021
299.446  4.14573e-021
300.468  3.86288e-021
301.49  3.58557e-021
302.512  3.31425e-021
303.534  3.0494e-021
304.556  2.7915e-021
305.578  2.54106e-021
306.6  2.29861e-021
307.622  2.06467e-021
308.644  1.83982e-021
309.666  1.62463e-021
310.688  1.41971e-021
311.71  1.22566e-021
312.732  1.04313e-021
313.754  8.72787e-022
314.776  7.15299e-022
315.798  5.71376e-022
316.82  4.41743e-022
317.842  3.27148e-022
318.864  2.28363e-022
319.886  1.46183e-022
320.908  8.14266e-023
321.93  3.49348e-023
322.952  7.57e-024
