1.022  5.4594e-020
2.044  5.48063e-020
3.066  5.50173e-020
4.088  5.52271e-020
5.11  5.54356e-020
6.132  5.56427e-020
7.154  5.58484e-020
8.176  5.60527e-020
9.198  5.62554e-020
10.22  5.64566e-020
11.242  5.66563e-020
12.264  5.68545e-020
13.286  5.70513e-020
14.308  5.72466e-020
15.33  5.74405e-020
16.352  5.76331e-020
17.374  5.78244e-020
18.396  5.80145e-020
19.418  5.82033e-020
20.44  5.83909e-020
21.462  5.85774e-020
22.484  5.87627e-020
23.506  5.89469e-020
24.528  5.91301e-020
25.55  5.93122e-020
26.572  5.94932e-020
27.594  5.96732e-020
28.616  5.98521e-020
29.638  6.003e-020
30.66  6.02068e-020
31.682  6.03827e-020
32.704  6.05574e-020
33.726  6.07311e-020
34.748  6.09038e-020
35.77  6.10754e-020
36.792  6.12459e-020
37.814  6.14153e-020
38.836  6.15836e-020
39.858  6.17508e-020
40.88  6.19168e-020
41.902  6.20817e-020
42.924  6.22454e-020
43.946  6.24079e-020
44.968  6.25692e-020
45.99  6.27293e-020
47.012  6.28881e-020
48.034  6.30457e-020
49.056  6.3202e-020
50.078  6.33569e-020
51.1  6.35106e-020
52.122  6.36629e-020
53.144  6.38138e-020
54.166  6.39633e-020
55.188  6.41114e-020
56.21  6.4258e-020
57.232  6.44032e-020
58.254  6.45469e-020
59.276  6.46891e-020
60.298  6.48298e-020
61.32  6.4969e-020
62.342  6.51065e-020
63.364  6.52425e-020
64.386  6.53769e-020
65.408  6.55096e-020
66.43  6.56407e-020
67.452  6.57701e-020
68.474  6.58978e-020
69.496  6.60237e-020
70.518  6.6148e-020
71.54  6.62705e-020
72.562  6.63912e-020
73.584  6.65101e-020
74.606  6.66271e-020
75.628  6.67424e-020
76.65  6.68557e-020
77.672  6.69672e-020
78.694  6.70768e-020
79.716  6.71845e-020
80.738  6.72902e-020
81.76  6.73939e-020
82.782  6.74957e-020
83.804  6.75955e-020
84.826  6.76932e-020
85.848  6.7789e-020
86.87  6.78826e-020
87.892  6.79742e-020
88.914  6.80637e-020
89.936  6.81511e-020
90.958  6.82364e-020
91.98  6.83195e-020
93.002  6.84004e-020
94.024  6.84792e-020
95.046  6.85558e-020
96.068  6.86301e-020
97.09  6.87022e-020
98.112  6.87721e-020
99.134  6.88397e-020
100.156  6.8905e-020
101.178  6.8968e-020
102.2  6.90287e-020
103.222  6.9087e-020
104.244  6.9143e-020
105.266  6.91966e-020
106.288  6.92479e-020
107.31  6.92967e-020
108.332  6.93431e-020
109.354  6.93871e-020
110.376  6.94286e-020
111.398  6.94677e-020
112.42  6.95042e-020
113.442  6.95383e-020
114.464  6.95698e-020
115.486  6.95988e-020
116.508  6.96253e-020
117.53  6.96491e-020
118.552  6.96704e-020
119.574  6.96891e-020
120.596  6.97052e-020
121.618  6.97186e-020
122.64  6.97294e-020
123.662  6.97375e-020
124.684  6.97429e-020
125.706  6.97456e-020
126.728  6.97456e-020
127.75  6.97428e-020
128.772  6.97373e-020
129.794  6.9729e-020
130.816  6.97179e-020
131.838  6.9704e-020
132.86  6.96872e-020
133.882  6.96676e-020
134.904  6.96452e-020
135.926  6.96198e-020
136.948  6.95915e-020
137.97  6.95603e-020
138.992  6.95262e-020
140.014  6.9489e-020
141.036  6.94489e-020
142.058  6.94057e-020
143.08  6.93596e-020
144.102  6.93103e-020
145.124  6.9258e-020
146.146  6.92026e-020
147.168  6.9144e-020
148.19  6.90823e-020
149.212  6.90174e-020
150.234  6.89493e-020
151.256  6.8878e-020
152.278  6.88034e-020
153.3  6.87256e-020
154.322  6.86444e-020
155.344  6.85599e-020
156.366  6.84721e-020
157.388  6.83809e-020
158.41  6.82862e-020
159.432  6.81881e-020
160.454  6.80865e-020
161.476  6.79814e-020
162.498  6.78728e-020
163.52  6.77606e-020
164.542  6.76448e-020
165.564  6.75254e-020
166.586  6.74023e-020
167.608  6.72755e-020
168.63  6.7145e-020
169.652  6.70106e-020
170.674  6.68725e-020
171.696  6.67305e-020
172.718  6.65847e-020
173.74  6.64349e-020
174.762  6.62812e-020
175.784  6.61234e-020
176.806  6.59616e-020
177.828  6.57958e-020
178.85  6.56258e-020
179.872  6.54516e-020
180.894  6.52733e-020
181.916  6.50906e-020
182.938  6.49037e-020
183.96  6.47125e-020
184.982  6.45168e-020
186.004  6.43168e-020
187.026  6.41122e-020
188.048  6.39031e-020
189.07  6.36895e-020
190.092  6.34712e-020
191.114  6.32483e-020
192.136  6.30206e-020
193.158  6.27882e-020
194.18  6.25509e-020
195.202  6.23088e-020
196.224  6.20617e-020
197.246  6.18097e-020
198.268  6.15526e-020
199.29  6.12905e-020
200.312  6.10232e-020
201.334  6.07508e-020
202.356  6.04731e-020
203.378  6.01901e-020
204.4  5.99018e-020
205.422  5.96081e-020
206.444  5.93089e-020
207.466  5.90042e-020
208.488  5.86939e-020
209.51  5.83781e-020
210.532  5.80566e-020
211.554  5.77293e-020
212.576  5.73963e-020
213.598  5.70575e-020
214.62  5.67128e-020
215.642  5.63621e-020
216.664  5.60055e-020
217.686  5.56429e-020
218.708  5.52741e-020
219.73  5.48993e-020
220.752  5.45183e-020
221.774  5.4131e-020
222.796  5.37375e-020
223.818  5.33377e-020
224.84  5.29316e-020
225.862  5.25191e-020
226.884  5.21001e-020
227.906  5.16747e-020
228.928  5.12427e-020
229.95  5.08043e-020
230.972  5.03593e-020
231.994  4.99076e-020
233.016  4.94494e-020
234.038  4.89845e-020
235.06  4.8513e-020
236.082  4.80348e-020
237.104  4.75499e-020
238.126  4.70583e-020
239.148  4.656e-020
240.17  4.60549e-020
241.192  4.55432e-020
242.214  4.50247e-020
243.236  4.44996e-020
244.258  4.39678e-020
245.28  4.34292e-020
246.302  4.28841e-020
247.324  4.23323e-020
248.346  4.1774e-020
249.368  4.12091e-020
250.39  4.06377e-020
251.412  4.00598e-020
252.434  3.94756e-020
253.456  3.88851e-020
254.478  3.82883e-020
255.5  3.76854e-020
256.522  3.70763e-020
257.544  3.64613e-020
258.566  3.58405e-020
259.588  3.52138e-020
260.61  3.45815e-020
261.632  3.39438e-020
262.654  3.33006e-020
263.676  3.26523e-020
264.698  3.19989e-020
265.72  3.13406e-020
266.742  3.06776e-020
267.764  3.00102e-020
268.786  2.93385e-020
269.808  2.86627e-020
270.83  2.79831e-020
271.852  2.72999e-020
272.874  2.66135e-020
273.896  2.5924e-020
274.918  2.52318e-020
275.94  2.45371e-020
276.962  2.38404e-020
277.984  2.31419e-020
279.006  2.24421e-020
280.028  2.17412e-020
281.05  2.10397e-020
282.072  2.0338e-020
283.094  1.96365e-020
284.116  1.89358e-020
285.138  1.82362e-020
286.16  1.75382e-020
287.182  1.68425e-020
288.204  1.61495e-020
289.226  1.54598e-020
290.248  1.4774e-020
291.27  1.40927e-020
292.292  1.34165e-020
293.314  1.27462e-020
294.336  1.20824e-020
295.358  1.14259e-020
296.38  1.07773e-020
297.402  1.01375e-020
298.424  9.50737e-021
299.446  8.88765e-021
300.468  8.27926e-021
301.49  7.68311e-021
302.512  7.10015e-021
303.534  6.53137e-021
304.556  5.97777e-021
305.578  5.44042e-021
306.6  4.92041e-021
307.622  4.41888e-021
308.644  3.937e-021
309.666  3.47598e-021
310.688  3.03708e-021
311.71  2.62161e-021
312.732  2.23091e-021
313.754  1.86637e-021
314.776  1.52943e-021
315.798  1.22157e-021
316.82  9.4433e-022
317.842  6.99296e-022
318.864  4.881e-022
319.886  3.12428e-022
320.908  1.74017e-022
321.93  7.46554e-023
322.952  1.61763e-023
