1.022  1.02007e-019
2.044  1.02116e-019
3.066  1.02224e-019
4.088  1.02331e-019
5.11  1.02438e-019
6.132  1.02545e-019
7.154  1.0265e-019
8.176  1.02755e-019
9.198  1.02858e-019
10.22  1.0296e-019
11.242  1.03061e-019
12.264  1.03161e-019
13.286  1.03261e-019
14.308  1.03359e-019
15.33  1.03456e-019
16.352  1.03553e-019
17.374  1.03648e-019
18.396  1.03744e-019
19.418  1.03838e-019
20.44  1.03932e-019
21.462  1.04025e-019
22.484  1.04118e-019
23.506  1.04211e-019
24.528  1.04303e-019
25.55  1.04395e-019
26.572  1.04486e-019
27.594  1.04577e-019
28.616  1.04667e-019
29.638  1.04758e-019
30.66  1.04847e-019
31.682  1.04937e-019
32.704  1.05026e-019
33.726  1.05114e-019
34.748  1.05202e-019
35.77  1.0529e-019
36.792  1.05377e-019
37.814  1.05463e-019
38.836  1.05549e-019
39.858  1.05635e-019
40.88  1.05719e-019
41.902  1.05803e-019
42.924  1.05886e-019
43.946  1.05969e-019
44.968  1.06051e-019
45.99  1.06131e-019
47.012  1.06211e-019
48.034  1.0629e-019
49.056  1.06369e-019
50.078  1.06446e-019
51.1  1.06522e-019
52.122  1.06597e-019
53.144  1.0667e-019
54.166  1.06743e-019
55.188  1.06815e-019
56.21  1.06885e-019
57.232  1.06954e-019
58.254  1.07021e-019
59.276  1.07087e-019
60.298  1.07152e-019
61.32  1.07216e-019
62.342  1.07278e-019
63.364  1.07338e-019
64.386  1.07397e-019
65.408  1.07454e-019
66.43  1.07509e-019
67.452  1.07563e-019
68.474  1.07615e-019
69.496  1.07666e-019
70.518  1.07714e-019
71.54  1.07761e-019
72.562  1.07806e-019
73.584  1.07849e-019
74.606  1.0789e-019
75.628  1.07929e-019
76.65  1.07966e-019
77.672  1.08001e-019
78.694  1.08033e-019
79.716  1.08064e-019
80.738  1.08093e-019
81.76  1.08119e-019
82.782  1.08143e-019
83.804  1.08165e-019
84.826  1.08185e-019
85.848  1.08203e-019
86.87  1.08218e-019
87.892  1.0823e-019
88.914  1.0824e-019
89.936  1.08248e-019
90.958  1.08254e-019
91.98  1.08257e-019
93.002  1.08257e-019
94.024  1.08255e-019
95.046  1.0825e-019
96.068  1.08243e-019
97.09  1.08233e-019
98.112  1.0822e-019
99.134  1.08205e-019
100.156  1.08186e-019
101.178  1.08166e-019
102.2  1.08142e-019
103.222  1.08116e-019
104.244  1.08086e-019
105.266  1.08054e-019
106.288  1.08019e-019
107.31  1.07982e-019
108.332  1.07941e-019
109.354  1.07897e-019
110.376  1.0785e-019
111.398  1.07801e-019
112.42  1.07748e-019
113.442  1.07692e-019
114.464  1.07633e-019
115.486  1.07571e-019
116.508  1.07506e-019
117.53  1.07438e-019
118.552  1.07366e-019
119.574  1.07292e-019
120.596  1.07214e-019
121.618  1.07133e-019
122.64  1.07048e-019
123.662  1.0696e-019
124.684  1.06869e-019
125.706  1.06775e-019
126.728  1.06677e-019
127.75  1.06576e-019
128.772  1.06471e-019
129.794  1.06363e-019
130.816  1.06252e-019
131.838  1.06137e-019
132.86  1.06018e-019
133.882  1.05896e-019
134.904  1.0577e-019
135.926  1.05641e-019
136.948  1.05508e-019
137.97  1.05371e-019
138.992  1.05231e-019
140.014  1.05087e-019
141.036  1.04939e-019
142.058  1.04787e-019
143.08  1.04632e-019
144.102  1.04473e-019
145.124  1.04309e-019
146.146  1.04142e-019
147.168  1.03971e-019
148.19  1.03796e-019
149.212  1.03618e-019
150.234  1.03435e-019
151.256  1.03247e-019
152.278  1.03056e-019
153.3  1.02861e-019
154.322  1.02662e-019
155.344  1.02458e-019
156.366  1.0225e-019
157.388  1.02038e-019
158.41  1.01821e-019
159.432  1.016e-019
160.454  1.01375e-019
161.476  1.01145e-019
162.498  1.00911e-019
163.52  1.00673e-019
164.542  1.00429e-019
165.564  1.00181e-019
166.586  9.9929e-020
167.608  9.96718e-020
168.63  9.94098e-020
169.652  9.91431e-020
170.674  9.88715e-020
171.696  9.85951e-020
172.718  9.83137e-020
173.74  9.80273e-020
174.762  9.77359e-020
175.784  9.74394e-020
176.806  9.71377e-020
177.828  9.68309e-020
178.85  9.65188e-020
179.872  9.62014e-020
180.894  9.58787e-020
181.916  9.55505e-020
182.938  9.52169e-020
183.96  9.48777e-020
184.982  9.45329e-020
186.004  9.41825e-020
187.026  9.38263e-020
188.048  9.34644e-020
189.07  9.30966e-020
190.092  9.27229e-020
191.114  9.23433e-020
192.136  9.19576e-020
193.158  9.15658e-020
194.18  9.11678e-020
195.202  9.07636e-020
196.224  9.0353e-020
197.246  8.99361e-020
198.268  8.95128e-020
199.29  8.90829e-020
200.312  8.86464e-020
201.334  8.82033e-020
202.356  8.77535e-020
203.378  8.72968e-020
204.4  8.68333e-020
205.422  8.63628e-020
206.444  8.58853e-020
207.466  8.54007e-020
208.488  8.4909e-020
209.51  8.441e-020
210.532  8.39037e-020
211.554  8.339e-020
212.576  8.28689e-020
213.598  8.23403e-020
214.62  8.18041e-020
215.642  8.12602e-020
216.664  8.07086e-020
217.686  8.01492e-020
218.708  7.95819e-020
219.73  7.90067e-020
220.752  7.84236e-020
221.774  7.78323e-020
222.796  7.7233e-020
223.818  7.66254e-020
224.84  7.60097e-020
225.862  7.53856e-020
226.884  7.47532e-020
227.906  7.41125e-020
228.928  7.34632e-020
229.95  7.28055e-020
230.972  7.21393e-020
231.994  7.14645e-020
233.016  7.07811e-020
234.038  7.0089e-020
235.06  6.93883e-020
236.082  6.86789e-020
237.104  6.79607e-020
238.126  6.72339e-020
239.148  6.64983e-020
240.17  6.57539e-020
241.192  6.50008e-020
242.214  6.4239e-020
243.236  6.34684e-020
244.258  6.26891e-020
245.28  6.19012e-020
246.302  6.11045e-020
247.324  6.02993e-020
248.346  5.94854e-020
249.368  5.86631e-020
250.39  5.78322e-020
251.412  5.6993e-020
252.434  5.61455e-020
253.456  5.52897e-020
254.478  5.44258e-020
255.5  5.35539e-020
256.522  5.26741e-020
257.544  5.17865e-020
258.566  5.08913e-020
259.588  4.99886e-020
260.61  4.90786e-020
261.632  4.81615e-020
262.654  4.72374e-020
263.676  4.63067e-020
264.698  4.53694e-020
265.72  4.44258e-020
266.742  4.34763e-020
267.764  4.2521e-020
268.786  4.15603e-020
269.808  4.05944e-020
270.83  3.96237e-020
271.852  3.86486e-020
272.874  3.76693e-020
273.896  3.66863e-020
274.918  3.57e-020
275.94  3.47107e-020
276.962  3.37191e-020
277.984  3.27254e-020
279.006  3.17303e-020
280.028  3.07342e-020
281.05  2.97377e-020
282.072  2.87413e-020
283.094  2.77458e-020
284.116  2.67516e-020
285.138  2.57595e-020
286.16  2.47701e-020
287.182  2.37842e-020
288.204  2.28025e-020
289.226  2.18259e-020
290.248  2.0855e-020
291.27  1.98909e-020
292.292  1.89343e-020
293.314  1.79863e-020
294.336  1.70477e-020
295.358  1.61196e-020
296.38  1.52031e-020
297.402  1.42992e-020
298.424  1.34091e-020
299.446  1.25339e-020
300.468  1.16749e-020
301.49  1.08333e-020
302.512  1.00106e-020
303.534  9.20793e-021
304.556  8.42685e-021
305.578  7.66882e-021
306.6  6.93536e-021
307.622  6.22806e-021
308.644  5.54856e-021
309.666  4.89856e-021
310.688  4.27981e-021
311.71  3.69416e-021
312.732  3.14347e-021
313.754  2.6297e-021
314.776  2.15487e-021
315.798  1.72105e-021
316.82  1.33041e-021
317.842  9.85167e-022
318.864  6.87616e-022
319.886  4.40126e-022
320.908  2.45138e-022
321.93  1.05165e-022
322.952  2.27867e-023
