1.022  2.45035e-019
2.044  2.44897e-019
3.066  2.4476e-019
4.088  2.44624e-019
5.11  2.4449e-019
6.132  2.44356e-019
7.154  2.44222e-019
8.176  2.44088e-019
9.198  2.43954e-019
10.22  2.43821e-019
11.242  2.43686e-019
12.264  2.43552e-019
13.286  2.43418e-019
14.308  2.43283e-019
15.33  2.43149e-019
16.352  2.43015e-019
17.374  2.42882e-019
18.396  2.42749e-019
19.418  2.42617e-019
20.44  2.42486e-019
21.462  2.42356e-019
22.484  2.42226e-019
23.506  2.42098e-019
24.528  2.4197e-019
25.55  2.41844e-019
26.572  2.41719e-019
27.594  2.41594e-019
28.616  2.41471e-019
29.638  2.41349e-019
30.66  2.41228e-019
31.682  2.41107e-019
32.704  2.40987e-019
33.726  2.40869e-019
34.748  2.4075e-019
35.77  2.40633e-019
36.792  2.40515e-019
37.814  2.40398e-019
38.836  2.40282e-019
39.858  2.40166e-019
40.88  2.40049e-019
41.902  2.39933e-019
42.924  2.39817e-019
43.946  2.397e-019
44.968  2.39583e-019
45.99  2.39466e-019
47.012  2.39348e-019
48.034  2.39229e-019
49.056  2.3911e-019
50.078  2.38989e-019
51.1  2.38868e-019
52.122  2.38746e-019
53.144  2.38622e-019
54.166  2.38497e-019
55.188  2.38371e-019
56.21  2.38243e-019
57.232  2.38113e-019
58.254  2.37982e-019
59.276  2.37848e-019
60.298  2.37713e-019
61.32  2.37576e-019
62.342  2.37436e-019
63.364  2.37294e-019
64.386  2.3715e-019
65.408  2.37003e-019
66.43  2.36854e-019
67.452  2.36702e-019
68.474  2.36547e-019
69.496  2.36389e-019
70.518  2.36229e-019
71.54  2.36065e-019
72.562  2.35898e-019
73.584  2.35728e-019
74.606  2.35554e-019
75.628  2.35377e-019
76.65  2.35197e-019
77.672  2.35013e-019
78.694  2.34825e-019
79.716  2.34633e-019
80.738  2.34438e-019
81.76  2.34238e-019
82.782  2.34035e-019
83.804  2.33827e-019
84.826  2.33616e-019
85.848  2.334e-019
86.87  2.33179e-019
87.892  2.32955e-019
88.914  2.32725e-019
89.936  2.32492e-019
90.958  2.32253e-019
91.98  2.3201e-019
93.002  2.31762e-019
94.024  2.3151e-019
95.046  2.31252e-019
96.068  2.30989e-019
97.09  2.30722e-019
98.112  2.30449e-019
99.134  2.30171e-019
100.156  2.29887e-019
101.178  2.29599e-019
102.2  2.29305e-019
103.222  2.29006e-019
104.244  2.28701e-019
105.266  2.2839e-019
106.288  2.28074e-019
107.31  2.27752e-019
108.332  2.27425e-019
109.354  2.27092e-019
110.376  2.26752e-019
111.398  2.26407e-019
112.42  2.26056e-019
113.442  2.25699e-019
114.464  2.25336e-019
115.486  2.24967e-019
116.508  2.24591e-019
117.53  2.2421e-019
118.552  2.23822e-019
119.574  2.23427e-019
120.596  2.23026e-019
121.618  2.22619e-019
122.64  2.22205e-019
123.662  2.21785e-019
124.684  2.21358e-019
125.706  2.20924e-019
126.728  2.20484e-019
127.75  2.20037e-019
128.772  2.19583e-019
129.794  2.19122e-019
130.816  2.18654e-019
131.838  2.1818e-019
132.86  2.17698e-019
133.882  2.17209e-019
134.904  2.16713e-019
135.926  2.1621e-019
136.948  2.15699e-019
137.97  2.15182e-019
138.992  2.14657e-019
140.014  2.14124e-019
141.036  2.13585e-019
142.058  2.13037e-019
143.08  2.12482e-019
144.102  2.1192e-019
145.124  2.1135e-019
146.146  2.10772e-019
147.168  2.10187e-019
148.19  2.09593e-019
149.212  2.08992e-019
150.234  2.08383e-019
151.256  2.07766e-019
152.278  2.07141e-019
153.3  2.06508e-019
154.322  2.05867e-019
155.344  2.05218e-019
156.366  2.0456e-019
157.388  2.03894e-019
158.41  2.0322e-019
159.432  2.02537e-019
160.454  2.01846e-019
161.476  2.01147e-019
162.498  2.00439e-019
163.52  1.99722e-019
164.542  1.98997e-019
165.564  1.98262e-019
166.586  1.9752e-019
167.608  1.96768e-019
168.63  1.96007e-019
169.652  1.95237e-019
170.674  1.94458e-019
171.696  1.93671e-019
172.718  1.92874e-019
173.74  1.92067e-019
174.762  1.91252e-019
175.784  1.90427e-019
176.806  1.89592e-019
177.828  1.88748e-019
178.85  1.87895e-019
179.872  1.87032e-019
180.894  1.86159e-019
181.916  1.85277e-019
182.938  1.84384e-019
183.96  1.83482e-019
184.982  1.8257e-019
186.004  1.81648e-019
187.026  1.80716e-019
188.048  1.79773e-019
189.07  1.7882e-019
190.092  1.77857e-019
191.114  1.76884e-019
192.136  1.759e-019
193.158  1.74906e-019
194.18  1.73901e-019
195.202  1.72886e-019
196.224  1.7186e-019
197.246  1.70823e-019
198.268  1.69775e-019
199.29  1.68716e-019
200.312  1.67647e-019
201.334  1.66566e-019
202.356  1.65474e-019
203.378  1.64371e-019
204.4  1.63257e-019
205.422  1.62132e-019
206.444  1.60995e-019
207.466  1.59847e-019
208.488  1.58687e-019
209.51  1.57516e-019
210.532  1.56333e-019
211.554  1.55139e-019
212.576  1.53933e-019
213.598  1.52716e-019
214.62  1.51486e-019
215.642  1.50245e-019
216.664  1.48992e-019
217.686  1.47728e-019
218.708  1.46451e-019
219.73  1.45162e-019
220.752  1.43862e-019
221.774  1.42549e-019
222.796  1.41225e-019
223.818  1.39888e-019
224.84  1.3854e-019
225.862  1.37179e-019
226.884  1.35807e-019
227.906  1.34422e-019
228.928  1.33026e-019
229.95  1.31617e-019
230.972  1.30197e-019
231.994  1.28765e-019
233.016  1.27321e-019
234.038  1.25865e-019
235.06  1.24397e-019
236.082  1.22917e-019
237.104  1.21426e-019
238.126  1.19923e-019
239.148  1.18409e-019
240.17  1.16883e-019
241.192  1.15346e-019
242.214  1.13798e-019
243.236  1.12239e-019
244.258  1.10669e-019
245.28  1.09088e-019
246.302  1.07496e-019
247.324  1.05894e-019
248.346  1.04281e-019
249.368  1.02659e-019
250.39  1.01026e-019
251.412  9.93842e-020
252.434  9.77326e-020
253.456  9.60719e-020
254.478  9.44022e-020
255.5  9.27238e-020
256.522  9.10371e-020
257.544  8.93423e-020
258.566  8.76399e-020
259.588  8.593e-020
260.61  8.42132e-020
261.632  8.24898e-020
262.654  8.07602e-020
263.676  7.90249e-020
264.698  7.72842e-020
265.72  7.55387e-020
266.742  7.37889e-020
267.764  7.20353e-020
268.786  7.02785e-020
269.808  6.85189e-020
270.83  6.67573e-020
271.852  6.49942e-020
272.874  6.32303e-020
273.896  6.14664e-020
274.918  5.9703e-020
275.94  5.79409e-020
276.962  5.6181e-020
277.984  5.4424e-020
279.006  5.26708e-020
280.028  5.09222e-020
281.05  4.91792e-020
282.072  4.74427e-020
283.094  4.57137e-020
284.116  4.39933e-020
285.138  4.22824e-020
286.16  4.05822e-020
287.182  3.88939e-020
288.204  3.72186e-020
289.226  3.55576e-020
290.248  3.39121e-020
291.27  3.22836e-020
292.292  3.06733e-020
293.314  2.90826e-020
294.336  2.75132e-020
295.358  2.59664e-020
296.38  2.44439e-020
297.402  2.29473e-020
298.424  2.14783e-020
299.446  2.00386e-020
300.468  1.86301e-020
301.49  1.72547e-020
302.512  1.59142e-020
303.534  1.46106e-020
304.556  1.33461e-020
305.578  1.21227e-020
306.6  1.09426e-020
307.622  9.80814e-021
308.644  8.7216e-021
309.666  7.68541e-021
310.688  6.70204e-021
311.71  5.77405e-021
312.732  4.90408e-021
313.754  4.09486e-021
314.776  3.34918e-021
315.798  2.66991e-021
316.82  2.06003e-021
317.842  1.5226e-021
318.864  1.06074e-021
319.886  6.77682e-022
320.908  3.76745e-022
321.93  1.61323e-022
322.952  3.48897e-023
