1.022  2.13289e-019
2.044  2.13262e-019
3.066  2.13235e-019
4.088  2.13209e-019
5.11  2.13184e-019
6.132  2.13158e-019
7.154  2.13131e-019
8.176  2.13104e-019
9.198  2.13077e-019
10.22  2.13048e-019
11.242  2.13019e-019
12.264  2.12989e-019
13.286  2.12958e-019
14.308  2.12926e-019
15.33  2.12894e-019
16.352  2.12862e-019
17.374  2.12829e-019
18.396  2.12796e-019
19.418  2.12764e-019
20.44  2.12731e-019
21.462  2.12698e-019
22.484  2.12666e-019
23.506  2.12634e-019
24.528  2.12602e-019
25.55  2.1257e-019
26.572  2.12539e-019
27.594  2.12508e-019
28.616  2.12478e-019
29.638  2.12447e-019
30.66  2.12417e-019
31.682  2.12387e-019
32.704  2.12357e-019
33.726  2.12327e-019
34.748  2.12297e-019
35.77  2.12267e-019
36.792  2.12237e-019
37.814  2.12206e-019
38.836  2.12176e-019
39.858  2.12144e-019
40.88  2.12113e-019
41.902  2.1208e-019
42.924  2.12048e-019
43.946  2.12014e-019
44.968  2.11979e-019
45.99  2.11944e-019
47.012  2.11907e-019
48.034  2.1187e-019
49.056  2.11831e-019
50.078  2.1179e-019
51.1  2.11749e-019
52.122  2.11705e-019
53.144  2.11661e-019
54.166  2.11614e-019
55.188  2.11566e-019
56.21  2.11515e-019
57.232  2.11463e-019
58.254  2.11408e-019
59.276  2.11352e-019
60.298  2.11293e-019
61.32  2.11232e-019
62.342  2.11168e-019
63.364  2.11102e-019
64.386  2.11033e-019
65.408  2.10961e-019
66.43  2.10886e-019
67.452  2.10809e-019
68.474  2.10729e-019
69.496  2.10645e-019
70.518  2.10559e-019
71.54  2.10469e-019
72.562  2.10375e-019
73.584  2.10279e-019
74.606  2.10179e-019
75.628  2.10075e-019
76.65  2.09968e-019
77.672  2.09857e-019
78.694  2.09742e-019
79.716  2.09624e-019
80.738  2.09501e-019
81.76  2.09375e-019
82.782  2.09244e-019
83.804  2.0911e-019
84.826  2.08971e-019
85.848  2.08827e-019
86.87  2.0868e-019
87.892  2.08528e-019
88.914  2.08371e-019
89.936  2.0821e-019
90.958  2.08045e-019
91.98  2.07875e-019
93.002  2.077e-019
94.024  2.0752e-019
95.046  2.07335e-019
96.068  2.07146e-019
97.09  2.06951e-019
98.112  2.06751e-019
99.134  2.06547e-019
100.156  2.06337e-019
101.178  2.06122e-019
102.2  2.05901e-019
103.222  2.05676e-019
104.244  2.05445e-019
105.266  2.05208e-019
106.288  2.04966e-019
107.31  2.04719e-019
108.332  2.04466e-019
109.354  2.04207e-019
110.376  2.03942e-019
111.398  2.03672e-019
112.42  2.03396e-019
113.442  2.03114e-019
114.464  2.02827e-019
115.486  2.02533e-019
116.508  2.02233e-019
117.53  2.01927e-019
118.552  2.01616e-019
119.574  2.01298e-019
120.596  2.00973e-019
121.618  2.00643e-019
122.64  2.00306e-019
123.662  1.99963e-019
124.684  1.99614e-019
125.706  1.99258e-019
126.728  1.98896e-019
127.75  1.98527e-019
128.772  1.98151e-019
129.794  1.97769e-019
130.816  1.97381e-019
131.838  1.96985e-019
132.86  1.96583e-019
133.882  1.96174e-019
134.904  1.95758e-019
135.926  1.95335e-019
136.948  1.94906e-019
137.97  1.94469e-019
138.992  1.94025e-019
140.014  1.93575e-019
141.036  1.93117e-019
142.058  1.92652e-019
143.08  1.9218e-019
144.102  1.917e-019
145.124  1.91213e-019
146.146  1.90719e-019
147.168  1.90217e-019
148.19  1.89708e-019
149.212  1.89192e-019
150.234  1.88668e-019
151.256  1.88136e-019
152.278  1.87597e-019
153.3  1.8705e-019
154.322  1.86495e-019
155.344  1.85932e-019
156.366  1.85362e-019
157.388  1.84783e-019
158.41  1.84197e-019
159.432  1.83603e-019
160.454  1.83e-019
161.476  1.8239e-019
162.498  1.81771e-019
163.52  1.81145e-019
164.542  1.80509e-019
165.564  1.79866e-019
166.586  1.79214e-019
167.608  1.78554e-019
168.63  1.77885e-019
169.652  1.77208e-019
170.674  1.76522e-019
171.696  1.75827e-019
172.718  1.75124e-019
173.74  1.74412e-019
174.762  1.73691e-019
175.784  1.72962e-019
176.806  1.72223e-019
177.828  1.71475e-019
178.85  1.70718e-019
179.872  1.69953e-019
180.894  1.69177e-019
181.916  1.68393e-019
182.938  1.67599e-019
183.96  1.66796e-019
184.982  1.65984e-019
186.004  1.65162e-019
187.026  1.6433e-019
188.048  1.63489e-019
189.07  1.62639e-019
190.092  1.61778e-019
191.114  1.60908e-019
192.136  1.60027e-019
193.158  1.59137e-019
194.18  1.58237e-019
195.202  1.57327e-019
196.224  1.56407e-019
197.246  1.55476e-019
198.268  1.54536e-019
199.29  1.53585e-019
200.312  1.52623e-019
201.334  1.51652e-019
202.356  1.50669e-019
203.378  1.49677e-019
204.4  1.48673e-019
205.422  1.4766e-019
206.444  1.46635e-019
207.466  1.456e-019
208.488  1.44554e-019
209.51  1.43497e-019
210.532  1.42429e-019
211.554  1.41351e-019
212.576  1.40261e-019
213.598  1.3916e-019
214.62  1.38049e-019
215.642  1.36926e-019
216.664  1.35792e-019
217.686  1.34647e-019
218.708  1.33491e-019
219.73  1.32324e-019
220.752  1.31146e-019
221.774  1.29956e-019
222.796  1.28755e-019
223.818  1.27543e-019
224.84  1.2632e-019
225.862  1.25085e-019
226.884  1.2384e-019
227.906  1.22583e-019
228.928  1.21314e-019
229.95  1.20035e-019
230.972  1.18744e-019
231.994  1.17443e-019
233.016  1.1613e-019
234.038  1.14806e-019
235.06  1.13471e-019
236.082  1.12125e-019
237.104  1.10769e-019
238.126  1.09401e-019
239.148  1.08023e-019
240.17  1.06634e-019
241.192  1.05235e-019
242.214  1.03825e-019
243.236  1.02405e-019
244.258  1.00974e-019
245.28  9.95339e-020
246.302  9.80836e-020
247.324  9.66236e-020
248.346  9.51539e-020
249.368  9.36749e-020
250.39  9.21867e-020
251.412  9.06894e-020
252.434  8.91834e-020
253.456  8.76689e-020
254.478  8.6146e-020
255.5  8.46151e-020
256.522  8.30764e-020
257.544  8.15303e-020
258.566  7.9977e-020
259.588  7.84169e-020
260.61  7.68503e-020
261.632  7.52776e-020
262.654  7.36991e-020
263.676  7.21153e-020
264.698  7.05266e-020
265.72  6.89334e-020
266.742  6.73362e-020
267.764  6.57355e-020
268.786  6.41317e-020
269.808  6.25254e-020
270.83  6.09172e-020
271.852  5.93076e-020
272.874  5.76973e-020
273.896  5.60868e-020
274.918  5.44769e-020
275.94  5.28682e-020
276.962  5.12614e-020
277.984  4.96573e-020
279.006  4.80566e-020
280.028  4.64602e-020
281.05  4.48689e-020
282.072  4.32835e-020
283.094  4.1705e-020
284.116  4.01344e-020
285.138  3.85725e-020
286.16  3.70204e-020
287.182  3.54792e-020
288.204  3.395e-020
289.226  3.24338e-020
290.248  3.09319e-020
291.27  2.94454e-020
292.292  2.79757e-020
293.314  2.6524e-020
294.336  2.50916e-020
295.358  2.36801e-020
296.38  2.22907e-020
297.402  2.09251e-020
298.424  1.95848e-020
299.446  1.82713e-020
300.468  1.69862e-020
301.49  1.57315e-020
302.512  1.45086e-020
303.534  1.33196e-020
304.556  1.21662e-020
305.578  1.10504e-020
306.6  9.97425e-021
307.622  8.93972e-021
308.644  7.94898e-021
309.666  7.00422e-021
310.688  6.10768e-021
311.71  5.26171e-021
312.732  4.4687e-021
313.754  3.73111e-021
314.776  3.05149e-021
315.798  2.43246e-021
316.82  1.87672e-021
317.842  1.38702e-021
318.864  9.66231e-022
319.886  6.17267e-022
320.908  3.43137e-022
321.93  1.46923e-022
322.952  3.17734e-023
