1.022  3.11161e-020
2.044  3.14662e-020
3.066  3.18148e-020
4.088  3.21619e-020
5.11  3.25074e-020
6.132  3.28514e-020
7.154  3.31937e-020
8.176  3.35343e-020
9.198  3.38731e-020
10.22  3.42103e-020
11.242  3.45457e-020
12.264  3.48793e-020
13.286  3.52112e-020
14.308  3.55413e-020
15.33  3.58698e-020
16.352  3.61965e-020
17.374  3.65216e-020
18.396  3.68449e-020
19.418  3.71667e-020
20.44  3.74867e-020
21.462  3.78052e-020
22.484  3.8122e-020
23.506  3.84372e-020
24.528  3.87508e-020
25.55  3.90628e-020
26.572  3.93732e-020
27.594  3.96819e-020
28.616  3.99891e-020
29.638  4.02946e-020
30.66  4.05985e-020
31.682  4.09008e-020
32.704  4.12014e-020
33.726  4.15004e-020
34.748  4.17977e-020
35.77  4.20934e-020
36.792  4.23873e-020
37.814  4.26795e-020
38.836  4.297e-020
39.858  4.32588e-020
40.88  4.35458e-020
41.902  4.3831e-020
42.924  4.41145e-020
43.946  4.43961e-020
44.968  4.46758e-020
45.99  4.49537e-020
47.012  4.52298e-020
48.034  4.55039e-020
49.056  4.57761e-020
50.078  4.60463e-020
51.1  4.63146e-020
52.122  4.65809e-020
53.144  4.68452e-020
54.166  4.71074e-020
55.188  4.73676e-020
56.21  4.76256e-020
57.232  4.78816e-020
58.254  4.81355e-020
59.276  4.83871e-020
60.298  4.86366e-020
61.32  4.88839e-020
62.342  4.9129e-020
63.364  4.93718e-020
64.386  4.96124e-020
65.408  4.98506e-020
66.43  5.00865e-020
67.452  5.03201e-020
68.474  5.05513e-020
69.496  5.07801e-020
70.518  5.10065e-020
71.54  5.12304e-020
72.562  5.14519e-020
73.584  5.16709e-020
74.606  5.18873e-020
75.628  5.21012e-020
76.65  5.23126e-020
77.672  5.25214e-020
78.694  5.27276e-020
79.716  5.29311e-020
80.738  5.3132e-020
81.76  5.33302e-020
82.782  5.35257e-020
83.804  5.37185e-020
84.826  5.39085e-020
85.848  5.40958e-020
86.87  5.42802e-020
87.892  5.44619e-020
88.914  5.46407e-020
89.936  5.48167e-020
90.958  5.49897e-020
91.98  5.51599e-020
93.002  5.53272e-020
94.024  5.54914e-020
95.046  5.56528e-020
96.068  5.58111e-020
97.09  5.59664e-020
98.112  5.61187e-020
99.134  5.62679e-020
100.156  5.6414e-020
101.178  5.65571e-020
102.2  5.6697e-020
103.222  5.68337e-020
104.244  5.69673e-020
105.266  5.70977e-020
106.288  5.72249e-020
107.31  5.73489e-020
108.332  5.74696e-020
109.354  5.7587e-020
110.376  5.77011e-020
111.398  5.78119e-020
112.42  5.79194e-020
113.442  5.80235e-020
114.464  5.81242e-020
115.486  5.82216e-020
116.508  5.83155e-020
117.53  5.84059e-020
118.552  5.84929e-020
119.574  5.85764e-020
120.596  5.86564e-020
121.618  5.87328e-020
122.64  5.88057e-020
123.662  5.8875e-020
124.684  5.89408e-020
125.706  5.90029e-020
126.728  5.90613e-020
127.75  5.91161e-020
128.772  5.91673e-020
129.794  5.92147e-020
130.816  5.92584e-020
131.838  5.92983e-020
132.86  5.93344e-020
133.882  5.93668e-020
134.904  5.93954e-020
135.926  5.94201e-020
136.948  5.94409e-020
137.97  5.94579e-020
138.992  5.9471e-020
140.014  5.94801e-020
141.036  5.94853e-020
142.058  5.94865e-020
143.08  5.94837e-020
144.102  5.94769e-020
145.124  5.9466e-020
146.146  5.94511e-020
147.168  5.94321e-020
148.19  5.9409e-020
149.212  5.93817e-020
150.234  5.93503e-020
151.256  5.93147e-020
152.278  5.92749e-020
153.3  5.92308e-020
154.322  5.91825e-020
155.344  5.91299e-020
156.366  5.9073e-020
157.388  5.90118e-020
158.41  5.89462e-020
159.432  5.88763e-020
160.454  5.88019e-020
161.476  5.87231e-020
162.498  5.86399e-020
163.52  5.85521e-020
164.542  5.84599e-020
165.564  5.83632e-020
166.586  5.82618e-020
167.608  5.81559e-020
168.63  5.80455e-020
169.652  5.79303e-020
170.674  5.78106e-020
171.696  5.76861e-020
172.718  5.75569e-020
173.74  5.7423e-020
174.762  5.72844e-020
175.784  5.71409e-020
176.806  5.69927e-020
177.828  5.68396e-020
178.85  5.66817e-020
179.872  5.65189e-020
180.894  5.63512e-020
181.916  5.61785e-020
182.938  5.60009e-020
183.96  5.58184e-020
184.982  5.56308e-020
186.004  5.54382e-020
187.026  5.52405e-020
188.048  5.50378e-020
189.07  5.483e-020
190.092  5.4617e-020
191.114  5.43989e-020
192.136  5.41757e-020
193.158  5.39472e-020
194.18  5.37136e-020
195.202  5.34747e-020
196.224  5.32306e-020
197.246  5.29812e-020
198.268  5.27265e-020
199.29  5.24665e-020
200.312  5.22012e-020
201.334  5.19306e-020
202.356  5.16546e-020
203.378  5.13733e-020
204.4  5.10865e-020
205.422  5.07944e-020
206.444  5.04968e-020
207.466  5.01938e-020
208.488  4.98854e-020
209.51  4.95715e-020
210.532  4.92522e-020
211.554  4.89274e-020
212.576  4.85972e-020
213.598  4.82615e-020
214.62  4.79203e-020
215.642  4.75736e-020
216.664  4.72215e-020
217.686  4.68638e-020
218.708  4.65007e-020
219.73  4.61321e-020
220.752  4.57581e-020
221.774  4.53786e-020
222.796  4.49936e-020
223.818  4.46033e-020
224.84  4.42074e-020
225.862  4.38062e-020
226.884  4.33996e-020
227.906  4.29876e-020
228.928  4.25703e-020
229.95  4.21476e-020
230.972  4.17197e-020
231.994  4.12864e-020
233.016  4.0848e-020
234.038  4.04043e-020
235.06  3.99555e-020
236.082  3.95016e-020
237.104  3.90426e-020
238.126  3.85786e-020
239.148  3.81096e-020
240.17  3.76357e-020
241.192  3.7157e-020
242.214  3.66734e-020
243.236  3.61851e-020
244.258  3.56922e-020
245.28  3.51947e-020
246.302  3.46927e-020
247.324  3.41862e-020
248.346  3.36754e-020
249.368  3.31604e-020
250.39  3.26413e-020
251.412  3.21181e-020
252.434  3.1591e-020
253.456  3.106e-020
254.478  3.05254e-020
255.5  2.99872e-020
256.522  2.94455e-020
257.544  2.89005e-020
258.566  2.83524e-020
259.588  2.78012e-020
260.61  2.72471e-020
261.632  2.66904e-020
262.654  2.61311e-020
263.676  2.55694e-020
264.698  2.50056e-020
265.72  2.44397e-020
266.742  2.38721e-020
267.764  2.33029e-020
268.786  2.27322e-020
269.808  2.21604e-020
270.83  2.15877e-020
271.852  2.10143e-020
272.874  2.04404e-020
273.896  1.98663e-020
274.918  1.92923e-020
275.94  1.87186e-020
276.962  1.81456e-020
277.984  1.75735e-020
279.006  1.70026e-020
280.028  1.64332e-020
281.05  1.58657e-020
282.072  1.53004e-020
283.094  1.47376e-020
284.116  1.41777e-020
285.138  1.36211e-020
286.16  1.30682e-020
287.182  1.25193e-020
288.204  1.19748e-020
289.226  1.14352e-020
290.248  1.0901e-020
291.27  1.03725e-020
292.292  9.85016e-021
293.314  9.33455e-021
294.336  8.82613e-021
295.358  8.32538e-021
296.38  7.83284e-021
297.402  7.34903e-021
298.424  6.87451e-021
299.446  6.40984e-021
300.468  5.9556e-021
301.49  5.51239e-021
302.512  5.08083e-021
303.534  4.66156e-021
304.556  4.25521e-021
305.578  3.86247e-021
306.6  3.48402e-021
307.622  3.12057e-021
308.644  2.77284e-021
309.666  2.44158e-021
310.688  2.12756e-021
311.71  1.83155e-021
312.732  1.55437e-021
313.754  1.29685e-021
314.776  1.05983e-021
315.798  8.44181e-022
316.82  6.50803e-022
317.842  4.80608e-022
318.864  3.34534e-022
319.886  2.1354e-022
320.908  1.18608e-022
321.93  5.07429e-023
322.952  1.09643e-023
