1.022  7.16002e-021
2.044  7.3769e-021
3.066  7.59408e-021
4.088  7.81153e-021
5.11  8.02922e-021
6.132  8.24712e-021
7.154  8.46519e-021
8.176  8.68341e-021
9.198  8.90173e-021
10.22  9.12014e-021
11.242  9.33861e-021
12.264  9.55712e-021
13.286  9.77565e-021
14.308  9.99418e-021
15.33  1.02127e-020
16.352  1.04312e-020
17.374  1.06496e-020
18.396  1.0868e-020
19.418  1.10863e-020
20.44  1.13044e-020
21.462  1.15225e-020
22.484  1.17405e-020
23.506  1.19583e-020
24.528  1.2176e-020
25.55  1.23935e-020
26.572  1.26108e-020
27.594  1.28279e-020
28.616  1.30447e-020
29.638  1.32613e-020
30.66  1.34777e-020
31.682  1.36938e-020
32.704  1.39096e-020
33.726  1.4125e-020
34.748  1.43401e-020
35.77  1.45549e-020
36.792  1.47693e-020
37.814  1.49832e-020
38.836  1.51968e-020
39.858  1.54099e-020
40.88  1.56225e-020
41.902  1.58347e-020
42.924  1.60463e-020
43.946  1.62574e-020
44.968  1.6468e-020
45.99  1.6678e-020
47.012  1.68874e-020
48.034  1.70962e-020
49.056  1.73043e-020
50.078  1.75118e-020
51.1  1.77185e-020
52.122  1.79246e-020
53.144  1.81299e-020
54.166  1.83345e-020
55.188  1.85383e-020
56.21  1.87413e-020
57.232  1.89435e-020
58.254  1.91449e-020
59.276  1.93453e-020
60.298  1.95449e-020
61.32  1.97436e-020
62.342  1.99413e-020
63.364  2.0138e-020
64.386  2.03338e-020
65.408  2.05286e-020
66.43  2.07224e-020
67.452  2.09151e-020
68.474  2.11067e-020
69.496  2.12972e-020
70.518  2.14866e-020
71.54  2.16749e-020
72.562  2.1862e-020
73.584  2.2048e-020
74.606  2.22327e-020
75.628  2.24162e-020
76.65  2.25984e-020
77.672  2.27794e-020
78.694  2.29591e-020
79.716  2.31374e-020
80.738  2.33145e-020
81.76  2.34901e-020
82.782  2.36644e-020
83.804  2.38373e-020
84.826  2.40087e-020
85.848  2.41787e-020
86.87  2.43473e-020
87.892  2.45143e-020
88.914  2.46799e-020
89.936  2.48439e-020
90.958  2.50063e-020
91.98  2.51672e-020
93.002  2.53265e-020
94.024  2.54842e-020
95.046  2.56402e-020
96.068  2.57946e-020
97.09  2.59473e-020
98.112  2.60983e-020
99.134  2.62475e-020
100.156  2.63951e-020
101.178  2.65408e-020
102.2  2.66848e-020
103.222  2.6827e-020
104.244  2.69674e-020
105.266  2.71059e-020
106.288  2.72425e-020
107.31  2.73773e-020
108.332  2.75101e-020
109.354  2.76411e-020
110.376  2.77701e-020
111.398  2.78971e-020
112.42  2.80221e-020
113.442  2.81451e-020
114.464  2.82661e-020
115.486  2.83851e-020
116.508  2.85019e-020
117.53  2.86167e-020
118.552  2.87294e-020
119.574  2.88399e-020
120.596  2.89483e-020
121.618  2.90545e-020
122.64  2.91585e-020
123.662  2.92603e-020
124.684  2.93599e-020
125.706  2.94572e-020
126.728  2.95523e-020
127.75  2.96451e-020
128.772  2.97355e-020
129.794  2.98236e-020
130.816  2.99094e-020
131.838  2.99927e-020
132.86  3.00737e-020
133.882  3.01523e-020
134.904  3.02284e-020
135.926  3.03021e-020
136.948  3.03732e-020
137.97  3.04419e-020
138.992  3.05081e-020
140.014  3.05717e-020
141.036  3.06328e-020
142.058  3.06912e-020
143.08  3.07471e-020
144.102  3.08004e-020
145.124  3.0851e-020
146.146  3.08989e-020
147.168  3.09442e-020
148.19  3.09867e-020
149.212  3.10265e-020
150.234  3.10636e-020
151.256  3.10979e-020
152.278  3.11294e-020
153.3  3.11581e-020
154.322  3.11839e-020
155.344  3.12069e-020
156.366  3.1227e-020
157.388  3.12443e-020
158.41  3.12586e-020
159.432  3.127e-020
160.454  3.12784e-020
161.476  3.12838e-020
162.498  3.12863e-020
163.52  3.12857e-020
164.542  3.12821e-020
165.564  3.12754e-020
166.586  3.12656e-020
167.608  3.12527e-020
168.63  3.12367e-020
169.652  3.12176e-020
170.674  3.11953e-020
171.696  3.11698e-020
172.718  3.11411e-020
173.74  3.11092e-020
174.762  3.1074e-020
175.784  3.10356e-020
176.806  3.09939e-020
177.828  3.09489e-020
178.85  3.09006e-020
179.872  3.08489e-020
180.894  3.07939e-020
181.916  3.07355e-020
182.938  3.06737e-020
183.96  3.06085e-020
184.982  3.05399e-020
186.004  3.04678e-020
187.026  3.03922e-020
188.048  3.03132e-020
189.07  3.02307e-020
190.092  3.01446e-020
191.114  3.00551e-020
192.136  2.9962e-020
193.158  2.98653e-020
194.18  2.9765e-020
195.202  2.96612e-020
196.224  2.95538e-020
197.246  2.94427e-020
198.268  2.93281e-020
199.29  2.92098e-020
200.312  2.90878e-020
201.334  2.89622e-020
202.356  2.88329e-020
203.378  2.87e-020
204.4  2.85633e-020
205.422  2.8423e-020
206.444  2.82789e-020
207.466  2.81312e-020
208.488  2.79797e-020
209.51  2.78245e-020
210.532  2.76656e-020
211.554  2.7503e-020
212.576  2.73367e-020
213.598  2.71666e-020
214.62  2.69928e-020
215.642  2.68152e-020
216.664  2.6634e-020
217.686  2.6449e-020
218.708  2.62603e-020
219.73  2.60679e-020
220.752  2.58718e-020
221.774  2.5672e-020
222.796  2.54685e-020
223.818  2.52614e-020
224.84  2.50506e-020
225.862  2.48361e-020
226.884  2.4618e-020
227.906  2.43963e-020
228.928  2.4171e-020
229.95  2.39421e-020
230.972  2.37097e-020
231.994  2.34737e-020
233.016  2.32343e-020
234.038  2.29913e-020
235.06  2.27449e-020
236.082  2.24951e-020
237.104  2.22419e-020
238.126  2.19854e-020
239.148  2.17256e-020
240.17  2.14625e-020
241.192  2.11961e-020
242.214  2.09266e-020
243.236  2.0654e-020
244.258  2.03783e-020
245.28  2.00995e-020
246.302  1.98178e-020
247.324  1.95331e-020
248.346  1.92456e-020
249.368  1.89554e-020
250.39  1.86623e-020
251.412  1.83667e-020
252.434  1.80684e-020
253.456  1.77676e-020
254.478  1.74644e-020
255.5  1.71589e-020
256.522  1.6851e-020
257.544  1.6541e-020
258.566  1.6229e-020
259.588  1.59149e-020
260.61  1.5599e-020
261.632  1.52813e-020
262.654  1.49619e-020
263.676  1.46409e-020
264.698  1.43185e-020
265.72  1.39948e-020
266.742  1.36699e-020
267.764  1.33439e-020
268.786  1.30169e-020
269.808  1.26892e-020
270.83  1.23608e-020
271.852  1.20319e-020
272.874  1.17027e-020
273.896  1.13732e-020
274.918  1.10437e-020
275.94  1.07144e-020
276.962  1.03853e-020
277.984  1.00568e-020
279.006  9.72886e-021
280.028  9.40183e-021
281.05  9.07585e-021
282.072  8.75113e-021
283.094  8.42788e-021
284.116  8.10631e-021
285.138  7.78665e-021
286.16  7.46912e-021
287.182  7.15395e-021
288.204  6.84139e-021
289.226  6.53168e-021
290.248  6.22508e-021
291.27  5.92185e-021
292.292  5.62226e-021
293.314  5.32659e-021
294.336  5.03512e-021
295.358  4.74814e-021
296.38  4.46596e-021
297.402  4.18888e-021
298.424  3.91722e-021
299.446  3.65131e-021
300.468  3.39147e-021
301.49  3.13805e-021
302.512  2.8914e-021
303.534  2.65189e-021
304.556  2.41987e-021
305.578  2.19573e-021
306.6  1.97986e-021
307.622  1.77265e-021
308.644  1.57452e-021
309.666  1.38587e-021
310.688  1.20714e-021
311.71  1.03877e-021
312.732  8.81201e-022
313.754  7.34895e-022
314.776  6.00323e-022
315.798  4.77965e-022
316.82  3.68313e-022
317.842  2.71871e-022
318.864  1.89153e-022
319.886  1.20684e-022
320.908  6.7001e-023
321.93  2.86506e-023
322.952  6.18771e-024
