1.022  8.93734e-021
2.044  8.81656e-021
3.066  8.69986e-021
4.088  8.58718e-021
5.11  8.47845e-021
6.132  8.37361e-021
7.154  8.27259e-021
8.176  8.17533e-021
9.198  8.08178e-021
10.22  7.99188e-021
11.242  7.90556e-021
12.264  7.8228e-021
13.286  7.74352e-021
14.308  7.6677e-021
15.33  7.59527e-021
16.352  7.5262e-021
17.374  7.46043e-021
18.396  7.39792e-021
19.418  7.33862e-021
20.44  7.28249e-021
21.462  7.22947e-021
22.484  7.17953e-021
23.506  7.1326e-021
24.528  7.08864e-021
25.55  7.04761e-021
26.572  7.00946e-021
27.594  6.97413e-021
28.616  6.94159e-021
29.638  6.91177e-021
30.66  6.88464e-021
31.682  6.86015e-021
32.704  6.83824e-021
33.726  6.81887e-021
34.748  6.802e-021
35.77  6.78758e-021
36.792  6.77556e-021
37.814  6.76589e-021
38.836  6.75853e-021
39.858  6.75344e-021
40.88  6.75056e-021
41.902  6.74986e-021
42.924  6.75129e-021
43.946  6.75481e-021
44.968  6.76037e-021
45.99  6.76793e-021
47.012  6.77744e-021
48.034  6.78888e-021
49.056  6.80218e-021
50.078  6.81732e-021
51.1  6.83425e-021
52.122  6.85292e-021
53.144  6.87331e-021
54.166  6.89537e-021
55.188  6.91906e-021
56.21  6.94433e-021
57.232  6.97116e-021
58.254  6.99951e-021
59.276  7.02933e-021
60.298  7.06059e-021
61.32  7.09324e-021
62.342  7.12727e-021
63.364  7.16261e-021
64.386  7.19925e-021
65.408  7.23714e-021
66.43  7.27625e-021
67.452  7.31655e-021
68.474  7.35799e-021
69.496  7.40055e-021
70.518  7.44418e-021
71.54  7.48886e-021
72.562  7.53455e-021
73.584  7.58121e-021
74.606  7.62882e-021
75.628  7.67734e-021
76.65  7.72674e-021
77.672  7.77698e-021
78.694  7.82804e-021
79.716  7.87987e-021
80.738  7.93246e-021
81.76  7.98576e-021
82.782  8.03975e-021
83.804  8.0944e-021
84.826  8.14967e-021
85.848  8.20553e-021
86.87  8.26196e-021
87.892  8.31892e-021
88.914  8.37639e-021
89.936  8.43433e-021
90.958  8.49271e-021
91.98  8.55151e-021
93.002  8.6107e-021
94.024  8.67024e-021
95.046  8.73011e-021
96.068  8.79029e-021
97.09  8.85073e-021
98.112  8.91142e-021
99.134  8.97232e-021
100.156  9.03341e-021
101.178  9.09466e-021
102.2  9.15605e-021
103.222  9.21753e-021
104.244  9.2791e-021
105.266  9.34072e-021
106.288  9.40236e-021
107.31  9.464e-021
108.332  9.52561e-021
109.354  9.58717e-021
110.376  9.64864e-021
111.398  9.71001e-021
112.42  9.77124e-021
113.442  9.83231e-021
114.464  9.8932e-021
115.486  9.95387e-021
116.508  1.00143e-020
117.53  1.00745e-020
118.552  1.01344e-020
119.574  1.0194e-020
120.596  1.02532e-020
121.618  1.03121e-020
122.64  1.03706e-020
123.662  1.04286e-020
124.684  1.04863e-020
125.706  1.05434e-020
126.728  1.06001e-020
127.75  1.06563e-020
128.772  1.0712e-020
129.794  1.0767e-020
130.816  1.08215e-020
131.838  1.08754e-020
132.86  1.09287e-020
133.882  1.09813e-020
134.904  1.10333e-020
135.926  1.10845e-020
136.948  1.1135e-020
137.97  1.11848e-020
138.992  1.12338e-020
140.014  1.1282e-020
141.036  1.13293e-020
142.058  1.13759e-020
143.08  1.14216e-020
144.102  1.14664e-020
145.124  1.15102e-020
146.146  1.15532e-020
147.168  1.15952e-020
148.19  1.16362e-020
149.212  1.16763e-020
150.234  1.17153e-020
151.256  1.17533e-020
152.278  1.17902e-020
153.3  1.1826e-020
154.322  1.18607e-020
155.344  1.18943e-020
156.366  1.19268e-020
157.388  1.19581e-020
158.41  1.19882e-020
159.432  1.2017e-020
160.454  1.20447e-020
161.476  1.20711e-020
162.498  1.20962e-020
163.52  1.21201e-020
164.542  1.21426e-020
165.564  1.21638e-020
166.586  1.21836e-020
167.608  1.22021e-020
168.63  1.22192e-020
169.652  1.22349e-020
170.674  1.22491e-020
171.696  1.2262e-020
172.718  1.22733e-020
173.74  1.22832e-020
174.762  1.22915e-020
175.784  1.22984e-020
176.806  1.23037e-020
177.828  1.23075e-020
178.85  1.23097e-020
179.872  1.23103e-020
180.894  1.23093e-020
181.916  1.23067e-020
182.938  1.23024e-020
183.96  1.22965e-020
184.982  1.2289e-020
186.004  1.22797e-020
187.026  1.22688e-020
188.048  1.22562e-020
189.07  1.22418e-020
190.092  1.22258e-020
191.114  1.22079e-020
192.136  1.21883e-020
193.158  1.2167e-020
194.18  1.21438e-020
195.202  1.21189e-020
196.224  1.20921e-020
197.246  1.20636e-020
198.268  1.20332e-020
199.29  1.20009e-020
200.312  1.19669e-020
201.334  1.19309e-020
202.356  1.18931e-020
203.378  1.18535e-020
204.4  1.18119e-020
205.422  1.17685e-020
206.444  1.17232e-020
207.466  1.16759e-020
208.488  1.16268e-020
209.51  1.15758e-020
210.532  1.15229e-020
211.554  1.1468e-020
212.576  1.14112e-020
213.598  1.13526e-020
214.62  1.1292e-020
215.642  1.12294e-020
216.664  1.1165e-020
217.686  1.10986e-020
218.708  1.10304e-020
219.73  1.09602e-020
220.752  1.0888e-020
221.774  1.0814e-020
222.796  1.07381e-020
223.818  1.06603e-020
224.84  1.05806e-020
225.862  1.0499e-020
226.884  1.04155e-020
227.906  1.03302e-020
228.928  1.0243e-020
229.95  1.01539e-020
230.972  1.0063e-020
231.994  9.97031e-021
233.016  9.87579e-021
234.038  9.77947e-021
235.06  9.68137e-021
236.082  9.58151e-021
237.104  9.4799e-021
238.126  9.37656e-021
239.148  9.27152e-021
240.17  9.16479e-021
241.192  9.05639e-021
242.214  8.94636e-021
243.236  8.8347e-021
244.258  8.72146e-021
245.28  8.60665e-021
246.302  8.49031e-021
247.324  8.37246e-021
248.346  8.25314e-021
249.368  8.13238e-021
250.39  8.0102e-021
251.412  7.88666e-021
252.434  7.76177e-021
253.456  7.63559e-021
254.478  7.50815e-021
255.5  7.37949e-021
256.522  7.24966e-021
257.544  7.11869e-021
258.566  6.98664e-021
259.588  6.85355e-021
260.61  6.71947e-021
261.632  6.58445e-021
262.654  6.44855e-021
263.676  6.31182e-021
264.698  6.17431e-021
265.72  6.03608e-021
266.742  5.8972e-021
267.764  5.75772e-021
268.786  5.61771e-021
269.808  5.47723e-021
270.83  5.33636e-021
271.852  5.19516e-021
272.874  5.0537e-021
273.896  4.91206e-021
274.918  4.77031e-021
275.94  4.62854e-021
276.962  4.48681e-021
277.984  4.34523e-021
279.006  4.20386e-021
280.028  4.06281e-021
281.05  3.92215e-021
282.072  3.78198e-021
283.094  3.6424e-021
284.116  3.50351e-021
285.138  3.3654e-021
286.16  3.22817e-021
287.182  3.09194e-021
288.204  2.95682e-021
289.226  2.8229e-021
290.248  2.69031e-021
291.27  2.55917e-021
292.292  2.42959e-021
293.314  2.30169e-021
294.336  2.17561e-021
295.358  2.05148e-021
296.38  1.92941e-021
297.402  1.80956e-021
298.424  1.69206e-021
299.446  1.57704e-021
300.468  1.46467e-021
301.49  1.35508e-021
302.512  1.24843e-021
303.534  1.14488e-021
304.556  1.04459e-021
305.578  9.47711e-022
306.6  8.54424e-022
307.622  7.64897e-022
308.644  6.79306e-022
309.666  5.9783e-022
310.688  5.20654e-022
311.71  4.47964e-022
312.732  3.79954e-022
313.754  3.1682e-022
314.776  2.58762e-022
315.798  2.05987e-022
316.82  1.58704e-022
317.842  1.17128e-022
318.864  8.14771e-023
319.886  5.19754e-023
320.908  2.88505e-023
321.93  1.23347e-023
322.952  2.66347e-024
