1.022  3.10943e-019
2.044  3.10808e-019
3.066  3.10674e-019
4.088  3.10541e-019
5.11  3.10409e-019
6.132  3.10278e-019
7.154  3.10147e-019
8.176  3.10015e-019
9.198  3.09883e-019
10.22  3.09751e-019
11.242  3.09617e-019
12.264  3.09484e-019
13.286  3.0935e-019
14.308  3.09215e-019
15.33  3.09081e-019
16.352  3.08947e-019
17.374  3.08813e-019
18.396  3.08679e-019
19.418  3.08546e-019
20.44  3.08414e-019
21.462  3.08282e-019
22.484  3.08152e-019
23.506  3.08022e-019
24.528  3.07893e-019
25.55  3.07766e-019
26.572  3.07639e-019
27.594  3.07514e-019
28.616  3.0739e-019
29.638  3.07266e-019
30.66  3.07143e-019
31.682  3.07022e-019
32.704  3.06901e-019
33.726  3.06781e-019
34.748  3.06661e-019
35.77  3.06542e-019
36.792  3.06423e-019
37.814  3.06304e-019
38.836  3.06186e-019
39.858  3.06067e-019
40.88  3.05949e-019
41.902  3.0583e-019
42.924  3.05711e-019
43.946  3.05591e-019
44.968  3.05471e-019
45.99  3.0535e-019
47.012  3.05227e-019
48.034  3.05104e-019
49.056  3.0498e-019
50.078  3.04854e-019
51.1  3.04727e-019
52.122  3.04598e-019
53.144  3.04468e-019
54.166  3.04335e-019
55.188  3.04201e-019
56.21  3.04064e-019
57.232  3.03925e-019
58.254  3.03784e-019
59.276  3.0364e-019
60.298  3.03493e-019
61.32  3.03343e-019
62.342  3.03191e-019
63.364  3.03035e-019
64.386  3.02876e-019
65.408  3.02714e-019
66.43  3.02548e-019
67.452  3.02379e-019
68.474  3.02206e-019
69.496  3.02029e-019
70.518  3.01848e-019
71.54  3.01663e-019
72.562  3.01474e-019
73.584  3.0128e-019
74.606  3.01083e-019
75.628  3.0088e-019
76.65  3.00673e-019
77.672  3.00461e-019
78.694  3.00245e-019
79.716  3.00023e-019
80.738  2.99796e-019
81.76  2.99564e-019
82.782  2.99327e-019
83.804  2.99085e-019
84.826  2.98836e-019
85.848  2.98583e-019
86.87  2.98324e-019
87.892  2.98058e-019
88.914  2.97788e-019
89.936  2.97511e-019
90.958  2.97228e-019
91.98  2.96939e-019
93.002  2.96643e-019
94.024  2.96342e-019
95.046  2.96034e-019
96.068  2.95719e-019
97.09  2.95398e-019
98.112  2.9507e-019
99.134  2.94736e-019
100.156  2.94395e-019
101.178  2.94046e-019
102.2  2.93691e-019
103.222  2.93329e-019
104.244  2.9296e-019
105.266  2.92583e-019
106.288  2.92199e-019
107.31  2.91808e-019
108.332  2.91409e-019
109.354  2.91003e-019
110.376  2.90589e-019
111.398  2.90168e-019
112.42  2.89739e-019
113.442  2.89302e-019
114.464  2.88857e-019
115.486  2.88404e-019
116.508  2.87943e-019
117.53  2.87474e-019
118.552  2.86997e-019
119.574  2.86512e-019
120.596  2.86018e-019
121.618  2.85516e-019
122.64  2.85006e-019
123.662  2.84487e-019
124.684  2.83959e-019
125.706  2.83423e-019
126.728  2.82879e-019
127.75  2.82325e-019
128.772  2.81763e-019
129.794  2.81192e-019
130.816  2.80611e-019
131.838  2.80022e-019
132.86  2.79424e-019
133.882  2.78817e-019
134.904  2.782e-019
135.926  2.77574e-019
136.948  2.76939e-019
137.97  2.76294e-019
138.992  2.7564e-019
140.014  2.74977e-019
141.036  2.74304e-019
142.058  2.73621e-019
143.08  2.72928e-019
144.102  2.72226e-019
145.124  2.71513e-019
146.146  2.70791e-019
147.168  2.70059e-019
148.19  2.69317e-019
149.212  2.68564e-019
150.234  2.67802e-019
151.256  2.67029e-019
152.278  2.66246e-019
153.3  2.65452e-019
154.322  2.64648e-019
155.344  2.63833e-019
156.366  2.63008e-019
157.388  2.62172e-019
158.41  2.61325e-019
159.432  2.60467e-019
160.454  2.59599e-019
161.476  2.58719e-019
162.498  2.57829e-019
163.52  2.56927e-019
164.542  2.56014e-019
165.564  2.55089e-019
166.586  2.54154e-019
167.608  2.53207e-019
168.63  2.52248e-019
169.652  2.51277e-019
170.674  2.50295e-019
171.696  2.49301e-019
172.718  2.48296e-019
173.74  2.47278e-019
174.762  2.46248e-019
175.784  2.45206e-019
176.806  2.44152e-019
177.828  2.43086e-019
178.85  2.42007e-019
179.872  2.40916e-019
180.894  2.39812e-019
181.916  2.38695e-019
182.938  2.37566e-019
183.96  2.36424e-019
184.982  2.35269e-019
186.004  2.341e-019
187.026  2.32919e-019
188.048  2.31725e-019
189.07  2.30517e-019
190.092  2.29296e-019
191.114  2.28061e-019
192.136  2.26813e-019
193.158  2.25551e-019
194.18  2.24276e-019
195.202  2.22986e-019
196.224  2.21683e-019
197.246  2.20365e-019
198.268  2.19034e-019
199.29  2.17688e-019
200.312  2.16328e-019
201.334  2.14954e-019
202.356  2.13565e-019
203.378  2.12161e-019
204.4  2.10743e-019
205.422  2.0931e-019
206.444  2.07862e-019
207.466  2.064e-019
208.488  2.04922e-019
209.51  2.0343e-019
210.532  2.01922e-019
211.554  2.00399e-019
212.576  1.98861e-019
213.598  1.97307e-019
214.62  1.95738e-019
215.642  1.94154e-019
216.664  1.92554e-019
217.686  1.90938e-019
218.708  1.89307e-019
219.73  1.8766e-019
220.752  1.85998e-019
221.774  1.8432e-019
222.796  1.82626e-019
223.818  1.80916e-019
224.84  1.79191e-019
225.862  1.77449e-019
226.884  1.75692e-019
227.906  1.73919e-019
228.928  1.7213e-019
229.95  1.70326e-019
230.972  1.68506e-019
231.994  1.66669e-019
233.016  1.64818e-019
234.038  1.6295e-019
235.06  1.61067e-019
236.082  1.59168e-019
237.104  1.57254e-019
238.126  1.55325e-019
239.148  1.5338e-019
240.17  1.5142e-019
241.192  1.49446e-019
242.214  1.47456e-019
243.236  1.45451e-019
244.258  1.43432e-019
245.28  1.41399e-019
246.302  1.39351e-019
247.324  1.37289e-019
248.346  1.35214e-019
249.368  1.33125e-019
250.39  1.31023e-019
251.412  1.28907e-019
252.434  1.26779e-019
253.456  1.24639e-019
254.478  1.22487e-019
255.5  1.20322e-019
256.522  1.18147e-019
257.544  1.15961e-019
258.566  1.13764e-019
259.588  1.11557e-019
260.61  1.09341e-019
261.632  1.07115e-019
262.654  1.04881e-019
263.676  1.0264e-019
264.698  1.0039e-019
265.72  9.81343e-020
266.742  9.58721e-020
267.764  9.36044e-020
268.786  9.13321e-020
269.808  8.90557e-020
270.83  8.67761e-020
271.852  8.44941e-020
272.874  8.22105e-020
273.896  7.99263e-020
274.918  7.76423e-020
275.94  7.53596e-020
276.962  7.30791e-020
277.984  7.08019e-020
279.006  6.8529e-020
280.028  6.62617e-020
281.05  6.40011e-020
282.072  6.17485e-020
283.094  5.95051e-020
284.116  5.72722e-020
285.138  5.50514e-020
286.16  5.28439e-020
287.182  5.06514e-020
288.204  4.84753e-020
289.226  4.63173e-020
290.248  4.41791e-020
291.27  4.20624e-020
292.292  3.9969e-020
293.314  3.79007e-020
294.336  3.58595e-020
295.358  3.38475e-020
296.38  3.18666e-020
297.402  2.9919e-020
298.424  2.80069e-020
299.446  2.61327e-020
300.468  2.42987e-020
301.49  2.25073e-020
302.512  2.07612e-020
303.534  1.90628e-020
304.556  1.74149e-020
305.578  1.58204e-020
306.6  1.4282e-020
307.622  1.28028e-020
308.644  1.13858e-020
309.666  1.00343e-020
310.688  8.75135e-021
311.71  7.54048e-021
312.732  6.4051e-021
313.754  5.34881e-021
314.776  4.37527e-021
315.798  3.4883e-021
316.82  2.69179e-021
317.842  1.98976e-021
318.864  1.38635e-021
319.886  8.85809e-022
320.908  4.92505e-022
321.93  2.10916e-022
322.952  4.56204e-023
