1.022  2.92713e-019
2.044  2.92642e-019
3.066  2.92571e-019
4.088  2.92501e-019
5.11  2.92432e-019
6.132  2.92362e-019
7.154  2.92293e-019
8.176  2.92222e-019
9.198  2.92151e-019
10.22  2.92079e-019
11.242  2.92006e-019
12.264  2.91932e-019
13.286  2.91857e-019
14.308  2.91781e-019
15.33  2.91705e-019
16.352  2.91629e-019
17.374  2.91553e-019
18.396  2.91476e-019
19.418  2.914e-019
20.44  2.91324e-019
21.462  2.91249e-019
22.484  2.91174e-019
23.506  2.91099e-019
24.528  2.91025e-019
25.55  2.90952e-019
26.572  2.90879e-019
27.594  2.90807e-019
28.616  2.90736e-019
29.638  2.90665e-019
30.66  2.90595e-019
31.682  2.90525e-019
32.704  2.90455e-019
33.726  2.90386e-019
34.748  2.90317e-019
35.77  2.90248e-019
36.792  2.90179e-019
37.814  2.9011e-019
38.836  2.9004e-019
39.858  2.8997e-019
40.88  2.899e-019
41.902  2.8983e-019
42.924  2.89758e-019
43.946  2.89686e-019
44.968  2.89613e-019
45.99  2.89539e-019
47.012  2.89463e-019
48.034  2.89386e-019
49.056  2.89308e-019
50.078  2.89228e-019
51.1  2.89147e-019
52.122  2.89063e-019
53.144  2.88978e-019
54.166  2.8889e-019
55.188  2.888e-019
56.21  2.88708e-019
57.232  2.88613e-019
58.254  2.88516e-019
59.276  2.88416e-019
60.298  2.88313e-019
61.32  2.88206e-019
62.342  2.88097e-019
63.364  2.87985e-019
64.386  2.87869e-019
65.408  2.8775e-019
66.43  2.87627e-019
67.452  2.875e-019
68.474  2.8737e-019
69.496  2.87235e-019
70.518  2.87097e-019
71.54  2.86954e-019
72.562  2.86807e-019
73.584  2.86656e-019
74.606  2.865e-019
75.628  2.8634e-019
76.65  2.86175e-019
77.672  2.86005e-019
78.694  2.8583e-019
79.716  2.8565e-019
80.738  2.85465e-019
81.76  2.85275e-019
82.782  2.85079e-019
83.804  2.84878e-019
84.826  2.84672e-019
85.848  2.8446e-019
86.87  2.84242e-019
87.892  2.84019e-019
88.914  2.8379e-019
89.936  2.83554e-019
90.958  2.83313e-019
91.98  2.83066e-019
93.002  2.82812e-019
94.024  2.82552e-019
95.046  2.82286e-019
96.068  2.82013e-019
97.09  2.81734e-019
98.112  2.81448e-019
99.134  2.81156e-019
100.156  2.80856e-019
101.178  2.8055e-019
102.2  2.80237e-019
103.222  2.79917e-019
104.244  2.7959e-019
105.266  2.79256e-019
106.288  2.78914e-019
107.31  2.78565e-019
108.332  2.78209e-019
109.354  2.77846e-019
110.376  2.77474e-019
111.398  2.77096e-019
112.42  2.7671e-019
113.442  2.76316e-019
114.464  2.75914e-019
115.486  2.75504e-019
116.508  2.75087e-019
117.53  2.74661e-019
118.552  2.74228e-019
119.574  2.73786e-019
120.596  2.73336e-019
121.618  2.72878e-019
122.64  2.72412e-019
123.662  2.71937e-019
124.684  2.71454e-019
125.706  2.70963e-019
126.728  2.70463e-019
127.75  2.69954e-019
128.772  2.69437e-019
129.794  2.6891e-019
130.816  2.68375e-019
131.838  2.67832e-019
132.86  2.67279e-019
133.882  2.66717e-019
134.904  2.66147e-019
135.926  2.65567e-019
136.948  2.64978e-019
137.97  2.64379e-019
138.992  2.63772e-019
140.014  2.63155e-019
141.036  2.62529e-019
142.058  2.61893e-019
143.08  2.61247e-019
144.102  2.60592e-019
145.124  2.59928e-019
146.146  2.59253e-019
147.168  2.58569e-019
148.19  2.57875e-019
149.212  2.57171e-019
150.234  2.56457e-019
151.256  2.55733e-019
152.278  2.54999e-019
153.3  2.54254e-019
154.322  2.53499e-019
155.344  2.52734e-019
156.366  2.51959e-019
157.388  2.51173e-019
158.41  2.50376e-019
159.432  2.49569e-019
160.454  2.48751e-019
161.476  2.47923e-019
162.498  2.47083e-019
163.52  2.46233e-019
164.542  2.45371e-019
165.564  2.44499e-019
166.586  2.43615e-019
167.608  2.42721e-019
168.63  2.41815e-019
169.652  2.40897e-019
170.674  2.39968e-019
171.696  2.39028e-019
172.718  2.38075e-019
173.74  2.37112e-019
174.762  2.36136e-019
175.784  2.35149e-019
176.806  2.34149e-019
177.828  2.33138e-019
178.85  2.32114e-019
179.872  2.31079e-019
180.894  2.3003e-019
181.916  2.2897e-019
182.938  2.27897e-019
183.96  2.26812e-019
184.982  2.25714e-019
186.004  2.24603e-019
187.026  2.2348e-019
188.048  2.22343e-019
189.07  2.21194e-019
190.092  2.20031e-019
191.114  2.18856e-019
192.136  2.17667e-019
193.158  2.16464e-019
194.18  2.15249e-019
195.202  2.1402e-019
196.224  2.12777e-019
197.246  2.1152e-019
198.268  2.1025e-019
199.29  2.08966e-019
200.312  2.07668e-019
201.334  2.06356e-019
202.356  2.0503e-019
203.378  2.03689e-019
204.4  2.02335e-019
205.422  2.00966e-019
206.444  1.99582e-019
207.466  1.98184e-019
208.488  1.96772e-019
209.51  1.95345e-019
210.532  1.93903e-019
211.554  1.92446e-019
212.576  1.90975e-019
213.598  1.89488e-019
214.62  1.87987e-019
215.642  1.8647e-019
216.664  1.84939e-019
217.686  1.83392e-019
218.708  1.8183e-019
219.73  1.80253e-019
220.752  1.78661e-019
221.774  1.77053e-019
222.796  1.7543e-019
223.818  1.73792e-019
224.84  1.72138e-019
225.862  1.70469e-019
226.884  1.68784e-019
227.906  1.67085e-019
228.928  1.65369e-019
229.95  1.63639e-019
230.972  1.61893e-019
231.994  1.60132e-019
233.016  1.58356e-019
234.038  1.56564e-019
235.06  1.54757e-019
236.082  1.52936e-019
237.104  1.51099e-019
238.126  1.49247e-019
239.148  1.47381e-019
240.17  1.45499e-019
241.192  1.43604e-019
242.214  1.41693e-019
243.236  1.39769e-019
244.258  1.3783e-019
245.28  1.35878e-019
246.302  1.33911e-019
247.324  1.31931e-019
248.346  1.29938e-019
249.368  1.27932e-019
250.39  1.25912e-019
251.412  1.23881e-019
252.434  1.21836e-019
253.456  1.1978e-019
254.478  1.17712e-019
255.5  1.15633e-019
256.522  1.13543e-019
257.544  1.11442e-019
258.566  1.09332e-019
259.588  1.07211e-019
260.61  1.05081e-019
261.632  1.02943e-019
262.654  1.00796e-019
263.676  9.86415e-020
264.698  9.64799e-020
265.72  9.43116e-020
266.742  9.21375e-020
267.764  8.9958e-020
268.786  8.7774e-020
269.808  8.55861e-020
270.83  8.3395e-020
271.852  8.12017e-020
272.874  7.90067e-020
273.896  7.68112e-020
274.918  7.46158e-020
275.94  7.24216e-020
276.962  7.02296e-020
277.984  6.80407e-020
279.006  6.5856e-020
280.028  6.36767e-020
281.05  6.15037e-020
282.072  5.93385e-020
283.094  5.71821e-020
284.116  5.50359e-020
285.138  5.29012e-020
286.16  5.07794e-020
287.182  4.8672e-020
288.204  4.65804e-020
289.226  4.45063e-020
290.248  4.24511e-020
291.27  4.04167e-020
292.292  3.84046e-020
293.314  3.64168e-020
294.336  3.44551e-020
295.358  3.25213e-020
296.38  3.06176e-020
297.402  2.87459e-020
298.424  2.69084e-020
299.446  2.51072e-020
300.468  2.33448e-020
301.49  2.16234e-020
302.512  1.99454e-020
303.534  1.83135e-020
304.556  1.67301e-020
305.578  1.51979e-020
306.6  1.37198e-020
307.622  1.22986e-020
308.644  1.09372e-020
309.666  9.63869e-021
310.688  8.40618e-021
311.71  7.24291e-021
312.732  6.15221e-021
313.754  5.1375e-021
314.776  4.20234e-021
315.798  3.35034e-021
316.82  2.58527e-021
317.842  1.91098e-021
318.864  1.33143e-021
319.886  8.50697e-022
320.908  4.72971e-022
321.93  2.02546e-022
322.952  4.38088e-023
