1.022  1.73854e-019
2.044  1.74149e-019
3.066  1.74442e-019
4.088  1.74734e-019
5.11  1.75023e-019
6.132  1.7531e-019
7.154  1.75595e-019
8.176  1.75877e-019
9.198  1.76156e-019
10.22  1.76432e-019
11.242  1.76706e-019
12.264  1.76977e-019
13.286  1.77245e-019
14.308  1.7751e-019
15.33  1.77773e-019
16.352  1.78034e-019
17.374  1.78292e-019
18.396  1.78548e-019
19.418  1.78802e-019
20.44  1.79054e-019
21.462  1.79304e-019
22.484  1.79552e-019
23.506  1.79799e-019
24.528  1.80044e-019
25.55  1.80287e-019
26.572  1.80528e-019
27.594  1.80767e-019
28.616  1.81005e-019
29.638  1.81241e-019
30.66  1.81475e-019
31.682  1.81708e-019
32.704  1.81938e-019
33.726  1.82167e-019
34.748  1.82394e-019
35.77  1.82619e-019
36.792  1.82842e-019
37.814  1.83063e-019
38.836  1.83282e-019
39.858  1.83498e-019
40.88  1.83713e-019
41.902  1.83925e-019
42.924  1.84134e-019
43.946  1.84341e-019
44.968  1.84546e-019
45.99  1.84748e-019
47.012  1.84947e-019
48.034  1.85144e-019
49.056  1.85338e-019
50.078  1.85528e-019
51.1  1.85716e-019
52.122  1.85901e-019
53.144  1.86083e-019
54.166  1.86261e-019
55.188  1.86436e-019
56.21  1.86608e-019
57.232  1.86777e-019
58.254  1.86941e-019
59.276  1.87103e-019
60.298  1.8726e-019
61.32  1.87414e-019
62.342  1.87564e-019
63.364  1.8771e-019
64.386  1.87852e-019
65.408  1.8799e-019
66.43  1.88124e-019
67.452  1.88254e-019
68.474  1.8838e-019
69.496  1.88501e-019
70.518  1.88618e-019
71.54  1.8873e-019
72.562  1.88838e-019
73.584  1.88941e-019
74.606  1.8904e-019
75.628  1.89134e-019
76.65  1.89223e-019
77.672  1.89307e-019
78.694  1.89387e-019
79.716  1.89461e-019
80.738  1.8953e-019
81.76  1.89594e-019
82.782  1.89653e-019
83.804  1.89707e-019
84.826  1.89755e-019
85.848  1.89798e-019
86.87  1.89836e-019
87.892  1.89868e-019
88.914  1.89895e-019
89.936  1.89916e-019
90.958  1.89931e-019
91.98  1.89941e-019
93.002  1.89945e-019
94.024  1.89943e-019
95.046  1.89935e-019
96.068  1.89922e-019
97.09  1.89902e-019
98.112  1.89876e-019
99.134  1.89845e-019
100.156  1.89807e-019
101.178  1.89763e-019
102.2  1.89713e-019
103.222  1.89656e-019
104.244  1.89593e-019
105.266  1.89524e-019
106.288  1.89448e-019
107.31  1.89366e-019
108.332  1.89277e-019
109.354  1.89182e-019
110.376  1.8908e-019
111.398  1.88971e-019
112.42  1.88856e-019
113.442  1.88734e-019
114.464  1.88605e-019
115.486  1.88469e-019
116.508  1.88326e-019
117.53  1.88176e-019
118.552  1.8802e-019
119.574  1.87856e-019
120.596  1.87685e-019
121.618  1.87507e-019
122.64  1.87322e-019
123.662  1.8713e-019
124.684  1.8693e-019
125.706  1.86723e-019
126.728  1.86509e-019
127.75  1.86287e-019
128.772  1.86058e-019
129.794  1.85821e-019
130.816  1.85577e-019
131.838  1.85325e-019
132.86  1.85065e-019
133.882  1.84798e-019
134.904  1.84523e-019
135.926  1.8424e-019
136.948  1.8395e-019
137.97  1.83652e-019
138.992  1.83345e-019
140.014  1.83031e-019
141.036  1.82709e-019
142.058  1.82378e-019
143.08  1.8204e-019
144.102  1.81693e-019
145.124  1.81338e-019
146.146  1.80975e-019
147.168  1.80604e-019
148.19  1.80224e-019
149.212  1.79836e-019
150.234  1.7944e-019
151.256  1.79035e-019
152.278  1.78621e-019
153.3  1.78199e-019
154.322  1.77768e-019
155.344  1.77329e-019
156.366  1.76881e-019
157.388  1.76423e-019
158.41  1.75958e-019
159.432  1.75483e-019
160.454  1.74999e-019
161.476  1.74506e-019
162.498  1.74004e-019
163.52  1.73493e-019
164.542  1.72973e-019
165.564  1.72444e-019
166.586  1.71905e-019
167.608  1.71357e-019
168.63  1.70799e-019
169.652  1.70232e-019
170.674  1.69656e-019
171.696  1.6907e-019
172.718  1.68474e-019
173.74  1.67869e-019
174.762  1.67253e-019
175.784  1.66628e-019
176.806  1.65993e-019
177.828  1.65348e-019
178.85  1.64694e-019
179.872  1.64029e-019
180.894  1.63353e-019
181.916  1.62668e-019
182.938  1.61972e-019
183.96  1.61266e-019
184.982  1.6055e-019
186.004  1.59823e-019
187.026  1.59086e-019
188.048  1.58338e-019
189.07  1.5758e-019
190.092  1.5681e-019
191.114  1.5603e-019
192.136  1.55239e-019
193.158  1.54438e-019
194.18  1.53625e-019
195.202  1.52801e-019
196.224  1.51966e-019
197.246  1.5112e-019
198.268  1.50263e-019
199.29  1.49395e-019
200.312  1.48515e-019
201.334  1.47624e-019
202.356  1.46721e-019
203.378  1.45807e-019
204.4  1.44882e-019
205.422  1.43944e-019
206.444  1.42996e-019
207.466  1.42035e-019
208.488  1.41063e-019
209.51  1.40079e-019
210.532  1.39083e-019
211.554  1.38075e-019
212.576  1.37055e-019
213.598  1.36023e-019
214.62  1.34979e-019
215.642  1.33924e-019
216.664  1.32856e-019
217.686  1.31776e-019
218.708  1.30684e-019
219.73  1.2958e-019
220.752  1.28463e-019
221.774  1.27335e-019
222.796  1.26194e-019
223.818  1.25041e-019
224.84  1.23876e-019
225.862  1.22699e-019
226.884  1.2151e-019
227.906  1.20308e-019
228.928  1.19095e-019
229.95  1.17869e-019
230.972  1.16631e-019
231.994  1.15381e-019
233.016  1.1412e-019
234.038  1.12846e-019
235.06  1.1156e-019
236.082  1.10263e-019
237.104  1.08953e-019
238.126  1.07632e-019
239.148  1.063e-019
240.17  1.04956e-019
241.192  1.036e-019
242.214  1.02234e-019
243.236  1.00856e-019
244.258  9.94671e-020
245.28  9.80674e-020
246.302  9.6657e-020
247.324  9.52361e-020
248.346  9.38048e-020
249.368  9.23633e-020
250.39  9.09119e-020
251.412  8.94507e-020
252.434  8.798e-020
253.456  8.65001e-020
254.478  8.50111e-020
255.5  8.35133e-020
256.522  8.20072e-020
257.544  8.04928e-020
258.566  7.89707e-020
259.588  7.7441e-020
260.61  7.59042e-020
261.632  7.43607e-020
262.654  7.28108e-020
263.676  7.12549e-020
264.698  6.96935e-020
265.72  6.8127e-020
266.742  6.6556e-020
267.764  6.49808e-020
268.786  6.34021e-020
269.808  6.18203e-020
270.83  6.02361e-020
271.852  5.865e-020
272.874  5.70626e-020
273.896  5.54746e-020
274.918  5.38866e-020
275.94  5.22994e-020
276.962  5.07137e-020
277.984  4.91302e-020
279.006  4.75497e-020
280.028  4.5973e-020
281.05  4.4401e-020
282.072  4.28346e-020
283.094  4.12747e-020
284.116  3.97222e-020
285.138  3.81781e-020
286.16  3.66434e-020
287.182  3.51192e-020
288.204  3.36066e-020
289.226  3.21068e-020
290.248  3.06208e-020
291.27  2.915e-020
292.292  2.76956e-020
293.314  2.62589e-020
294.336  2.48412e-020
295.358  2.3444e-020
296.38  2.20686e-020
297.402  2.07167e-020
298.424  1.93897e-020
299.446  1.80892e-020
300.468  1.68169e-020
301.49  1.55745e-020
302.512  1.43637e-020
303.534  1.31863e-020
304.556  1.20443e-020
305.578  1.09394e-020
306.6  9.87381e-021
307.622  8.84945e-021
308.644  7.86847e-021
309.666  6.93304e-021
310.688  6.04539e-021
311.71  5.20784e-021
312.732  4.42275e-021
313.754  3.69258e-021
314.776  3.01983e-021
315.798  2.4071e-021
316.82  1.85705e-021
317.842  1.37241e-021
318.864  9.55993e-022
319.886  6.10688e-022
320.908  3.39458e-022
321.93  1.45338e-022
322.952  3.14284e-023
