1.022  9.63388e-020
2.044  9.67921e-020
3.066  9.72428e-020
4.088  9.76909e-020
5.11  9.81361e-020
6.132  9.85786e-020
7.154  9.9018e-020
8.176  9.94543e-020
9.198  9.98875e-020
10.22  1.00318e-019
11.242  1.00744e-019
12.264  1.01168e-019
13.286  1.01589e-019
14.308  1.02006e-019
15.33  1.0242e-019
16.352  1.02832e-019
17.374  1.03241e-019
18.396  1.03646e-019
19.418  1.04049e-019
20.44  1.0445e-019
21.462  1.04848e-019
22.484  1.05243e-019
23.506  1.05635e-019
24.528  1.06025e-019
25.55  1.06413e-019
26.572  1.06797e-019
27.594  1.0718e-019
28.616  1.0756e-019
29.638  1.07937e-019
30.66  1.08312e-019
31.682  1.08684e-019
32.704  1.09054e-019
33.726  1.09421e-019
34.748  1.09786e-019
35.77  1.10148e-019
36.792  1.10507e-019
37.814  1.10864e-019
38.836  1.11218e-019
39.858  1.11569e-019
40.88  1.11917e-019
41.902  1.12263e-019
42.924  1.12606e-019
43.946  1.12946e-019
44.968  1.13282e-019
45.99  1.13616e-019
47.012  1.13947e-019
48.034  1.14275e-019
49.056  1.146e-019
50.078  1.14921e-019
51.1  1.1524e-019
52.122  1.15555e-019
53.144  1.15867e-019
54.166  1.16175e-019
55.188  1.1648e-019
56.21  1.16782e-019
57.232  1.1708e-019
58.254  1.17375e-019
59.276  1.17666e-019
60.298  1.17954e-019
61.32  1.18237e-019
62.342  1.18517e-019
63.364  1.18794e-019
64.386  1.19066e-019
65.408  1.19335e-019
66.43  1.196e-019
67.452  1.19861e-019
68.474  1.20118e-019
69.496  1.2037e-019
70.518  1.20619e-019
71.54  1.20864e-019
72.562  1.21104e-019
73.584  1.21341e-019
74.606  1.21573e-019
75.628  1.218e-019
76.65  1.22024e-019
77.672  1.22243e-019
78.694  1.22457e-019
79.716  1.22667e-019
80.738  1.22873e-019
81.76  1.23074e-019
82.782  1.23271e-019
83.804  1.23462e-019
84.826  1.2365e-019
85.848  1.23832e-019
86.87  1.2401e-019
87.892  1.24183e-019
88.914  1.24351e-019
89.936  1.24514e-019
90.958  1.24672e-019
91.98  1.24826e-019
93.002  1.24974e-019
94.024  1.25117e-019
95.046  1.25256e-019
96.068  1.25389e-019
97.09  1.25517e-019
98.112  1.2564e-019
99.134  1.25757e-019
100.156  1.2587e-019
101.178  1.25977e-019
102.2  1.26079e-019
103.222  1.26175e-019
104.244  1.26266e-019
105.266  1.26352e-019
106.288  1.26432e-019
107.31  1.26506e-019
108.332  1.26575e-019
109.354  1.26639e-019
110.376  1.26697e-019
111.398  1.26749e-019
112.42  1.26796e-019
113.442  1.26837e-019
114.464  1.26872e-019
115.486  1.26901e-019
116.508  1.26925e-019
117.53  1.26942e-019
118.552  1.26954e-019
119.574  1.2696e-019
120.596  1.2696e-019
121.618  1.26954e-019
122.64  1.26942e-019
123.662  1.26924e-019
124.684  1.26899e-019
125.706  1.26869e-019
126.728  1.26832e-019
127.75  1.2679e-019
128.772  1.26741e-019
129.794  1.26685e-019
130.816  1.26624e-019
131.838  1.26556e-019
132.86  1.26482e-019
133.882  1.26401e-019
134.904  1.26314e-019
135.926  1.2622e-019
136.948  1.2612e-019
137.97  1.26014e-019
138.992  1.25901e-019
140.014  1.25781e-019
141.036  1.25654e-019
142.058  1.25521e-019
143.08  1.25381e-019
144.102  1.25234e-019
145.124  1.25081e-019
146.146  1.2492e-019
147.168  1.24753e-019
148.19  1.24579e-019
149.212  1.24398e-019
150.234  1.2421e-019
151.256  1.24015e-019
152.278  1.23812e-019
153.3  1.23603e-019
154.322  1.23386e-019
155.344  1.23163e-019
156.366  1.22932e-019
157.388  1.22693e-019
158.41  1.22448e-019
159.432  1.22195e-019
160.454  1.21935e-019
161.476  1.21667e-019
162.498  1.21391e-019
163.52  1.21109e-019
164.542  1.20818e-019
165.564  1.2052e-019
166.586  1.20214e-019
167.608  1.19901e-019
168.63  1.1958e-019
169.652  1.19251e-019
170.674  1.18914e-019
171.696  1.18569e-019
172.718  1.18216e-019
173.74  1.17856e-019
174.762  1.17487e-019
175.784  1.1711e-019
176.806  1.16726e-019
177.828  1.16332e-019
178.85  1.15931e-019
179.872  1.15522e-019
180.894  1.15104e-019
181.916  1.14678e-019
182.938  1.14243e-019
183.96  1.138e-019
184.982  1.13348e-019
186.004  1.12888e-019
187.026  1.1242e-019
188.048  1.11942e-019
189.07  1.11456e-019
190.092  1.10962e-019
191.114  1.10458e-019
192.136  1.09946e-019
193.158  1.09425e-019
194.18  1.08895e-019
195.202  1.08355e-019
196.224  1.07807e-019
197.246  1.0725e-019
198.268  1.06684e-019
199.29  1.06109e-019
200.312  1.05524e-019
201.334  1.04931e-019
202.356  1.04328e-019
203.378  1.03716e-019
204.4  1.03094e-019
205.422  1.02463e-019
206.444  1.01823e-019
207.466  1.01174e-019
208.488  1.00515e-019
209.51  9.98459e-020
210.532  9.91679e-020
211.554  9.84803e-020
212.576  9.77831e-020
213.598  9.70764e-020
214.62  9.636e-020
215.642  9.56341e-020
216.664  9.48985e-020
217.686  9.41533e-020
218.708  9.33984e-020
219.73  9.26339e-020
220.752  9.18597e-020
221.774  9.10758e-020
222.796  9.02822e-020
223.818  8.9479e-020
224.84  8.86661e-020
225.862  8.78436e-020
226.884  8.70115e-020
227.906  8.61698e-020
228.928  8.53184e-020
229.95  8.44575e-020
230.972  8.35872e-020
231.994  8.27073e-020
233.016  8.18179e-020
234.038  8.09192e-020
235.06  8.00112e-020
236.082  7.90938e-020
237.104  7.81673e-020
238.126  7.72316e-020
239.148  7.62869e-020
240.17  7.53331e-020
241.192  7.43705e-020
242.214  7.33991e-020
243.236  7.24189e-020
244.258  7.14302e-020
245.28  7.04331e-020
246.302  6.94276e-020
247.324  6.84139e-020
248.346  6.73922e-020
249.368  6.63626e-020
250.39  6.53252e-020
251.412  6.42803e-020
252.434  6.32281e-020
253.456  6.21686e-020
254.478  6.11022e-020
255.5  6.0029e-020
256.522  5.89493e-020
257.544  5.78632e-020
258.566  5.67712e-020
259.588  5.56733e-020
260.61  5.457e-020
261.632  5.34614e-020
262.654  5.23479e-020
263.676  5.12298e-020
264.698  5.01074e-020
265.72  4.89812e-020
266.742  4.78513e-020
267.764  4.67183e-020
268.786  4.55824e-020
269.808  4.44442e-020
270.83  4.33041e-020
271.852  4.21624e-020
272.874  4.10197e-020
273.896  3.98764e-020
274.918  3.8733e-020
275.94  3.75901e-020
276.962  3.64482e-020
277.984  3.53078e-020
279.006  3.41696e-020
280.028  3.30341e-020
281.05  3.1902e-020
282.072  3.07739e-020
283.094  2.96505e-020
284.116  2.85326e-020
285.138  2.74207e-020
286.16  2.63157e-020
287.182  2.52183e-020
288.204  2.41294e-020
289.226  2.30498e-020
290.248  2.19803e-020
291.27  2.09218e-020
292.292  1.98753e-020
293.314  1.88417e-020
294.336  1.78219e-020
295.358  1.68171e-020
296.38  1.58281e-020
297.402  1.48562e-020
298.424  1.39024e-020
299.446  1.29678e-020
300.468  1.20537e-020
301.49  1.11612e-020
302.512  1.02917e-020
303.534  9.4464e-021
304.556  8.62666e-021
305.578  7.83384e-021
306.6  7.06938e-021
307.622  6.33472e-021
308.644  5.63137e-021
309.666  4.96088e-021
310.688  4.32483e-021
311.71  3.72486e-021
312.732  3.16265e-021
313.754  2.63993e-021
314.776  2.15848e-021
315.798  1.72013e-021
316.82  1.32675e-021
317.842  9.80276e-022
318.864  6.82678e-022
319.886  4.35989e-022
320.908  2.4229e-022
321.93  1.0371e-022
322.952  2.2421e-023
