1.022  4.57999e-020
2.044  4.62679e-020
3.066  4.67338e-020
4.088  4.71975e-020
5.11  4.76589e-020
6.132  4.81181e-020
7.154  4.85749e-020
8.176  4.90292e-020
9.198  4.94811e-020
10.22  4.99306e-020
11.242  5.03775e-020
12.264  5.08219e-020
13.286  5.12639e-020
14.308  5.17034e-020
15.33  5.21405e-020
16.352  5.25752e-020
17.374  5.30075e-020
18.396  5.34374e-020
19.418  5.3865e-020
20.44  5.42904e-020
21.462  5.47134e-020
22.484  5.51342e-020
23.506  5.55527e-020
24.528  5.59689e-020
25.55  5.6383e-020
26.572  5.67948e-020
27.594  5.72043e-020
28.616  5.76116e-020
29.638  5.80167e-020
30.66  5.84196e-020
31.682  5.88202e-020
32.704  5.92185e-020
33.726  5.96145e-020
34.748  6.00082e-020
35.77  6.03997e-020
36.792  6.07888e-020
37.814  6.11755e-020
38.836  6.15599e-020
39.858  6.19419e-020
40.88  6.23214e-020
41.902  6.26985e-020
42.924  6.30732e-020
43.946  6.34454e-020
44.968  6.3815e-020
45.99  6.41821e-020
47.012  6.45466e-020
48.034  6.49085e-020
49.056  6.52678e-020
50.078  6.56244e-020
51.1  6.59783e-020
52.122  6.63296e-020
53.144  6.6678e-020
54.166  6.70237e-020
55.188  6.73665e-020
56.21  6.77065e-020
57.232  6.80437e-020
58.254  6.83779e-020
59.276  6.87092e-020
60.298  6.90375e-020
61.32  6.93628e-020
62.342  6.96851e-020
63.364  7.00043e-020
64.386  7.03204e-020
65.408  7.06334e-020
66.43  7.09432e-020
67.452  7.12499e-020
68.474  7.15533e-020
69.496  7.18534e-020
70.518  7.21503e-020
71.54  7.24438e-020
72.562  7.2734e-020
73.584  7.30208e-020
74.606  7.33042e-020
75.628  7.35842e-020
76.65  7.38607e-020
77.672  7.41336e-020
78.694  7.4403e-020
79.716  7.46689e-020
80.738  7.49312e-020
81.76  7.51898e-020
82.782  7.54448e-020
83.804  7.56961e-020
84.826  7.59436e-020
85.848  7.61874e-020
86.87  7.64275e-020
87.892  7.66637e-020
88.914  7.68961e-020
89.936  7.71246e-020
90.958  7.73492e-020
91.98  7.75699e-020
93.002  7.77866e-020
94.024  7.79993e-020
95.046  7.8208e-020
96.068  7.84127e-020
97.09  7.86133e-020
98.112  7.88098e-020
99.134  7.90021e-020
100.156  7.91903e-020
101.178  7.93743e-020
102.2  7.95541e-020
103.222  7.97297e-020
104.244  7.99009e-020
105.266  8.00679e-020
106.288  8.02305e-020
107.31  8.03888e-020
108.332  8.05427e-020
109.354  8.06922e-020
110.376  8.08372e-020
111.398  8.09777e-020
112.42  8.11138e-020
113.442  8.12453e-020
114.464  8.13722e-020
115.486  8.14946e-020
116.508  8.16124e-020
117.53  8.17255e-020
118.552  8.18339e-020
119.574  8.19377e-020
120.596  8.20367e-020
121.618  8.21309e-020
122.64  8.22204e-020
123.662  8.23051e-020
124.684  8.23849e-020
125.706  8.24599e-020
126.728  8.25299e-020
127.75  8.2595e-020
128.772  8.26552e-020
129.794  8.27104e-020
130.816  8.27606e-020
131.838  8.28057e-020
132.86  8.28457e-020
133.882  8.28807e-020
134.904  8.29105e-020
135.926  8.29352e-020
136.948  8.29546e-020
137.97  8.29689e-020
138.992  8.29779e-020
140.014  8.29816e-020
141.036  8.298e-020
142.058  8.2973e-020
143.08  8.29607e-020
144.102  8.2943e-020
145.124  8.29198e-020
146.146  8.28912e-020
147.168  8.2857e-020
148.19  8.28173e-020
149.212  8.27721e-020
150.234  8.27213e-020
151.256  8.26648e-020
152.278  8.26027e-020
153.3  8.25349e-020
154.322  8.24613e-020
155.344  8.2382e-020
156.366  8.22969e-020
157.388  8.2206e-020
158.41  8.21092e-020
159.432  8.20065e-020
160.454  8.18979e-020
161.476  8.17833e-020
162.498  8.16627e-020
163.52  8.15361e-020
164.542  8.14034e-020
165.564  8.12646e-020
166.586  8.11197e-020
167.608  8.09686e-020
168.63  8.08112e-020
169.652  8.06477e-020
170.674  8.04778e-020
171.696  8.03017e-020
172.718  8.01192e-020
173.74  7.99303e-020
174.762  7.9735e-020
175.784  7.95332e-020
176.806  7.93249e-020
177.828  7.91101e-020
178.85  7.88887e-020
179.872  7.86607e-020
180.894  7.84261e-020
181.916  7.81848e-020
182.938  7.79368e-020
183.96  7.76821e-020
184.982  7.74206e-020
186.004  7.71522e-020
187.026  7.6877e-020
188.048  7.6595e-020
189.07  7.6306e-020
190.092  7.601e-020
191.114  7.57071e-020
192.136  7.53971e-020
193.158  7.50801e-020
194.18  7.4756e-020
195.202  7.44248e-020
196.224  7.40865e-020
197.246  7.3741e-020
198.268  7.33883e-020
199.29  7.30283e-020
200.312  7.26611e-020
201.334  7.22866e-020
202.356  7.19048e-020
203.378  7.15156e-020
204.4  7.11191e-020
205.422  7.07152e-020
206.444  7.03038e-020
207.466  6.98851e-020
208.488  6.94589e-020
209.51  6.90252e-020
210.532  6.85841e-020
211.554  6.81355e-020
212.576  6.76793e-020
213.598  6.72156e-020
214.62  6.67444e-020
215.642  6.62656e-020
216.664  6.57793e-020
217.686  6.52855e-020
218.708  6.47841e-020
219.73  6.42751e-020
220.752  6.37586e-020
221.774  6.32346e-020
222.796  6.2703e-020
223.818  6.21638e-020
224.84  6.16172e-020
225.862  6.10631e-020
226.884  6.05015e-020
227.906  5.99324e-020
228.928  5.93559e-020
229.95  5.8772e-020
230.972  5.81807e-020
231.994  5.75821e-020
233.016  5.69762e-020
234.038  5.6363e-020
235.06  5.57426e-020
236.082  5.51151e-020
237.104  5.44805e-020
238.126  5.38388e-020
239.148  5.31902e-020
240.17  5.25347e-020
241.192  5.18723e-020
242.214  5.12032e-020
243.236  5.05275e-020
244.258  4.98452e-020
245.28  4.91564e-020
246.302  4.84612e-020
247.324  4.77598e-020
248.346  4.70523e-020
249.368  4.63387e-020
250.39  4.56192e-020
251.412  4.4894e-020
252.434  4.41632e-020
253.456  4.34269e-020
254.478  4.26853e-020
255.5  4.19386e-020
256.522  4.1187e-020
257.544  4.04305e-020
258.566  3.96695e-020
259.588  3.8904e-020
260.61  3.81344e-020
261.632  3.73609e-020
262.654  3.65836e-020
263.676  3.58028e-020
264.698  3.50187e-020
265.72  3.42317e-020
266.742  3.3442e-020
267.764  3.26498e-020
268.786  3.18555e-020
269.808  3.10593e-020
270.83  3.02616e-020
271.852  2.94627e-020
272.874  2.8663e-020
273.896  2.78627e-020
274.918  2.70623e-020
275.94  2.62621e-020
276.962  2.54626e-020
277.984  2.46641e-020
279.006  2.38671e-020
280.028  2.3072e-020
281.05  2.22792e-020
282.072  2.14893e-020
283.094  2.07027e-020
284.116  1.99199e-020
285.138  1.91414e-020
286.16  1.83678e-020
287.182  1.75996e-020
288.204  1.68374e-020
289.226  1.60818e-020
290.248  1.53334e-020
291.27  1.45928e-020
292.292  1.38607e-020
293.314  1.31377e-020
294.336  1.24246e-020
295.358  1.1722e-020
296.38  1.10307e-020
297.402  1.03515e-020
298.424  9.68502e-021
299.446  9.0322e-021
300.468  8.39383e-021
301.49  7.77077e-021
302.512  7.16388e-021
303.534  6.57406e-021
304.556  6.00225e-021
305.578  5.4494e-021
306.6  4.91649e-021
307.622  4.40453e-021
308.644  3.91455e-021
309.666  3.44763e-021
310.688  3.00485e-021
311.71  2.58734e-021
312.732  2.19625e-021
313.754  1.83278e-021
314.776  1.49813e-021
315.798  1.19356e-021
316.82  9.20349e-022
317.842  6.79812e-022
318.864  4.73296e-022
319.886  3.02181e-022
320.908  1.6788e-022
321.93  7.18382e-023
322.952  1.55259e-023
