1.022  2.11343e-020
2.044  2.15305e-020
3.066  2.19258e-020
4.088  2.23199e-020
5.11  2.2713e-020
6.132  2.31049e-020
7.154  2.34956e-020
8.176  2.38851e-020
9.198  2.42733e-020
10.22  2.46602e-020
11.242  2.50457e-020
12.264  2.543e-020
13.286  2.58129e-020
14.308  2.61944e-020
15.33  2.65746e-020
16.352  2.69535e-020
17.374  2.7331e-020
18.396  2.77072e-020
19.418  2.8082e-020
20.44  2.84555e-020
21.462  2.88277e-020
22.484  2.91984e-020
23.506  2.95679e-020
24.528  2.99359e-020
25.55  3.03027e-020
26.572  3.0668e-020
27.594  3.10319e-020
28.616  3.13945e-020
29.638  3.17556e-020
30.66  3.21154e-020
31.682  3.24737e-020
32.704  3.28305e-020
33.726  3.31859e-020
34.748  3.35398e-020
35.77  3.38921e-020
36.792  3.4243e-020
37.814  3.45923e-020
38.836  3.494e-020
39.858  3.52862e-020
40.88  3.56307e-020
41.902  3.59736e-020
42.924  3.63149e-020
43.946  3.66545e-020
44.968  3.69923e-020
45.99  3.73284e-020
47.012  3.76628e-020
48.034  3.79954e-020
49.056  3.83262e-020
50.078  3.86552e-020
51.1  3.89822e-020
52.122  3.93074e-020
53.144  3.96307e-020
54.166  3.99521e-020
55.188  4.02715e-020
56.21  4.05888e-020
57.232  4.09042e-020
58.254  4.12175e-020
59.276  4.15287e-020
60.298  4.18379e-020
61.32  4.21449e-020
62.342  4.24497e-020
63.364  4.27523e-020
64.386  4.30527e-020
65.408  4.33509e-020
66.43  4.36468e-020
67.452  4.39404e-020
68.474  4.42317e-020
69.496  4.45206e-020
70.518  4.48071e-020
71.54  4.50912e-020
72.562  4.53729e-020
73.584  4.56521e-020
74.606  4.59288e-020
75.628  4.6203e-020
76.65  4.64746e-020
77.672  4.67437e-020
78.694  4.70101e-020
79.716  4.72739e-020
80.738  4.75351e-020
81.76  4.77935e-020
82.782  4.80493e-020
83.804  4.83023e-020
84.826  4.85525e-020
85.848  4.87999e-020
86.87  4.90445e-020
87.892  4.92862e-020
88.914  4.95251e-020
89.936  4.97611e-020
90.958  4.99941e-020
91.98  5.02242e-020
93.002  5.04512e-020
94.024  5.06753e-020
95.046  5.08963e-020
96.068  5.11143e-020
97.09  5.13291e-020
98.112  5.15409e-020
99.134  5.17495e-020
100.156  5.19549e-020
101.178  5.21571e-020
102.2  5.23561e-020
103.222  5.25519e-020
104.244  5.27444e-020
105.266  5.29335e-020
106.288  5.31194e-020
107.31  5.33019e-020
108.332  5.3481e-020
109.354  5.36567e-020
110.376  5.38289e-020
111.398  5.39977e-020
112.42  5.4163e-020
113.442  5.43248e-020
114.464  5.44831e-020
115.486  5.46378e-020
116.508  5.47889e-020
117.53  5.49364e-020
118.552  5.50802e-020
119.574  5.52204e-020
120.596  5.53569e-020
121.618  5.54896e-020
122.64  5.56186e-020
123.662  5.57438e-020
124.684  5.58653e-020
125.706  5.59829e-020
126.728  5.60966e-020
127.75  5.62065e-020
128.772  5.63124e-020
129.794  5.64144e-020
130.816  5.65125e-020
131.838  5.66065e-020
132.86  5.66965e-020
133.882  5.67825e-020
134.904  5.68644e-020
135.926  5.69423e-020
136.948  5.7016e-020
137.97  5.70855e-020
138.992  5.71508e-020
140.014  5.7212e-020
141.036  5.72689e-020
142.058  5.73215e-020
143.08  5.73698e-020
144.102  5.74138e-020
145.124  5.74535e-020
146.146  5.74888e-020
147.168  5.75196e-020
148.19  5.75461e-020
149.212  5.7568e-020
150.234  5.75855e-020
151.256  5.75984e-020
152.278  5.76068e-020
153.3  5.76106e-020
154.322  5.76098e-020
155.344  5.76043e-020
156.366  5.75941e-020
157.388  5.75793e-020
158.41  5.75597e-020
159.432  5.75354e-020
160.454  5.75062e-020
161.476  5.74723e-020
162.498  5.74335e-020
163.52  5.73897e-020
164.542  5.73411e-020
165.564  5.72876e-020
166.586  5.7229e-020
167.608  5.71655e-020
168.63  5.70969e-020
169.652  5.70232e-020
170.674  5.69445e-020
171.696  5.68606e-020
172.718  5.67716e-020
173.74  5.66773e-020
174.762  5.65779e-020
175.784  5.64732e-020
176.806  5.63632e-020
177.828  5.62479e-020
178.85  5.61273e-020
179.872  5.60013e-020
180.894  5.58699e-020
181.916  5.57331e-020
182.938  5.55908e-020
183.96  5.5443e-020
184.982  5.52898e-020
186.004  5.51309e-020
187.026  5.49665e-020
188.048  5.47965e-020
189.07  5.46209e-020
190.092  5.44396e-020
191.114  5.42527e-020
192.136  5.406e-020
193.158  5.38616e-020
194.18  5.36575e-020
195.202  5.34475e-020
196.224  5.32318e-020
197.246  5.30102e-020
198.268  5.27828e-020
199.29  5.25495e-020
200.312  5.23103e-020
201.334  5.20652e-020
202.356  5.18142e-020
203.378  5.15572e-020
204.4  5.12943e-020
205.422  5.10254e-020
206.444  5.07504e-020
207.466  5.04695e-020
208.488  5.01825e-020
209.51  4.98895e-020
210.532  4.95904e-020
211.554  4.92853e-020
212.576  4.89741e-020
213.598  4.86568e-020
214.62  4.83335e-020
215.642  4.80041e-020
216.664  4.76686e-020
217.686  4.7327e-020
218.708  4.69793e-020
219.73  4.66255e-020
220.752  4.62657e-020
221.774  4.58998e-020
222.796  4.55279e-020
223.818  4.51499e-020
224.84  4.47659e-020
225.862  4.43758e-020
226.884  4.39798e-020
227.906  4.35778e-020
228.928  4.31698e-020
229.95  4.2756e-020
230.972  4.23362e-020
231.994  4.19106e-020
233.016  4.14791e-020
234.038  4.10419e-020
235.06  4.05989e-020
236.082  4.01502e-020
237.104  3.96959e-020
238.126  3.9236e-020
239.148  3.87705e-020
240.17  3.82996e-020
241.192  3.78232e-020
242.214  3.73415e-020
243.236  3.68545e-020
244.258  3.63623e-020
245.28  3.58649e-020
246.302  3.53626e-020
247.324  3.48553e-020
248.346  3.43431e-020
249.368  3.38262e-020
250.39  3.33046e-020
251.412  3.27785e-020
252.434  3.22479e-020
253.456  3.17131e-020
254.478  3.11741e-020
255.5  3.0631e-020
256.522  3.0084e-020
257.544  2.95333e-020
258.566  2.8979e-020
259.588  2.84212e-020
260.61  2.78601e-020
261.632  2.72959e-020
262.654  2.67287e-020
263.676  2.61588e-020
264.698  2.55864e-020
265.72  2.50115e-020
266.742  2.44346e-020
267.764  2.38557e-020
268.786  2.32751e-020
269.808  2.2693e-020
270.83  2.21096e-020
271.852  2.15253e-020
272.874  2.09403e-020
273.896  2.03548e-020
274.918  1.97692e-020
275.94  1.91836e-020
276.962  1.85985e-020
277.984  1.80141e-020
279.006  1.74307e-020
280.028  1.68487e-020
281.05  1.62685e-020
282.072  1.56903e-020
283.094  1.51145e-020
284.116  1.45415e-020
285.138  1.39718e-020
286.16  1.34056e-020
287.182  1.28435e-020
288.204  1.22858e-020
289.226  1.17329e-020
290.248  1.11854e-020
291.27  1.06437e-020
292.292  1.01083e-020
293.314  9.5796e-021
294.336  9.05821e-021
295.358  8.54463e-021
296.38  8.0394e-021
297.402  7.54307e-021
298.424  7.05621e-021
299.446  6.5794e-021
300.468  6.11327e-021
301.49  5.65841e-021
302.512  5.21548e-021
303.534  4.78513e-021
304.556  4.36804e-021
305.578  3.96488e-021
306.6  3.57639e-021
307.622  3.20328e-021
308.644  2.8463e-021
309.666  2.50623e-021
310.688  2.18385e-021
311.71  1.87997e-021
312.732  1.59542e-021
313.754  1.33106e-021
314.776  1.08775e-021
315.798  8.66391e-022
316.82  6.67899e-022
317.842  4.93212e-022
318.864  3.43291e-022
319.886  2.19119e-022
320.908  1.21701e-022
321.93  5.20631e-023
322.952  1.12489e-023
