1.022  3.89476e-020
2.044  3.83036e-020
3.066  3.767e-020
4.088  3.70468e-020
5.11  3.64337e-020
6.132  3.58306e-020
7.154  3.52374e-020
8.176  3.46539e-020
9.198  3.408e-020
10.22  3.35156e-020
11.242  3.29605e-020
12.264  3.24146e-020
13.286  3.1878e-020
14.308  3.13504e-020
15.33  3.08318e-020
16.352  3.03222e-020
17.374  2.98213e-020
18.396  2.93292e-020
19.418  2.88457e-020
20.44  2.83708e-020
21.462  2.79044e-020
22.484  2.74463e-020
23.506  2.69965e-020
24.528  2.65548e-020
25.55  2.61212e-020
26.572  2.56956e-020
27.594  2.52778e-020
28.616  2.48677e-020
29.638  2.44653e-020
30.66  2.40705e-020
31.682  2.36831e-020
32.704  2.3303e-020
33.726  2.29302e-020
34.748  2.25645e-020
35.77  2.22058e-020
36.792  2.1854e-020
37.814  2.1509e-020
38.836  2.11708e-020
39.858  2.08392e-020
40.88  2.05141e-020
41.902  2.01955e-020
42.924  1.98831e-020
43.946  1.9577e-020
44.968  1.92771e-020
45.99  1.89832e-020
47.012  1.86952e-020
48.034  1.84131e-020
49.056  1.81368e-020
50.078  1.78662e-020
51.1  1.76012e-020
52.122  1.73416e-020
53.144  1.70875e-020
54.166  1.68388e-020
55.188  1.65953e-020
56.21  1.6357e-020
57.232  1.61237e-020
58.254  1.58955e-020
59.276  1.56723e-020
60.298  1.54538e-020
61.32  1.52402e-020
62.342  1.50313e-020
63.364  1.4827e-020
64.386  1.46273e-020
65.408  1.4432e-020
66.43  1.42412e-020
67.452  1.40547e-020
68.474  1.38725e-020
69.496  1.36944e-020
70.518  1.35206e-020
71.54  1.33507e-020
72.562  1.31849e-020
73.584  1.3023e-020
74.606  1.2865e-020
75.628  1.27108e-020
76.65  1.25603e-020
77.672  1.24135e-020
78.694  1.22703e-020
79.716  1.21306e-020
80.738  1.19945e-020
81.76  1.18618e-020
82.782  1.17324e-020
83.804  1.16064e-020
84.826  1.14836e-020
85.848  1.1364e-020
86.87  1.12475e-020
87.892  1.11342e-020
88.914  1.10238e-020
89.936  1.09165e-020
90.958  1.0812e-020
91.98  1.07104e-020
93.002  1.06116e-020
94.024  1.05156e-020
95.046  1.04223e-020
96.068  1.03316e-020
97.09  1.02435e-020
98.112  1.0158e-020
99.134  1.0075e-020
100.156  9.99439e-021
101.178  9.9162e-021
102.2  9.84037e-021
103.222  9.76683e-021
104.244  9.69554e-021
105.266  9.62646e-021
106.288  9.55953e-021
107.31  9.49472e-021
108.332  9.43196e-021
109.354  9.37122e-021
110.376  9.31245e-021
111.398  9.2556e-021
112.42  9.20063e-021
113.442  9.1475e-021
114.464  9.09615e-021
115.486  9.04656e-021
116.508  8.99866e-021
117.53  8.95242e-021
118.552  8.9078e-021
119.574  8.86475e-021
120.596  8.82324e-021
121.618  8.78321e-021
122.64  8.74463e-021
123.662  8.70746e-021
124.684  8.67165e-021
125.706  8.63716e-021
126.728  8.60396e-021
127.75  8.572e-021
128.772  8.54125e-021
129.794  8.51167e-021
130.816  8.4832e-021
131.838  8.45583e-021
132.86  8.4295e-021
133.882  8.40419e-021
134.904  8.37985e-021
135.926  8.35644e-021
136.948  8.33393e-021
137.97  8.31227e-021
138.992  8.29145e-021
140.014  8.27141e-021
141.036  8.25212e-021
142.058  8.23355e-021
143.08  8.21565e-021
144.102  8.1984e-021
145.124  8.18176e-021
146.146  8.1657e-021
147.168  8.15017e-021
148.19  8.13515e-021
149.212  8.1206e-021
150.234  8.10649e-021
151.256  8.09279e-021
152.278  8.07946e-021
153.3  8.06647e-021
154.322  8.05379e-021
155.344  8.04138e-021
156.366  8.02922e-021
157.388  8.01726e-021
158.41  8.00549e-021
159.432  7.99387e-021
160.454  7.98237e-021
161.476  7.97096e-021
162.498  7.95961e-021
163.52  7.94829e-021
164.542  7.93697e-021
165.564  7.92562e-021
166.586  7.91422e-021
167.608  7.90273e-021
168.63  7.89113e-021
169.652  7.87938e-021
170.674  7.86747e-021
171.696  7.85537e-021
172.718  7.84304e-021
173.74  7.83047e-021
174.762  7.81762e-021
175.784  7.80447e-021
176.806  7.79101e-021
177.828  7.77719e-021
178.85  7.763e-021
179.872  7.74841e-021
180.894  7.7334e-021
181.916  7.71795e-021
182.938  7.70203e-021
183.96  7.68562e-021
184.982  7.6687e-021
186.004  7.65125e-021
187.026  7.63324e-021
188.048  7.61466e-021
189.07  7.59548e-021
190.092  7.57568e-021
191.114  7.55525e-021
192.136  7.53417e-021
193.158  7.51242e-021
194.18  7.48997e-021
195.202  7.46681e-021
196.224  7.44293e-021
197.246  7.4183e-021
198.268  7.39292e-021
199.29  7.36676e-021
200.312  7.3398e-021
201.334  7.31205e-021
202.356  7.28347e-021
203.378  7.25405e-021
204.4  7.22379e-021
205.422  7.19267e-021
206.444  7.16067e-021
207.466  7.12778e-021
208.488  7.094e-021
209.51  7.05932e-021
210.532  7.02371e-021
211.554  6.98717e-021
212.576  6.9497e-021
213.598  6.91128e-021
214.62  6.87191e-021
215.642  6.83157e-021
216.664  6.79026e-021
217.686  6.74798e-021
218.708  6.70472e-021
219.73  6.66047e-021
220.752  6.61523e-021
221.774  6.56899e-021
222.796  6.52175e-021
223.818  6.47351e-021
224.84  6.42427e-021
225.862  6.37402e-021
226.884  6.32277e-021
227.906  6.27051e-021
228.928  6.21724e-021
229.95  6.16296e-021
230.972  6.10769e-021
231.994  6.05141e-021
233.016  5.99413e-021
234.038  5.93586e-021
235.06  5.8766e-021
236.082  5.81636e-021
237.104  5.75514e-021
238.126  5.69294e-021
239.148  5.62978e-021
240.17  5.56567e-021
241.192  5.50061e-021
242.214  5.43461e-021
243.236  5.36769e-021
244.258  5.29985e-021
245.28  5.23111e-021
246.302  5.16148e-021
247.324  5.09097e-021
248.346  5.01961e-021
249.368  4.9474e-021
250.39  4.87436e-021
251.412  4.80051e-021
252.434  4.72587e-021
253.456  4.65045e-021
254.478  4.57428e-021
255.5  4.49738e-021
256.522  4.41977e-021
257.544  4.34147e-021
258.566  4.26251e-021
259.588  4.18292e-021
260.61  4.10271e-021
261.632  4.02192e-021
262.654  3.94057e-021
263.676  3.8587e-021
264.698  3.77633e-021
265.72  3.6935e-021
266.742  3.61024e-021
267.764  3.52659e-021
268.786  3.44257e-021
269.808  3.35823e-021
270.83  3.2736e-021
271.852  3.18872e-021
272.874  3.10364e-021
273.896  3.01839e-021
274.918  2.93303e-021
275.94  2.84758e-021
276.962  2.76211e-021
277.984  2.67665e-021
279.006  2.59126e-021
280.028  2.50598e-021
281.05  2.42088e-021
282.072  2.336e-021
283.094  2.2514e-021
284.116  2.16713e-021
285.138  2.08326e-021
286.16  1.99985e-021
287.182  1.91695e-021
288.204  1.83464e-021
289.226  1.75298e-021
290.248  1.67205e-021
291.27  1.5919e-021
292.292  1.51261e-021
293.314  1.43426e-021
294.336  1.35693e-021
295.358  1.28069e-021
296.38  1.20563e-021
297.402  1.13183e-021
298.424  1.05938e-021
299.446  9.88365e-022
300.468  9.1888e-022
301.49  8.51018e-022
302.512  7.84878e-022
303.534  7.20559e-022
304.556  6.58165e-022
305.578  5.97801e-022
306.6  5.39579e-022
307.622  4.83608e-022
308.644  4.30007e-022
309.666  3.78893e-022
310.688  3.30389e-022
311.71  2.84622e-022
312.732  2.41721e-022
313.754  2.0182e-022
314.776  1.65056e-022
315.798  1.31571e-022
316.82  1.0151e-022
317.842  7.50221e-023
318.864  5.22618e-023
319.886  3.3387e-023
320.908  1.85599e-023
321.93  7.94701e-024
322.952  1.71864e-024
