1.022  4.20907e-020
2.044  4.1402e-020
3.066  4.07241e-020
4.088  4.0057e-020
5.11  3.94006e-020
6.132  3.87546e-020
7.154  3.81189e-020
8.176  3.74933e-020
9.198  3.68778e-020
10.22  3.62721e-020
11.242  3.56762e-020
12.264  3.509e-020
13.286  3.45134e-020
14.308  3.39463e-020
15.33  3.33886e-020
16.352  3.28402e-020
17.374  3.2301e-020
18.396  3.1771e-020
19.418  3.125e-020
20.44  3.0738e-020
21.462  3.02348e-020
22.484  2.97404e-020
23.506  2.92546e-020
24.528  2.87774e-020
25.55  2.83087e-020
26.572  2.78483e-020
27.594  2.73961e-020
28.616  2.6952e-020
29.638  2.6516e-020
30.66  2.60878e-020
31.682  2.56675e-020
32.704  2.52549e-020
33.726  2.48498e-020
34.748  2.44523e-020
35.77  2.40621e-020
36.792  2.36791e-020
37.814  2.33033e-020
38.836  2.29346e-020
39.858  2.25729e-020
40.88  2.22179e-020
41.902  2.18698e-020
42.924  2.15283e-020
43.946  2.11933e-020
44.968  2.08648e-020
45.99  2.05426e-020
47.012  2.02267e-020
48.034  1.9917e-020
49.056  1.96133e-020
50.078  1.93156e-020
51.1  1.90238e-020
52.122  1.87378e-020
53.144  1.84575e-020
54.166  1.81829e-020
55.188  1.79138e-020
56.21  1.76501e-020
57.232  1.73918e-020
58.254  1.71388e-020
59.276  1.6891e-020
60.298  1.66483e-020
61.32  1.64106e-020
62.342  1.6178e-020
63.364  1.59502e-020
64.386  1.57272e-020
65.408  1.5509e-020
66.43  1.52954e-020
67.452  1.50864e-020
68.474  1.48819e-020
69.496  1.46819e-020
70.518  1.44862e-020
71.54  1.42948e-020
72.562  1.41077e-020
73.584  1.39247e-020
74.606  1.37459e-020
75.628  1.3571e-020
76.65  1.34002e-020
77.672  1.32332e-020
78.694  1.30701e-020
79.716  1.29107e-020
80.738  1.2755e-020
81.76  1.2603e-020
82.782  1.24546e-020
83.804  1.23097e-020
84.826  1.21683e-020
85.848  1.20302e-020
86.87  1.18955e-020
87.892  1.17641e-020
88.914  1.1636e-020
89.936  1.1511e-020
90.958  1.13891e-020
91.98  1.12703e-020
93.002  1.11544e-020
94.024  1.10416e-020
95.046  1.09316e-020
96.068  1.08245e-020
97.09  1.07201e-020
98.112  1.06185e-020
99.134  1.05196e-020
100.156  1.04234e-020
101.178  1.03297e-020
102.2  1.02385e-020
103.222  1.01498e-020
104.244  1.00636e-020
105.266  9.97969e-021
106.288  9.89816e-021
107.31  9.81891e-021
108.332  9.7419e-021
109.354  9.66709e-021
110.376  9.59441e-021
111.398  9.52384e-021
112.42  9.45531e-021
113.442  9.38879e-021
114.464  9.32423e-021
115.486  9.26158e-021
116.508  9.2008e-021
117.53  9.14185e-021
118.552  9.08468e-021
119.574  9.02924e-021
120.596  8.9755e-021
121.618  8.92341e-021
122.64  8.87294e-021
123.662  8.82402e-021
124.684  8.77664e-021
125.706  8.73073e-021
126.728  8.68627e-021
127.75  8.64321e-021
128.772  8.60151e-021
129.794  8.56113e-021
130.816  8.52203e-021
131.838  8.48417e-021
132.86  8.44752e-021
133.882  8.41202e-021
134.904  8.37765e-021
135.926  8.34437e-021
136.948  8.31213e-021
137.97  8.28091e-021
138.992  8.25065e-021
140.014  8.22134e-021
141.036  8.19292e-021
142.058  8.16536e-021
143.08  8.13863e-021
144.102  8.11269e-021
145.124  8.08751e-021
146.146  8.06304e-021
147.168  8.03926e-021
148.19  8.01613e-021
149.212  7.99361e-021
150.234  7.97167e-021
151.256  7.95029e-021
152.278  7.92941e-021
153.3  7.90902e-021
154.322  7.88908e-021
155.344  7.86955e-021
156.366  7.85041e-021
157.388  7.83161e-021
158.41  7.81314e-021
159.432  7.79496e-021
160.454  7.77703e-021
161.476  7.75933e-021
162.498  7.74183e-021
163.52  7.7245e-021
164.542  7.7073e-021
165.564  7.69022e-021
166.586  7.67321e-021
167.608  7.65625e-021
168.63  7.63932e-021
169.652  7.62238e-021
170.674  7.60541e-021
171.696  7.58837e-021
172.718  7.57125e-021
173.74  7.55402e-021
174.762  7.53665e-021
175.784  7.51911e-021
176.806  7.50138e-021
177.828  7.48344e-021
178.85  7.46525e-021
179.872  7.4468e-021
180.894  7.42806e-021
181.916  7.40901e-021
182.938  7.38962e-021
183.96  7.36988e-021
184.982  7.34975e-021
186.004  7.32923e-021
187.026  7.30827e-021
188.048  7.28688e-021
189.07  7.26501e-021
190.092  7.24267e-021
191.114  7.21981e-021
192.136  7.19643e-021
193.158  7.17251e-021
194.18  7.14802e-021
195.202  7.12295e-021
196.224  7.09728e-021
197.246  7.071e-021
198.268  7.04408e-021
199.29  7.01652e-021
200.312  6.98829e-021
201.334  6.95938e-021
202.356  6.92977e-021
203.378  6.89945e-021
204.4  6.86841e-021
205.422  6.83664e-021
206.444  6.80411e-021
207.466  6.77082e-021
208.488  6.73676e-021
209.51  6.70191e-021
210.532  6.66626e-021
211.554  6.62981e-021
212.576  6.59254e-021
213.598  6.55444e-021
214.62  6.51551e-021
215.642  6.47574e-021
216.664  6.43511e-021
217.686  6.39363e-021
218.708  6.35128e-021
219.73  6.30805e-021
220.752  6.26396e-021
221.774  6.21898e-021
222.796  6.17311e-021
223.818  6.12636e-021
224.84  6.07872e-021
225.862  6.03017e-021
226.884  5.98074e-021
227.906  5.9304e-021
228.928  5.87917e-021
229.95  5.82703e-021
230.972  5.774e-021
231.994  5.72008e-021
233.016  5.66525e-021
234.038  5.60954e-021
235.06  5.55293e-021
236.082  5.49544e-021
237.104  5.43707e-021
238.126  5.37783e-021
239.148  5.31771e-021
240.17  5.25674e-021
241.192  5.19491e-021
242.214  5.13223e-021
243.236  5.06871e-021
244.258  5.00437e-021
245.28  4.93921e-021
246.302  4.87324e-021
247.324  4.80647e-021
248.346  4.73893e-021
249.368  4.67062e-021
250.39  4.60155e-021
251.412  4.53175e-021
252.434  4.46122e-021
253.456  4.38999e-021
254.478  4.31807e-021
255.5  4.24549e-021
256.522  4.17225e-021
257.544  4.09839e-021
258.566  4.02392e-021
259.588  3.94887e-021
260.61  3.87325e-021
261.632  3.7971e-021
262.654  3.72044e-021
263.676  3.6433e-021
264.698  3.5657e-021
265.72  3.48767e-021
266.742  3.40925e-021
267.764  3.33046e-021
268.786  3.25133e-021
269.808  3.17191e-021
270.83  3.09222e-021
271.852  3.01229e-021
272.874  2.93218e-021
273.896  2.85191e-021
274.918  2.77152e-021
275.94  2.69106e-021
276.962  2.61056e-021
277.984  2.53008e-021
279.006  2.44965e-021
280.028  2.36933e-021
281.05  2.28916e-021
282.072  2.20919e-021
283.094  2.12948e-021
284.116  2.05007e-021
285.138  1.97102e-021
286.16  1.89239e-021
287.182  1.81424e-021
288.204  1.73663e-021
289.226  1.65961e-021
290.248  1.58326e-021
291.27  1.50763e-021
292.292  1.43281e-021
293.314  1.35885e-021
294.336  1.28583e-021
295.358  1.21383e-021
296.38  1.14292e-021
297.402  1.07319e-021
298.424  1.00471e-021
299.446  9.37563e-022
300.468  8.71845e-022
301.49  8.07643e-022
302.512  7.45049e-022
303.534  6.84158e-022
304.556  6.25069e-022
305.578  5.67884e-022
306.6  5.12706e-022
307.622  4.59643e-022
308.644  4.08806e-022
309.666  3.6031e-022
310.688  3.14272e-022
311.71  2.70813e-022
312.732  2.3006e-022
313.754  1.92139e-022
314.776  1.57185e-022
315.798  1.25335e-022
316.82  9.6728e-023
317.842  7.15103e-023
318.864  4.98312e-023
319.886  3.18444e-023
320.908  1.77081e-023
321.93  7.58482e-024
322.952  1.64087e-024
