1.022  4.87973e-020
2.044  4.80164e-020
3.066  4.72474e-020
4.088  4.649e-020
5.11  4.57443e-020
6.132  4.50099e-020
7.154  4.42867e-020
8.176  4.35745e-020
9.198  4.28732e-020
10.22  4.21827e-020
11.242  4.15028e-020
12.264  4.08334e-020
13.286  4.01745e-020
14.308  3.95259e-020
15.33  3.88875e-020
16.352  3.82594e-020
17.374  3.76412e-020
18.396  3.70331e-020
19.418  3.64348e-020
20.44  3.58464e-020
21.462  3.52675e-020
22.484  3.46983e-020
23.506  3.41385e-020
24.528  3.35881e-020
25.55  3.30469e-020
26.572  3.25148e-020
27.594  3.19917e-020
28.616  3.14775e-020
29.638  3.09721e-020
30.66  3.04754e-020
31.682  2.99872e-020
32.704  2.95075e-020
33.726  2.9036e-020
34.748  2.85728e-020
35.77  2.81176e-020
36.792  2.76704e-020
37.814  2.72311e-020
38.836  2.67995e-020
39.858  2.63755e-020
40.88  2.59591e-020
41.902  2.55501e-020
42.924  2.51483e-020
43.946  2.47538e-020
44.968  2.43664e-020
45.99  2.3986e-020
47.012  2.36124e-020
48.034  2.32456e-020
49.056  2.28855e-020
50.078  2.2532e-020
51.1  2.2185e-020
52.122  2.18444e-020
53.144  2.15101e-020
54.166  2.1182e-020
55.188  2.08599e-020
56.21  2.05439e-020
57.232  2.02339e-020
58.254  1.99296e-020
59.276  1.96312e-020
60.298  1.93383e-020
61.32  1.90511e-020
62.342  1.87694e-020
63.364  1.8493e-020
64.386  1.8222e-020
65.408  1.79563e-020
66.43  1.76957e-020
67.452  1.74402e-020
68.474  1.71897e-020
69.496  1.69442e-020
70.518  1.67035e-020
71.54  1.64676e-020
72.562  1.62364e-020
73.584  1.60098e-020
74.606  1.57879e-020
75.628  1.55704e-020
76.65  1.53573e-020
77.672  1.51486e-020
78.694  1.49442e-020
79.716  1.4744e-020
80.738  1.45479e-020
81.76  1.43559e-020
82.782  1.4168e-020
83.804  1.3984e-020
84.826  1.38039e-020
85.848  1.36276e-020
86.87  1.34551e-020
87.892  1.32863e-020
88.914  1.31212e-020
89.936  1.29596e-020
90.958  1.28015e-020
91.98  1.2647e-020
93.002  1.24958e-020
94.024  1.23479e-020
95.046  1.22034e-020
96.068  1.20621e-020
97.09  1.1924e-020
98.112  1.1789e-020
99.134  1.1657e-020
100.156  1.15281e-020
101.178  1.14021e-020
102.2  1.1279e-020
103.222  1.11588e-020
104.244  1.10414e-020
105.266  1.09267e-020
106.288  1.08148e-020
107.31  1.07054e-020
108.332  1.05987e-020
109.354  1.04945e-020
110.376  1.03928e-020
111.398  1.02936e-020
112.42  1.01968e-020
113.442  1.01023e-020
114.464  1.00101e-020
115.486  9.92013e-021
116.508  9.8324e-021
117.53  9.74684e-021
118.552  9.66339e-021
119.574  9.58201e-021
120.596  9.50265e-021
121.618  9.42528e-021
122.64  9.34984e-021
123.662  9.27629e-021
124.684  9.20459e-021
125.706  9.13469e-021
126.728  9.06655e-021
127.75  9.00014e-021
128.772  8.9354e-021
129.794  8.87229e-021
130.816  8.81077e-021
131.838  8.75081e-021
132.86  8.69236e-021
133.882  8.63538e-021
134.904  8.57983e-021
135.926  8.52567e-021
136.948  8.47285e-021
137.97  8.42136e-021
138.992  8.37113e-021
140.014  8.32214e-021
141.036  8.27434e-021
142.058  8.22771e-021
143.08  8.18219e-021
144.102  8.13776e-021
145.124  8.09437e-021
146.146  8.052e-021
147.168  8.0106e-021
148.19  7.97014e-021
149.212  7.93058e-021
150.234  7.89189e-021
151.256  7.85404e-021
152.278  7.81698e-021
153.3  7.78069e-021
154.322  7.74513e-021
155.344  7.71027e-021
156.366  7.67607e-021
157.388  7.6425e-021
158.41  7.60953e-021
159.432  7.57713e-021
160.454  7.54527e-021
161.476  7.51391e-021
162.498  7.48302e-021
163.52  7.45257e-021
164.542  7.42254e-021
165.564  7.39289e-021
166.586  7.36359e-021
167.608  7.33461e-021
168.63  7.30593e-021
169.652  7.27751e-021
170.674  7.24933e-021
171.696  7.22135e-021
172.718  7.19356e-021
173.74  7.16593e-021
174.762  7.13842e-021
175.784  7.11101e-021
176.806  7.08368e-021
177.828  7.0564e-021
178.85  7.02914e-021
179.872  7.00188e-021
180.894  6.97459e-021
181.916  6.94726e-021
182.938  6.91985e-021
183.96  6.89235e-021
184.982  6.86472e-021
186.004  6.83696e-021
187.026  6.80903e-021
188.048  6.78091e-021
189.07  6.75259e-021
190.092  6.72404e-021
191.114  6.69523e-021
192.136  6.66617e-021
193.158  6.63681e-021
194.18  6.60714e-021
195.202  6.57715e-021
196.224  6.54681e-021
197.246  6.51611e-021
198.268  6.48503e-021
199.29  6.45355e-021
200.312  6.42166e-021
201.334  6.38933e-021
202.356  6.35656e-021
203.378  6.32333e-021
204.4  6.28962e-021
205.422  6.25542e-021
206.444  6.22072e-021
207.466  6.18549e-021
208.488  6.14974e-021
209.51  6.11344e-021
210.532  6.07659e-021
211.554  6.03916e-021
212.576  6.00116e-021
213.598  5.96257e-021
214.62  5.92338e-021
215.642  5.88359e-021
216.664  5.84317e-021
217.686  5.80213e-021
218.708  5.76045e-021
219.73  5.71813e-021
220.752  5.67516e-021
221.774  5.63153e-021
222.796  5.58725e-021
223.818  5.54229e-021
224.84  5.49666e-021
225.862  5.45036e-021
226.884  5.40337e-021
227.906  5.3557e-021
228.928  5.30734e-021
229.95  5.25829e-021
230.972  5.20855e-021
231.994  5.15812e-021
233.016  5.10699e-021
234.038  5.05517e-021
235.06  5.00266e-021
236.082  4.94946e-021
237.104  4.89557e-021
238.126  4.84099e-021
239.148  4.78573e-021
240.17  4.72979e-021
241.192  4.67317e-021
242.214  4.61588e-021
243.236  4.55792e-021
244.258  4.4993e-021
245.28  4.44003e-021
246.302  4.38012e-021
247.324  4.31957e-021
248.346  4.25839e-021
249.368  4.19659e-021
250.39  4.13419e-021
251.412  4.07118e-021
252.434  4.0076e-021
253.456  3.94343e-021
254.478  3.87871e-021
255.5  3.81345e-021
256.522  3.74765e-021
257.544  3.68134e-021
258.566  3.61453e-021
259.588  3.54724e-021
260.61  3.47949e-021
261.632  3.41129e-021
262.654  3.34267e-021
263.676  3.27365e-021
264.698  3.20425e-021
265.72  3.13449e-021
266.742  3.0644e-021
267.764  2.99399e-021
268.786  2.92331e-021
269.808  2.85237e-021
270.83  2.7812e-021
271.852  2.70983e-021
272.874  2.6383e-021
273.896  2.56662e-021
274.918  2.49485e-021
275.94  2.423e-021
276.962  2.35113e-021
277.984  2.27925e-021
279.006  2.20741e-021
280.028  2.13566e-021
281.05  2.06402e-021
282.072  1.99255e-021
283.094  1.92128e-021
284.116  1.85027e-021
285.138  1.77956e-021
286.16  1.70919e-021
287.182  1.63923e-021
288.204  1.56971e-021
289.226  1.50071e-021
290.248  1.43226e-021
291.27  1.36443e-021
292.292  1.29729e-021
293.314  1.23088e-021
294.336  1.16528e-021
295.358  1.10056e-021
296.38  1.03677e-021
297.402  9.74002e-022
298.424  9.12317e-022
299.446  8.51796e-022
300.468  7.92515e-022
301.49  7.34558e-022
302.512  6.78009e-022
303.534  6.22954e-022
304.556  5.69484e-022
305.578  5.17693e-022
306.6  4.67676e-022
307.622  4.19533e-022
308.644  3.73368e-022
309.666  3.29288e-022
310.688  2.87401e-022
311.71  2.47824e-022
312.732  2.10672e-022
313.754  1.76069e-022
314.776  1.44139e-022
315.798  1.15014e-022
316.82  8.88265e-023
317.842  6.5717e-023
318.864  4.58282e-023
319.886  2.93084e-023
320.908  1.63104e-023
321.93  6.99153e-024
322.952  1.5137e-024
