1.022  5.80984e-019
2.044  5.82067e-019
3.066  5.83143e-019
4.088  5.84211e-019
5.11  5.85272e-019
6.132  5.86324e-019
7.154  5.87367e-019
8.176  5.884e-019
9.198  5.89423e-019
10.22  5.90436e-019
11.242  5.91438e-019
12.264  5.9243e-019
13.286  5.93413e-019
14.308  5.94385e-019
15.33  5.95349e-019
16.352  5.96304e-019
17.374  5.9725e-019
18.396  5.98189e-019
19.418  5.99119e-019
20.44  6.00042e-019
21.462  6.00959e-019
22.484  6.01868e-019
23.506  6.02771e-019
24.528  6.03667e-019
25.55  6.04556e-019
26.572  6.05439e-019
27.594  6.06316e-019
28.616  6.07187e-019
29.638  6.08051e-019
30.66  6.08909e-019
31.682  6.0976e-019
32.704  6.10604e-019
33.726  6.11442e-019
34.748  6.12273e-019
35.77  6.13098e-019
36.792  6.13915e-019
37.814  6.14724e-019
38.836  6.15526e-019
39.858  6.16321e-019
40.88  6.17107e-019
41.902  6.17886e-019
42.924  6.18656e-019
43.946  6.19417e-019
44.968  6.2017e-019
45.99  6.20913e-019
47.012  6.21648e-019
48.034  6.22372e-019
49.056  6.23088e-019
50.078  6.23793e-019
51.1  6.24487e-019
52.122  6.25172e-019
53.144  6.25845e-019
54.166  6.26508e-019
55.188  6.27159e-019
56.21  6.27799e-019
57.232  6.28427e-019
58.254  6.29044e-019
59.276  6.29648e-019
60.298  6.30239e-019
61.32  6.30818e-019
62.342  6.31384e-019
63.364  6.31937e-019
64.386  6.32476e-019
65.408  6.33002e-019
66.43  6.33514e-019
67.452  6.34012e-019
68.474  6.34495e-019
69.496  6.34964e-019
70.518  6.35419e-019
71.54  6.35858e-019
72.562  6.36282e-019
73.584  6.3669e-019
74.606  6.37083e-019
75.628  6.3746e-019
76.65  6.37821e-019
77.672  6.38166e-019
78.694  6.38494e-019
79.716  6.38805e-019
80.738  6.391e-019
81.76  6.39377e-019
82.782  6.39637e-019
83.804  6.3988e-019
84.826  6.40104e-019
85.848  6.40311e-019
86.87  6.405e-019
87.892  6.40671e-019
88.914  6.40823e-019
89.936  6.40956e-019
90.958  6.41071e-019
91.98  6.41167e-019
93.002  6.41243e-019
94.024  6.413e-019
95.046  6.41338e-019
96.068  6.41355e-019
97.09  6.41353e-019
98.112  6.41331e-019
99.134  6.41288e-019
100.156  6.41226e-019
101.178  6.41142e-019
102.2  6.41038e-019
103.222  6.40913e-019
104.244  6.40767e-019
105.266  6.40599e-019
106.288  6.4041e-019
107.31  6.402e-019
108.332  6.39968e-019
109.354  6.39714e-019
110.376  6.39438e-019
111.398  6.3914e-019
112.42  6.38819e-019
113.442  6.38476e-019
114.464  6.3811e-019
115.486  6.37722e-019
116.508  6.3731e-019
117.53  6.36876e-019
118.552  6.36418e-019
119.574  6.35937e-019
120.596  6.35432e-019
121.618  6.34903e-019
122.64  6.34351e-019
123.662  6.33774e-019
124.684  6.33174e-019
125.706  6.32549e-019
126.728  6.319e-019
127.75  6.31226e-019
128.772  6.30527e-019
129.794  6.29803e-019
130.816  6.29054e-019
131.838  6.2828e-019
132.86  6.27481e-019
133.882  6.26656e-019
134.904  6.25806e-019
135.926  6.24929e-019
136.948  6.24027e-019
137.97  6.23098e-019
138.992  6.22143e-019
140.014  6.21162e-019
141.036  6.20154e-019
142.058  6.19119e-019
143.08  6.18057e-019
144.102  6.16968e-019
145.124  6.15852e-019
146.146  6.14708e-019
147.168  6.13536e-019
148.19  6.12337e-019
149.212  6.1111e-019
150.234  6.09855e-019
151.256  6.08571e-019
152.278  6.07259e-019
153.3  6.05918e-019
154.322  6.04548e-019
155.344  6.03149e-019
156.366  6.01721e-019
157.388  6.00263e-019
158.41  5.98776e-019
159.432  5.97259e-019
160.454  5.95712e-019
161.476  5.94135e-019
162.498  5.92527e-019
163.52  5.90889e-019
164.542  5.8922e-019
165.564  5.87519e-019
166.586  5.85788e-019
167.608  5.84025e-019
168.63  5.8223e-019
169.652  5.80404e-019
170.674  5.78545e-019
171.696  5.76654e-019
172.718  5.74731e-019
173.74  5.72774e-019
174.762  5.70785e-019
175.784  5.68762e-019
176.806  5.66706e-019
177.828  5.64616e-019
178.85  5.62493e-019
179.872  5.60335e-019
180.894  5.58142e-019
181.916  5.55915e-019
182.938  5.53653e-019
183.96  5.51356e-019
184.982  5.49023e-019
186.004  5.46655e-019
187.026  5.44251e-019
188.048  5.41811e-019
189.07  5.39334e-019
190.092  5.36821e-019
191.114  5.3427e-019
192.136  5.31683e-019
193.158  5.29058e-019
194.18  5.26395e-019
195.202  5.23695e-019
196.224  5.20956e-019
197.246  5.18179e-019
198.268  5.15363e-019
199.29  5.12508e-019
200.312  5.09614e-019
201.334  5.06681e-019
202.356  5.03708e-019
203.378  5.00695e-019
204.4  4.97641e-019
205.422  4.94548e-019
206.444  4.91414e-019
207.466  4.88239e-019
208.488  4.85023e-019
209.51  4.81766e-019
210.532  4.78467e-019
211.554  4.75127e-019
212.576  4.71744e-019
213.598  4.6832e-019
214.62  4.64854e-019
215.642  4.61345e-019
216.664  4.57793e-019
217.686  4.54199e-019
218.708  4.50562e-019
219.73  4.46882e-019
220.752  4.43159e-019
221.774  4.39392e-019
222.796  4.35582e-019
223.818  4.31729e-019
224.84  4.27832e-019
225.862  4.23892e-019
226.884  4.19908e-019
227.906  4.15881e-019
228.928  4.1181e-019
229.95  4.07695e-019
230.972  4.03537e-019
231.994  3.99336e-019
233.016  3.95091e-019
234.038  3.90803e-019
235.06  3.86471e-019
236.082  3.82097e-019
237.104  3.77679e-019
238.126  3.7322e-019
239.148  3.68717e-019
240.17  3.64173e-019
241.192  3.59587e-019
242.214  3.54959e-019
243.236  3.5029e-019
244.258  3.4558e-019
245.28  3.4083e-019
246.302  3.36041e-019
247.324  3.31211e-019
248.346  3.26343e-019
249.368  3.21437e-019
250.39  3.16494e-019
251.412  3.11513e-019
252.434  3.06497e-019
253.456  3.01445e-019
254.478  2.96358e-019
255.5  2.91238e-019
256.522  2.86086e-019
257.544  2.80901e-019
258.566  2.75686e-019
259.588  2.70442e-019
260.61  2.65169e-019
261.632  2.59869e-019
262.654  2.54544e-019
263.676  2.49194e-019
264.698  2.43821e-019
265.72  2.38427e-019
266.742  2.33013e-019
267.764  2.27581e-019
268.786  2.22133e-019
269.808  2.16671e-019
270.83  2.11196e-019
271.852  2.05711e-019
272.874  2.00217e-019
273.896  1.94717e-019
274.918  1.89214e-019
275.94  1.83709e-019
276.962  1.78205e-019
277.984  1.72706e-019
279.006  1.67213e-019
280.028  1.61729e-019
281.05  1.56258e-019
282.072  1.50802e-019
283.094  1.45366e-019
284.116  1.39951e-019
285.138  1.34562e-019
286.16  1.29202e-019
287.182  1.23875e-019
288.204  1.18585e-019
289.226  1.13336e-019
290.248  1.08133e-019
291.27  1.02978e-019
292.292  9.78779e-020
293.314  9.28362e-020
294.336  8.78581e-020
295.358  8.29486e-020
296.38  7.81127e-020
297.402  7.33559e-020
298.424  6.86838e-020
299.446  6.41021e-020
300.468  5.96167e-020
301.49  5.52337e-020
302.512  5.09596e-020
303.534  4.68008e-020
304.556  4.27641e-020
305.578  3.88565e-020
306.6  3.50852e-020
307.622  3.14576e-020
308.644  2.79814e-020
309.666  2.46645e-020
310.688  2.15151e-020
311.71  1.85416e-020
312.732  1.57526e-020
313.754  1.31571e-020
314.776  1.07643e-020
315.798  8.58354e-021
316.82  6.62469e-021
317.842  4.89775e-021
318.864  3.41301e-021
319.886  2.18109e-021
320.908  1.21286e-021
321.93  5.19487e-022
322.952  1.1238e-022
