1.022  5.15754e-019
2.044  5.16994e-019
3.066  5.18226e-019
4.088  5.19451e-019
5.11  5.20666e-019
6.132  5.21872e-019
7.154  5.23069e-019
8.176  5.24255e-019
9.198  5.2543e-019
10.22  5.26594e-019
11.242  5.27748e-019
12.264  5.2889e-019
13.286  5.30023e-019
14.308  5.31144e-019
15.33  5.32257e-019
16.352  5.33359e-019
17.374  5.34453e-019
18.396  5.35537e-019
19.418  5.36614e-019
20.44  5.37682e-019
21.462  5.38742e-019
22.484  5.39794e-019
23.506  5.40839e-019
24.528  5.41876e-019
25.55  5.42906e-019
26.572  5.43928e-019
27.594  5.44944e-019
28.616  5.45952e-019
29.638  5.46953e-019
30.66  5.47946e-019
31.682  5.48932e-019
32.704  5.49911e-019
33.726  5.50883e-019
34.748  5.51846e-019
35.77  5.52802e-019
36.792  5.5375e-019
37.814  5.5469e-019
38.836  5.55622e-019
39.858  5.56546e-019
40.88  5.5746e-019
41.902  5.58367e-019
42.924  5.59264e-019
43.946  5.60152e-019
44.968  5.6103e-019
45.99  5.61899e-019
47.012  5.62759e-019
48.034  5.63608e-019
49.056  5.64447e-019
50.078  5.65276e-019
51.1  5.66094e-019
52.122  5.66902e-019
53.144  5.67698e-019
54.166  5.68483e-019
55.188  5.69256e-019
56.21  5.70018e-019
57.232  5.70768e-019
58.254  5.71506e-019
59.276  5.72231e-019
60.298  5.72944e-019
61.32  5.73644e-019
62.342  5.74331e-019
63.364  5.75004e-019
64.386  5.75664e-019
65.408  5.76311e-019
66.43  5.76944e-019
67.452  5.77562e-019
68.474  5.78167e-019
69.496  5.78756e-019
70.518  5.79332e-019
71.54  5.79892e-019
72.562  5.80437e-019
73.584  5.80967e-019
74.606  5.81481e-019
75.628  5.8198e-019
76.65  5.82463e-019
77.672  5.8293e-019
78.694  5.8338e-019
79.716  5.83814e-019
80.738  5.84232e-019
81.76  5.84633e-019
82.782  5.85016e-019
83.804  5.85383e-019
84.826  5.85732e-019
85.848  5.86064e-019
86.87  5.86378e-019
87.892  5.86674e-019
88.914  5.86952e-019
89.936  5.87211e-019
90.958  5.87453e-019
91.98  5.87676e-019
93.002  5.8788e-019
94.024  5.88065e-019
95.046  5.88231e-019
96.068  5.88378e-019
97.09  5.88506e-019
98.112  5.88614e-019
99.134  5.88702e-019
100.156  5.88771e-019
101.178  5.8882e-019
102.2  5.88848e-019
103.222  5.88856e-019
104.244  5.88844e-019
105.266  5.88811e-019
106.288  5.88757e-019
107.31  5.88683e-019
108.332  5.88587e-019
109.354  5.8847e-019
110.376  5.88332e-019
111.398  5.88173e-019
112.42  5.87992e-019
113.442  5.87789e-019
114.464  5.87564e-019
115.486  5.87317e-019
116.508  5.87048e-019
117.53  5.86756e-019
118.552  5.86442e-019
119.574  5.86106e-019
120.596  5.85746e-019
121.618  5.85364e-019
122.64  5.84959e-019
123.662  5.8453e-019
124.684  5.84078e-019
125.706  5.83603e-019
126.728  5.83104e-019
127.75  5.82582e-019
128.772  5.82035e-019
129.794  5.81464e-019
130.816  5.8087e-019
131.838  5.8025e-019
132.86  5.79607e-019
133.882  5.78939e-019
134.904  5.78246e-019
135.926  5.77528e-019
136.948  5.76785e-019
137.97  5.76017e-019
138.992  5.75223e-019
140.014  5.74404e-019
141.036  5.7356e-019
142.058  5.72689e-019
143.08  5.71793e-019
144.102  5.7087e-019
145.124  5.69921e-019
146.146  5.68946e-019
147.168  5.67944e-019
148.19  5.66915e-019
149.212  5.65859e-019
150.234  5.64777e-019
151.256  5.63667e-019
152.278  5.62529e-019
153.3  5.61364e-019
154.322  5.60171e-019
155.344  5.5895e-019
156.366  5.57701e-019
157.388  5.56424e-019
158.41  5.55118e-019
159.432  5.53784e-019
160.454  5.52421e-019
161.476  5.51028e-019
162.498  5.49607e-019
163.52  5.48156e-019
164.542  5.46675e-019
165.564  5.45164e-019
166.586  5.43624e-019
167.608  5.42053e-019
168.63  5.40452e-019
169.652  5.3882e-019
170.674  5.37157e-019
171.696  5.35464e-019
172.718  5.33739e-019
173.74  5.31982e-019
174.762  5.30194e-019
175.784  5.28374e-019
176.806  5.26522e-019
177.828  5.24637e-019
178.85  5.2272e-019
179.872  5.2077e-019
180.894  5.18787e-019
181.916  5.1677e-019
182.938  5.14721e-019
183.96  5.12637e-019
184.982  5.1052e-019
186.004  5.08368e-019
187.026  5.06182e-019
188.048  5.03961e-019
189.07  5.01706e-019
190.092  4.99415e-019
191.114  4.97089e-019
192.136  4.94727e-019
193.158  4.92329e-019
194.18  4.89896e-019
195.202  4.87426e-019
196.224  4.84919e-019
197.246  4.82376e-019
198.268  4.79796e-019
199.29  4.77178e-019
200.312  4.74523e-019
201.334  4.7183e-019
202.356  4.691e-019
203.378  4.66331e-019
204.4  4.63523e-019
205.422  4.60678e-019
206.444  4.57793e-019
207.466  4.54869e-019
208.488  4.51907e-019
209.51  4.48904e-019
210.532  4.45862e-019
211.554  4.42781e-019
212.576  4.39659e-019
213.598  4.36497e-019
214.62  4.33295e-019
215.642  4.30053e-019
216.664  4.2677e-019
217.686  4.23446e-019
218.708  4.20081e-019
219.73  4.16675e-019
220.752  4.13228e-019
221.774  4.0974e-019
222.796  4.06211e-019
223.818  4.0264e-019
224.84  3.99028e-019
225.862  3.95374e-019
226.884  3.91679e-019
227.906  3.87942e-019
228.928  3.84164e-019
229.95  3.80344e-019
230.972  3.76483e-019
231.994  3.72581e-019
233.016  3.68637e-019
234.038  3.64652e-019
235.06  3.60626e-019
236.082  3.56559e-019
237.104  3.52452e-019
238.126  3.48303e-019
239.148  3.44115e-019
240.17  3.39887e-019
241.192  3.35618e-019
242.214  3.31311e-019
243.236  3.26964e-019
244.258  3.22579e-019
245.28  3.18155e-019
246.302  3.13693e-019
247.324  3.09194e-019
248.346  3.04659e-019
249.368  3.00087e-019
250.39  2.95479e-019
251.412  2.90837e-019
252.434  2.8616e-019
253.456  2.8145e-019
254.478  2.76707e-019
255.5  2.71932e-019
256.522  2.67126e-019
257.544  2.6229e-019
258.566  2.57425e-019
259.588  2.52532e-019
260.61  2.47612e-019
261.632  2.42667e-019
262.654  2.37697e-019
263.676  2.32704e-019
264.698  2.27689e-019
265.72  2.22654e-019
266.742  2.176e-019
267.764  2.12529e-019
268.786  2.07443e-019
269.808  2.02343e-019
270.83  1.97231e-019
271.852  1.92109e-019
272.874  1.86979e-019
273.896  1.81843e-019
274.918  1.76704e-019
275.94  1.71563e-019
276.962  1.66423e-019
277.984  1.61286e-019
279.006  1.56156e-019
280.028  1.51034e-019
281.05  1.45924e-019
282.072  1.40829e-019
283.094  1.3575e-019
284.116  1.30693e-019
285.138  1.25659e-019
286.16  1.20653e-019
287.182  1.15677e-019
288.204  1.10736e-019
289.226  1.05833e-019
290.248  1.00972e-019
291.27  9.61579e-020
292.292  9.13939e-020
293.314  8.66849e-020
294.336  8.20352e-020
295.358  7.74496e-020
296.38  7.2933e-020
297.402  6.84903e-020
298.424  6.41267e-020
299.446  5.98477e-020
300.468  5.56588e-020
301.49  5.15656e-020
302.512  4.75742e-020
303.534  4.36906e-020
304.556  3.99211e-020
305.578  3.62723e-020
306.6  3.27509e-020
307.622  2.93639e-020
308.644  2.61183e-020
309.666  2.30216e-020
310.688  2.00814e-020
311.71  1.73055e-020
312.732  1.4702e-020
313.754  1.22792e-020
314.776  1.00457e-020
315.798  8.01027e-021
316.82  6.18204e-021
317.842  4.57032e-021
318.864  3.18473e-021
319.886  2.03513e-021
320.908  1.13165e-021
321.93  4.84687e-022
322.952  1.04847e-022
