1.022  4.19742e-019
2.044  4.21182e-019
3.066  4.22613e-019
4.088  4.24035e-019
5.11  4.25447e-019
6.132  4.2685e-019
7.154  4.28241e-019
8.176  4.29622e-019
9.198  4.30992e-019
10.22  4.3235e-019
11.242  4.33696e-019
12.264  4.35032e-019
13.286  4.36356e-019
14.308  4.3767e-019
15.33  4.38973e-019
16.352  4.40266e-019
17.374  4.41549e-019
18.396  4.42822e-019
19.418  4.44086e-019
20.44  4.45341e-019
21.462  4.46587e-019
22.484  4.47824e-019
23.506  4.49053e-019
24.528  4.50273e-019
25.55  4.51485e-019
26.572  4.52688e-019
27.594  4.53884e-019
28.616  4.55071e-019
29.638  4.56249e-019
30.66  4.5742e-019
31.682  4.58582e-019
32.704  4.59736e-019
33.726  4.60881e-019
34.748  4.62018e-019
35.77  4.63147e-019
36.792  4.64266e-019
37.814  4.65377e-019
38.836  4.66478e-019
39.858  4.67571e-019
40.88  4.68654e-019
41.902  4.69728e-019
42.924  4.70792e-019
43.946  4.71847e-019
44.968  4.72892e-019
45.99  4.73926e-019
47.012  4.74951e-019
48.034  4.75965e-019
49.056  4.76968e-019
50.078  4.77961e-019
51.1  4.78943e-019
52.122  4.79913e-019
53.144  4.80872e-019
54.166  4.8182e-019
55.188  4.82756e-019
56.21  4.83681e-019
57.232  4.84593e-019
58.254  4.85493e-019
59.276  4.86381e-019
60.298  4.87256e-019
61.32  4.88118e-019
62.342  4.88968e-019
63.364  4.89804e-019
64.386  4.90627e-019
65.408  4.91436e-019
66.43  4.92232e-019
67.452  4.93014e-019
68.474  4.93782e-019
69.496  4.94536e-019
70.518  4.95275e-019
71.54  4.96e-019
72.562  4.96711e-019
73.584  4.97406e-019
74.606  4.98086e-019
75.628  4.98752e-019
76.65  4.99401e-019
77.672  5.00036e-019
78.694  5.00654e-019
79.716  5.01257e-019
80.738  5.01844e-019
81.76  5.02414e-019
82.782  5.02969e-019
83.804  5.03507e-019
84.826  5.04028e-019
85.848  5.04532e-019
86.87  5.05019e-019
87.892  5.0549e-019
88.914  5.05943e-019
89.936  5.06379e-019
90.958  5.06797e-019
91.98  5.07197e-019
93.002  5.0758e-019
94.024  5.07945e-019
95.046  5.08291e-019
96.068  5.0862e-019
97.09  5.0893e-019
98.112  5.09221e-019
99.134  5.09494e-019
100.156  5.09748e-019
101.178  5.09983e-019
102.2  5.10199e-019
103.222  5.10396e-019
104.244  5.10573e-019
105.266  5.10731e-019
106.288  5.10869e-019
107.31  5.10988e-019
108.332  5.11087e-019
109.354  5.11165e-019
110.376  5.11224e-019
111.398  5.11262e-019
112.42  5.1128e-019
113.442  5.11278e-019
114.464  5.11254e-019
115.486  5.1121e-019
116.508  5.11145e-019
117.53  5.11059e-019
118.552  5.10952e-019
119.574  5.10824e-019
120.596  5.10674e-019
121.618  5.10503e-019
122.64  5.1031e-019
123.662  5.10095e-019
124.684  5.09858e-019
125.706  5.09599e-019
126.728  5.09318e-019
127.75  5.09015e-019
128.772  5.08689e-019
129.794  5.08341e-019
130.816  5.0797e-019
131.838  5.07576e-019
132.86  5.07159e-019
133.882  5.06719e-019
134.904  5.06256e-019
135.926  5.0577e-019
136.948  5.0526e-019
137.97  5.04726e-019
138.992  5.04169e-019
140.014  5.03587e-019
141.036  5.02982e-019
142.058  5.02352e-019
143.08  5.01698e-019
144.102  5.0102e-019
145.124  5.00317e-019
146.146  4.99589e-019
147.168  4.98836e-019
148.19  4.98058e-019
149.212  4.97255e-019
150.234  4.96427e-019
151.256  4.95573e-019
152.278  4.94693e-019
153.3  4.93788e-019
154.322  4.92856e-019
155.344  4.91899e-019
156.366  4.90915e-019
157.388  4.89904e-019
158.41  4.88867e-019
159.432  4.87803e-019
160.454  4.86712e-019
161.476  4.85594e-019
162.498  4.84449e-019
163.52  4.83276e-019
164.542  4.82075e-019
165.564  4.80847e-019
166.586  4.7959e-019
167.608  4.78305e-019
168.63  4.76992e-019
169.652  4.7565e-019
170.674  4.74279e-019
171.696  4.7288e-019
172.718  4.71451e-019
173.74  4.69993e-019
174.762  4.68505e-019
175.784  4.66987e-019
176.806  4.6544e-019
177.828  4.63862e-019
178.85  4.62254e-019
179.872  4.60615e-019
180.894  4.58945e-019
181.916  4.57245e-019
182.938  4.55513e-019
183.96  4.5375e-019
184.982  4.51955e-019
186.004  4.50128e-019
187.026  4.4827e-019
188.048  4.46379e-019
189.07  4.44455e-019
190.092  4.42499e-019
191.114  4.4051e-019
192.136  4.38488e-019
193.158  4.36432e-019
194.18  4.34343e-019
195.202  4.3222e-019
196.224  4.30063e-019
197.246  4.27872e-019
198.268  4.25647e-019
199.29  4.23387e-019
200.312  4.21092e-019
201.334  4.18762e-019
202.356  4.16397e-019
203.378  4.13997e-019
204.4  4.11561e-019
205.422  4.09089e-019
206.444  4.06582e-019
207.466  4.04038e-019
208.488  4.01458e-019
209.51  3.98841e-019
210.532  3.96187e-019
211.554  3.93497e-019
212.576  3.9077e-019
213.598  3.88006e-019
214.62  3.85204e-019
215.642  3.82365e-019
216.664  3.79488e-019
217.686  3.76574e-019
218.708  3.73622e-019
219.73  3.70632e-019
220.752  3.67604e-019
221.774  3.64538e-019
222.796  3.61434e-019
223.818  3.58292e-019
224.84  3.55111e-019
225.862  3.51893e-019
226.884  3.48636e-019
227.906  3.45341e-019
228.928  3.42007e-019
229.95  3.38636e-019
230.972  3.35226e-019
231.994  3.31778e-019
233.016  3.28292e-019
234.038  3.24769e-019
235.06  3.21207e-019
236.082  3.17608e-019
237.104  3.13972e-019
238.126  3.10298e-019
239.148  3.06587e-019
240.17  3.02839e-019
241.192  2.99055e-019
242.214  2.95235e-019
243.236  2.91379e-019
244.258  2.87487e-019
245.28  2.8356e-019
246.302  2.79599e-019
247.324  2.75603e-019
248.346  2.71574e-019
249.368  2.67511e-019
250.39  2.63416e-019
251.412  2.59288e-019
252.434  2.55129e-019
253.456  2.5094e-019
254.478  2.4672e-019
255.5  2.42471e-019
256.522  2.38194e-019
257.544  2.33889e-019
258.566  2.29558e-019
259.588  2.25201e-019
260.61  2.2082e-019
261.632  2.16414e-019
262.654  2.11987e-019
263.676  2.07538e-019
264.698  2.0307e-019
265.72  1.98583e-019
266.742  1.94078e-019
267.764  1.89558e-019
268.786  1.85024e-019
269.808  1.80476e-019
270.83  1.75918e-019
271.852  1.71351e-019
272.874  1.66776e-019
273.896  1.62196e-019
274.918  1.57612e-019
275.94  1.53026e-019
276.962  1.48441e-019
277.984  1.43859e-019
279.006  1.39282e-019
280.028  1.34713e-019
281.05  1.30154e-019
282.072  1.25608e-019
283.094  1.21077e-019
284.116  1.16564e-019
285.138  1.12073e-019
286.16  1.07606e-019
287.182  1.03166e-019
288.204  9.87577e-020
289.226  9.4383e-020
290.248  9.00461e-020
291.27  8.57505e-020
292.292  8.15e-020
293.314  7.72986e-020
294.336  7.31502e-020
295.358  6.90591e-020
296.38  6.50297e-020
297.402  6.10663e-020
298.424  5.71737e-020
299.446  5.33567e-020
300.468  4.96202e-020
301.49  4.59693e-020
302.512  4.24093e-020
303.534  3.89457e-020
304.556  3.5584e-020
305.578  3.23302e-020
306.6  2.91902e-020
307.622  2.61701e-020
308.644  2.32764e-020
309.666  2.05156e-020
310.688  1.78945e-020
311.71  1.54201e-020
312.732  1.30995e-020
313.754  1.09402e-020
314.776  8.94975e-021
315.798  7.13597e-021
316.82  5.50696e-021
317.842  4.071e-021
318.864  2.83662e-021
319.886  1.81257e-021
320.908  1.00783e-021
321.93  4.31625e-022
322.952  9.3363e-023
