1.022  2.60951e-020
2.044  2.63945e-020
3.066  2.66926e-020
4.088  2.69895e-020
5.11  2.72851e-020
6.132  2.75793e-020
7.154  2.78722e-020
8.176  2.81636e-020
9.198  2.84537e-020
10.22  2.87422e-020
11.242  2.90293e-020
12.264  2.93149e-020
13.286  2.95991e-020
14.308  2.98818e-020
15.33  3.0163e-020
16.352  3.04429e-020
17.374  3.07213e-020
18.396  3.09983e-020
19.418  3.12739e-020
20.44  3.15481e-020
21.462  3.18209e-020
22.484  3.20924e-020
23.506  3.23625e-020
24.528  3.26313e-020
25.55  3.28987e-020
26.572  3.31647e-020
27.594  3.34294e-020
28.616  3.36927e-020
29.638  3.39546e-020
30.66  3.42152e-020
31.682  3.44744e-020
32.704  3.47321e-020
33.726  3.49885e-020
34.748  3.52435e-020
35.77  3.5497e-020
36.792  3.57492e-020
37.814  3.59998e-020
38.836  3.6249e-020
39.858  3.64967e-020
40.88  3.67429e-020
41.902  3.69876e-020
42.924  3.72308e-020
43.946  3.74724e-020
44.968  3.77124e-020
45.99  3.79509e-020
47.012  3.81878e-020
48.034  3.8423e-020
49.056  3.86566e-020
50.078  3.88886e-020
51.1  3.91188e-020
52.122  3.93474e-020
53.144  3.95742e-020
54.166  3.97993e-020
55.188  4.00227e-020
56.21  4.02442e-020
57.232  4.0464e-020
58.254  4.0682e-020
59.276  4.08981e-020
60.298  4.11123e-020
61.32  4.13247e-020
62.342  4.15351e-020
63.364  4.17436e-020
64.386  4.19502e-020
65.408  4.21548e-020
66.43  4.23575e-020
67.452  4.25581e-020
68.474  4.27567e-020
69.496  4.29532e-020
70.518  4.31477e-020
71.54  4.33401e-020
72.562  4.35304e-020
73.584  4.37185e-020
74.606  4.39045e-020
75.628  4.40883e-020
76.65  4.427e-020
77.672  4.44494e-020
78.694  4.46266e-020
79.716  4.48015e-020
80.738  4.49741e-020
81.76  4.51445e-020
82.782  4.53126e-020
83.804  4.54783e-020
84.826  4.56416e-020
85.848  4.58026e-020
86.87  4.59612e-020
87.892  4.61174e-020
88.914  4.62712e-020
89.936  4.64225e-020
90.958  4.65713e-020
91.98  4.67176e-020
93.002  4.68615e-020
94.024  4.70028e-020
95.046  4.71415e-020
96.068  4.72777e-020
97.09  4.74113e-020
98.112  4.75423e-020
99.134  4.76707e-020
100.156  4.77964e-020
101.178  4.79195e-020
102.2  4.80399e-020
103.222  4.81576e-020
104.244  4.82726e-020
105.266  4.83848e-020
106.288  4.84943e-020
107.31  4.8601e-020
108.332  4.87049e-020
109.354  4.8806e-020
110.376  4.89043e-020
111.398  4.89997e-020
112.42  4.90923e-020
113.442  4.9182e-020
114.464  4.92688e-020
115.486  4.93526e-020
116.508  4.94335e-020
117.53  4.95115e-020
118.552  4.95865e-020
119.574  4.96584e-020
120.596  4.97274e-020
121.618  4.97933e-020
122.64  4.98562e-020
123.662  4.9916e-020
124.684  4.99727e-020
125.706  5.00264e-020
126.728  5.00769e-020
127.75  5.01242e-020
128.772  5.01684e-020
129.794  5.02094e-020
130.816  5.02472e-020
131.838  5.02818e-020
132.86  5.03131e-020
133.882  5.03412e-020
134.904  5.0366e-020
135.926  5.03875e-020
136.948  5.04057e-020
137.97  5.04205e-020
138.992  5.0432e-020
140.014  5.04402e-020
141.036  5.04449e-020
142.058  5.04462e-020
143.08  5.04441e-020
144.102  5.04386e-020
145.124  5.04295e-020
146.146  5.0417e-020
147.168  5.0401e-020
148.19  5.03814e-020
149.212  5.03583e-020
150.234  5.03316e-020
151.256  5.03014e-020
152.278  5.02675e-020
153.3  5.023e-020
154.322  5.01888e-020
155.344  5.01439e-020
156.366  5.00954e-020
157.388  5.00432e-020
158.41  4.99872e-020
159.432  4.99274e-020
160.454  4.98639e-020
161.476  4.97966e-020
162.498  4.97255e-020
163.52  4.96505e-020
164.542  4.95717e-020
165.564  4.94889e-020
166.586  4.94023e-020
167.608  4.93118e-020
168.63  4.92173e-020
169.652  4.91189e-020
170.674  4.90164e-020
171.696  4.891e-020
172.718  4.87995e-020
173.74  4.8685e-020
174.762  4.85664e-020
175.784  4.84437e-020
176.806  4.83169e-020
177.828  4.8186e-020
178.85  4.80509e-020
179.872  4.79117e-020
180.894  4.77682e-020
181.916  4.76206e-020
182.938  4.74687e-020
183.96  4.73125e-020
184.982  4.71521e-020
186.004  4.69874e-020
187.026  4.68184e-020
188.048  4.6645e-020
189.07  4.64673e-020
190.092  4.62852e-020
191.114  4.60988e-020
192.136  4.59079e-020
193.158  4.57126e-020
194.18  4.55129e-020
195.202  4.53087e-020
196.224  4.51001e-020
197.246  4.48869e-020
198.268  4.46693e-020
199.29  4.44472e-020
200.312  4.42205e-020
201.334  4.39893e-020
202.356  4.37535e-020
203.378  4.35132e-020
204.4  4.32683e-020
205.422  4.30188e-020
206.444  4.27647e-020
207.466  4.2506e-020
208.488  4.22426e-020
209.51  4.19747e-020
210.532  4.17021e-020
211.554  4.14249e-020
212.576  4.11431e-020
213.598  4.08566e-020
214.62  4.05655e-020
215.642  4.02698e-020
216.664  3.99694e-020
217.686  3.96644e-020
218.708  3.93547e-020
219.73  3.90405e-020
220.752  3.87215e-020
221.774  3.8398e-020
222.796  3.80699e-020
223.818  3.77372e-020
224.84  3.73999e-020
225.862  3.70581e-020
226.884  3.67117e-020
227.906  3.63607e-020
228.928  3.60053e-020
229.95  3.56454e-020
230.972  3.5281e-020
231.994  3.49122e-020
233.016  3.4539e-020
234.038  3.41614e-020
235.06  3.37795e-020
236.082  3.33933e-020
237.104  3.30029e-020
238.126  3.26082e-020
239.148  3.22094e-020
240.17  3.18064e-020
241.192  3.13994e-020
242.214  3.09884e-020
243.236  3.05734e-020
244.258  3.01545e-020
245.28  2.97318e-020
246.302  2.93054e-020
247.324  2.88752e-020
248.346  2.84415e-020
249.368  2.80042e-020
250.39  2.75635e-020
251.412  2.71194e-020
252.434  2.6672e-020
253.456  2.62215e-020
254.478  2.5768e-020
255.5  2.53114e-020
256.522  2.4852e-020
257.544  2.43899e-020
258.566  2.39252e-020
259.588  2.3458e-020
260.61  2.29884e-020
261.632  2.25167e-020
262.654  2.20428e-020
263.676  2.15671e-020
264.698  2.10895e-020
265.72  2.06104e-020
266.742  2.01298e-020
267.764  1.96479e-020
268.786  1.9165e-020
269.808  1.86811e-020
270.83  1.81966e-020
271.852  1.77115e-020
272.874  1.72262e-020
273.896  1.67408e-020
274.918  1.62555e-020
275.94  1.57705e-020
276.962  1.52862e-020
277.984  1.48028e-020
279.006  1.43205e-020
280.028  1.38395e-020
281.05  1.33602e-020
282.072  1.28829e-020
283.094  1.24078e-020
284.116  1.19352e-020
285.138  1.14654e-020
286.16  1.09989e-020
287.182  1.05358e-020
288.204  1.00766e-020
289.226  9.62152e-021
290.248  9.17104e-021
291.27  8.72548e-021
292.292  8.28525e-021
293.314  7.85073e-021
294.336  7.42233e-021
295.358  7.00049e-021
296.38  6.58562e-021
297.402  6.17819e-021
298.424  5.77865e-021
299.446  5.38747e-021
300.468  5.00514e-021
301.49  4.63217e-021
302.512  4.26906e-021
303.534  3.91635e-021
304.556  3.57457e-021
305.578  3.2443e-021
306.6  2.9261e-021
307.622  2.62056e-021
308.644  2.32829e-021
309.666  2.04991e-021
310.688  1.78607e-021
311.71  1.5374e-021
312.732  1.30459e-021
313.754  1.08833e-021
314.776  8.89321e-022
315.798  7.0829e-022
316.82  5.4598e-022
317.842  4.03153e-022
318.864  2.80589e-022
319.886  1.79085e-022
320.908  9.946e-023
321.93  4.25461e-023
322.952  9.19216e-024
