1.022  5.24337e-021
2.044  5.41181e-021
3.066  5.58072e-021
4.088  5.7501e-021
5.11  5.91991e-021
6.132  6.09012e-021
7.154  6.2607e-021
8.176  6.43163e-021
9.198  6.60287e-021
10.22  6.77441e-021
11.242  6.94621e-021
12.264  7.11826e-021
13.286  7.29054e-021
14.308  7.46303e-021
15.33  7.6357e-021
16.352  7.80856e-021
17.374  7.98157e-021
18.396  8.15472e-021
19.418  8.328e-021
20.44  8.50139e-021
21.462  8.67488e-021
22.484  8.84845e-021
23.506  9.02208e-021
24.528  9.19575e-021
25.55  9.36946e-021
26.572  9.54318e-021
27.594  9.71689e-021
28.616  9.89059e-021
29.638  1.00642e-020
30.66  1.02378e-020
31.682  1.04114e-020
32.704  1.05848e-020
33.726  1.07581e-020
34.748  1.09313e-020
35.77  1.11043e-020
36.792  1.12772e-020
37.814  1.14499e-020
38.836  1.16224e-020
39.858  1.17946e-020
40.88  1.19666e-020
41.902  1.21384e-020
42.924  1.23098e-020
43.946  1.2481e-020
44.968  1.26518e-020
45.99  1.28223e-020
47.012  1.29924e-020
48.034  1.31621e-020
49.056  1.33314e-020
50.078  1.35003e-020
51.1  1.36687e-020
52.122  1.38367e-020
53.144  1.40042e-020
54.166  1.41711e-020
55.188  1.43376e-020
56.21  1.45035e-020
57.232  1.46688e-020
58.254  1.48335e-020
59.276  1.49977e-020
60.298  1.51611e-020
61.32  1.5324e-020
62.342  1.54862e-020
63.364  1.56476e-020
64.386  1.58084e-020
65.408  1.59684e-020
66.43  1.61277e-020
67.452  1.62862e-020
68.474  1.64439e-020
69.496  1.66008e-020
70.518  1.67569e-020
71.54  1.69121e-020
72.562  1.70665e-020
73.584  1.72199e-020
74.606  1.73725e-020
75.628  1.75241e-020
76.65  1.76747e-020
77.672  1.78244e-020
78.694  1.79731e-020
79.716  1.81208e-020
80.738  1.82675e-020
81.76  1.84131e-020
82.782  1.85577e-020
83.804  1.87012e-020
84.826  1.88435e-020
85.848  1.89848e-020
86.87  1.91249e-020
87.892  1.92638e-020
88.914  1.94016e-020
89.936  1.95382e-020
90.958  1.96735e-020
91.98  1.98076e-020
93.002  1.99405e-020
94.024  2.00721e-020
95.046  2.02024e-020
96.068  2.03314e-020
97.09  2.0459e-020
98.112  2.05854e-020
99.134  2.07103e-020
100.156  2.08339e-020
101.178  2.0956e-020
102.2  2.10768e-020
103.222  2.11961e-020
104.244  2.13139e-020
105.266  2.14303e-020
106.288  2.15452e-020
107.31  2.16586e-020
108.332  2.17704e-020
109.354  2.18808e-020
110.376  2.19895e-020
111.398  2.20967e-020
112.42  2.22022e-020
113.442  2.23062e-020
114.464  2.24085e-020
115.486  2.25091e-020
116.508  2.26081e-020
117.53  2.27054e-020
118.552  2.2801e-020
119.574  2.28949e-020
120.596  2.2987e-020
121.618  2.30774e-020
122.64  2.3166e-020
123.662  2.32528e-020
124.684  2.33377e-020
125.706  2.34209e-020
126.728  2.35022e-020
127.75  2.35816e-020
128.772  2.36592e-020
129.794  2.37348e-020
130.816  2.38086e-020
131.838  2.38804e-020
132.86  2.39502e-020
133.882  2.40181e-020
134.904  2.40839e-020
135.926  2.41478e-020
136.948  2.42096e-020
137.97  2.42694e-020
138.992  2.43272e-020
140.014  2.43828e-020
141.036  2.44364e-020
142.058  2.44878e-020
143.08  2.45372e-020
144.102  2.45843e-020
145.124  2.46293e-020
146.146  2.46721e-020
147.168  2.47127e-020
148.19  2.47511e-020
149.212  2.47872e-020
150.234  2.48211e-020
151.256  2.48527e-020
152.278  2.4882e-020
153.3  2.4909e-020
154.322  2.49337e-020
155.344  2.4956e-020
156.366  2.4976e-020
157.388  2.49936e-020
158.41  2.50088e-020
159.432  2.50215e-020
160.454  2.50319e-020
161.476  2.50397e-020
162.498  2.50452e-020
163.52  2.50481e-020
164.542  2.50485e-020
165.564  2.50464e-020
166.586  2.50418e-020
167.608  2.50346e-020
168.63  2.50248e-020
169.652  2.50125e-020
170.674  2.49975e-020
171.696  2.49799e-020
172.718  2.49597e-020
173.74  2.49368e-020
174.762  2.49113e-020
175.784  2.48831e-020
176.806  2.48521e-020
177.828  2.48185e-020
178.85  2.47821e-020
179.872  2.47429e-020
180.894  2.4701e-020
181.916  2.46564e-020
182.938  2.46089e-020
183.96  2.45586e-020
184.982  2.45055e-020
186.004  2.44496e-020
187.026  2.43908e-020
188.048  2.43291e-020
189.07  2.42646e-020
190.092  2.41971e-020
191.114  2.41268e-020
192.136  2.40536e-020
193.158  2.39774e-020
194.18  2.38983e-020
195.202  2.38163e-020
196.224  2.37313e-020
197.246  2.36433e-020
198.268  2.35523e-020
199.29  2.34584e-020
200.312  2.33615e-020
201.334  2.32615e-020
202.356  2.31586e-020
203.378  2.30526e-020
204.4  2.29437e-020
205.422  2.28317e-020
206.444  2.27166e-020
207.466  2.25985e-020
208.488  2.24774e-020
209.51  2.23533e-020
210.532  2.2226e-020
211.554  2.20958e-020
212.576  2.19625e-020
213.598  2.18261e-020
214.62  2.16867e-020
215.642  2.15443e-020
216.664  2.13988e-020
217.686  2.12503e-020
218.708  2.10987e-020
219.73  2.09442e-020
220.752  2.07866e-020
221.774  2.0626e-020
222.796  2.04623e-020
223.818  2.02957e-020
224.84  2.01262e-020
225.862  1.99536e-020
226.884  1.97781e-020
227.906  1.95997e-020
228.928  1.94183e-020
229.95  1.9234e-020
230.972  1.90469e-020
231.994  1.88568e-020
233.016  1.8664e-020
234.038  1.84683e-020
235.06  1.82698e-020
236.082  1.80686e-020
237.104  1.78646e-020
238.126  1.76579e-020
239.148  1.74486e-020
240.17  1.72366e-020
241.192  1.7022e-020
242.214  1.68048e-020
243.236  1.65851e-020
244.258  1.63629e-020
245.28  1.61383e-020
246.302  1.59113e-020
247.324  1.5682e-020
248.346  1.54503e-020
249.368  1.52164e-020
250.39  1.49803e-020
251.412  1.47421e-020
252.434  1.45018e-020
253.456  1.42595e-020
254.478  1.40153e-020
255.5  1.37692e-020
256.522  1.35213e-020
257.544  1.32716e-020
258.566  1.30203e-020
259.588  1.27674e-020
260.61  1.25131e-020
261.632  1.22573e-020
262.654  1.20002e-020
263.676  1.17418e-020
264.698  1.14824e-020
265.72  1.12219e-020
266.742  1.09604e-020
267.764  1.06982e-020
268.786  1.04352e-020
269.808  1.01716e-020
270.83  9.90746e-021
271.852  9.64299e-021
272.874  9.37827e-021
273.896  9.11342e-021
274.918  8.84859e-021
275.94  8.5839e-021
276.962  8.31949e-021
277.984  8.05551e-021
279.006  7.79212e-021
280.028  7.52945e-021
281.05  7.26767e-021
282.072  7.00695e-021
283.094  6.74745e-021
284.116  6.48933e-021
285.138  6.23279e-021
286.16  5.978e-021
287.182  5.72515e-021
288.204  5.47444e-021
289.226  5.22605e-021
290.248  4.9802e-021
291.27  4.7371e-021
292.292  4.49696e-021
293.314  4.25999e-021
294.336  4.02644e-021
295.358  3.79653e-021
296.38  3.5705e-021
297.402  3.3486e-021
298.424  3.13108e-021
299.446  2.9182e-021
300.468  2.71022e-021
301.49  2.50741e-021
302.512  2.31007e-021
303.534  2.11846e-021
304.556  1.93288e-021
305.578  1.75365e-021
306.6  1.58105e-021
307.622  1.41541e-021
308.644  1.25706e-021
309.666  1.10631e-021
310.688  9.63522e-022
311.71  8.29029e-022
312.732  7.0319e-022
313.754  5.86368e-022
314.776  4.78935e-022
315.798  3.81272e-022
316.82  2.93767e-022
317.842  2.16818e-022
318.864  1.50831e-022
319.886  9.62221e-023
320.908  5.34138e-023
321.93  2.28377e-023
322.952  4.93167e-024
