1.022  1.20806e-020
2.044  1.18846e-020
3.066  1.16932e-020
4.088  1.15062e-020
5.11  1.13236e-020
6.132  1.11452e-020
7.154  1.09712e-020
8.176  1.08012e-020
9.198  1.06354e-020
10.22  1.04737e-020
11.242  1.03159e-020
12.264  1.01621e-020
13.286  1.00122e-020
14.308  9.86611e-021
15.33  9.72387e-021
16.352  9.58538e-021
17.374  9.45061e-021
18.396  9.31951e-021
19.418  9.19203e-021
20.44  9.06813e-021
21.462  8.94776e-021
22.484  8.83087e-021
23.506  8.71741e-021
24.528  8.60733e-021
25.55  8.50058e-021
26.572  8.39712e-021
27.594  8.29689e-021
28.616  8.19984e-021
29.638  8.10593e-021
30.66  8.01511e-021
31.682  7.92732e-021
32.704  7.84252e-021
33.726  7.76065e-021
34.748  7.68168e-021
35.77  7.60555e-021
36.792  7.53221e-021
37.814  7.46162e-021
38.836  7.39373e-021
39.858  7.3285e-021
40.88  7.26587e-021
41.902  7.2058e-021
42.924  7.14825e-021
43.946  7.09317e-021
44.968  7.04051e-021
45.99  6.99024e-021
47.012  6.94231e-021
48.034  6.89667e-021
49.056  6.85329e-021
50.078  6.81211e-021
51.1  6.77311e-021
52.122  6.73624e-021
53.144  6.70145e-021
54.166  6.66871e-021
55.188  6.63798e-021
56.21  6.60921e-021
57.232  6.58238e-021
58.254  6.55743e-021
59.276  6.53434e-021
60.298  6.51306e-021
61.32  6.49356e-021
62.342  6.47579e-021
63.364  6.45973e-021
64.386  6.44534e-021
65.408  6.43258e-021
66.43  6.42141e-021
67.452  6.41181e-021
68.474  6.40372e-021
69.496  6.39713e-021
70.518  6.392e-021
71.54  6.38829e-021
72.562  6.38597e-021
73.584  6.38501e-021
74.606  6.38537e-021
75.628  6.38702e-021
76.65  6.38993e-021
77.672  6.39407e-021
78.694  6.39941e-021
79.716  6.40591e-021
80.738  6.41354e-021
81.76  6.42228e-021
82.782  6.43209e-021
83.804  6.44294e-021
84.826  6.4548e-021
85.848  6.46764e-021
86.87  6.48144e-021
87.892  6.49617e-021
88.914  6.51178e-021
89.936  6.52827e-021
90.958  6.54559e-021
91.98  6.56372e-021
93.002  6.58263e-021
94.024  6.6023e-021
95.046  6.6227e-021
96.068  6.64379e-021
97.09  6.66555e-021
98.112  6.68796e-021
99.134  6.71099e-021
100.156  6.7346e-021
101.178  6.75879e-021
102.2  6.78351e-021
103.222  6.80874e-021
104.244  6.83446e-021
105.266  6.86065e-021
106.288  6.88726e-021
107.31  6.91429e-021
108.332  6.9417e-021
109.354  6.96948e-021
110.376  6.99758e-021
111.398  7.026e-021
112.42  7.05471e-021
113.442  7.08367e-021
114.464  7.11288e-021
115.486  7.14229e-021
116.508  7.1719e-021
117.53  7.20167e-021
118.552  7.23158e-021
119.574  7.26161e-021
120.596  7.29174e-021
121.618  7.32193e-021
122.64  7.35218e-021
123.662  7.38245e-021
124.684  7.41272e-021
125.706  7.44297e-021
126.728  7.47318e-021
127.75  7.50333e-021
128.772  7.53338e-021
129.794  7.56333e-021
130.816  7.59314e-021
131.838  7.6228e-021
132.86  7.65229e-021
133.882  7.68158e-021
134.904  7.71064e-021
135.926  7.73947e-021
136.948  7.76804e-021
137.97  7.79632e-021
138.992  7.8243e-021
140.014  7.85195e-021
141.036  7.87926e-021
142.058  7.9062e-021
143.08  7.93275e-021
144.102  7.95889e-021
145.124  7.98461e-021
146.146  8.00988e-021
147.168  8.03468e-021
148.19  8.05899e-021
149.212  8.08279e-021
150.234  8.10607e-021
151.256  8.1288e-021
152.278  8.15096e-021
153.3  8.17254e-021
154.322  8.19351e-021
155.344  8.21386e-021
156.366  8.23357e-021
157.388  8.25261e-021
158.41  8.27098e-021
159.432  8.28865e-021
160.454  8.3056e-021
161.476  8.32182e-021
162.498  8.33729e-021
163.52  8.35199e-021
164.542  8.3659e-021
165.564  8.37901e-021
166.586  8.3913e-021
167.608  8.40275e-021
168.63  8.41334e-021
169.652  8.42307e-021
170.674  8.43191e-021
171.696  8.43984e-021
172.718  8.44686e-021
173.74  8.45294e-021
174.762  8.45807e-021
175.784  8.46223e-021
176.806  8.46542e-021
177.828  8.46761e-021
178.85  8.46879e-021
179.872  8.46895e-021
180.894  8.46807e-021
181.916  8.46614e-021
182.938  8.46314e-021
183.96  8.45907e-021
184.982  8.4539e-021
186.004  8.44763e-021
187.026  8.44024e-021
188.048  8.43173e-021
189.07  8.42207e-021
190.092  8.41126e-021
191.114  8.39929e-021
192.136  8.38615e-021
193.158  8.37182e-021
194.18  8.3563e-021
195.202  8.33957e-021
196.224  8.32163e-021
197.246  8.30246e-021
198.268  8.28207e-021
199.29  8.26043e-021
200.312  8.23754e-021
201.334  8.2134e-021
202.356  8.188e-021
203.378  8.16132e-021
204.4  8.13336e-021
205.422  8.10413e-021
206.444  8.0736e-021
207.466  8.04178e-021
208.488  8.00866e-021
209.51  7.97424e-021
210.532  7.93851e-021
211.554  7.90147e-021
212.576  7.86311e-021
213.598  7.82344e-021
214.62  7.78245e-021
215.642  7.74014e-021
216.664  7.69651e-021
217.686  7.65156e-021
218.708  7.60529e-021
219.73  7.5577e-021
220.752  7.50879e-021
221.774  7.45856e-021
222.796  7.40702e-021
223.818  7.35416e-021
224.84  7.3e-021
225.862  7.24453e-021
226.884  7.18776e-021
227.906  7.1297e-021
228.928  7.07035e-021
229.95  7.00972e-021
230.972  6.94781e-021
231.994  6.88464e-021
233.016  6.82021e-021
234.038  6.75453e-021
235.06  6.68762e-021
236.082  6.61948e-021
237.104  6.55012e-021
238.126  6.47956e-021
239.148  6.40781e-021
240.17  6.33488e-021
241.192  6.2608e-021
242.214  6.18557e-021
243.236  6.10921e-021
244.258  6.03174e-021
245.28  5.95317e-021
246.302  5.87353e-021
247.324  5.79284e-021
248.346  5.71112e-021
249.368  5.62838e-021
250.39  5.54465e-021
251.412  5.45996e-021
252.434  5.37433e-021
253.456  5.28779e-021
254.478  5.20035e-021
255.5  5.11206e-021
256.522  5.02294e-021
257.544  4.93301e-021
258.566  4.84232e-021
259.588  4.75089e-021
260.61  4.65875e-021
261.632  4.56594e-021
262.654  4.4725e-021
263.676  4.37846e-021
264.698  4.28387e-021
265.72  4.18875e-021
266.742  4.09316e-021
267.764  3.99713e-021
268.786  3.9007e-021
269.808  3.80393e-021
270.83  3.70685e-021
271.852  3.60952e-021
272.874  3.51198e-021
273.896  3.41429e-021
274.918  3.3165e-021
275.94  3.21866e-021
276.962  3.12082e-021
277.984  3.02304e-021
279.006  2.92539e-021
280.028  2.82792e-021
281.05  2.73069e-021
282.072  2.63376e-021
283.094  2.53721e-021
284.116  2.4411e-021
285.138  2.3455e-021
286.16  2.25047e-021
287.182  2.1561e-021
288.204  2.06245e-021
289.226  1.96961e-021
290.248  1.87765e-021
291.27  1.78666e-021
292.292  1.69671e-021
293.314  1.6079e-021
294.336  1.52031e-021
295.358  1.43403e-021
296.38  1.34915e-021
297.402  1.26577e-021
298.424  1.18398e-021
299.446  1.10389e-021
300.468  1.0256e-021
301.49  9.49206e-022
302.512  8.74826e-022
303.534  8.02567e-022
304.556  7.32542e-022
305.578  6.64867e-022
306.6  5.99662e-022
307.622  5.37048e-022
308.644  4.77152e-022
309.666  4.201e-022
310.688  3.66026e-022
311.71  3.15062e-022
312.732  2.67349e-022
313.754  2.23027e-022
314.776  1.82242e-022
315.798  1.45142e-022
316.82  1.1188e-022
317.842  8.26108e-023
318.864  5.74949e-023
319.886  3.66954e-023
320.908  2.03795e-023
321.93  8.71761e-024
322.952  1.88343e-024
