1.022  4.40428e-020
2.044  4.33857e-020
3.066  4.27379e-020
4.088  4.20993e-020
5.11  4.14697e-020
6.132  4.0849e-020
7.154  4.02371e-020
8.176  3.96339e-020
9.198  3.90391e-020
10.22  3.84527e-020
11.242  3.78747e-020
12.264  3.73049e-020
13.286  3.67434e-020
14.308  3.61899e-020
15.33  3.56445e-020
16.352  3.5107e-020
17.374  3.45775e-020
18.396  3.40558e-020
19.418  3.3542e-020
20.44  3.30358e-020
21.462  3.25373e-020
22.484  3.20463e-020
23.506  3.15628e-020
24.528  3.10867e-020
25.55  3.06179e-020
26.572  3.01563e-020
27.594  2.97019e-020
28.616  2.92545e-020
29.638  2.8814e-020
30.66  2.83805e-020
31.682  2.79537e-020
32.704  2.75337e-020
33.726  2.71202e-020
34.748  2.67132e-020
35.77  2.63127e-020
36.792  2.59185e-020
37.814  2.55306e-020
38.836  2.51488e-020
39.858  2.47731e-020
40.88  2.44034e-020
41.902  2.40396e-020
42.924  2.36816e-020
43.946  2.33294e-020
44.968  2.29828e-020
45.99  2.26418e-020
47.012  2.23064e-020
48.034  2.19763e-020
49.056  2.16516e-020
50.078  2.13321e-020
51.1  2.10178e-020
52.122  2.07087e-020
53.144  2.04046e-020
54.166  2.01054e-020
55.188  1.98112e-020
56.21  1.95218e-020
57.232  1.92371e-020
58.254  1.89572e-020
59.276  1.86819e-020
60.298  1.84111e-020
61.32  1.81448e-020
62.342  1.78829e-020
63.364  1.76254e-020
64.386  1.73722e-020
65.408  1.71233e-020
66.43  1.68785e-020
67.452  1.66378e-020
68.474  1.64012e-020
69.496  1.61685e-020
70.518  1.59399e-020
71.54  1.57151e-020
72.562  1.54941e-020
73.584  1.52769e-020
74.606  1.50634e-020
75.628  1.48536e-020
76.65  1.46473e-020
77.672  1.44447e-020
78.694  1.42455e-020
79.716  1.40498e-020
80.738  1.38575e-020
81.76  1.36685e-020
82.782  1.34828e-020
83.804  1.33004e-020
84.826  1.31212e-020
85.848  1.29451e-020
86.87  1.27721e-020
87.892  1.26022e-020
88.914  1.24354e-020
89.936  1.22714e-020
90.958  1.21105e-020
91.98  1.19523e-020
93.002  1.17971e-020
94.024  1.16446e-020
95.046  1.14948e-020
96.068  1.13478e-020
97.09  1.12034e-020
98.112  1.10617e-020
99.134  1.09225e-020
100.156  1.07859e-020
101.178  1.06517e-020
102.2  1.05201e-020
103.222  1.03908e-020
104.244  1.02639e-020
105.266  1.01394e-020
106.288  1.00172e-020
107.31  9.89722e-021
108.332  9.77948e-021
109.354  9.66394e-021
110.376  9.55055e-021
111.398  9.43928e-021
112.42  9.33009e-021
113.442  9.22295e-021
114.464  9.11782e-021
115.486  9.01466e-021
116.508  8.91345e-021
117.53  8.81414e-021
118.552  8.71671e-021
119.574  8.62112e-021
120.596  8.52733e-021
121.618  8.43532e-021
122.64  8.34504e-021
123.662  8.25648e-021
124.684  8.16959e-021
125.706  8.08435e-021
126.728  8.00072e-021
127.75  7.91867e-021
128.772  7.83817e-021
129.794  7.7592e-021
130.816  7.68171e-021
131.838  7.60569e-021
132.86  7.5311e-021
133.882  7.45791e-021
134.904  7.38609e-021
135.926  7.31562e-021
136.948  7.24646e-021
137.97  7.17859e-021
138.992  7.11198e-021
140.014  7.0466e-021
141.036  6.98242e-021
142.058  6.91942e-021
143.08  6.85758e-021
144.102  6.79685e-021
145.124  6.73723e-021
146.146  6.67867e-021
147.168  6.62117e-021
148.19  6.56468e-021
149.212  6.50919e-021
150.234  6.45466e-021
151.256  6.40108e-021
152.278  6.34843e-021
153.3  6.29667e-021
154.322  6.24578e-021
155.344  6.19574e-021
156.366  6.14653e-021
157.388  6.09812e-021
158.41  6.05049e-021
159.432  6.00361e-021
160.454  5.95748e-021
161.476  5.91205e-021
162.498  5.86731e-021
163.52  5.82324e-021
164.542  5.77982e-021
165.564  5.73703e-021
166.586  5.69484e-021
167.608  5.65324e-021
168.63  5.6122e-021
169.652  5.5717e-021
170.674  5.53173e-021
171.696  5.49226e-021
172.718  5.45328e-021
173.74  5.41477e-021
174.762  5.3767e-021
175.784  5.33906e-021
176.806  5.30183e-021
177.828  5.265e-021
178.85  5.22854e-021
179.872  5.19243e-021
180.894  5.15666e-021
181.916  5.12122e-021
182.938  5.08608e-021
183.96  5.05123e-021
184.982  5.01665e-021
186.004  4.98233e-021
187.026  4.94825e-021
188.048  4.91439e-021
189.07  4.88074e-021
190.092  4.84728e-021
191.114  4.814e-021
192.136  4.78089e-021
193.158  4.74792e-021
194.18  4.71509e-021
195.202  4.68238e-021
196.224  4.64978e-021
197.246  4.61727e-021
198.268  4.58484e-021
199.29  4.55247e-021
200.312  4.52016e-021
201.334  4.48789e-021
202.356  4.45565e-021
203.378  4.42343e-021
204.4  4.39121e-021
205.422  4.35898e-021
206.444  4.32674e-021
207.466  4.29446e-021
208.488  4.26215e-021
209.51  4.22978e-021
210.532  4.19734e-021
211.554  4.16484e-021
212.576  4.13225e-021
213.598  4.09957e-021
214.62  4.06678e-021
215.642  4.03388e-021
216.664  4.00086e-021
217.686  3.96771e-021
218.708  3.93442e-021
219.73  3.90097e-021
220.752  3.86738e-021
221.774  3.83361e-021
222.796  3.79967e-021
223.818  3.76555e-021
224.84  3.73124e-021
225.862  3.69674e-021
226.884  3.66203e-021
227.906  3.62711e-021
228.928  3.59197e-021
229.95  3.55661e-021
230.972  3.52102e-021
231.994  3.4852e-021
233.016  3.44913e-021
234.038  3.41282e-021
235.06  3.37625e-021
236.082  3.33943e-021
237.104  3.30234e-021
238.126  3.26499e-021
239.148  3.22737e-021
240.17  3.18948e-021
241.192  3.15131e-021
242.214  3.11285e-021
243.236  3.07412e-021
244.258  3.03509e-021
245.28  2.99578e-021
246.302  2.95618e-021
247.324  2.91628e-021
248.346  2.87609e-021
249.368  2.8356e-021
250.39  2.79482e-021
251.412  2.75374e-021
252.434  2.71237e-021
253.456  2.6707e-021
254.478  2.62873e-021
255.5  2.58647e-021
256.522  2.54393e-021
257.544  2.50109e-021
258.566  2.45796e-021
259.588  2.41456e-021
260.61  2.37087e-021
261.632  2.32692e-021
262.654  2.28269e-021
263.676  2.2382e-021
264.698  2.19345e-021
265.72  2.14845e-021
266.742  2.10321e-021
267.764  2.05773e-021
268.786  2.01203e-021
269.808  1.96612e-021
270.83  1.92e-021
271.852  1.87369e-021
272.874  1.8272e-021
273.896  1.78054e-021
274.918  1.73374e-021
275.94  1.68679e-021
276.962  1.63973e-021
277.984  1.59256e-021
279.006  1.54531e-021
280.028  1.498e-021
281.05  1.45065e-021
282.072  1.40328e-021
283.094  1.35591e-021
284.116  1.30858e-021
285.138  1.2613e-021
286.16  1.21411e-021
287.182  1.16703e-021
288.204  1.12011e-021
289.226  1.07337e-021
290.248  1.02685e-021
291.27  9.80581e-022
292.292  9.34611e-022
293.314  8.88979e-022
294.336  8.43729e-022
295.358  7.98907e-022
296.38  7.54562e-022
297.402  7.10744e-022
298.424  6.67509e-022
299.446  6.24911e-022
300.468  5.83011e-022
301.49  5.41871e-022
302.512  5.01555e-022
303.534  4.62132e-022
304.556  4.23674e-022
305.578  3.86255e-022
306.6  3.49955e-022
307.622  3.14855e-022
308.644  2.81041e-022
309.666  2.48604e-022
310.688  2.17637e-022
311.71  1.88238e-022
312.732  1.6051e-022
313.754  1.34561e-022
314.776  1.10502e-022
315.798  8.845e-023
316.82  6.85268e-023
317.842  5.08596e-023
318.864  3.55807e-023
319.886  2.28279e-023
320.908  1.2745e-023
321.93  5.48094e-024
322.952  1.19053e-024
