1.022  8.47395e-020
2.044  8.36269e-020
3.066  8.25283e-020
4.088  8.14434e-020
5.11  8.0372e-020
6.132  7.9314e-020
7.154  7.82691e-020
8.176  7.7237e-020
9.198  7.62177e-020
10.22  7.52109e-020
11.242  7.42166e-020
12.264  7.32346e-020
13.286  7.22649e-020
14.308  7.13073e-020
15.33  7.03619e-020
16.352  6.94285e-020
17.374  6.85071e-020
18.396  6.75975e-020
19.418  6.66998e-020
20.44  6.58137e-020
21.462  6.49392e-020
22.484  6.40762e-020
23.506  6.32246e-020
24.528  6.23843e-020
25.55  6.15552e-020
26.572  6.0737e-020
27.594  5.99298e-020
28.616  5.91334e-020
29.638  5.83477e-020
30.66  5.75725e-020
31.682  5.68077e-020
32.704  5.60532e-020
33.726  5.53088e-020
34.748  5.45744e-020
35.77  5.385e-020
36.792  5.31353e-020
37.814  5.24302e-020
38.836  5.17346e-020
39.858  5.10484e-020
40.88  5.03715e-020
41.902  4.97037e-020
42.924  4.90448e-020
43.946  4.83949e-020
44.968  4.77537e-020
45.99  4.71211e-020
47.012  4.64971e-020
48.034  4.58815e-020
49.056  4.52741e-020
50.078  4.46749e-020
51.1  4.40838e-020
52.122  4.35007e-020
53.144  4.29253e-020
54.166  4.23577e-020
55.188  4.17978e-020
56.21  4.12454e-020
57.232  4.07004e-020
58.254  4.01627e-020
59.276  3.96322e-020
60.298  3.91089e-020
61.32  3.85926e-020
62.342  3.80832e-020
63.364  3.75807e-020
64.386  3.70849e-020
65.408  3.65958e-020
66.43  3.61133e-020
67.452  3.56372e-020
68.474  3.51676e-020
69.496  3.47042e-020
70.518  3.42471e-020
71.54  3.37961e-020
72.562  3.33512e-020
73.584  3.29123e-020
74.606  3.24793e-020
75.628  3.20521e-020
76.65  3.16306e-020
77.672  3.12148e-020
78.694  3.08047e-020
79.716  3.04e-020
80.738  3.00008e-020
81.76  2.9607e-020
82.782  2.92185e-020
83.804  2.88352e-020
84.826  2.84571e-020
85.848  2.80842e-020
86.87  2.77162e-020
87.892  2.73532e-020
88.914  2.69952e-020
89.936  2.6642e-020
90.958  2.62935e-020
91.98  2.59498e-020
93.002  2.56107e-020
94.024  2.52763e-020
95.046  2.49463e-020
96.068  2.46209e-020
97.09  2.42999e-020
98.112  2.39832e-020
99.134  2.36708e-020
100.156  2.33627e-020
101.178  2.30588e-020
102.2  2.2759e-020
103.222  2.24633e-020
104.244  2.21716e-020
105.266  2.18839e-020
106.288  2.16001e-020
107.31  2.13202e-020
108.332  2.10441e-020
109.354  2.07718e-020
110.376  2.05032e-020
111.398  2.02383e-020
112.42  1.9977e-020
113.442  1.97193e-020
114.464  1.94651e-020
115.486  1.92144e-020
116.508  1.89672e-020
117.53  1.87233e-020
118.552  1.84828e-020
119.574  1.82455e-020
120.596  1.80116e-020
121.618  1.77808e-020
122.64  1.75532e-020
123.662  1.73288e-020
124.684  1.71074e-020
125.706  1.68891e-020
126.728  1.66738e-020
127.75  1.64614e-020
128.772  1.6252e-020
129.794  1.60454e-020
130.816  1.58417e-020
131.838  1.56408e-020
132.86  1.54426e-020
133.882  1.52472e-020
134.904  1.50545e-020
135.926  1.48644e-020
136.948  1.4677e-020
137.97  1.44921e-020
138.992  1.43098e-020
140.014  1.413e-020
141.036  1.39526e-020
142.058  1.37777e-020
143.08  1.36052e-020
144.102  1.34351e-020
145.124  1.32673e-020
146.146  1.31018e-020
147.168  1.29386e-020
148.19  1.27777e-020
149.212  1.26189e-020
150.234  1.24623e-020
151.256  1.23079e-020
152.278  1.21556e-020
153.3  1.20054e-020
154.322  1.18572e-020
155.344  1.17111e-020
156.366  1.15669e-020
157.388  1.14247e-020
158.41  1.12845e-020
159.432  1.11462e-020
160.454  1.10097e-020
161.476  1.08751e-020
162.498  1.07424e-020
163.52  1.06114e-020
164.542  1.04822e-020
165.564  1.03548e-020
166.586  1.02291e-020
167.608  1.0105e-020
168.63  9.98268e-021
169.652  9.86197e-021
170.674  9.74288e-021
171.696  9.62539e-021
172.718  9.50946e-021
173.74  9.39508e-021
174.762  9.28223e-021
175.784  9.17087e-021
176.806  9.06098e-021
177.828  8.95255e-021
178.85  8.84554e-021
179.872  8.73994e-021
180.894  8.63572e-021
181.916  8.53287e-021
182.938  8.43135e-021
183.96  8.33114e-021
184.982  8.23223e-021
186.004  8.13459e-021
187.026  8.03821e-021
188.048  7.94305e-021
189.07  7.8491e-021
190.092  7.75634e-021
191.114  7.66474e-021
192.136  7.57429e-021
193.158  7.48497e-021
194.18  7.39675e-021
195.202  7.30962e-021
196.224  7.22355e-021
197.246  7.13852e-021
198.268  7.05452e-021
199.29  6.97153e-021
200.312  6.88952e-021
201.334  6.80847e-021
202.356  6.72837e-021
203.378  6.6492e-021
204.4  6.57093e-021
205.422  6.49355e-021
206.444  6.41704e-021
207.466  6.34138e-021
208.488  6.26655e-021
209.51  6.19253e-021
210.532  6.11931e-021
211.554  6.04685e-021
212.576  5.97515e-021
213.598  5.90418e-021
214.62  5.83393e-021
215.642  5.76438e-021
216.664  5.6955e-021
217.686  5.62728e-021
218.708  5.5597e-021
219.73  5.49275e-021
220.752  5.42639e-021
221.774  5.36062e-021
222.796  5.29541e-021
223.818  5.23075e-021
224.84  5.16662e-021
225.862  5.10299e-021
226.884  5.03985e-021
227.906  4.97717e-021
228.928  4.91495e-021
229.95  4.85316e-021
230.972  4.79179e-021
231.994  4.73081e-021
233.016  4.6702e-021
234.038  4.60994e-021
235.06  4.55003e-021
236.082  4.49043e-021
237.104  4.43113e-021
238.126  4.37212e-021
239.148  4.31336e-021
240.17  4.25485e-021
241.192  4.19656e-021
242.214  4.13848e-021
243.236  4.08059e-021
244.258  4.02287e-021
245.28  3.9653e-021
246.302  3.90786e-021
247.324  3.85054e-021
248.346  3.79332e-021
249.368  3.73618e-021
250.39  3.67911e-021
251.412  3.62209e-021
252.434  3.56509e-021
253.456  3.50812e-021
254.478  3.45114e-021
255.5  3.39415e-021
256.522  3.33713e-021
257.544  3.28007e-021
258.566  3.22295e-021
259.588  3.16576e-021
260.61  3.10849e-021
261.632  3.05112e-021
262.654  2.99364e-021
263.676  2.93605e-021
264.698  2.87833e-021
265.72  2.82048e-021
266.742  2.76249e-021
267.764  2.70434e-021
268.786  2.64604e-021
269.808  2.58758e-021
270.83  2.52896e-021
271.852  2.47017e-021
272.874  2.41122e-021
273.896  2.3521e-021
274.918  2.29281e-021
275.94  2.23337e-021
276.962  2.17377e-021
277.984  2.11403e-021
279.006  2.05415e-021
280.028  1.99414e-021
281.05  1.93402e-021
282.072  1.8738e-021
283.094  1.8135e-021
284.116  1.75314e-021
285.138  1.69274e-021
286.16  1.63234e-021
287.182  1.57195e-021
288.204  1.51161e-021
289.226  1.45135e-021
290.248  1.39122e-021
291.27  1.33125e-021
292.292  1.27149e-021
293.314  1.21198e-021
294.336  1.15278e-021
295.358  1.09395e-021
296.38  1.03555e-021
297.402  9.77639e-022
298.424  9.20293e-022
299.446  8.63586e-022
300.468  8.07599e-022
301.49  7.52417e-022
302.512  6.98132e-022
303.534  6.4484e-022
304.556  5.92647e-022
305.578  5.4166e-022
306.6  4.91996e-022
307.622  4.43778e-022
308.644  3.97135e-022
309.666  3.52206e-022
310.688  3.09135e-022
311.71  2.68076e-022
312.732  2.29188e-022
313.754  1.92643e-022
314.776  1.58618e-022
315.798  1.27301e-022
316.82  9.8889e-023
317.842  7.35898e-023
318.864  5.162e-023
319.886  3.32071e-023
320.908  1.85894e-023
321.93  8.01574e-024
322.952  1.74578e-024
