1.022  5.3409e-020
2.044  5.26409e-020
3.066  5.18825e-020
4.088  5.11338e-020
5.11  5.03946e-020
6.132  4.96647e-020
7.154  4.89441e-020
8.176  4.82325e-020
9.198  4.75299e-020
10.22  4.68361e-020
11.242  4.61511e-020
12.264  4.54748e-020
13.286  4.48072e-020
14.308  4.41481e-020
15.33  4.34976e-020
16.352  4.28555e-020
17.374  4.22218e-020
18.396  4.15965e-020
19.418  4.09794e-020
20.44  4.03706e-020
21.462  3.97699e-020
22.484  3.91773e-020
23.506  3.85927e-020
24.528  3.80159e-020
25.55  3.74471e-020
26.572  3.68859e-020
27.594  3.63324e-020
28.616  3.57865e-020
29.638  3.5248e-020
30.66  3.4717e-020
31.682  3.41932e-020
32.704  3.36767e-020
33.726  3.31673e-020
34.748  3.26649e-020
35.77  3.21694e-020
36.792  3.16808e-020
37.814  3.1199e-020
38.836  3.07238e-020
39.858  3.02552e-020
40.88  2.97932e-020
41.902  2.93375e-020
42.924  2.88881e-020
43.946  2.8445e-020
44.968  2.80081e-020
45.99  2.75772e-020
47.012  2.71523e-020
48.034  2.67333e-020
49.056  2.63202e-020
50.078  2.59128e-020
51.1  2.55112e-020
52.122  2.51151e-020
53.144  2.47245e-020
54.166  2.43395e-020
55.188  2.39598e-020
56.21  2.35854e-020
57.232  2.32163e-020
58.254  2.28523e-020
59.276  2.24935e-020
60.298  2.21397e-020
61.32  2.17909e-020
62.342  2.1447e-020
63.364  2.11079e-020
64.386  2.07737e-020
65.408  2.04442e-020
66.43  2.01193e-020
67.452  1.97991e-020
68.474  1.94834e-020
69.496  1.91722e-020
70.518  1.88654e-020
71.54  1.8563e-020
72.562  1.8265e-020
73.584  1.79712e-020
74.606  1.76816e-020
75.628  1.73962e-020
76.65  1.71149e-020
77.672  1.68377e-020
78.694  1.65645e-020
79.716  1.62953e-020
80.738  1.603e-020
81.76  1.57685e-020
82.782  1.55109e-020
83.804  1.5257e-020
84.826  1.50069e-020
85.848  1.47605e-020
86.87  1.45177e-020
87.892  1.42785e-020
88.914  1.40428e-020
89.936  1.38107e-020
90.958  1.35821e-020
91.98  1.33568e-020
93.002  1.3135e-020
94.024  1.29165e-020
95.046  1.27013e-020
96.068  1.24894e-020
97.09  1.22807e-020
98.112  1.20752e-020
99.134  1.18728e-020
100.156  1.16736e-020
101.178  1.14775e-020
102.2  1.12844e-020
103.222  1.10943e-020
104.244  1.09072e-020
105.266  1.0723e-020
106.288  1.05418e-020
107.31  1.03634e-020
108.332  1.01878e-020
109.354  1.00151e-020
110.376  9.84508e-021
111.398  9.67784e-021
112.42  9.51332e-021
113.442  9.35147e-021
114.464  9.19226e-021
115.486  9.03567e-021
116.508  8.88167e-021
117.53  8.73022e-021
118.552  8.58129e-021
119.574  8.43486e-021
120.596  8.2909e-021
121.618  8.14937e-021
122.64  8.01025e-021
123.662  7.87351e-021
124.684  7.73912e-021
125.706  7.60706e-021
126.728  7.47729e-021
127.75  7.34979e-021
128.772  7.22454e-021
129.794  7.1015e-021
130.816  6.98065e-021
131.838  6.86196e-021
132.86  6.74541e-021
133.882  6.63097e-021
134.904  6.51862e-021
135.926  6.40833e-021
136.948  6.30007e-021
137.97  6.19382e-021
138.992  6.08955e-021
140.014  5.98725e-021
141.036  5.88688e-021
142.058  5.78842e-021
143.08  5.69185e-021
144.102  5.59714e-021
145.124  5.50427e-021
146.146  5.41321e-021
147.168  5.32395e-021
148.19  5.23646e-021
149.212  5.15071e-021
150.234  5.06669e-021
151.256  4.98436e-021
152.278  4.90371e-021
153.3  4.82471e-021
154.322  4.74735e-021
155.344  4.67159e-021
156.366  4.59742e-021
157.388  4.52481e-021
158.41  4.45374e-021
159.432  4.38419e-021
160.454  4.31614e-021
161.476  4.24956e-021
162.498  4.18443e-021
163.52  4.12074e-021
164.542  4.05845e-021
165.564  3.99756e-021
166.586  3.93803e-021
167.608  3.87984e-021
168.63  3.82297e-021
169.652  3.76741e-021
170.674  3.71312e-021
171.696  3.6601e-021
172.718  3.60831e-021
173.74  3.55773e-021
174.762  3.50835e-021
175.784  3.46014e-021
176.806  3.41309e-021
177.828  3.36716e-021
178.85  3.32235e-021
179.872  3.27862e-021
180.894  3.23596e-021
181.916  3.19435e-021
182.938  3.15376e-021
183.96  3.11417e-021
184.982  3.07557e-021
186.004  3.03793e-021
187.026  3.00123e-021
188.048  2.96545e-021
189.07  2.93058e-021
190.092  2.89657e-021
191.114  2.86343e-021
192.136  2.83112e-021
193.158  2.79963e-021
194.18  2.76893e-021
195.202  2.73901e-021
196.224  2.70984e-021
197.246  2.6814e-021
198.268  2.65367e-021
199.29  2.62663e-021
200.312  2.60027e-021
201.334  2.57455e-021
202.356  2.54945e-021
203.378  2.52497e-021
204.4  2.50107e-021
205.422  2.47774e-021
206.444  2.45495e-021
207.466  2.43268e-021
208.488  2.41092e-021
209.51  2.38965e-021
210.532  2.36883e-021
211.554  2.34846e-021
212.576  2.3285e-021
213.598  2.30895e-021
214.62  2.28978e-021
215.642  2.27096e-021
216.664  2.25249e-021
217.686  2.23433e-021
218.708  2.21648e-021
219.73  2.1989e-021
220.752  2.18158e-021
221.774  2.1645e-021
222.796  2.14764e-021
223.818  2.13098e-021
224.84  2.11449e-021
225.862  2.09817e-021
226.884  2.08199e-021
227.906  2.06592e-021
228.928  2.04996e-021
229.95  2.03408e-021
230.972  2.01826e-021
231.994  2.00249e-021
233.016  1.98675e-021
234.038  1.97101e-021
235.06  1.95526e-021
236.082  1.93948e-021
237.104  1.92366e-021
238.126  1.90778e-021
239.148  1.89181e-021
240.17  1.87574e-021
241.192  1.85956e-021
242.214  1.84325e-021
243.236  1.82679e-021
244.258  1.81016e-021
245.28  1.79336e-021
246.302  1.77636e-021
247.324  1.75916e-021
248.346  1.74173e-021
249.368  1.72406e-021
250.39  1.70615e-021
251.412  1.68797e-021
252.434  1.66951e-021
253.456  1.65076e-021
254.478  1.63172e-021
255.5  1.61236e-021
256.522  1.59268e-021
257.544  1.57267e-021
258.566  1.55232e-021
259.588  1.53162e-021
260.61  1.51056e-021
261.632  1.48914e-021
262.654  1.46735e-021
263.676  1.44518e-021
264.698  1.42262e-021
265.72  1.39969e-021
266.742  1.37636e-021
267.764  1.35264e-021
268.786  1.32853e-021
269.808  1.30403e-021
270.83  1.27913e-021
271.852  1.25384e-021
272.874  1.22816e-021
273.896  1.2021e-021
274.918  1.17566e-021
275.94  1.14885e-021
276.962  1.12167e-021
277.984  1.09414e-021
279.006  1.06626e-021
280.028  1.03804e-021
281.05  1.0095e-021
282.072  9.80657e-022
283.094  9.51521e-022
284.116  9.22113e-022
285.138  8.92451e-022
286.16  8.62557e-022
287.182  8.32453e-022
288.204  8.02166e-022
289.226  7.71721e-022
290.248  7.41148e-022
291.27  7.10477e-022
292.292  6.79741e-022
293.314  6.48977e-022
294.336  6.1822e-022
295.358  5.87511e-022
296.38  5.56893e-022
297.402  5.2641e-022
298.424  4.9611e-022
299.446  4.66041e-022
300.468  4.36259e-022
301.49  4.06817e-022
302.512  3.77774e-022
303.534  3.49193e-022
304.556  3.21137e-022
305.578  2.93675e-022
306.6  2.66877e-022
307.622  2.40819e-022
308.644  2.15578e-022
309.666  1.91236e-022
310.688  1.67878e-022
311.71  1.45593e-022
312.732  1.24475e-022
313.754  1.0462e-022
314.776  8.61306e-023
315.798  6.91111e-023
316.82  5.36718e-023
317.842  3.99269e-023
318.864  2.79954e-023
319.886  1.80008e-023
320.908  1.00713e-023
321.93  4.3401e-024
322.952  9.44608e-025
