1.022  3.85509e-020
2.044  3.79557e-020
3.066  3.73685e-020
4.088  3.67892e-020
5.11  3.62177e-020
6.132  3.56538e-020
7.154  3.50975e-020
8.176  3.45487e-020
9.198  3.40072e-020
10.22  3.3473e-020
11.242  3.2946e-020
12.264  3.24262e-020
13.286  3.19134e-020
14.308  3.14076e-020
15.33  3.09089e-020
16.352  3.0417e-020
17.374  2.99321e-020
18.396  2.9454e-020
19.418  2.89826e-020
20.44  2.8518e-020
21.462  2.80599e-020
22.484  2.76085e-020
23.506  2.71636e-020
24.528  2.67252e-020
25.55  2.62931e-020
26.572  2.58673e-020
27.594  2.54478e-020
28.616  2.50344e-020
29.638  2.46271e-020
30.66  2.42258e-020
31.682  2.38305e-020
32.704  2.3441e-020
33.726  2.30574e-020
34.748  2.26794e-020
35.77  2.23071e-020
36.792  2.19404e-020
37.814  2.15792e-020
38.836  2.12234e-020
39.858  2.08729e-020
40.88  2.05277e-020
41.902  2.01878e-020
42.924  1.9853e-020
43.946  1.95233e-020
44.968  1.91985e-020
45.99  1.88788e-020
47.012  1.85638e-020
48.034  1.82538e-020
49.056  1.79484e-020
50.078  1.76477e-020
51.1  1.73517e-020
52.122  1.70602e-020
53.144  1.67732e-020
54.166  1.64907e-020
55.188  1.62125e-020
56.21  1.59387e-020
57.232  1.56691e-020
58.254  1.54038e-020
59.276  1.51426e-020
60.298  1.48855e-020
61.32  1.46324e-020
62.342  1.43833e-020
63.364  1.41382e-020
64.386  1.3897e-020
65.408  1.36596e-020
66.43  1.3426e-020
67.452  1.31962e-020
68.474  1.297e-020
69.496  1.27476e-020
70.518  1.25287e-020
71.54  1.23133e-020
72.562  1.21015e-020
73.584  1.18931e-020
74.606  1.16882e-020
75.628  1.14867e-020
76.65  1.12884e-020
77.672  1.10935e-020
78.694  1.09019e-020
79.716  1.07134e-020
80.738  1.05282e-020
81.76  1.0346e-020
82.782  1.0167e-020
83.804  9.991e-021
84.826  9.81804e-021
85.848  9.64806e-021
86.87  9.48103e-021
87.892  9.3169e-021
88.914  9.15566e-021
89.936  8.99725e-021
90.958  8.84164e-021
91.98  8.68881e-021
93.002  8.53871e-021
94.024  8.39132e-021
95.046  8.24659e-021
96.068  8.1045e-021
97.09  7.96502e-021
98.112  7.82811e-021
99.134  7.69374e-021
100.156  7.56188e-021
101.178  7.4325e-021
102.2  7.30557e-021
103.222  7.18106e-021
104.244  7.05894e-021
105.266  6.93918e-021
106.288  6.82175e-021
107.31  6.70663e-021
108.332  6.59378e-021
109.354  6.48318e-021
110.376  6.37479e-021
111.398  6.26861e-021
112.42  6.16458e-021
113.442  6.06269e-021
114.464  5.96292e-021
115.486  5.86523e-021
116.508  5.7696e-021
117.53  5.676e-021
118.552  5.58442e-021
119.574  5.49481e-021
120.596  5.40716e-021
121.618  5.32145e-021
122.64  5.23764e-021
123.662  5.15572e-021
124.684  5.07565e-021
125.706  4.99742e-021
126.728  4.921e-021
127.75  4.84637e-021
128.772  4.7735e-021
129.794  4.70238e-021
130.816  4.63297e-021
131.838  4.56525e-021
132.86  4.49921e-021
133.882  4.43481e-021
134.904  4.37204e-021
135.926  4.31087e-021
136.948  4.25129e-021
137.97  4.19326e-021
138.992  4.13677e-021
140.014  4.08179e-021
141.036  4.0283e-021
142.058  3.97628e-021
143.08  3.92571e-021
144.102  3.87657e-021
145.124  3.82883e-021
146.146  3.78248e-021
147.168  3.73748e-021
148.19  3.69383e-021
149.212  3.65149e-021
150.234  3.61046e-021
151.256  3.57069e-021
152.278  3.53218e-021
153.3  3.49491e-021
154.322  3.45885e-021
155.344  3.42398e-021
156.366  3.39027e-021
157.388  3.35772e-021
158.41  3.32629e-021
159.432  3.29597e-021
160.454  3.26674e-021
161.476  3.23857e-021
162.498  3.21144e-021
163.52  3.18534e-021
164.542  3.16023e-021
165.564  3.1361e-021
166.586  3.11294e-021
167.608  3.09071e-021
168.63  3.0694e-021
169.652  3.04898e-021
170.674  3.02943e-021
171.696  3.01074e-021
172.718  2.99288e-021
173.74  2.97583e-021
174.762  2.95957e-021
175.784  2.94408e-021
176.806  2.92933e-021
177.828  2.91531e-021
178.85  2.90199e-021
179.872  2.88935e-021
180.894  2.87737e-021
181.916  2.86603e-021
182.938  2.85531e-021
183.96  2.84518e-021
184.982  2.83562e-021
186.004  2.82662e-021
187.026  2.81815e-021
188.048  2.81018e-021
189.07  2.8027e-021
190.092  2.79568e-021
191.114  2.78911e-021
192.136  2.78296e-021
193.158  2.7772e-021
194.18  2.77182e-021
195.202  2.76679e-021
196.224  2.76209e-021
197.246  2.7577e-021
198.268  2.7536e-021
199.29  2.74976e-021
200.312  2.74617e-021
201.334  2.74279e-021
202.356  2.73961e-021
203.378  2.7366e-021
204.4  2.73375e-021
205.422  2.73102e-021
206.444  2.7284e-021
207.466  2.72587e-021
208.488  2.7234e-021
209.51  2.72096e-021
210.532  2.71855e-021
211.554  2.71612e-021
212.576  2.71367e-021
213.598  2.71117e-021
214.62  2.7086e-021
215.642  2.70593e-021
216.664  2.70314e-021
217.686  2.70021e-021
218.708  2.69712e-021
219.73  2.69385e-021
220.752  2.69037e-021
221.774  2.68666e-021
222.796  2.6827e-021
223.818  2.67848e-021
224.84  2.67396e-021
225.862  2.66912e-021
226.884  2.66395e-021
227.906  2.65842e-021
228.928  2.65252e-021
229.95  2.64622e-021
230.972  2.6395e-021
231.994  2.63234e-021
233.016  2.62472e-021
234.038  2.61663e-021
235.06  2.60803e-021
236.082  2.59893e-021
237.104  2.58928e-021
238.126  2.57909e-021
239.148  2.56832e-021
240.17  2.55697e-021
241.192  2.545e-021
242.214  2.53242e-021
243.236  2.5192e-021
244.258  2.50532e-021
245.28  2.49077e-021
246.302  2.47554e-021
247.324  2.4596e-021
248.346  2.44296e-021
249.368  2.42559e-021
250.39  2.40748e-021
251.412  2.38862e-021
252.434  2.369e-021
253.456  2.34861e-021
254.478  2.32744e-021
255.5  2.30548e-021
256.522  2.28272e-021
257.544  2.25916e-021
258.566  2.23479e-021
259.588  2.20961e-021
260.61  2.1836e-021
261.632  2.15678e-021
262.654  2.12913e-021
263.676  2.10066e-021
264.698  2.07136e-021
265.72  2.04124e-021
266.742  2.0103e-021
267.764  1.97855e-021
268.786  1.94599e-021
269.808  1.91263e-021
270.83  1.87847e-021
271.852  1.84354e-021
272.874  1.80782e-021
273.896  1.77136e-021
274.918  1.73415e-021
275.94  1.69621e-021
276.962  1.65756e-021
277.984  1.61823e-021
279.006  1.57824e-021
280.028  1.5376e-021
281.05  1.49636e-021
282.072  1.45453e-021
283.094  1.41214e-021
284.116  1.36924e-021
285.138  1.32586e-021
286.16  1.28203e-021
287.182  1.2378e-021
288.204  1.19321e-021
289.226  1.1483e-021
290.248  1.10313e-021
291.27  1.05776e-021
292.292  1.01222e-021
293.314  9.66588e-022
294.336  9.2092e-022
295.358  8.7528e-022
296.38  8.29737e-022
297.402  7.84364e-022
298.424  7.39236e-022
299.446  6.94431e-022
300.468  6.50034e-022
301.49  6.0613e-022
302.512  5.62812e-022
303.534  5.20175e-022
304.556  4.78318e-022
305.578  4.37346e-022
306.6  3.97367e-022
307.622  3.58496e-022
308.644  3.20849e-022
309.666  2.8455e-022
310.688  2.49729e-022
311.71  2.16518e-022
312.732  1.85056e-022
313.754  1.55488e-022
314.776  1.27965e-022
315.798  1.02643e-022
316.82  7.9683e-023
317.842  5.92539e-023
318.864  4.15301e-023
319.886  2.66924e-023
320.908  1.49278e-023
321.93  6.43007e-024
322.952  1.39884e-024
