1.022  3.94514e-021
2.044  4.06533e-021
3.066  4.18591e-021
4.088  4.30686e-021
5.11  4.42816e-021
6.132  4.5498e-021
7.154  4.67177e-021
8.176  4.79406e-021
9.198  4.91665e-021
10.22  5.03953e-021
11.242  5.16269e-021
12.264  5.28612e-021
13.286  5.40982e-021
14.308  5.53377e-021
15.33  5.65798e-021
16.352  5.78243e-021
17.374  5.90712e-021
18.396  6.03205e-021
19.418  6.15721e-021
20.44  6.2826e-021
21.462  6.40821e-021
22.484  6.53403e-021
23.506  6.66006e-021
24.528  6.7863e-021
25.55  6.91273e-021
26.572  7.03935e-021
27.594  7.16616e-021
28.616  7.29314e-021
29.638  7.42029e-021
30.66  7.54761e-021
31.682  7.67507e-021
32.704  7.80269e-021
33.726  7.93044e-021
34.748  8.05832e-021
35.77  8.18633e-021
36.792  8.31444e-021
37.814  8.44266e-021
38.836  8.57097e-021
39.858  8.69936e-021
40.88  8.82783e-021
41.902  8.95637e-021
42.924  9.08496e-021
43.946  9.2136e-021
44.968  9.34227e-021
45.99  9.47096e-021
47.012  9.59968e-021
48.034  9.7284e-021
49.056  9.85711e-021
50.078  9.98581e-021
51.1  1.01145e-020
52.122  1.02431e-020
53.144  1.03717e-020
54.166  1.05002e-020
55.188  1.06287e-020
56.21  1.07571e-020
57.232  1.08854e-020
58.254  1.10136e-020
59.276  1.11417e-020
60.298  1.12696e-020
61.32  1.13974e-020
62.342  1.15251e-020
63.364  1.16527e-020
64.386  1.178e-020
65.408  1.19072e-020
66.43  1.20342e-020
67.452  1.21611e-020
68.474  1.22877e-020
69.496  1.24141e-020
70.518  1.25402e-020
71.54  1.26662e-020
72.562  1.27918e-020
73.584  1.29172e-020
74.606  1.30424e-020
75.628  1.31673e-020
76.65  1.32918e-020
77.672  1.34161e-020
78.694  1.35401e-020
79.716  1.36637e-020
80.738  1.3787e-020
81.76  1.391e-020
82.782  1.40326e-020
83.804  1.41549e-020
84.826  1.42768e-020
85.848  1.43983e-020
86.87  1.45194e-020
87.892  1.46401e-020
88.914  1.47604e-020
89.936  1.48802e-020
90.958  1.49997e-020
91.98  1.51187e-020
93.002  1.52372e-020
94.024  1.53553e-020
95.046  1.54729e-020
96.068  1.559e-020
97.09  1.57067e-020
98.112  1.58228e-020
99.134  1.59384e-020
100.156  1.60535e-020
101.178  1.61681e-020
102.2  1.62821e-020
103.222  1.63955e-020
104.244  1.65084e-020
105.266  1.66208e-020
106.288  1.67325e-020
107.31  1.68437e-020
108.332  1.69542e-020
109.354  1.70641e-020
110.376  1.71735e-020
111.398  1.72821e-020
112.42  1.73902e-020
113.442  1.74975e-020
114.464  1.76042e-020
115.486  1.77103e-020
116.508  1.78156e-020
117.53  1.79203e-020
118.552  1.80242e-020
119.574  1.81274e-020
120.596  1.82299e-020
121.618  1.83316e-020
122.64  1.84326e-020
123.662  1.85328e-020
124.684  1.86323e-020
125.706  1.87309e-020
126.728  1.88287e-020
127.75  1.89258e-020
128.772  1.9022e-020
129.794  1.91173e-020
130.816  1.92118e-020
131.838  1.93054e-020
132.86  1.93982e-020
133.882  1.949e-020
134.904  1.9581e-020
135.926  1.9671e-020
136.948  1.97601e-020
137.97  1.98482e-020
138.992  1.99354e-020
140.014  2.00215e-020
141.036  2.01067e-020
142.058  2.01909e-020
143.08  2.0274e-020
144.102  2.03561e-020
145.124  2.04371e-020
146.146  2.0517e-020
147.168  2.05959e-020
148.19  2.06736e-020
149.212  2.07501e-020
150.234  2.08256e-020
151.256  2.08998e-020
152.278  2.09728e-020
153.3  2.10447e-020
154.322  2.11153e-020
155.344  2.11846e-020
156.366  2.12527e-020
157.388  2.13194e-020
158.41  2.13849e-020
159.432  2.14489e-020
160.454  2.15117e-020
161.476  2.1573e-020
162.498  2.16329e-020
163.52  2.16914e-020
164.542  2.17484e-020
165.564  2.18039e-020
166.586  2.18579e-020
167.608  2.19103e-020
168.63  2.19612e-020
169.652  2.20104e-020
170.674  2.20581e-020
171.696  2.21041e-020
172.718  2.21483e-020
173.74  2.21909e-020
174.762  2.22317e-020
175.784  2.22708e-020
176.806  2.2308e-020
177.828  2.23434e-020
178.85  2.23769e-020
179.872  2.24085e-020
180.894  2.24381e-020
181.916  2.24658e-020
182.938  2.24915e-020
183.96  2.25151e-020
184.982  2.25366e-020
186.004  2.2556e-020
187.026  2.25732e-020
188.048  2.25882e-020
189.07  2.2601e-020
190.092  2.26115e-020
191.114  2.26197e-020
192.136  2.26256e-020
193.158  2.2629e-020
194.18  2.26301e-020
195.202  2.26286e-020
196.224  2.26246e-020
197.246  2.2618e-020
198.268  2.26089e-020
199.29  2.25971e-020
200.312  2.25826e-020
201.334  2.25654e-020
202.356  2.25453e-020
203.378  2.25225e-020
204.4  2.24968e-020
205.422  2.24682e-020
206.444  2.24366e-020
207.466  2.2402e-020
208.488  2.23644e-020
209.51  2.23236e-020
210.532  2.22797e-020
211.554  2.22327e-020
212.576  2.21824e-020
213.598  2.21288e-020
214.62  2.20719e-020
215.642  2.20116e-020
216.664  2.19478e-020
217.686  2.18807e-020
218.708  2.181e-020
219.73  2.17357e-020
220.752  2.16579e-020
221.774  2.15764e-020
222.796  2.14912e-020
223.818  2.14023e-020
224.84  2.13096e-020
225.862  2.12131e-020
226.884  2.11127e-020
227.906  2.10084e-020
228.928  2.09002e-020
229.95  2.0788e-020
230.972  2.06718e-020
231.994  2.05515e-020
233.016  2.04271e-020
234.038  2.02987e-020
235.06  2.0166e-020
236.082  2.00292e-020
237.104  1.98881e-020
238.126  1.97428e-020
239.148  1.95932e-020
240.17  1.94393e-020
241.192  1.92811e-020
242.214  1.91186e-020
243.236  1.89517e-020
244.258  1.87804e-020
245.28  1.86047e-020
246.302  1.84246e-020
247.324  1.82401e-020
248.346  1.80512e-020
249.368  1.78579e-020
250.39  1.76601e-020
251.412  1.7458e-020
252.434  1.72514e-020
253.456  1.70405e-020
254.478  1.68252e-020
255.5  1.66055e-020
256.522  1.63815e-020
257.544  1.61532e-020
258.566  1.59206e-020
259.588  1.56838e-020
260.61  1.54428e-020
261.632  1.51976e-020
262.654  1.49484e-020
263.676  1.46952e-020
264.698  1.44379e-020
265.72  1.41768e-020
266.742  1.39119e-020
267.764  1.36432e-020
268.786  1.3371e-020
269.808  1.30951e-020
270.83  1.28159e-020
271.852  1.25333e-020
272.874  1.22475e-020
273.896  1.19586e-020
274.918  1.16668e-020
275.94  1.13723e-020
276.962  1.10751e-020
277.984  1.07754e-020
279.006  1.04734e-020
280.028  1.01694e-020
281.05  9.86341e-021
282.072  9.55573e-021
283.094  9.24658e-021
284.116  8.93617e-021
285.138  8.62474e-021
286.16  8.31255e-021
287.182  7.99987e-021
288.204  7.68697e-021
289.226  7.37415e-021
290.248  7.06171e-021
291.27  6.74998e-021
292.292  6.43928e-021
293.314  6.12998e-021
294.336  5.82243e-021
295.358  5.51702e-021
296.38  5.21414e-021
297.402  4.91422e-021
298.424  4.61769e-021
299.446  4.325e-021
300.468  4.03662e-021
301.49  3.75304e-021
302.512  3.47476e-021
303.534  3.20233e-021
304.556  2.93628e-021
305.578  2.6772e-021
306.6  2.42568e-021
307.622  2.18232e-021
308.644  1.94778e-021
309.666  1.72271e-021
310.688  1.50781e-021
311.71  1.30378e-021
312.732  1.11137e-021
313.754  9.31333e-022
314.776  7.64472e-022
315.798  6.11604e-022
316.82  4.73574e-022
317.842  3.51262e-022
318.864  2.45571e-022
319.886  1.57438e-022
320.908  8.78288e-023
321.93  3.77385e-023
322.952  8.18981e-024
