1.022  5.51583e-021
2.044  5.66605e-021
3.066  5.8163e-021
4.088  5.96656e-021
5.11  6.11682e-021
6.132  6.26708e-021
7.154  6.41732e-021
8.176  6.56752e-021
9.198  6.71769e-021
10.22  6.8678e-021
11.242  7.01785e-021
12.264  7.16784e-021
13.286  7.31776e-021
14.308  7.46762e-021
15.33  7.6174e-021
16.352  7.76711e-021
17.374  7.91676e-021
18.396  8.06632e-021
19.418  8.21582e-021
20.44  8.36524e-021
21.462  8.51458e-021
22.484  8.66385e-021
23.506  8.81304e-021
24.528  8.96215e-021
25.55  9.11117e-021
26.572  9.26011e-021
27.594  9.40896e-021
28.616  9.55771e-021
29.638  9.70637e-021
30.66  9.85493e-021
31.682  1.00034e-020
32.704  1.01517e-020
33.726  1.02999e-020
34.748  1.0448e-020
35.77  1.0596e-020
36.792  1.07438e-020
37.814  1.08915e-020
38.836  1.1039e-020
39.858  1.11864e-020
40.88  1.13336e-020
41.902  1.14806e-020
42.924  1.16275e-020
43.946  1.17742e-020
44.968  1.19206e-020
45.99  1.20669e-020
47.012  1.22129e-020
48.034  1.23588e-020
49.056  1.25044e-020
50.078  1.26497e-020
51.1  1.27948e-020
52.122  1.29397e-020
53.144  1.30842e-020
54.166  1.32285e-020
55.188  1.33726e-020
56.21  1.35163e-020
57.232  1.36597e-020
58.254  1.38028e-020
59.276  1.39456e-020
60.298  1.4088e-020
61.32  1.42301e-020
62.342  1.43718e-020
63.364  1.45132e-020
64.386  1.46542e-020
65.408  1.47948e-020
66.43  1.49351e-020
67.452  1.50749e-020
68.474  1.52143e-020
69.496  1.53533e-020
70.518  1.54919e-020
71.54  1.563e-020
72.562  1.57677e-020
73.584  1.59049e-020
74.606  1.60416e-020
75.628  1.61779e-020
76.65  1.63137e-020
77.672  1.64489e-020
78.694  1.65837e-020
79.716  1.6718e-020
80.738  1.68517e-020
81.76  1.69849e-020
82.782  1.71175e-020
83.804  1.72496e-020
84.826  1.73811e-020
85.848  1.7512e-020
86.87  1.76424e-020
87.892  1.77721e-020
88.914  1.79013e-020
89.936  1.80298e-020
90.958  1.81577e-020
91.98  1.8285e-020
93.002  1.84117e-020
94.024  1.85377e-020
95.046  1.8663e-020
96.068  1.87876e-020
97.09  1.89116e-020
98.112  1.90349e-020
99.134  1.91575e-020
100.156  1.92794e-020
101.178  1.94006e-020
102.2  1.9521e-020
103.222  1.96407e-020
104.244  1.97596e-020
105.266  1.98778e-020
106.288  1.99953e-020
107.31  2.01119e-020
108.332  2.02278e-020
109.354  2.03429e-020
110.376  2.04571e-020
111.398  2.05706e-020
112.42  2.06832e-020
113.442  2.0795e-020
114.464  2.09059e-020
115.486  2.1016e-020
116.508  2.11252e-020
117.53  2.12336e-020
118.552  2.1341e-020
119.574  2.14476e-020
120.596  2.15532e-020
121.618  2.16579e-020
122.64  2.17617e-020
123.662  2.18645e-020
124.684  2.19664e-020
125.706  2.20673e-020
126.728  2.21672e-020
127.75  2.22662e-020
128.772  2.23641e-020
129.794  2.2461e-020
130.816  2.25569e-020
131.838  2.26517e-020
132.86  2.27455e-020
133.882  2.28382e-020
134.904  2.29298e-020
135.926  2.30203e-020
136.948  2.31097e-020
137.97  2.31979e-020
138.992  2.3285e-020
140.014  2.3371e-020
141.036  2.34558e-020
142.058  2.35393e-020
143.08  2.36217e-020
144.102  2.37028e-020
145.124  2.37827e-020
146.146  2.38614e-020
147.168  2.39387e-020
148.19  2.40148e-020
149.212  2.40895e-020
150.234  2.41629e-020
151.256  2.42349e-020
152.278  2.43056e-020
153.3  2.43749e-020
154.322  2.44427e-020
155.344  2.45091e-020
156.366  2.4574e-020
157.388  2.46375e-020
158.41  2.46994e-020
159.432  2.47598e-020
160.454  2.48187e-020
161.476  2.4876e-020
162.498  2.49316e-020
163.52  2.49857e-020
164.542  2.50381e-020
165.564  2.50887e-020
166.586  2.51377e-020
167.608  2.5185e-020
168.63  2.52304e-020
169.652  2.52741e-020
170.674  2.53159e-020
171.696  2.53559e-020
172.718  2.5394e-020
173.74  2.54302e-020
174.762  2.54644e-020
175.784  2.54967e-020
176.806  2.55269e-020
177.828  2.5555e-020
178.85  2.55811e-020
179.872  2.56051e-020
180.894  2.56269e-020
181.916  2.56465e-020
182.938  2.56638e-020
183.96  2.56789e-020
184.982  2.56917e-020
186.004  2.57022e-020
187.026  2.57102e-020
188.048  2.57159e-020
189.07  2.57191e-020
190.092  2.57197e-020
191.114  2.57178e-020
192.136  2.57134e-020
193.158  2.57062e-020
194.18  2.56965e-020
195.202  2.5684e-020
196.224  2.56687e-020
197.246  2.56506e-020
198.268  2.56297e-020
199.29  2.56058e-020
200.312  2.55791e-020
201.334  2.55493e-020
202.356  2.55165e-020
203.378  2.54806e-020
204.4  2.54415e-020
205.422  2.53993e-020
206.444  2.53539e-020
207.466  2.53051e-020
208.488  2.52531e-020
209.51  2.51977e-020
210.532  2.51388e-020
211.554  2.50765e-020
212.576  2.50106e-020
213.598  2.49412e-020
214.62  2.48682e-020
215.642  2.47915e-020
216.664  2.4711e-020
217.686  2.46268e-020
218.708  2.45388e-020
219.73  2.4447e-020
220.752  2.43512e-020
221.774  2.42515e-020
222.796  2.41477e-020
223.818  2.40399e-020
224.84  2.3928e-020
225.862  2.3812e-020
226.884  2.36918e-020
227.906  2.35674e-020
228.928  2.34387e-020
229.95  2.33056e-020
230.972  2.31683e-020
231.994  2.30265e-020
233.016  2.28803e-020
234.038  2.27297e-020
235.06  2.25745e-020
236.082  2.24149e-020
237.104  2.22506e-020
238.126  2.20818e-020
239.148  2.19083e-020
240.17  2.17302e-020
241.192  2.15475e-020
242.214  2.136e-020
243.236  2.11679e-020
244.258  2.0971e-020
245.28  2.07693e-020
246.302  2.0563e-020
247.324  2.03518e-020
248.346  2.0136e-020
249.368  1.99153e-020
250.39  1.96899e-020
251.412  1.94598e-020
252.434  1.92249e-020
253.456  1.89853e-020
254.478  1.87409e-020
255.5  1.84919e-020
256.522  1.82383e-020
257.544  1.798e-020
258.566  1.77171e-020
259.588  1.74497e-020
260.61  1.71778e-020
261.632  1.69014e-020
262.654  1.66207e-020
263.676  1.63356e-020
264.698  1.60464e-020
265.72  1.57529e-020
266.742  1.54554e-020
267.764  1.51539e-020
268.786  1.48485e-020
269.808  1.45393e-020
270.83  1.42265e-020
271.852  1.39101e-020
272.874  1.35904e-020
273.896  1.32674e-020
274.918  1.29413e-020
275.94  1.26123e-020
276.962  1.22804e-020
277.984  1.1946e-020
279.006  1.16093e-020
280.028  1.12703e-020
281.05  1.09293e-020
282.072  1.05866e-020
283.094  1.02424e-020
284.116  9.89698e-021
285.138  9.55053e-021
286.16  9.20338e-021
287.182  8.8558e-021
288.204  8.50811e-021
289.226  8.16063e-021
290.248  7.8137e-021
291.27  7.46767e-021
292.292  7.1229e-021
293.314  6.77978e-021
294.336  6.43872e-021
295.358  6.10012e-021
296.38  5.76445e-021
297.402  5.43213e-021
298.424  5.10367e-021
299.446  4.77954e-021
300.468  4.46027e-021
301.49  4.14639e-021
302.512  3.83847e-021
303.534  3.53708e-021
304.556  3.24283e-021
305.578  2.95634e-021
306.6  2.67827e-021
307.622  2.40929e-021
308.644  2.15011e-021
309.666  1.90144e-021
310.688  1.66405e-021
311.71  1.43872e-021
312.732  1.22626e-021
313.754  1.02751e-021
314.776  8.43327e-022
315.798  6.7462e-022
316.82  5.22315e-022
317.842  3.87375e-022
318.864  2.70791e-022
319.886  1.7359e-022
320.908  9.683e-023
321.93  4.16022e-023
322.952  9.02745e-024
