1.022  2.84396e-020
2.044  2.86853e-020
3.066  2.89297e-020
4.088  2.91727e-020
5.11  2.94145e-020
6.132  2.96548e-020
7.154  2.98938e-020
8.176  3.01313e-020
9.198  3.03675e-020
10.22  3.06021e-020
11.242  3.08354e-020
12.264  3.10673e-020
13.286  3.12977e-020
14.308  3.15268e-020
15.33  3.17546e-020
16.352  3.19811e-020
17.374  3.22063e-020
18.396  3.24302e-020
19.418  3.2653e-020
20.44  3.28745e-020
21.462  3.30949e-020
22.484  3.33141e-020
23.506  3.35322e-020
24.528  3.37491e-020
25.55  3.3965e-020
26.572  3.41798e-020
27.594  3.43935e-020
28.616  3.46061e-020
29.638  3.48177e-020
30.66  3.50282e-020
31.682  3.52377e-020
32.704  3.54461e-020
33.726  3.56535e-020
34.748  3.58598e-020
35.77  3.60652e-020
36.792  3.62694e-020
37.814  3.64726e-020
38.836  3.66748e-020
39.858  3.68759e-020
40.88  3.7076e-020
41.902  3.7275e-020
42.924  3.74729e-020
43.946  3.76698e-020
44.968  3.78655e-020
45.99  3.80602e-020
47.012  3.82538e-020
48.034  3.84463e-020
49.056  3.86376e-020
50.078  3.88279e-020
51.1  3.9017e-020
52.122  3.9205e-020
53.144  3.93918e-020
54.166  3.95775e-020
55.188  3.9762e-020
56.21  3.99453e-020
57.232  4.01274e-020
58.254  4.03083e-020
59.276  4.0488e-020
60.298  4.06665e-020
61.32  4.08438e-020
62.342  4.10198e-020
63.364  4.11945e-020
64.386  4.1368e-020
65.408  4.15402e-020
66.43  4.17112e-020
67.452  4.18808e-020
68.474  4.20491e-020
69.496  4.22161e-020
70.518  4.23818e-020
71.54  4.25461e-020
72.562  4.27091e-020
73.584  4.28707e-020
74.606  4.30309e-020
75.628  4.31898e-020
76.65  4.33472e-020
77.672  4.35032e-020
78.694  4.36578e-020
79.716  4.3811e-020
80.738  4.39628e-020
81.76  4.41131e-020
82.782  4.42619e-020
83.804  4.44092e-020
84.826  4.45551e-020
85.848  4.46994e-020
86.87  4.48423e-020
87.892  4.49836e-020
88.914  4.51235e-020
89.936  4.52617e-020
90.958  4.53985e-020
91.98  4.55336e-020
93.002  4.56672e-020
94.024  4.57992e-020
95.046  4.59296e-020
96.068  4.60584e-020
97.09  4.61856e-020
98.112  4.63112e-020
99.134  4.64351e-020
100.156  4.65574e-020
101.178  4.66781e-020
102.2  4.6797e-020
103.222  4.69143e-020
104.244  4.70299e-020
105.266  4.71438e-020
106.288  4.7256e-020
107.31  4.73665e-020
108.332  4.74752e-020
109.354  4.75822e-020
110.376  4.76875e-020
111.398  4.7791e-020
112.42  4.78927e-020
113.442  4.79926e-020
114.464  4.80907e-020
115.486  4.8187e-020
116.508  4.82815e-020
117.53  4.83741e-020
118.552  4.84649e-020
119.574  4.85538e-020
120.596  4.86409e-020
121.618  4.87261e-020
122.64  4.88094e-020
123.662  4.88907e-020
124.684  4.89702e-020
125.706  4.90477e-020
126.728  4.91232e-020
127.75  4.91968e-020
128.772  4.92684e-020
129.794  4.9338e-020
130.816  4.94056e-020
131.838  4.94712e-020
132.86  4.95347e-020
133.882  4.95962e-020
134.904  4.96556e-020
135.926  4.97129e-020
136.948  4.97681e-020
137.97  4.98212e-020
138.992  4.98721e-020
140.014  4.99209e-020
141.036  4.99675e-020
142.058  5.00118e-020
143.08  5.0054e-020
144.102  5.00939e-020
145.124  5.01316e-020
146.146  5.01669e-020
147.168  5.02e-020
148.19  5.02307e-020
149.212  5.02591e-020
150.234  5.02851e-020
151.256  5.03087e-020
152.278  5.03299e-020
153.3  5.03486e-020
154.322  5.03648e-020
155.344  5.03785e-020
156.366  5.03897e-020
157.388  5.03984e-020
158.41  5.04044e-020
159.432  5.04078e-020
160.454  5.04085e-020
161.476  5.04066e-020
162.498  5.0402e-020
163.52  5.03946e-020
164.542  5.03844e-020
165.564  5.03714e-020
166.586  5.03555e-020
167.608  5.03367e-020
168.63  5.0315e-020
169.652  5.02904e-020
170.674  5.02627e-020
171.696  5.0232e-020
172.718  5.01982e-020
173.74  5.01612e-020
174.762  5.01211e-020
175.784  5.00778e-020
176.806  5.00312e-020
177.828  4.99813e-020
178.85  4.99281e-020
179.872  4.98714e-020
180.894  4.98113e-020
181.916  4.97477e-020
182.938  4.96805e-020
183.96  4.96098e-020
184.982  4.95354e-020
186.004  4.94573e-020
187.026  4.93754e-020
188.048  4.92897e-020
189.07  4.92002e-020
190.092  4.91067e-020
191.114  4.90092e-020
192.136  4.89077e-020
193.158  4.88021e-020
194.18  4.86924e-020
195.202  4.85784e-020
196.224  4.84602e-020
197.246  4.83376e-020
198.268  4.82106e-020
199.29  4.80791e-020
200.312  4.79431e-020
201.334  4.78025e-020
202.356  4.76573e-020
203.378  4.75073e-020
204.4  4.73525e-020
205.422  4.71929e-020
206.444  4.70284e-020
207.466  4.68588e-020
208.488  4.66842e-020
209.51  4.65045e-020
210.532  4.63195e-020
211.554  4.61293e-020
212.576  4.59338e-020
213.598  4.57329e-020
214.62  4.55265e-020
215.642  4.53145e-020
216.664  4.5097e-020
217.686  4.48738e-020
218.708  4.46448e-020
219.73  4.441e-020
220.752  4.41694e-020
221.774  4.39228e-020
222.796  4.36702e-020
223.818  4.34116e-020
224.84  4.31468e-020
225.862  4.28758e-020
226.884  4.25986e-020
227.906  4.2315e-020
228.928  4.20251e-020
229.95  4.17288e-020
230.972  4.1426e-020
231.994  4.11166e-020
233.016  4.08007e-020
234.038  4.04781e-020
235.06  4.01489e-020
236.082  3.9813e-020
237.104  3.94702e-020
238.126  3.91207e-020
239.148  3.87644e-020
240.17  3.84012e-020
241.192  3.80311e-020
242.214  3.7654e-020
243.236  3.72701e-020
244.258  3.68792e-020
245.28  3.64813e-020
246.302  3.60764e-020
247.324  3.56646e-020
248.346  3.52458e-020
249.368  3.48201e-020
250.39  3.43874e-020
251.412  3.39477e-020
252.434  3.35012e-020
253.456  3.30477e-020
254.478  3.25875e-020
255.5  3.21204e-020
256.522  3.16467e-020
257.544  3.11662e-020
258.566  3.06791e-020
259.588  3.01856e-020
260.61  2.96855e-020
261.632  2.91791e-020
262.654  2.86665e-020
263.676  2.81478e-020
264.698  2.7623e-020
265.72  2.70924e-020
266.742  2.6556e-020
267.764  2.60141e-020
268.786  2.54668e-020
269.808  2.49143e-020
270.83  2.43567e-020
271.852  2.37944e-020
272.874  2.32274e-020
273.896  2.26562e-020
274.918  2.20808e-020
275.94  2.15016e-020
276.962  2.09188e-020
277.984  2.03328e-020
279.006  1.97439e-020
280.028  1.91524e-020
281.05  1.85586e-020
282.072  1.7963e-020
283.094  1.73659e-020
284.116  1.67677e-020
285.138  1.61689e-020
286.16  1.55699e-020
287.182  1.49713e-020
288.204  1.43734e-020
289.226  1.37768e-020
290.248  1.31821e-020
291.27  1.25899e-020
292.292  1.20006e-020
293.314  1.14151e-020
294.336  1.08338e-020
295.358  1.02576e-020
296.38  9.68707e-021
297.402  9.12299e-021
298.424  8.56614e-021
299.446  8.01731e-021
300.468  7.47734e-021
301.49  6.9471e-021
302.512  6.4275e-021
303.534  5.91948e-021
304.556  5.42401e-021
305.578  4.94212e-021
306.6  4.47485e-021
307.622  4.0233e-021
308.644  3.58861e-021
309.666  3.17194e-021
310.688  2.77453e-021
311.71  2.39763e-021
312.732  2.04256e-021
313.754  1.71067e-021
314.776  1.40336e-021
315.798  1.12209e-021
316.82  8.68362e-022
317.842  6.43727e-022
318.864  4.49791e-022
319.886  2.8821e-022
320.908  1.60697e-022
321.93  6.90124e-023
322.952  1.4969e-023
