1.022  4.41408e-019
2.044  4.4018e-019
3.066  4.38963e-019
4.088  4.37756e-019
5.11  4.36559e-019
6.132  4.3537e-019
7.154  4.3419e-019
8.176  4.33018e-019
9.198  4.31853e-019
10.22  4.30696e-019
11.242  4.29546e-019
12.264  4.28404e-019
13.286  4.27269e-019
14.308  4.26142e-019
15.33  4.25023e-019
16.352  4.23913e-019
17.374  4.2281e-019
18.396  4.21717e-019
19.418  4.20632e-019
20.44  4.19556e-019
21.462  4.18489e-019
22.484  4.17432e-019
23.506  4.16383e-019
24.528  4.15344e-019
25.55  4.14314e-019
26.572  4.13294e-019
27.594  4.12282e-019
28.616  4.1128e-019
29.638  4.10287e-019
30.66  4.09302e-019
31.682  4.08327e-019
32.704  4.0736e-019
33.726  4.06401e-019
34.748  4.05451e-019
35.77  4.04509e-019
36.792  4.03575e-019
37.814  4.02649e-019
38.836  4.0173e-019
39.858  4.00819e-019
40.88  3.99915e-019
41.902  3.99019e-019
42.924  3.98128e-019
43.946  3.97245e-019
44.968  3.96368e-019
45.99  3.95497e-019
47.012  3.94633e-019
48.034  3.93774e-019
49.056  3.9292e-019
50.078  3.92072e-019
51.1  3.9123e-019
52.122  3.90392e-019
53.144  3.89559e-019
54.166  3.88731e-019
55.188  3.87907e-019
56.21  3.87087e-019
57.232  3.86271e-019
58.254  3.85459e-019
59.276  3.84651e-019
60.298  3.83846e-019
61.32  3.83045e-019
62.342  3.82246e-019
63.364  3.81451e-019
64.386  3.80658e-019
65.408  3.79868e-019
66.43  3.7908e-019
67.452  3.78294e-019
68.474  3.7751e-019
69.496  3.76729e-019
70.518  3.75949e-019
71.54  3.7517e-019
72.562  3.74393e-019
73.584  3.73617e-019
74.606  3.72843e-019
75.628  3.72069e-019
76.65  3.71296e-019
77.672  3.70524e-019
78.694  3.69752e-019
79.716  3.68981e-019
80.738  3.68209e-019
81.76  3.67438e-019
82.782  3.66667e-019
83.804  3.65896e-019
84.826  3.65125e-019
85.848  3.64353e-019
86.87  3.6358e-019
87.892  3.62807e-019
88.914  3.62033e-019
89.936  3.61258e-019
90.958  3.60483e-019
91.98  3.59706e-019
93.002  3.58927e-019
94.024  3.58148e-019
95.046  3.57367e-019
96.068  3.56584e-019
97.09  3.558e-019
98.112  3.55013e-019
99.134  3.54225e-019
100.156  3.53435e-019
101.178  3.52643e-019
102.2  3.51849e-019
103.222  3.51052e-019
104.244  3.50253e-019
105.266  3.49451e-019
106.288  3.48647e-019
107.31  3.4784e-019
108.332  3.47031e-019
109.354  3.46218e-019
110.376  3.45403e-019
111.398  3.44584e-019
112.42  3.43762e-019
113.442  3.42938e-019
114.464  3.42109e-019
115.486  3.41278e-019
116.508  3.40443e-019
117.53  3.39604e-019
118.552  3.38762e-019
119.574  3.37916e-019
120.596  3.37066e-019
121.618  3.36213e-019
122.64  3.35355e-019
123.662  3.34494e-019
124.684  3.33628e-019
125.706  3.32758e-019
126.728  3.31884e-019
127.75  3.31005e-019
128.772  3.30122e-019
129.794  3.29235e-019
130.816  3.28343e-019
131.838  3.27446e-019
132.86  3.26544e-019
133.882  3.25638e-019
134.904  3.24727e-019
135.926  3.23811e-019
136.948  3.22889e-019
137.97  3.21963e-019
138.992  3.21031e-019
140.014  3.20094e-019
141.036  3.19152e-019
142.058  3.18204e-019
143.08  3.17251e-019
144.102  3.16292e-019
145.124  3.15327e-019
146.146  3.14356e-019
147.168  3.1338e-019
148.19  3.12397e-019
149.212  3.11409e-019
150.234  3.10414e-019
151.256  3.09413e-019
152.278  3.08406e-019
153.3  3.07392e-019
154.322  3.06372e-019
155.344  3.05345e-019
156.366  3.04311e-019
157.388  3.03271e-019
158.41  3.02223e-019
159.432  3.01169e-019
160.454  3.00107e-019
161.476  2.99038e-019
162.498  2.97962e-019
163.52  2.96878e-019
164.542  2.95786e-019
165.564  2.94687e-019
166.586  2.9358e-019
167.608  2.92465e-019
168.63  2.91342e-019
169.652  2.90211e-019
170.674  2.89071e-019
171.696  2.87923e-019
172.718  2.86766e-019
173.74  2.85601e-019
174.762  2.84426e-019
175.784  2.83243e-019
176.806  2.8205e-019
177.828  2.80848e-019
178.85  2.79637e-019
179.872  2.78416e-019
180.894  2.77185e-019
181.916  2.75944e-019
182.938  2.74693e-019
183.96  2.73432e-019
184.982  2.7216e-019
186.004  2.70878e-019
187.026  2.69585e-019
188.048  2.68281e-019
189.07  2.66965e-019
190.092  2.65639e-019
191.114  2.64301e-019
192.136  2.62951e-019
193.158  2.61589e-019
194.18  2.60216e-019
195.202  2.5883e-019
196.224  2.57431e-019
197.246  2.5602e-019
198.268  2.54596e-019
199.29  2.53159e-019
200.312  2.51708e-019
201.334  2.50244e-019
202.356  2.48767e-019
203.378  2.47275e-019
204.4  2.45769e-019
205.422  2.44249e-019
206.444  2.42715e-019
207.466  2.41165e-019
208.488  2.39601e-019
209.51  2.38021e-019
210.532  2.36426e-019
211.554  2.34815e-019
212.576  2.33189e-019
213.598  2.31546e-019
214.62  2.29887e-019
215.642  2.28211e-019
216.664  2.26519e-019
217.686  2.24809e-019
218.708  2.23083e-019
219.73  2.21339e-019
220.752  2.19577e-019
221.774  2.17798e-019
222.796  2.16e-019
223.818  2.14185e-019
224.84  2.12351e-019
225.862  2.10498e-019
226.884  2.08626e-019
227.906  2.06736e-019
228.928  2.04826e-019
229.95  2.02897e-019
230.972  2.00948e-019
231.994  1.9898e-019
233.016  1.96992e-019
234.038  1.94984e-019
235.06  1.92955e-019
236.082  1.90907e-019
237.104  1.88838e-019
238.126  1.86749e-019
239.148  1.84639e-019
240.17  1.82509e-019
241.192  1.80358e-019
242.214  1.78186e-019
243.236  1.75994e-019
244.258  1.7378e-019
245.28  1.71546e-019
246.302  1.69292e-019
247.324  1.67016e-019
248.346  1.6472e-019
249.368  1.62403e-019
250.39  1.60066e-019
251.412  1.57708e-019
252.434  1.5533e-019
253.456  1.52932e-019
254.478  1.50514e-019
255.5  1.48076e-019
256.522  1.45619e-019
257.544  1.43143e-019
258.566  1.40648e-019
259.588  1.38135e-019
260.61  1.35603e-019
261.632  1.33054e-019
262.654  1.30488e-019
263.676  1.27905e-019
264.698  1.25305e-019
265.72  1.2269e-019
266.742  1.2006e-019
267.764  1.17416e-019
268.786  1.14758e-019
269.808  1.12087e-019
270.83  1.09404e-019
271.852  1.06709e-019
272.874  1.04005e-019
273.896  1.01291e-019
274.918  9.85688e-020
275.94  9.58394e-020
276.962  9.31039e-020
277.984  9.03636e-020
279.006  8.76198e-020
280.028  8.48737e-020
281.05  8.2127e-020
282.072  7.9381e-020
283.094  7.66373e-020
284.116  7.38977e-020
285.138  7.11638e-020
286.16  6.84376e-020
287.182  6.57208e-020
288.204  6.30156e-020
289.226  6.03241e-020
290.248  5.76485e-020
291.27  5.4991e-020
292.292  5.23541e-020
293.314  4.97403e-020
294.336  4.71523e-020
295.358  4.45928e-020
296.38  4.20646e-020
297.402  3.95707e-020
298.424  3.71143e-020
299.446  3.46986e-020
300.468  3.2327e-020
301.49  3.00029e-020
302.512  2.77301e-020
303.534  2.55122e-020
304.556  2.33533e-020
305.578  2.12574e-020
306.6  1.92287e-020
307.622  1.72718e-020
308.644  1.53911e-020
309.666  1.35915e-020
310.688  1.18777e-020
311.71  1.0255e-020
312.732  8.72857e-021
313.754  7.30392e-021
314.776  5.98671e-021
315.798  4.7828e-021
316.82  3.69824e-021
317.842  2.73932e-021
318.864  1.91251e-021
319.886  1.22451e-021
320.908  6.82221e-022
321.93  2.92763e-022
322.952  6.34541e-023
