1.022  3.45569e-019
2.044  3.45742e-019
3.066  3.45914e-019
4.088  3.46086e-019
5.11  3.46256e-019
6.132  3.46424e-019
7.154  3.4659e-019
8.176  3.46754e-019
9.198  3.46915e-019
10.22  3.47073e-019
11.242  3.47228e-019
12.264  3.4738e-019
13.286  3.4753e-019
14.308  3.47677e-019
15.33  3.47821e-019
16.352  3.47964e-019
17.374  3.48105e-019
18.396  3.48244e-019
19.418  3.48382e-019
20.44  3.48518e-019
21.462  3.48653e-019
22.484  3.48787e-019
23.506  3.4892e-019
24.528  3.49052e-019
25.55  3.49183e-019
26.572  3.49313e-019
27.594  3.49443e-019
28.616  3.49571e-019
29.638  3.49699e-019
30.66  3.49825e-019
31.682  3.4995e-019
32.704  3.50075e-019
33.726  3.50198e-019
34.748  3.50319e-019
35.77  3.5044e-019
36.792  3.50558e-019
37.814  3.50675e-019
38.836  3.50791e-019
39.858  3.50904e-019
40.88  3.51015e-019
41.902  3.51125e-019
42.924  3.51231e-019
43.946  3.51336e-019
44.968  3.51437e-019
45.99  3.51536e-019
47.012  3.51632e-019
48.034  3.51725e-019
49.056  3.51815e-019
50.078  3.51901e-019
51.1  3.51984e-019
52.122  3.52063e-019
53.144  3.52138e-019
54.166  3.52209e-019
55.188  3.52277e-019
56.21  3.52339e-019
57.232  3.52398e-019
58.254  3.52451e-019
59.276  3.52501e-019
60.298  3.52545e-019
61.32  3.52584e-019
62.342  3.52618e-019
63.364  3.52646e-019
64.386  3.5267e-019
65.408  3.52687e-019
66.43  3.52699e-019
67.452  3.52705e-019
68.474  3.52705e-019
69.496  3.52699e-019
70.518  3.52686e-019
71.54  3.52667e-019
72.562  3.52642e-019
73.584  3.5261e-019
74.606  3.52571e-019
75.628  3.52525e-019
76.65  3.52472e-019
77.672  3.52412e-019
78.694  3.52345e-019
79.716  3.5227e-019
80.738  3.52188e-019
81.76  3.52098e-019
82.782  3.52e-019
83.804  3.51894e-019
84.826  3.51781e-019
85.848  3.51659e-019
86.87  3.51529e-019
87.892  3.5139e-019
88.914  3.51244e-019
89.936  3.51088e-019
90.958  3.50924e-019
91.98  3.50752e-019
93.002  3.5057e-019
94.024  3.50379e-019
95.046  3.5018e-019
96.068  3.49971e-019
97.09  3.49753e-019
98.112  3.49526e-019
99.134  3.49289e-019
100.156  3.49042e-019
101.178  3.48786e-019
102.2  3.4852e-019
103.222  3.48245e-019
104.244  3.47959e-019
105.266  3.47664e-019
106.288  3.47358e-019
107.31  3.47042e-019
108.332  3.46716e-019
109.354  3.46379e-019
110.376  3.46032e-019
111.398  3.45675e-019
112.42  3.45306e-019
113.442  3.44928e-019
114.464  3.44538e-019
115.486  3.44137e-019
116.508  3.43726e-019
117.53  3.43303e-019
118.552  3.4287e-019
119.574  3.42425e-019
120.596  3.41968e-019
121.618  3.41501e-019
122.64  3.41022e-019
123.662  3.40531e-019
124.684  3.40029e-019
125.706  3.39515e-019
126.728  3.3899e-019
127.75  3.38452e-019
128.772  3.37903e-019
129.794  3.37341e-019
130.816  3.36768e-019
131.838  3.36182e-019
132.86  3.35584e-019
133.882  3.34974e-019
134.904  3.34351e-019
135.926  3.33716e-019
136.948  3.33068e-019
137.97  3.32408e-019
138.992  3.31735e-019
140.014  3.31049e-019
141.036  3.3035e-019
142.058  3.29638e-019
143.08  3.28913e-019
144.102  3.28175e-019
145.124  3.27424e-019
146.146  3.26659e-019
147.168  3.25881e-019
148.19  3.2509e-019
149.212  3.24285e-019
150.234  3.23466e-019
151.256  3.22634e-019
152.278  3.21788e-019
153.3  3.20928e-019
154.322  3.20054e-019
155.344  3.19165e-019
156.366  3.18263e-019
157.388  3.17346e-019
158.41  3.16415e-019
159.432  3.1547e-019
160.454  3.1451e-019
161.476  3.13535e-019
162.498  3.12546e-019
163.52  3.11542e-019
164.542  3.10522e-019
165.564  3.09488e-019
166.586  3.08439e-019
167.608  3.07374e-019
168.63  3.06294e-019
169.652  3.05199e-019
170.674  3.04088e-019
171.696  3.02961e-019
172.718  3.01819e-019
173.74  3.00661e-019
174.762  2.99487e-019
175.784  2.98296e-019
176.806  2.9709e-019
177.828  2.95867e-019
178.85  2.94628e-019
179.872  2.93373e-019
180.894  2.921e-019
181.916  2.90811e-019
182.938  2.89505e-019
183.96  2.88183e-019
184.982  2.86843e-019
186.004  2.85486e-019
187.026  2.84111e-019
188.048  2.8272e-019
189.07  2.8131e-019
190.092  2.79883e-019
191.114  2.78439e-019
192.136  2.76976e-019
193.158  2.75496e-019
194.18  2.73997e-019
195.202  2.7248e-019
196.224  2.70945e-019
197.246  2.69391e-019
198.268  2.67819e-019
199.29  2.66228e-019
200.312  2.64618e-019
201.334  2.6299e-019
202.356  2.61342e-019
203.378  2.59675e-019
204.4  2.57989e-019
205.422  2.56284e-019
206.444  2.5456e-019
207.466  2.52816e-019
208.488  2.51052e-019
209.51  2.49269e-019
210.532  2.47465e-019
211.554  2.45642e-019
212.576  2.43799e-019
213.598  2.41936e-019
214.62  2.40053e-019
215.642  2.3815e-019
216.664  2.36227e-019
217.686  2.34283e-019
218.708  2.32319e-019
219.73  2.30334e-019
220.752  2.28329e-019
221.774  2.26304e-019
222.796  2.24258e-019
223.818  2.22191e-019
224.84  2.20104e-019
225.862  2.17997e-019
226.884  2.15868e-019
227.906  2.1372e-019
228.928  2.1155e-019
229.95  2.0936e-019
230.972  2.0715e-019
231.994  2.04919e-019
233.016  2.02668e-019
234.038  2.00397e-019
235.06  1.98105e-019
236.082  1.95793e-019
237.104  1.93461e-019
238.126  1.9111e-019
239.148  1.88738e-019
240.17  1.86347e-019
241.192  1.83936e-019
242.214  1.81506e-019
243.236  1.79057e-019
244.258  1.76589e-019
245.28  1.74103e-019
246.302  1.71598e-019
247.324  1.69075e-019
248.346  1.66534e-019
249.368  1.63976e-019
250.39  1.614e-019
251.412  1.58808e-019
252.434  1.56199e-019
253.456  1.53574e-019
254.478  1.50933e-019
255.5  1.48278e-019
256.522  1.45607e-019
257.544  1.42923e-019
258.566  1.40225e-019
259.588  1.37513e-019
260.61  1.3479e-019
261.632  1.32054e-019
262.654  1.29308e-019
263.676  1.26551e-019
264.698  1.23784e-019
265.72  1.21009e-019
266.742  1.18225e-019
267.764  1.15434e-019
268.786  1.12637e-019
269.808  1.09834e-019
270.83  1.07027e-019
271.852  1.04216e-019
272.874  1.01403e-019
273.896  9.85891e-020
274.918  9.57748e-020
275.94  9.29617e-020
276.962  9.01509e-020
277.984  8.73439e-020
279.006  8.4542e-020
280.028  8.17466e-020
281.05  7.89591e-020
282.072  7.61813e-020
283.094  7.34146e-020
284.116  7.06607e-020
285.138  6.79214e-020
286.16  6.51984e-020
287.182  6.24937e-020
288.204  5.98091e-020
289.226  5.71467e-020
290.248  5.45086e-020
291.27  5.18969e-020
292.292  4.93138e-020
293.314  4.67617e-020
294.336  4.4243e-020
295.358  4.17602e-020
296.38  3.93158e-020
297.402  3.69125e-020
298.424  3.4553e-020
299.446  3.22402e-020
300.468  2.9977e-020
301.49  2.77664e-020
302.512  2.56117e-020
303.534  2.3516e-020
304.556  2.14826e-020
305.578  1.95151e-020
306.6  1.76169e-020
307.622  1.57919e-020
308.644  1.40436e-020
309.666  1.23761e-020
310.688  1.07934e-020
311.71  9.29966e-021
312.732  7.8991e-021
313.754  6.59616e-021
314.776  5.39537e-021
315.798  4.30141e-021
316.82  3.31909e-021
317.842  2.45334e-021
318.864  1.70927e-021
319.886  1.09208e-021
320.908  6.07162e-022
321.93  2.60004e-022
322.952  5.62351e-023
