1.022  1.29243e-019
2.044  1.2993e-019
3.066  1.30612e-019
4.088  1.31291e-019
5.11  1.31965e-019
6.132  1.32636e-019
7.154  1.33302e-019
8.176  1.33963e-019
9.198  1.3462e-019
10.22  1.35273e-019
11.242  1.3592e-019
12.264  1.36563e-019
13.286  1.37202e-019
14.308  1.37836e-019
15.33  1.38465e-019
16.352  1.39091e-019
17.374  1.39712e-019
18.396  1.40329e-019
19.418  1.40942e-019
20.44  1.41551e-019
21.462  1.42156e-019
22.484  1.42757e-019
23.506  1.43354e-019
24.528  1.43948e-019
25.55  1.44538e-019
26.572  1.45124e-019
27.594  1.45706e-019
28.616  1.46285e-019
29.638  1.46859e-019
30.66  1.47431e-019
31.682  1.47998e-019
32.704  1.48562e-019
33.726  1.49121e-019
34.748  1.49677e-019
35.77  1.50229e-019
36.792  1.50778e-019
37.814  1.51322e-019
38.836  1.51862e-019
39.858  1.52398e-019
40.88  1.52931e-019
41.902  1.53459e-019
42.924  1.53982e-019
43.946  1.54502e-019
44.968  1.55017e-019
45.99  1.55528e-019
47.012  1.56035e-019
48.034  1.56537e-019
49.056  1.57034e-019
50.078  1.57527e-019
51.1  1.58016e-019
52.122  1.58499e-019
53.144  1.58978e-019
54.166  1.59452e-019
55.188  1.59921e-019
56.21  1.60385e-019
57.232  1.60843e-019
58.254  1.61297e-019
59.276  1.61746e-019
60.298  1.62189e-019
61.32  1.62628e-019
62.342  1.6306e-019
63.364  1.63488e-019
64.386  1.63909e-019
65.408  1.64326e-019
66.43  1.64736e-019
67.452  1.65141e-019
68.474  1.65541e-019
69.496  1.65934e-019
70.518  1.66322e-019
71.54  1.66703e-019
72.562  1.67079e-019
73.584  1.67448e-019
74.606  1.67812e-019
75.628  1.68169e-019
76.65  1.6852e-019
77.672  1.68865e-019
78.694  1.69203e-019
79.716  1.69535e-019
80.738  1.69861e-019
81.76  1.7018e-019
82.782  1.70492e-019
83.804  1.70798e-019
84.826  1.71097e-019
85.848  1.71389e-019
86.87  1.71675e-019
87.892  1.71953e-019
88.914  1.72225e-019
89.936  1.7249e-019
90.958  1.72747e-019
91.98  1.72998e-019
93.002  1.73241e-019
94.024  1.73478e-019
95.046  1.73707e-019
96.068  1.73928e-019
97.09  1.74143e-019
98.112  1.7435e-019
99.134  1.74549e-019
100.156  1.74741e-019
101.178  1.74925e-019
102.2  1.75102e-019
103.222  1.75271e-019
104.244  1.75432e-019
105.266  1.75586e-019
106.288  1.75732e-019
107.31  1.75869e-019
108.332  1.75999e-019
109.354  1.76121e-019
110.376  1.76235e-019
111.398  1.76341e-019
112.42  1.76439e-019
113.442  1.76528e-019
114.464  1.7661e-019
115.486  1.76683e-019
116.508  1.76748e-019
117.53  1.76804e-019
118.552  1.76852e-019
119.574  1.76892e-019
120.596  1.76923e-019
121.618  1.76945e-019
122.64  1.76959e-019
123.662  1.76964e-019
124.684  1.7696e-019
125.706  1.76948e-019
126.728  1.76927e-019
127.75  1.76897e-019
128.772  1.76858e-019
129.794  1.7681e-019
130.816  1.76753e-019
131.838  1.76687e-019
132.86  1.76612e-019
133.882  1.76528e-019
134.904  1.76434e-019
135.926  1.76331e-019
136.948  1.76219e-019
137.97  1.76098e-019
138.992  1.75967e-019
140.014  1.75827e-019
141.036  1.75677e-019
142.058  1.75517e-019
143.08  1.75348e-019
144.102  1.75169e-019
145.124  1.74981e-019
146.146  1.74782e-019
147.168  1.74574e-019
148.19  1.74356e-019
149.212  1.74128e-019
150.234  1.7389e-019
151.256  1.73642e-019
152.278  1.73383e-019
153.3  1.73115e-019
154.322  1.72836e-019
155.344  1.72547e-019
156.366  1.72248e-019
157.388  1.71938e-019
158.41  1.71617e-019
159.432  1.71287e-019
160.454  1.70945e-019
161.476  1.70593e-019
162.498  1.7023e-019
163.52  1.69856e-019
164.542  1.69471e-019
165.564  1.69076e-019
166.586  1.68669e-019
167.608  1.68252e-019
168.63  1.67823e-019
169.652  1.67383e-019
170.674  1.66932e-019
171.696  1.6647e-019
172.718  1.65996e-019
173.74  1.65511e-019
174.762  1.65014e-019
175.784  1.64506e-019
176.806  1.63986e-019
177.828  1.63454e-019
178.85  1.6291e-019
179.872  1.62355e-019
180.894  1.61788e-019
181.916  1.61208e-019
182.938  1.60617e-019
183.96  1.60014e-019
184.982  1.59398e-019
186.004  1.5877e-019
187.026  1.5813e-019
188.048  1.57477e-019
189.07  1.56812e-019
190.092  1.56134e-019
191.114  1.55444e-019
192.136  1.54741e-019
193.158  1.54026e-019
194.18  1.53297e-019
195.202  1.52556e-019
196.224  1.51802e-019
197.246  1.51035e-019
198.268  1.50255e-019
199.29  1.49461e-019
200.312  1.48655e-019
201.334  1.47835e-019
202.356  1.47002e-019
203.378  1.46156e-019
204.4  1.45296e-019
205.422  1.44423e-019
206.444  1.43536e-019
207.466  1.42636e-019
208.488  1.41722e-019
209.51  1.40795e-019
210.532  1.39854e-019
211.554  1.38899e-019
212.576  1.3793e-019
213.598  1.36948e-019
214.62  1.35952e-019
215.642  1.34942e-019
216.664  1.33918e-019
217.686  1.3288e-019
218.708  1.31828e-019
219.73  1.30763e-019
220.752  1.29683e-019
221.774  1.2859e-019
222.796  1.27482e-019
223.818  1.26361e-019
224.84  1.25226e-019
225.862  1.24077e-019
226.884  1.22914e-019
227.906  1.21737e-019
228.928  1.20546e-019
229.95  1.19341e-019
230.972  1.18123e-019
231.994  1.16891e-019
233.016  1.15646e-019
234.038  1.14386e-019
235.06  1.13114e-019
236.082  1.11828e-019
237.104  1.10528e-019
238.126  1.09216e-019
239.148  1.0789e-019
240.17  1.06551e-019
241.192  1.052e-019
242.214  1.03836e-019
243.236  1.02459e-019
244.258  1.01069e-019
245.28  9.96676e-020
246.302  9.82539e-020
247.324  9.68283e-020
248.346  9.53911e-020
249.368  9.39423e-020
250.39  9.24823e-020
251.412  9.10113e-020
252.434  8.95296e-020
253.456  8.80373e-020
254.478  8.6535e-020
255.5  8.50227e-020
256.522  8.35009e-020
257.544  8.19699e-020
258.566  8.043e-020
259.588  7.88816e-020
260.61  7.73251e-020
261.632  7.57609e-020
262.654  7.41894e-020
263.676  7.26112e-020
264.698  7.10266e-020
265.72  6.94361e-020
266.742  6.78403e-020
267.764  6.62396e-020
268.786  6.46347e-020
269.808  6.30261e-020
270.83  6.14145e-020
271.852  5.98004e-020
272.874  5.81846e-020
273.896  5.65677e-020
274.918  5.49503e-020
275.94  5.33334e-020
276.962  5.17175e-020
277.984  5.01036e-020
279.006  4.84924e-020
280.028  4.68849e-020
281.05  4.52818e-020
282.072  4.36842e-020
283.094  4.2093e-020
284.116  4.05092e-020
285.138  3.89338e-020
286.16  3.73679e-020
287.182  3.58126e-020
288.204  3.4269e-020
289.226  3.27383e-020
290.248  3.12218e-020
291.27  2.97207e-020
292.292  2.82363e-020
293.314  2.677e-020
294.336  2.53232e-020
295.358  2.38973e-020
296.38  2.24938e-020
297.402  2.11142e-020
298.424  1.97601e-020
299.446  1.84332e-020
300.468  1.71352e-020
301.49  1.58678e-020
302.512  1.46327e-020
303.534  1.34319e-020
304.556  1.22673e-020
305.578  1.11408e-020
306.6  1.00544e-020
307.622  9.01021e-021
308.644  8.01042e-021
309.666  7.05721e-021
310.688  6.15286e-021
311.71  5.2997e-021
312.732  4.50014e-021
313.754  3.75665e-021
314.776  3.07178e-021
315.798  2.44814e-021
316.82  1.88842e-021
317.842  1.39537e-021
318.864  9.71831e-022
319.886  6.20703e-022
320.908  3.44967e-022
321.93  1.47671e-022
322.952  3.19273e-023
