1.022  6.60426e-020
2.044  6.67361e-020
3.066  6.74265e-020
4.088  6.81137e-020
5.11  6.87976e-020
6.132  6.94782e-020
7.154  7.01554e-020
8.176  7.08291e-020
9.198  7.14993e-020
10.22  7.21658e-020
11.242  7.28286e-020
12.264  7.34879e-020
13.286  7.41436e-020
14.308  7.47957e-020
15.33  7.54442e-020
16.352  7.60893e-020
17.374  7.67309e-020
18.396  7.73691e-020
19.418  7.80039e-020
20.44  7.86353e-020
21.462  7.92634e-020
22.484  7.98882e-020
23.506  8.05097e-020
24.528  8.1128e-020
25.55  8.17429e-020
26.572  8.23546e-020
27.594  8.29631e-020
28.616  8.35683e-020
29.638  8.41702e-020
30.66  8.47689e-020
31.682  8.53642e-020
32.704  8.59563e-020
33.726  8.6545e-020
34.748  8.71304e-020
35.77  8.77124e-020
36.792  8.8291e-020
37.814  8.88661e-020
38.836  8.94378e-020
39.858  9.0006e-020
40.88  9.05707e-020
41.902  9.11318e-020
42.924  9.16893e-020
43.946  9.22432e-020
44.968  9.27933e-020
45.99  9.33398e-020
47.012  9.38825e-020
48.034  9.44214e-020
49.056  9.49564e-020
50.078  9.54876e-020
51.1  9.60148e-020
52.122  9.65381e-020
53.144  9.70573e-020
54.166  9.75725e-020
55.188  9.80835e-020
56.21  9.85904e-020
57.232  9.90931e-020
58.254  9.95915e-020
59.276  1.00086e-019
60.298  1.00575e-019
61.32  1.01061e-019
62.342  1.01542e-019
63.364  1.02018e-019
64.386  1.0249e-019
65.408  1.02958e-019
66.43  1.0342e-019
67.452  1.03878e-019
68.474  1.04332e-019
69.496  1.0478e-019
70.518  1.05224e-019
71.54  1.05663e-019
72.562  1.06097e-019
73.584  1.06526e-019
74.606  1.0695e-019
75.628  1.07369e-019
76.65  1.07783e-019
77.672  1.08192e-019
78.694  1.08596e-019
79.716  1.08994e-019
80.738  1.09388e-019
81.76  1.09775e-019
82.782  1.10158e-019
83.804  1.10535e-019
84.826  1.10907e-019
85.848  1.11273e-019
86.87  1.11634e-019
87.892  1.11989e-019
88.914  1.12338e-019
89.936  1.12682e-019
90.958  1.1302e-019
91.98  1.13352e-019
93.002  1.13679e-019
94.024  1.13999e-019
95.046  1.14314e-019
96.068  1.14623e-019
97.09  1.14926e-019
98.112  1.15223e-019
99.134  1.15514e-019
100.156  1.15798e-019
101.178  1.16077e-019
102.2  1.16349e-019
103.222  1.16616e-019
104.244  1.16876e-019
105.266  1.17129e-019
106.288  1.17376e-019
107.31  1.17617e-019
108.332  1.17852e-019
109.354  1.1808e-019
110.376  1.18301e-019
111.398  1.18516e-019
112.42  1.18725e-019
113.442  1.18926e-019
114.464  1.19121e-019
115.486  1.19309e-019
116.508  1.19491e-019
117.53  1.19666e-019
118.552  1.19834e-019
119.574  1.19995e-019
120.596  1.20149e-019
121.618  1.20296e-019
122.64  1.20436e-019
123.662  1.20569e-019
124.684  1.20695e-019
125.706  1.20813e-019
126.728  1.20925e-019
127.75  1.21029e-019
128.772  1.21126e-019
129.794  1.21216e-019
130.816  1.21298e-019
131.838  1.21373e-019
132.86  1.21441e-019
133.882  1.21501e-019
134.904  1.21554e-019
135.926  1.21598e-019
136.948  1.21636e-019
137.97  1.21665e-019
138.992  1.21687e-019
140.014  1.21702e-019
141.036  1.21708e-019
142.058  1.21707e-019
143.08  1.21697e-019
144.102  1.2168e-019
145.124  1.21655e-019
146.146  1.21621e-019
147.168  1.2158e-019
148.19  1.21531e-019
149.212  1.21473e-019
150.234  1.21407e-019
151.256  1.21333e-019
152.278  1.2125e-019
153.3  1.21159e-019
154.322  1.2106e-019
155.344  1.20952e-019
156.366  1.20836e-019
157.388  1.20711e-019
158.41  1.20578e-019
159.432  1.20436e-019
160.454  1.20285e-019
161.476  1.20125e-019
162.498  1.19957e-019
163.52  1.1978e-019
164.542  1.19593e-019
165.564  1.19398e-019
166.586  1.19194e-019
167.608  1.18981e-019
168.63  1.18758e-019
169.652  1.18526e-019
170.674  1.18286e-019
171.696  1.18035e-019
172.718  1.17776e-019
173.74  1.17507e-019
174.762  1.17228e-019
175.784  1.1694e-019
176.806  1.16643e-019
177.828  1.16336e-019
178.85  1.16019e-019
179.872  1.15692e-019
180.894  1.15356e-019
181.916  1.1501e-019
182.938  1.14654e-019
183.96  1.14288e-019
184.982  1.13912e-019
186.004  1.13526e-019
187.026  1.13129e-019
188.048  1.12723e-019
189.07  1.12307e-019
190.092  1.1188e-019
191.114  1.11443e-019
192.136  1.10995e-019
193.158  1.10537e-019
194.18  1.10069e-019
195.202  1.0959e-019
196.224  1.091e-019
197.246  1.086e-019
198.268  1.0809e-019
199.29  1.07568e-019
200.312  1.07036e-019
201.334  1.06493e-019
202.356  1.05939e-019
203.378  1.05375e-019
204.4  1.04799e-019
205.422  1.04213e-019
206.444  1.03615e-019
207.466  1.03007e-019
208.488  1.02387e-019
209.51  1.01757e-019
210.532  1.01115e-019
211.554  1.00462e-019
212.576  9.97984e-020
213.598  9.91233e-020
214.62  9.84371e-020
215.642  9.77396e-020
216.664  9.70309e-020
217.686  9.6311e-020
218.708  9.55799e-020
219.73  9.48376e-020
220.752  9.4084e-020
221.774  9.33192e-020
222.796  9.25431e-020
223.818  9.17559e-020
224.84  9.09575e-020
225.862  9.01479e-020
226.884  8.93272e-020
227.906  8.84953e-020
228.928  8.76524e-020
229.95  8.67984e-020
230.972  8.59334e-020
231.994  8.50574e-020
233.016  8.41706e-020
234.038  8.32729e-020
235.06  8.23644e-020
236.082  8.14453e-020
237.104  8.05155e-020
238.126  7.95751e-020
239.148  7.86244e-020
240.17  7.76632e-020
241.192  7.66919e-020
242.214  7.57104e-020
243.236  7.47189e-020
244.258  7.37175e-020
245.28  7.27065e-020
246.302  7.16858e-020
247.324  7.06557e-020
248.346  6.96163e-020
249.368  6.85679e-020
250.39  6.75106e-020
251.412  6.64445e-020
252.434  6.537e-020
253.456  6.42872e-020
254.478  6.31963e-020
255.5  6.20977e-020
256.522  6.09915e-020
257.544  5.9878e-020
258.566  5.87575e-020
259.588  5.76303e-020
260.61  5.64967e-020
261.632  5.5357e-020
262.654  5.42115e-020
263.676  5.30607e-020
264.698  5.19048e-020
265.72  5.07442e-020
266.742  4.95794e-020
267.764  4.84107e-020
268.786  4.72386e-020
269.808  4.60635e-020
270.83  4.48859e-020
271.852  4.37062e-020
272.874  4.2525e-020
273.896  4.13428e-020
274.918  4.01602e-020
275.94  3.89776e-020
276.962  3.77957e-020
277.984  3.66151e-020
279.006  3.54363e-020
280.028  3.42602e-020
281.05  3.30872e-020
282.072  3.19182e-020
283.094  3.07538e-020
284.116  2.95948e-020
285.138  2.84419e-020
286.16  2.7296e-020
287.182  2.61579e-020
288.204  2.50284e-020
289.226  2.39084e-020
290.248  2.27988e-020
291.27  2.17006e-020
292.292  2.06147e-020
293.314  1.95421e-020
294.336  1.84839e-020
295.358  1.74411e-020
296.38  1.64148e-020
297.402  1.54062e-020
298.424  1.44163e-020
299.446  1.34465e-020
300.468  1.24979e-020
301.49  1.15719e-020
302.512  1.06696e-020
303.534  9.79261e-021
304.556  8.94215e-021
305.578  8.1197e-021
306.6  7.32673e-021
307.622  6.56475e-021
308.644  5.83533e-021
309.666  5.14006e-021
310.688  4.48059e-021
311.71  3.85861e-021
312.732  3.27586e-021
313.754  2.73413e-021
314.776  2.23524e-021
315.798  1.78109e-021
316.82  1.3736e-021
317.842  1.01476e-021
318.864  7.06605e-022
319.886  4.5121e-022
320.908  2.50715e-022
321.93  1.07301e-022
322.952  2.3194e-023
