1.022  7.71558e-020
2.044  7.75632e-020
3.066  7.79685e-020
4.088  7.83715e-020
5.11  7.87722e-020
6.132  7.91706e-020
7.154  7.95664e-020
8.176  7.99597e-020
9.198  8.03503e-020
10.22  8.07382e-020
11.242  8.11235e-020
12.264  8.15062e-020
13.286  8.18862e-020
14.308  8.22636e-020
15.33  8.26384e-020
16.352  8.30108e-020
17.374  8.33808e-020
18.396  8.37483e-020
19.418  8.41135e-020
20.44  8.44764e-020
21.462  8.4837e-020
22.484  8.51954e-020
23.506  8.55515e-020
24.528  8.59054e-020
25.55  8.62572e-020
26.572  8.66067e-020
27.594  8.69541e-020
28.616  8.72993e-020
29.638  8.76423e-020
30.66  8.79832e-020
31.682  8.83218e-020
32.704  8.86582e-020
33.726  8.89923e-020
34.748  8.93242e-020
35.77  8.96539e-020
36.792  8.99812e-020
37.814  9.03062e-020
38.836  9.06288e-020
39.858  9.0949e-020
40.88  9.12668e-020
41.902  9.15822e-020
42.924  9.1895e-020
43.946  9.22054e-020
44.968  9.25131e-020
45.99  9.28183e-020
47.012  9.31208e-020
48.034  9.34207e-020
49.056  9.37178e-020
50.078  9.40122e-020
51.1  9.43038e-020
52.122  9.45926e-020
53.144  9.48785e-020
54.166  9.51615e-020
55.188  9.54415e-020
56.21  9.57186e-020
57.232  9.59926e-020
58.254  9.62635e-020
59.276  9.65314e-020
60.298  9.6796e-020
61.32  9.70575e-020
62.342  9.73158e-020
63.364  9.75708e-020
64.386  9.78225e-020
65.408  9.80708e-020
66.43  9.83158e-020
67.452  9.85573e-020
68.474  9.87953e-020
69.496  9.90298e-020
70.518  9.92608e-020
71.54  9.94882e-020
72.562  9.9712e-020
73.584  9.99321e-020
74.606  1.00149e-019
75.628  1.00361e-019
76.65  1.0057e-019
77.672  1.00775e-019
78.694  1.00976e-019
79.716  1.01174e-019
80.738  1.01367e-019
81.76  1.01557e-019
82.782  1.01742e-019
83.804  1.01924e-019
84.826  1.02101e-019
85.848  1.02274e-019
86.87  1.02444e-019
87.892  1.02609e-019
88.914  1.02769e-019
89.936  1.02926e-019
90.958  1.03078e-019
91.98  1.03226e-019
93.002  1.0337e-019
94.024  1.03509e-019
95.046  1.03644e-019
96.068  1.03774e-019
97.09  1.039e-019
98.112  1.04021e-019
99.134  1.04138e-019
100.156  1.04251e-019
101.178  1.04358e-019
102.2  1.04461e-019
103.222  1.0456e-019
104.244  1.04653e-019
105.266  1.04742e-019
106.288  1.04827e-019
107.31  1.04906e-019
108.332  1.04981e-019
109.354  1.0505e-019
110.376  1.05115e-019
111.398  1.05175e-019
112.42  1.0523e-019
113.442  1.0528e-019
114.464  1.05325e-019
115.486  1.05365e-019
116.508  1.054e-019
117.53  1.0543e-019
118.552  1.05454e-019
119.574  1.05474e-019
120.596  1.05488e-019
121.618  1.05497e-019
122.64  1.05501e-019
123.662  1.05499e-019
124.684  1.05493e-019
125.706  1.0548e-019
126.728  1.05463e-019
127.75  1.0544e-019
128.772  1.05412e-019
129.794  1.05378e-019
130.816  1.05339e-019
131.838  1.05294e-019
132.86  1.05243e-019
133.882  1.05187e-019
134.904  1.05126e-019
135.926  1.05059e-019
136.948  1.04986e-019
137.97  1.04907e-019
138.992  1.04823e-019
140.014  1.04733e-019
141.036  1.04637e-019
142.058  1.04535e-019
143.08  1.04427e-019
144.102  1.04314e-019
145.124  1.04194e-019
146.146  1.04069e-019
147.168  1.03938e-019
148.19  1.038e-019
149.212  1.03657e-019
150.234  1.03507e-019
151.256  1.03351e-019
152.278  1.03189e-019
153.3  1.03021e-019
154.322  1.02847e-019
155.344  1.02667e-019
156.366  1.0248e-019
157.388  1.02287e-019
158.41  1.02087e-019
159.432  1.01881e-019
160.454  1.01669e-019
161.476  1.0145e-019
162.498  1.01224e-019
163.52  1.00993e-019
164.542  1.00754e-019
165.564  1.00509e-019
166.586  1.00257e-019
167.608  9.99989e-020
168.63  9.97338e-020
169.652  9.94619e-020
170.674  9.91833e-020
171.696  9.88978e-020
172.718  9.86054e-020
173.74  9.83062e-020
174.762  9.8e-020
175.784  9.76869e-020
176.806  9.73667e-020
177.828  9.70395e-020
178.85  9.67052e-020
179.872  9.63638e-020
180.894  9.60152e-020
181.916  9.56594e-020
182.938  9.52964e-020
183.96  9.49262e-020
184.982  9.45486e-020
186.004  9.41637e-020
187.026  9.37715e-020
188.048  9.33718e-020
189.07  9.29646e-020
190.092  9.255e-020
191.114  9.21279e-020
192.136  9.16982e-020
193.158  9.1261e-020
194.18  9.08161e-020
195.202  9.03636e-020
196.224  8.99034e-020
197.246  8.94355e-020
198.268  8.89599e-020
199.29  8.84765e-020
200.312  8.79853e-020
201.334  8.74862e-020
202.356  8.69793e-020
203.378  8.64646e-020
204.4  8.59419e-020
205.422  8.54113e-020
206.444  8.48727e-020
207.466  8.43261e-020
208.488  8.37716e-020
209.51  8.3209e-020
210.532  8.26385e-020
211.554  8.20598e-020
212.576  8.14731e-020
213.598  8.08784e-020
214.62  8.02755e-020
215.642  7.96646e-020
216.664  7.90455e-020
217.686  7.84184e-020
218.708  7.77831e-020
219.73  7.71398e-020
220.752  7.64883e-020
221.774  7.58288e-020
222.796  7.51611e-020
223.818  7.44854e-020
224.84  7.38017e-020
225.862  7.31098e-020
226.884  7.241e-020
227.906  7.17022e-020
228.928  7.09864e-020
229.95  7.02627e-020
230.972  6.9531e-020
231.994  6.87915e-020
233.016  6.80442e-020
234.038  6.72891e-020
235.06  6.65263e-020
236.082  6.57558e-020
237.104  6.49778e-020
238.126  6.41922e-020
239.148  6.33991e-020
240.17  6.25987e-020
241.192  6.17909e-020
242.214  6.0976e-020
243.236  6.01539e-020
244.258  5.93248e-020
245.28  5.84888e-020
246.302  5.76461e-020
247.324  5.67966e-020
248.346  5.59406e-020
249.368  5.50783e-020
250.39  5.42096e-020
251.412  5.33349e-020
252.434  5.24542e-020
253.456  5.15677e-020
254.478  5.06756e-020
255.5  4.97781e-020
256.522  4.88754e-020
257.544  4.79677e-020
258.566  4.70552e-020
259.588  4.61381e-020
260.61  4.52166e-020
261.632  4.42911e-020
262.654  4.33617e-020
263.676  4.24287e-020
264.698  4.14925e-020
265.72  4.05533e-020
266.742  3.96113e-020
267.764  3.8667e-020
268.786  3.77207e-020
269.808  3.67726e-020
270.83  3.58232e-020
271.852  3.48729e-020
272.874  3.39219e-020
273.896  3.29708e-020
274.918  3.20199e-020
275.94  3.10697e-020
276.962  3.01206e-020
277.984  2.91731e-020
279.006  2.82277e-020
280.028  2.72849e-020
281.05  2.63451e-020
282.072  2.5409e-020
283.094  2.4477e-020
284.116  2.35499e-020
285.138  2.26281e-020
286.16  2.17123e-020
287.182  2.08031e-020
288.204  1.99012e-020
289.226  1.90073e-020
290.248  1.8122e-020
291.27  1.72462e-020
292.292  1.63805e-020
293.314  1.55257e-020
294.336  1.46827e-020
295.358  1.38522e-020
296.38  1.30352e-020
297.402  1.22325e-020
298.424  1.1445e-020
299.446  1.06736e-020
300.468  9.91932e-021
301.49  9.18317e-021
302.512  8.46615e-021
303.534  7.76932e-021
304.556  7.09376e-021
305.578  6.4406e-021
306.6  5.811e-021
307.622  5.20612e-021
308.644  4.6272e-021
309.666  4.07549e-021
310.688  3.55228e-021
311.71  3.0589e-021
312.732  2.59672e-021
313.754  2.16712e-021
314.776  1.77156e-021
315.798  1.41152e-021
316.82  1.08851e-021
317.842  8.04098e-022
318.864  5.59879e-022
319.886  3.57496e-022
320.908  1.98632e-022
321.93  8.50065e-023
322.952  1.8374e-023
