1.022  3.81167e-020
2.044  3.86049e-020
3.066  3.90909e-020
4.088  3.95747e-020
5.11  4.00563e-020
6.132  4.05356e-020
7.154  4.10126e-020
8.176  4.14872e-020
9.198  4.19595e-020
10.22  4.24293e-020
11.242  4.28967e-020
12.264  4.33617e-020
13.286  4.38244e-020
14.308  4.42846e-020
15.33  4.47426e-020
16.352  4.51983e-020
17.374  4.56516e-020
18.396  4.61028e-020
19.418  4.65517e-020
20.44  4.69985e-020
21.462  4.74431e-020
22.484  4.78855e-020
23.506  4.83259e-020
24.528  4.87641e-020
25.55  4.92002e-020
26.572  4.96343e-020
27.594  5.00663e-020
28.616  5.04962e-020
29.638  5.0924e-020
30.66  5.13498e-020
31.682  5.17735e-020
32.704  5.21952e-020
33.726  5.26147e-020
34.748  5.30322e-020
35.77  5.34476e-020
36.792  5.38609e-020
37.814  5.42721e-020
38.836  5.46811e-020
39.858  5.5088e-020
40.88  5.54928e-020
41.902  5.58954e-020
42.924  5.62958e-020
43.946  5.6694e-020
44.968  5.709e-020
45.99  5.74837e-020
47.012  5.78752e-020
48.034  5.82643e-020
49.056  5.86512e-020
50.078  5.90358e-020
51.1  5.9418e-020
52.122  5.97978e-020
53.144  6.01753e-020
54.166  6.05503e-020
55.188  6.09229e-020
56.21  6.1293e-020
57.232  6.16606e-020
58.254  6.20257e-020
59.276  6.23883e-020
60.298  6.27484e-020
61.32  6.31058e-020
62.342  6.34606e-020
63.364  6.38128e-020
64.386  6.41624e-020
65.408  6.45092e-020
66.43  6.48534e-020
67.452  6.51948e-020
68.474  6.55334e-020
69.496  6.58693e-020
70.518  6.62023e-020
71.54  6.65326e-020
72.562  6.68599e-020
73.584  6.71844e-020
74.606  6.75059e-020
75.628  6.78246e-020
76.65  6.81402e-020
77.672  6.84529e-020
78.694  6.87625e-020
79.716  6.90692e-020
80.738  6.93727e-020
81.76  6.96732e-020
82.782  6.99705e-020
83.804  7.02648e-020
84.826  7.05558e-020
85.848  7.08437e-020
86.87  7.11284e-020
87.892  7.14098e-020
88.914  7.16879e-020
89.936  7.19628e-020
90.958  7.22344e-020
91.98  7.25026e-020
93.002  7.27675e-020
94.024  7.3029e-020
95.046  7.32871e-020
96.068  7.35417e-020
97.09  7.37929e-020
98.112  7.40406e-020
99.134  7.42848e-020
100.156  7.45255e-020
101.178  7.47626e-020
102.2  7.49962e-020
103.222  7.52261e-020
104.244  7.54524e-020
105.266  7.56751e-020
106.288  7.58941e-020
107.31  7.61094e-020
108.332  7.63209e-020
109.354  7.65287e-020
110.376  7.67328e-020
111.398  7.6933e-020
112.42  7.71294e-020
113.442  7.7322e-020
114.464  7.75107e-020
115.486  7.76954e-020
116.508  7.78763e-020
117.53  7.80532e-020
118.552  7.82261e-020
119.574  7.8395e-020
120.596  7.85599e-020
121.618  7.87207e-020
122.64  7.88774e-020
123.662  7.90301e-020
124.684  7.91785e-020
125.706  7.93229e-020
126.728  7.9463e-020
127.75  7.95989e-020
128.772  7.97305e-020
129.794  7.98579e-020
130.816  7.99809e-020
131.838  8.00996e-020
132.86  8.02139e-020
133.882  8.03238e-020
134.904  8.04293e-020
135.926  8.05303e-020
136.948  8.06269e-020
137.97  8.07188e-020
138.992  8.08063e-020
140.014  8.08891e-020
141.036  8.09673e-020
142.058  8.10408e-020
143.08  8.11096e-020
144.102  8.11737e-020
145.124  8.1233e-020
146.146  8.12875e-020
147.168  8.13372e-020
148.19  8.1382e-020
149.212  8.14218e-020
150.234  8.14567e-020
151.256  8.14866e-020
152.278  8.15114e-020
153.3  8.15311e-020
154.322  8.15457e-020
155.344  8.15551e-020
156.366  8.15594e-020
157.388  8.15583e-020
158.41  8.15519e-020
159.432  8.15402e-020
160.454  8.15231e-020
161.476  8.15006e-020
162.498  8.14725e-020
163.52  8.14389e-020
164.542  8.13997e-020
165.564  8.13549e-020
166.586  8.13043e-020
167.608  8.1248e-020
168.63  8.11859e-020
169.652  8.1118e-020
170.674  8.10441e-020
171.696  8.09643e-020
172.718  8.08784e-020
173.74  8.07864e-020
174.762  8.06884e-020
175.784  8.05841e-020
176.806  8.04735e-020
177.828  8.03567e-020
178.85  8.02334e-020
179.872  8.01037e-020
180.894  7.99675e-020
181.916  7.98247e-020
182.938  7.96753e-020
183.96  7.95192e-020
184.982  7.93564e-020
186.004  7.91867e-020
187.026  7.90101e-020
188.048  7.88265e-020
189.07  7.86359e-020
190.092  7.84382e-020
191.114  7.82334e-020
192.136  7.80213e-020
193.158  7.78019e-020
194.18  7.75751e-020
195.202  7.73408e-020
196.224  7.7099e-020
197.246  7.68497e-020
198.268  7.65926e-020
199.29  7.63279e-020
200.312  7.60553e-020
201.334  7.57748e-020
202.356  7.54864e-020
203.378  7.519e-020
204.4  7.48855e-020
205.422  7.45728e-020
206.444  7.42518e-020
207.466  7.39226e-020
208.488  7.3585e-020
209.51  7.32389e-020
210.532  7.28843e-020
211.554  7.25212e-020
212.576  7.21493e-020
213.598  7.17688e-020
214.62  7.13795e-020
215.642  7.09813e-020
216.664  7.05742e-020
217.686  7.01582e-020
218.708  6.97331e-020
219.73  6.9299e-020
220.752  6.88556e-020
221.774  6.84031e-020
222.796  6.79414e-020
223.818  6.74703e-020
224.84  6.69899e-020
225.862  6.65001e-020
226.884  6.60008e-020
227.906  6.54921e-020
228.928  6.49739e-020
229.95  6.44461e-020
230.972  6.39087e-020
231.994  6.33618e-020
233.016  6.28052e-020
234.038  6.22389e-020
235.06  6.1663e-020
236.082  6.10775e-020
237.104  6.04822e-020
238.126  5.98773e-020
239.148  5.92628e-020
240.17  5.86385e-020
241.192  5.80047e-020
242.214  5.73612e-020
243.236  5.67081e-020
244.258  5.60455e-020
245.28  5.53733e-020
246.302  5.46917e-020
247.324  5.40007e-020
248.346  5.33003e-020
249.368  5.25907e-020
250.39  5.18719e-020
251.412  5.11439e-020
252.434  5.0407e-020
253.456  4.96612e-020
254.478  4.89065e-020
255.5  4.81433e-020
256.522  4.73715e-020
257.544  4.65914e-020
258.566  4.5803e-020
259.588  4.50066e-020
260.61  4.42024e-020
261.632  4.33905e-020
262.654  4.25711e-020
263.676  4.17446e-020
264.698  4.0911e-020
265.72  4.00708e-020
266.742  3.9224e-020
267.764  3.83711e-020
268.786  3.75123e-020
269.808  3.6648e-020
270.83  3.57783e-020
271.852  3.49039e-020
272.874  3.40248e-020
273.896  3.31417e-020
274.918  3.22548e-020
275.94  3.13646e-020
276.962  3.04716e-020
277.984  2.95762e-020
279.006  2.86789e-020
280.028  2.77802e-020
281.05  2.68806e-020
282.072  2.59808e-020
283.094  2.50812e-020
284.116  2.41826e-020
285.138  2.32855e-020
286.16  2.23906e-020
287.182  2.14986e-020
288.204  2.06102e-020
289.226  1.97262e-020
290.248  1.88473e-020
291.27  1.79744e-020
292.292  1.71082e-020
293.314  1.62497e-020
294.336  1.53998e-020
295.358  1.45594e-020
296.38  1.37295e-020
297.402  1.29111e-020
298.424  1.21052e-020
299.446  1.1313e-020
300.468  1.05356e-020
301.49  9.77409e-021
302.512  9.02974e-021
303.534  8.30379e-021
304.556  7.59754e-021
305.578  6.91233e-021
306.6  6.24955e-021
307.622  5.61062e-021
308.644  4.99704e-021
309.666  4.41032e-021
310.688  3.85205e-021
311.71  3.32386e-021
312.732  2.82743e-021
313.754  2.36451e-021
314.776  1.93687e-021
315.798  1.54639e-021
316.82  1.19495e-021
317.842  8.84518e-022
318.864  6.17125e-022
319.886  3.94848e-022
320.908  2.19829e-022
321.93  9.42679e-023
322.952  2.04169e-023
