1.022  4.05971e-020
2.044  4.10918e-020
3.066  4.15843e-020
4.088  4.20744e-020
5.11  4.25622e-020
6.132  4.30476e-020
7.154  4.35306e-020
8.176  4.40112e-020
9.198  4.44892e-020
10.22  4.49647e-020
11.242  4.54377e-020
12.264  4.59082e-020
13.286  4.63763e-020
14.308  4.68419e-020
15.33  4.7305e-020
16.352  4.77658e-020
17.374  4.82242e-020
18.396  4.86803e-020
19.418  4.91341e-020
20.44  4.95856e-020
21.462  5.00349e-020
22.484  5.04819e-020
23.506  5.09268e-020
24.528  5.13695e-020
25.55  5.181e-020
26.572  5.22484e-020
27.594  5.26846e-020
28.616  5.31187e-020
29.638  5.35506e-020
30.66  5.39804e-020
31.682  5.44081e-020
32.704  5.48336e-020
33.726  5.5257e-020
34.748  5.56782e-020
35.77  5.60973e-020
36.792  5.65142e-020
37.814  5.69289e-020
38.836  5.73415e-020
39.858  5.77518e-020
40.88  5.81599e-020
41.902  5.85658e-020
42.924  5.89694e-020
43.946  5.93707e-020
44.968  5.97698e-020
45.99  6.01665e-020
47.012  6.05609e-020
48.034  6.09529e-020
49.056  6.13426e-020
50.078  6.17299e-020
51.1  6.21147e-020
52.122  6.24971e-020
53.144  6.28771e-020
54.166  6.32546e-020
55.188  6.36295e-020
56.21  6.40019e-020
57.232  6.43718e-020
58.254  6.4739e-020
59.276  6.51037e-020
60.298  6.54657e-020
61.32  6.58251e-020
62.342  6.61818e-020
63.364  6.65357e-020
64.386  6.6887e-020
65.408  6.72354e-020
66.43  6.75811e-020
67.452  6.7924e-020
68.474  6.8264e-020
69.496  6.86012e-020
70.518  6.89355e-020
71.54  6.92668e-020
72.562  6.95952e-020
73.584  6.99207e-020
74.606  7.02432e-020
75.628  7.05626e-020
76.65  7.0879e-020
77.672  7.11924e-020
78.694  7.15026e-020
79.716  7.18097e-020
80.738  7.21137e-020
81.76  7.24145e-020
82.782  7.27121e-020
83.804  7.30065e-020
84.826  7.32977e-020
85.848  7.35856e-020
86.87  7.38701e-020
87.892  7.41514e-020
88.914  7.44293e-020
89.936  7.47039e-020
90.958  7.4975e-020
91.98  7.52427e-020
93.002  7.5507e-020
94.024  7.57678e-020
95.046  7.60252e-020
96.068  7.6279e-020
97.09  7.65292e-020
98.112  7.67759e-020
99.134  7.7019e-020
100.156  7.72585e-020
101.178  7.74943e-020
102.2  7.77265e-020
103.222  7.7955e-020
104.244  7.81797e-020
105.266  7.84007e-020
106.288  7.8618e-020
107.31  7.88314e-020
108.332  7.90411e-020
109.354  7.92469e-020
110.376  7.94488e-020
111.398  7.96469e-020
112.42  7.9841e-020
113.442  8.00312e-020
114.464  8.02174e-020
115.486  8.03996e-020
116.508  8.05778e-020
117.53  8.0752e-020
118.552  8.09221e-020
119.574  8.10881e-020
120.596  8.12499e-020
121.618  8.14077e-020
122.64  8.15612e-020
123.662  8.17105e-020
124.684  8.18556e-020
125.706  8.19964e-020
126.728  8.2133e-020
127.75  8.22652e-020
128.772  8.2393e-020
129.794  8.25165e-020
130.816  8.26356e-020
131.838  8.27503e-020
132.86  8.28604e-020
133.882  8.29661e-020
134.904  8.30672e-020
135.926  8.31638e-020
136.948  8.32558e-020
137.97  8.33431e-020
138.992  8.34258e-020
140.014  8.35038e-020
141.036  8.35771e-020
142.058  8.36456e-020
143.08  8.37093e-020
144.102  8.37681e-020
145.124  8.38221e-020
146.146  8.38712e-020
147.168  8.39153e-020
148.19  8.39544e-020
149.212  8.39885e-020
150.234  8.40176e-020
151.256  8.40415e-020
152.278  8.40603e-020
153.3  8.40738e-020
154.322  8.40822e-020
155.344  8.40853e-020
156.366  8.4083e-020
157.388  8.40754e-020
158.41  8.40623e-020
159.432  8.40439e-020
160.454  8.40199e-020
161.476  8.39903e-020
162.498  8.39551e-020
163.52  8.39143e-020
164.542  8.38678e-020
165.564  8.38155e-020
166.586  8.37574e-020
167.608  8.36934e-020
168.63  8.36236e-020
169.652  8.35477e-020
170.674  8.34658e-020
171.696  8.33779e-020
172.718  8.32838e-020
173.74  8.31835e-020
174.762  8.30769e-020
175.784  8.29641e-020
176.806  8.28448e-020
177.828  8.27191e-020
178.85  8.25869e-020
179.872  8.24481e-020
180.894  8.23028e-020
181.916  8.21507e-020
182.938  8.19918e-020
183.96  8.18261e-020
184.982  8.16536e-020
186.004  8.14741e-020
187.026  8.12875e-020
188.048  8.10939e-020
189.07  8.0893e-020
190.092  8.0685e-020
191.114  8.04696e-020
192.136  8.02469e-020
193.158  8.00167e-020
194.18  7.9779e-020
195.202  7.95337e-020
196.224  7.92808e-020
197.246  7.90201e-020
198.268  7.87516e-020
199.29  7.84752e-020
200.312  7.81909e-020
201.334  7.78986e-020
202.356  7.75981e-020
203.378  7.72895e-020
204.4  7.69726e-020
205.422  7.66474e-020
206.444  7.63138e-020
207.466  7.59718e-020
208.488  7.56212e-020
209.51  7.5262e-020
210.532  7.48941e-020
211.554  7.45175e-020
212.576  7.41321e-020
213.598  7.37378e-020
214.62  7.33346e-020
215.642  7.29223e-020
216.664  7.2501e-020
217.686  7.20705e-020
218.708  7.16308e-020
219.73  7.11819e-020
220.752  7.07236e-020
221.774  7.0256e-020
222.796  6.97789e-020
223.818  6.92924e-020
224.84  6.87963e-020
225.862  6.82907e-020
226.884  6.77755e-020
227.906  6.72506e-020
228.928  6.6716e-020
229.95  6.61717e-020
230.972  6.56176e-020
231.994  6.50537e-020
233.016  6.44801e-020
234.038  6.38966e-020
235.06  6.33032e-020
236.082  6.27e-020
237.104  6.2087e-020
238.126  6.14641e-020
239.148  6.08313e-020
240.17  6.01887e-020
241.192  5.95363e-020
242.214  5.88741e-020
243.236  5.82021e-020
244.258  5.75204e-020
245.28  5.6829e-020
246.302  5.61279e-020
247.324  5.54172e-020
248.346  5.46971e-020
249.368  5.39674e-020
250.39  5.32284e-020
251.412  5.24802e-020
252.434  5.17227e-020
253.456  5.09562e-020
254.478  5.01807e-020
255.5  4.93965e-020
256.522  4.86035e-020
257.544  4.7802e-020
258.566  4.69922e-020
259.588  4.61742e-020
260.61  4.53481e-020
261.632  4.45143e-020
262.654  4.36729e-020
263.676  4.28241e-020
264.698  4.19683e-020
265.72  4.11056e-020
266.742  4.02363e-020
267.764  3.93607e-020
268.786  3.84791e-020
269.808  3.75918e-020
270.83  3.66992e-020
271.852  3.58017e-020
272.874  3.48996e-020
273.896  3.39932e-020
274.918  3.30831e-020
275.94  3.21696e-020
276.962  3.12533e-020
277.984  3.03345e-020
279.006  2.94138e-020
280.028  2.84918e-020
281.05  2.75689e-020
282.072  2.66457e-020
283.094  2.57229e-020
284.116  2.4801e-020
285.138  2.38808e-020
286.16  2.29628e-020
287.182  2.20478e-020
288.204  2.11365e-020
289.226  2.02298e-020
290.248  1.93283e-020
291.27  1.8433e-020
292.292  1.75446e-020
293.314  1.66641e-020
294.336  1.57924e-020
295.358  1.49305e-020
296.38  1.40794e-020
297.402  1.32401e-020
298.424  1.24136e-020
299.446  1.16012e-020
300.468  1.08039e-020
301.49  1.0023e-020
302.512  9.25966e-021
303.534  8.51521e-021
304.556  7.79096e-021
305.578  7.0883e-021
306.6  6.40863e-021
307.622  5.75344e-021
308.644  5.12423e-021
309.666  4.52257e-021
310.688  3.95009e-021
311.71  3.40846e-021
312.732  2.8994e-021
313.754  2.42469e-021
314.776  1.98618e-021
315.798  1.58575e-021
316.82  1.22537e-021
317.842  9.0704e-022
318.864  6.32839e-022
319.886  4.04903e-022
320.908  2.25428e-022
321.93  9.66693e-023
322.952  2.0937e-023
