1.022  5.14172e-020
2.044  5.19325e-020
3.066  5.24451e-020
4.088  5.29551e-020
5.11  5.34625e-020
6.132  5.39671e-020
7.154  5.44689e-020
8.176  5.49679e-020
9.198  5.5464e-020
10.22  5.59573e-020
11.242  5.64476e-020
12.264  5.69351e-020
13.286  5.74198e-020
14.308  5.79016e-020
15.33  5.83807e-020
16.352  5.88571e-020
17.374  5.93308e-020
18.396  5.98019e-020
19.418  6.02704e-020
20.44  6.07363e-020
21.462  6.11998e-020
22.484  6.16607e-020
23.506  6.21192e-020
24.528  6.25752e-020
25.55  6.30288e-020
26.572  6.34801e-020
27.594  6.39289e-020
28.616  6.43753e-020
29.638  6.48194e-020
30.66  6.52611e-020
31.682  6.57004e-020
32.704  6.61374e-020
33.726  6.6572e-020
34.748  6.70042e-020
35.77  6.7434e-020
36.792  6.78614e-020
37.814  6.82863e-020
38.836  6.87089e-020
39.858  6.9129e-020
40.88  6.95467e-020
41.902  6.99619e-020
42.924  7.03745e-020
43.946  7.07847e-020
44.968  7.11924e-020
45.99  7.15974e-020
47.012  7.19999e-020
48.034  7.23998e-020
49.056  7.27971e-020
50.078  7.31918e-020
51.1  7.35837e-020
52.122  7.3973e-020
53.144  7.43595e-020
54.166  7.47433e-020
55.188  7.51243e-020
56.21  7.55025e-020
57.232  7.58779e-020
58.254  7.62505e-020
59.276  7.66201e-020
60.298  7.69869e-020
61.32  7.73507e-020
62.342  7.77116e-020
63.364  7.80694e-020
64.386  7.84243e-020
65.408  7.87761e-020
66.43  7.91248e-020
67.452  7.94705e-020
68.474  7.9813e-020
69.496  8.01523e-020
70.518  8.04885e-020
71.54  8.08215e-020
72.562  8.11512e-020
73.584  8.14776e-020
74.606  8.18008e-020
75.628  8.21206e-020
76.65  8.24371e-020
77.672  8.27503e-020
78.694  8.306e-020
79.716  8.33663e-020
80.738  8.36691e-020
81.76  8.39684e-020
82.782  8.42643e-020
83.804  8.45566e-020
84.826  8.48453e-020
85.848  8.51304e-020
86.87  8.5412e-020
87.892  8.56898e-020
88.914  8.59641e-020
89.936  8.62346e-020
90.958  8.65013e-020
91.98  8.67644e-020
93.002  8.70236e-020
94.024  8.72791e-020
95.046  8.75307e-020
96.068  8.77785e-020
97.09  8.80224e-020
98.112  8.82624e-020
99.134  8.84984e-020
100.156  8.87305e-020
101.178  8.89586e-020
102.2  8.91827e-020
103.222  8.94028e-020
104.244  8.96188e-020
105.266  8.98307e-020
106.288  9.00384e-020
107.31  9.02421e-020
108.332  9.04416e-020
109.354  9.06369e-020
110.376  9.08279e-020
111.398  9.10147e-020
112.42  9.11973e-020
113.442  9.13755e-020
114.464  9.15495e-020
115.486  9.1719e-020
116.508  9.18842e-020
117.53  9.2045e-020
118.552  9.22013e-020
119.574  9.23532e-020
120.596  9.25006e-020
121.618  9.26435e-020
122.64  9.27818e-020
123.662  9.29155e-020
124.684  9.30446e-020
125.706  9.31692e-020
126.728  9.3289e-020
127.75  9.34041e-020
128.772  9.35146e-020
129.794  9.36202e-020
130.816  9.37211e-020
131.838  9.38171e-020
132.86  9.39084e-020
133.882  9.39947e-020
134.904  9.40761e-020
135.926  9.41526e-020
136.948  9.4224e-020
137.97  9.42905e-020
138.992  9.43519e-020
140.014  9.44082e-020
141.036  9.44594e-020
142.058  9.45055e-020
143.08  9.45463e-020
144.102  9.45819e-020
145.124  9.46123e-020
146.146  9.46373e-020
147.168  9.4657e-020
148.19  9.46713e-020
149.212  9.46801e-020
150.234  9.46835e-020
151.256  9.46813e-020
152.278  9.46736e-020
153.3  9.46603e-020
154.322  9.46413e-020
155.344  9.46167e-020
156.366  9.45863e-020
157.388  9.45501e-020
158.41  9.4508e-020
159.432  9.44601e-020
160.454  9.44063e-020
161.476  9.43464e-020
162.498  9.42805e-020
163.52  9.42085e-020
164.542  9.41304e-020
165.564  9.40461e-020
166.586  9.39555e-020
167.608  9.38586e-020
168.63  9.37553e-020
169.652  9.36456e-020
170.674  9.35294e-020
171.696  9.34067e-020
172.718  9.32774e-020
173.74  9.31414e-020
174.762  9.29986e-020
175.784  9.28491e-020
176.806  9.26927e-020
177.828  9.25294e-020
178.85  9.23591e-020
179.872  9.21817e-020
180.894  9.19972e-020
181.916  9.18055e-020
182.938  9.16066e-020
183.96  9.14003e-020
184.982  9.11866e-020
186.004  9.09654e-020
187.026  9.07367e-020
188.048  9.05004e-020
189.07  9.02563e-020
190.092  9.00045e-020
191.114  8.97449e-020
192.136  8.94773e-020
193.158  8.92017e-020
194.18  8.89181e-020
195.202  8.86263e-020
196.224  8.83262e-020
197.246  8.80179e-020
198.268  8.77012e-020
199.29  8.7376e-020
200.312  8.70423e-020
201.334  8.66999e-020
202.356  8.63488e-020
203.378  8.5989e-020
204.4  8.56203e-020
205.422  8.52427e-020
206.444  8.48561e-020
207.466  8.44603e-020
208.488  8.40555e-020
209.51  8.36413e-020
210.532  8.32179e-020
211.554  8.2785e-020
212.576  8.23427e-020
213.598  8.18909e-020
214.62  8.14294e-020
215.642  8.09582e-020
216.664  8.04773e-020
217.686  7.99866e-020
218.708  7.9486e-020
219.73  7.89755e-020
220.752  7.84549e-020
221.774  7.79242e-020
222.796  7.73835e-020
223.818  7.68325e-020
224.84  7.62713e-020
225.862  7.56998e-020
226.884  7.51179e-020
227.906  7.45257e-020
228.928  7.39231e-020
229.95  7.331e-020
230.972  7.26864e-020
231.994  7.20523e-020
233.016  7.14076e-020
234.038  7.07523e-020
235.06  7.00865e-020
236.082  6.94101e-020
237.104  6.87231e-020
238.126  6.80254e-020
239.148  6.73172e-020
240.17  6.65984e-020
241.192  6.5869e-020
242.214  6.5129e-020
243.236  6.43786e-020
244.258  6.36176e-020
245.28  6.28463e-020
246.302  6.20645e-020
247.324  6.12724e-020
248.346  6.04701e-020
249.368  5.96576e-020
250.39  5.88351e-020
251.412  5.80025e-020
252.434  5.71601e-020
253.456  5.63079e-020
254.478  5.54461e-020
255.5  5.45748e-020
256.522  5.36942e-020
257.544  5.28044e-020
258.566  5.19056e-020
259.588  5.0998e-020
260.61  5.00818e-020
261.632  4.91573e-020
262.654  4.82246e-020
263.676  4.7284e-020
264.698  4.63357e-020
265.72  4.53801e-020
266.742  4.44175e-020
267.764  4.34481e-020
268.786  4.24723e-020
269.808  4.14905e-020
270.83  4.05029e-020
271.852  3.95101e-020
272.874  3.85124e-020
273.896  3.75102e-020
274.918  3.6504e-020
275.94  3.54943e-020
276.962  3.44816e-020
277.984  3.34663e-020
279.006  3.24491e-020
280.028  3.14305e-020
281.05  3.04112e-020
282.072  2.93916e-020
283.094  2.83726e-020
284.116  2.73547e-020
285.138  2.63388e-020
286.16  2.53255e-020
287.182  2.43155e-020
288.204  2.33098e-020
289.226  2.23092e-020
290.248  2.13145e-020
291.27  2.03266e-020
292.292  1.93465e-020
293.314  1.83751e-020
294.336  1.74136e-020
295.358  1.64629e-020
296.38  1.55241e-020
297.402  1.45984e-020
298.424  1.36869e-020
299.446  1.2791e-020
300.468  1.19118e-020
301.49  1.10506e-020
302.512  1.02089e-020
303.534  9.38807e-021
304.556  8.58952e-021
305.578  7.81478e-021
306.6  7.06542e-021
307.622  6.34305e-021
308.644  5.64935e-021
309.666  4.98603e-021
310.688  4.35489e-021
311.71  3.75775e-021
312.732  3.19653e-021
313.754  2.67319e-021
314.776  2.18974e-021
315.798  1.74829e-021
316.82  1.35098e-021
317.842  1.00002e-021
318.864  6.97722e-022
319.886  4.46421e-022
320.908  2.48546e-022
321.93  1.06584e-022
322.952  2.30848e-023
