1.022  5.43468e-020
2.044  5.48658e-020
3.066  5.53822e-020
4.088  5.58958e-020
5.11  5.64067e-020
6.132  5.69148e-020
7.154  5.74201e-020
8.176  5.79224e-020
9.198  5.84217e-020
10.22  5.89181e-020
11.242  5.94116e-020
12.264  5.9902e-020
13.286  6.03896e-020
14.308  6.08743e-020
15.33  6.13562e-020
16.352  6.18353e-020
17.374  6.23116e-020
18.396  6.27852e-020
19.418  6.32562e-020
20.44  6.37246e-020
21.462  6.41904e-020
22.484  6.46537e-020
23.506  6.51145e-020
24.528  6.55727e-020
25.55  6.60285e-020
26.572  6.64818e-020
27.594  6.69327e-020
28.616  6.73812e-020
29.638  6.78272e-020
30.66  6.82708e-020
31.682  6.8712e-020
32.704  6.91508e-020
33.726  6.95872e-020
34.748  7.00211e-020
35.77  7.04526e-020
36.792  7.08816e-020
37.814  7.13082e-020
38.836  7.17323e-020
39.858  7.21539e-020
40.88  7.2573e-020
41.902  7.29895e-020
42.924  7.34035e-020
43.946  7.3815e-020
44.968  7.42239e-020
45.99  7.46301e-020
47.012  7.50337e-020
48.034  7.54347e-020
49.056  7.5833e-020
50.078  7.62286e-020
51.1  7.66215e-020
52.122  7.70116e-020
53.144  7.73989e-020
54.166  7.77834e-020
55.188  7.81651e-020
56.21  7.85439e-020
57.232  7.89199e-020
58.254  7.92929e-020
59.276  7.9663e-020
60.298  8.00301e-020
61.32  8.03943e-020
62.342  8.07554e-020
63.364  8.11134e-020
64.386  8.14684e-020
65.408  8.18202e-020
66.43  8.2169e-020
67.452  8.25145e-020
68.474  8.28569e-020
69.496  8.3196e-020
70.518  8.35319e-020
71.54  8.38645e-020
72.562  8.41938e-020
73.584  8.45198e-020
74.606  8.48424e-020
75.628  8.51616e-020
76.65  8.54774e-020
77.672  8.57897e-020
78.694  8.60986e-020
79.716  8.64039e-020
80.738  8.67058e-020
81.76  8.70041e-020
82.782  8.72987e-020
83.804  8.75898e-020
84.826  8.78773e-020
85.848  8.8161e-020
86.87  8.84411e-020
87.892  8.87174e-020
88.914  8.899e-020
89.936  8.92589e-020
90.958  8.95239e-020
91.98  8.97851e-020
93.002  9.00424e-020
94.024  9.02959e-020
95.046  9.05454e-020
96.068  9.0791e-020
97.09  9.10327e-020
98.112  9.12703e-020
99.134  9.1504e-020
100.156  9.17336e-020
101.178  9.19591e-020
102.2  9.21805e-020
103.222  9.23978e-020
104.244  9.2611e-020
105.266  9.282e-020
106.288  9.30248e-020
107.31  9.32254e-020
108.332  9.34217e-020
109.354  9.36137e-020
110.376  9.38014e-020
111.398  9.39848e-020
112.42  9.41638e-020
113.442  9.43385e-020
114.464  9.45087e-020
115.486  9.46745e-020
116.508  9.48358e-020
117.53  9.49926e-020
118.552  9.51449e-020
119.574  9.52927e-020
120.596  9.54359e-020
121.618  9.55744e-020
122.64  9.57083e-020
123.662  9.58376e-020
124.684  9.59621e-020
125.706  9.60819e-020
126.728  9.6197e-020
127.75  9.63073e-020
128.772  9.64128e-020
129.794  9.65134e-020
130.816  9.66091e-020
131.838  9.66999e-020
132.86  9.67858e-020
133.882  9.68667e-020
134.904  9.69426e-020
135.926  9.70135e-020
136.948  9.70792e-020
137.97  9.71399e-020
138.992  9.71954e-020
140.014  9.72457e-020
141.036  9.72908e-020
142.058  9.73307e-020
143.08  9.73652e-020
144.102  9.73945e-020
145.124  9.74183e-020
146.146  9.74367e-020
147.168  9.74497e-020
148.19  9.74572e-020
149.212  9.74592e-020
150.234  9.74556e-020
151.256  9.74463e-020
152.278  9.74314e-020
153.3  9.74108e-020
154.322  9.73844e-020
155.344  9.73523e-020
156.366  9.73143e-020
157.388  9.72703e-020
158.41  9.72205e-020
159.432  9.71646e-020
160.454  9.71027e-020
161.476  9.70347e-020
162.498  9.69606e-020
163.52  9.68803e-020
164.542  9.67936e-020
165.564  9.67007e-020
166.586  9.66015e-020
167.608  9.64957e-020
168.63  9.63836e-020
169.652  9.62648e-020
170.674  9.61395e-020
171.696  9.60075e-020
172.718  9.58688e-020
173.74  9.57233e-020
174.762  9.55709e-020
175.784  9.54116e-020
176.806  9.52454e-020
177.828  9.50721e-020
178.85  9.48917e-020
179.872  9.47041e-020
180.894  9.45092e-020
181.916  9.43071e-020
182.938  9.40975e-020
183.96  9.38805e-020
184.982  9.36559e-020
186.004  9.34238e-020
187.026  9.31839e-020
188.048  9.29363e-020
189.07  9.26809e-020
190.092  9.24176e-020
191.114  9.21463e-020
192.136  9.18669e-020
193.158  9.15794e-020
194.18  9.12836e-020
195.202  9.09796e-020
196.224  9.06672e-020
197.246  9.03464e-020
198.268  9.0017e-020
199.29  8.9679e-020
200.312  8.93323e-020
201.334  8.89768e-020
202.356  8.86125e-020
203.378  8.82393e-020
204.4  8.78571e-020
205.422  8.74657e-020
206.444  8.70652e-020
207.466  8.66555e-020
208.488  8.62364e-020
209.51  8.58079e-020
210.532  8.53699e-020
211.554  8.49224e-020
212.576  8.44653e-020
213.598  8.39984e-020
214.62  8.35218e-020
215.642  8.30353e-020
216.664  8.25388e-020
217.686  8.20324e-020
218.708  8.15159e-020
219.73  8.09893e-020
220.752  8.04525e-020
221.774  7.99055e-020
222.796  7.93482e-020
223.818  7.87804e-020
224.84  7.82023e-020
225.862  7.76137e-020
226.884  7.70145e-020
227.906  7.64048e-020
228.928  7.57845e-020
229.95  7.51535e-020
230.972  7.45119e-020
231.994  7.38595e-020
233.016  7.31964e-020
234.038  7.25226e-020
235.06  7.1838e-020
236.082  7.11425e-020
237.104  7.04363e-020
238.126  6.97193e-020
239.148  6.89915e-020
240.17  6.8253e-020
241.192  6.75036e-020
242.214  6.67435e-020
243.236  6.59728e-020
244.258  6.51913e-020
245.28  6.43993e-020
246.302  6.35966e-020
247.324  6.27835e-020
248.346  6.19599e-020
249.368  6.1126e-020
250.39  6.02818e-020
251.412  5.94274e-020
252.434  5.8563e-020
253.456  5.76887e-020
254.478  5.68046e-020
255.5  5.59108e-020
256.522  5.50075e-020
257.544  5.40949e-020
258.566  5.31731e-020
259.588  5.22424e-020
260.61  5.13029e-020
261.632  5.03549e-020
262.654  4.93986e-020
263.676  4.84343e-020
264.698  4.74622e-020
265.72  4.64826e-020
266.742  4.54959e-020
267.764  4.45023e-020
268.786  4.35022e-020
269.808  4.24959e-020
270.83  4.14839e-020
271.852  4.04664e-020
272.874  3.9444e-020
273.896  3.84171e-020
274.918  3.73862e-020
275.94  3.63516e-020
276.962  3.5314e-020
277.984  3.42739e-020
279.006  3.32318e-020
280.028  3.21883e-020
281.05  3.1144e-020
282.072  3.00996e-020
283.094  2.90558e-020
284.116  2.80132e-020
285.138  2.69725e-020
286.16  2.59346e-020
287.182  2.49002e-020
288.204  2.38702e-020
289.226  2.28453e-020
290.248  2.18265e-020
291.27  2.08148e-020
292.292  1.9811e-020
293.314  1.88163e-020
294.336  1.78315e-020
295.358  1.68579e-020
296.38  1.58965e-020
297.402  1.49485e-020
298.424  1.40152e-020
299.446  1.30977e-020
300.468  1.21974e-020
301.49  1.13155e-020
302.512  1.04536e-020
303.534  9.61309e-021
304.556  8.79538e-021
305.578  8.00207e-021
306.6  7.23474e-021
307.622  6.49505e-021
308.644  5.78472e-021
309.666  5.10551e-021
310.688  4.45924e-021
311.71  3.8478e-021
312.732  3.27313e-021
313.754  2.73725e-021
314.776  2.24222e-021
315.798  1.79019e-021
316.82  1.38336e-021
317.842  1.024e-021
318.864  7.14448e-022
319.886  4.57124e-022
320.908  2.54506e-022
321.93  1.0914e-022
322.952  2.36385e-023
