1.022  6.20638e-020
2.044  6.25899e-020
3.066  6.31131e-020
4.088  6.36335e-020
5.11  6.4151e-020
6.132  6.46655e-020
7.154  6.51769e-020
8.176  6.56852e-020
9.198  6.61904e-020
10.22  6.66925e-020
11.242  6.71914e-020
12.264  6.76872e-020
13.286  6.81799e-020
14.308  6.86695e-020
15.33  6.91562e-020
16.352  6.96399e-020
17.374  7.01207e-020
18.396  7.05987e-020
19.418  7.10739e-020
20.44  7.15464e-020
21.462  7.20161e-020
22.484  7.24832e-020
23.506  7.29477e-020
24.528  7.34095e-020
25.55  7.38688e-020
26.572  7.43255e-020
27.594  7.47797e-020
28.616  7.52313e-020
29.638  7.56804e-020
30.66  7.6127e-020
31.682  7.6571e-020
32.704  7.70126e-020
33.726  7.74516e-020
34.748  7.7888e-020
35.77  7.8322e-020
36.792  7.87533e-020
37.814  7.91821e-020
38.836  7.96083e-020
39.858  8.0032e-020
40.88  8.0453e-020
41.902  8.08713e-020
42.924  8.1287e-020
43.946  8.17e-020
44.968  8.21104e-020
45.99  8.2518e-020
47.012  8.29228e-020
48.034  8.33249e-020
49.056  8.37241e-020
50.078  8.41206e-020
51.1  8.45142e-020
52.122  8.49049e-020
53.144  8.52927e-020
54.166  8.56775e-020
55.188  8.60594e-020
56.21  8.64383e-020
57.232  8.68142e-020
58.254  8.7187e-020
59.276  8.75568e-020
60.298  8.79234e-020
61.32  8.82869e-020
62.342  8.86472e-020
63.364  8.90043e-020
64.386  8.93582e-020
65.408  8.97088e-020
66.43  9.00561e-020
67.452  9.04001e-020
68.474  9.07408e-020
69.496  9.1078e-020
70.518  9.14119e-020
71.54  9.17423e-020
72.562  9.20692e-020
73.584  9.23927e-020
74.606  9.27126e-020
75.628  9.30289e-020
76.65  9.33417e-020
77.672  9.36508e-020
78.694  9.39563e-020
79.716  9.42581e-020
80.738  9.45562e-020
81.76  9.48506e-020
82.782  9.51412e-020
83.804  9.5428e-020
84.826  9.5711e-020
85.848  9.59901e-020
86.87  9.62653e-020
87.892  9.65367e-020
88.914  9.68041e-020
89.936  9.70675e-020
90.958  9.73269e-020
91.98  9.75823e-020
93.002  9.78337e-020
94.024  9.8081e-020
95.046  9.83242e-020
96.068  9.85632e-020
97.09  9.87981e-020
98.112  9.90288e-020
99.134  9.92553e-020
100.156  9.94775e-020
101.178  9.96955e-020
102.2  9.99091e-020
103.222  1.00118e-019
104.244  1.00323e-019
105.266  1.00524e-019
106.288  1.0072e-019
107.31  1.00912e-019
108.332  1.01099e-019
109.354  1.01282e-019
110.376  1.0146e-019
111.398  1.01634e-019
112.42  1.01803e-019
113.442  1.01968e-019
114.464  1.02128e-019
115.486  1.02283e-019
116.508  1.02434e-019
117.53  1.0258e-019
118.552  1.02721e-019
119.574  1.02857e-019
120.596  1.02989e-019
121.618  1.03115e-019
122.64  1.03237e-019
123.662  1.03354e-019
124.684  1.03466e-019
125.706  1.03573e-019
126.728  1.03675e-019
127.75  1.03772e-019
128.772  1.03864e-019
129.794  1.03951e-019
130.816  1.04033e-019
131.838  1.0411e-019
132.86  1.04182e-019
133.882  1.04248e-019
134.904  1.04309e-019
135.926  1.04365e-019
136.948  1.04415e-019
137.97  1.0446e-019
138.992  1.045e-019
140.014  1.04534e-019
141.036  1.04563e-019
142.058  1.04587e-019
143.08  1.04604e-019
144.102  1.04617e-019
145.124  1.04623e-019
146.146  1.04624e-019
147.168  1.04619e-019
148.19  1.04609e-019
149.212  1.04593e-019
150.234  1.04571e-019
151.256  1.04543e-019
152.278  1.04509e-019
153.3  1.04469e-019
154.322  1.04423e-019
155.344  1.04371e-019
156.366  1.04313e-019
157.388  1.04249e-019
158.41  1.04178e-019
159.432  1.04102e-019
160.454  1.04019e-019
161.476  1.03929e-019
162.498  1.03834e-019
163.52  1.03731e-019
164.542  1.03623e-019
165.564  1.03507e-019
166.586  1.03385e-019
167.608  1.03256e-019
168.63  1.03121e-019
169.652  1.02979e-019
170.674  1.02829e-019
171.696  1.02673e-019
172.718  1.0251e-019
173.74  1.0234e-019
174.762  1.02162e-019
175.784  1.01978e-019
176.806  1.01786e-019
177.828  1.01586e-019
178.85  1.0138e-019
179.872  1.01166e-019
180.894  1.00944e-019
181.916  1.00715e-019
182.938  1.00477e-019
183.96  1.00233e-019
184.982  9.99798e-020
186.004  9.97192e-020
187.026  9.94505e-020
188.048  9.91737e-020
189.07  9.88888e-020
190.092  9.85956e-020
191.114  9.82941e-020
192.136  9.79842e-020
193.158  9.76658e-020
194.18  9.73389e-020
195.202  9.70033e-020
196.224  9.66589e-020
197.246  9.63058e-020
198.268  9.59437e-020
199.29  9.55727e-020
200.312  9.51926e-020
201.334  9.48033e-020
202.356  9.44048e-020
203.378  9.3997e-020
204.4  9.35798e-020
205.422  9.31531e-020
206.444  9.27169e-020
207.466  9.2271e-020
208.488  9.18154e-020
209.51  9.13499e-020
210.532  9.08746e-020
211.554  9.03893e-020
212.576  8.9894e-020
213.598  8.93885e-020
214.62  8.88728e-020
215.642  8.83468e-020
216.664  8.78105e-020
217.686  8.72638e-020
218.708  8.67065e-020
219.73  8.61387e-020
220.752  8.55602e-020
221.774  8.49711e-020
222.796  8.43711e-020
223.818  8.37604e-020
224.84  8.31388e-020
225.862  8.25062e-020
226.884  8.18627e-020
227.906  8.12081e-020
228.928  8.05424e-020
229.95  7.98657e-020
230.972  7.91777e-020
231.994  7.84786e-020
233.016  7.77683e-020
234.038  7.70467e-020
235.06  7.63139e-020
236.082  7.55698e-020
237.104  7.48145e-020
238.126  7.40479e-020
239.148  7.32699e-020
240.17  7.24808e-020
241.192  7.16804e-020
242.214  7.08687e-020
243.236  7.00459e-020
244.258  6.9212e-020
245.28  6.83669e-020
246.302  6.75108e-020
247.324  6.66438e-020
248.346  6.57658e-020
249.368  6.4877e-020
250.39  6.39775e-020
251.412  6.30674e-020
252.434  6.21468e-020
253.456  6.12158e-020
254.478  6.02746e-020
255.5  5.93232e-020
256.522  5.8362e-020
257.544  5.7391e-020
258.566  5.64105e-020
259.588  5.54206e-020
260.61  5.44216e-020
261.632  5.34136e-020
262.654  5.23971e-020
263.676  5.13721e-020
264.698  5.0339e-020
265.72  4.92982e-020
266.742  4.82498e-020
267.764  4.71944e-020
268.786  4.61321e-020
269.808  4.50634e-020
270.83  4.39888e-020
271.852  4.29085e-020
272.874  4.18231e-020
273.896  4.0733e-020
274.918  3.96386e-020
275.94  3.85407e-020
276.962  3.74395e-020
277.984  3.63358e-020
279.006  3.52301e-020
280.028  3.4123e-020
281.05  3.30152e-020
282.072  3.19073e-020
283.094  3.08001e-020
284.116  2.96943e-020
285.138  2.85906e-020
286.16  2.74899e-020
287.182  2.6393e-020
288.204  2.53007e-020
289.226  2.4214e-020
290.248  2.31338e-020
291.27  2.20612e-020
292.292  2.0997e-020
293.314  1.99424e-020
294.336  1.88985e-020
295.358  1.78664e-020
296.38  1.68473e-020
297.402  1.58425e-020
298.424  1.48532e-020
299.446  1.38807e-020
300.468  1.29265e-020
301.49  1.19919e-020
302.512  1.10784e-020
303.534  1.01875e-020
304.556  9.32093e-021
305.578  8.48018e-021
306.6  7.66698e-021
307.622  6.88309e-021
308.644  6.13031e-021
309.666  5.41052e-021
310.688  4.72564e-021
311.71  4.07767e-021
312.732  3.46868e-021
313.754  2.90079e-021
314.776  2.37619e-021
315.798  1.89716e-021
316.82  1.46602e-021
317.842  1.08519e-021
318.864  7.5715e-022
319.886  4.84449e-022
320.908  2.69721e-022
321.93  1.15666e-022
322.952  2.5052e-023
