1.022  6.53079e-020
2.044  6.58358e-020
3.066  6.63608e-020
4.088  6.6883e-020
5.11  6.74021e-020
6.132  6.79182e-020
7.154  6.84312e-020
8.176  6.89411e-020
9.198  6.94477e-020
10.22  6.99511e-020
11.242  7.04513e-020
12.264  7.09484e-020
13.286  7.14422e-020
14.308  7.1933e-020
15.33  7.24207e-020
16.352  7.29054e-020
17.374  7.33872e-020
18.396  7.38661e-020
19.418  7.43422e-020
20.44  7.48155e-020
21.462  7.5286e-020
22.484  7.57538e-020
23.506  7.6219e-020
24.528  7.66815e-020
25.55  7.71414e-020
26.572  7.75987e-020
27.594  7.80534e-020
28.616  7.85055e-020
29.638  7.89551e-020
30.66  7.94021e-020
31.682  7.98466e-020
32.704  8.02885e-020
33.726  8.07279e-020
34.748  8.11646e-020
35.77  8.15988e-020
36.792  8.20305e-020
37.814  8.24595e-020
38.836  8.28858e-020
39.858  8.33096e-020
40.88  8.37307e-020
41.902  8.41491e-020
42.924  8.45648e-020
43.946  8.49778e-020
44.968  8.53881e-020
45.99  8.57956e-020
47.012  8.62003e-020
48.034  8.66021e-020
49.056  8.70012e-020
50.078  8.73974e-020
51.1  8.77906e-020
52.122  8.8181e-020
53.144  8.85683e-020
54.166  8.89527e-020
55.188  8.93341e-020
56.21  8.97125e-020
57.232  9.00877e-020
58.254  9.04599e-020
59.276  9.08289e-020
60.298  9.11948e-020
61.32  9.15574e-020
62.342  9.19169e-020
63.364  9.2273e-020
64.386  9.26259e-020
65.408  9.29755e-020
66.43  9.33217e-020
67.452  9.36646e-020
68.474  9.4004e-020
69.496  9.434e-020
70.518  9.46725e-020
71.54  9.50015e-020
72.562  9.5327e-020
73.584  9.56489e-020
74.606  9.59672e-020
75.628  9.62819e-020
76.65  9.65929e-020
77.672  9.69003e-020
78.694  9.72039e-020
79.716  9.75038e-020
80.738  9.77999e-020
81.76  9.80922e-020
82.782  9.83807e-020
83.804  9.86653e-020
84.826  9.8946e-020
85.848  9.92228e-020
86.87  9.94956e-020
87.892  9.97644e-020
88.914  1.00029e-019
89.936  1.0029e-019
90.958  1.00547e-019
91.98  1.00799e-019
93.002  1.01048e-019
94.024  1.01292e-019
95.046  1.01532e-019
96.068  1.01768e-019
97.09  1.02e-019
98.112  1.02228e-019
99.134  1.02451e-019
100.156  1.0267e-019
101.178  1.02884e-019
102.2  1.03094e-019
103.222  1.033e-019
104.244  1.03501e-019
105.266  1.03698e-019
106.288  1.0389e-019
107.31  1.04078e-019
108.332  1.04261e-019
109.354  1.0444e-019
110.376  1.04614e-019
111.398  1.04784e-019
112.42  1.04948e-019
113.442  1.05108e-019
114.464  1.05264e-019
115.486  1.05414e-019
116.508  1.0556e-019
117.53  1.05701e-019
118.552  1.05838e-019
119.574  1.05969e-019
120.596  1.06095e-019
121.618  1.06217e-019
122.64  1.06334e-019
123.662  1.06445e-019
124.684  1.06552e-019
125.706  1.06653e-019
126.728  1.0675e-019
127.75  1.06841e-019
128.772  1.06928e-019
129.794  1.07009e-019
130.816  1.07085e-019
131.838  1.07155e-019
132.86  1.07221e-019
133.882  1.07281e-019
134.904  1.07335e-019
135.926  1.07385e-019
136.948  1.07429e-019
137.97  1.07467e-019
138.992  1.075e-019
140.014  1.07528e-019
141.036  1.0755e-019
142.058  1.07566e-019
143.08  1.07577e-019
144.102  1.07582e-019
145.124  1.07581e-019
146.146  1.07575e-019
147.168  1.07562e-019
148.19  1.07544e-019
149.212  1.0752e-019
150.234  1.07491e-019
151.256  1.07455e-019
152.278  1.07413e-019
153.3  1.07365e-019
154.322  1.07311e-019
155.344  1.0725e-019
156.366  1.07184e-019
157.388  1.07111e-019
158.41  1.07032e-019
159.432  1.06947e-019
160.454  1.06855e-019
161.476  1.06757e-019
162.498  1.06652e-019
163.52  1.0654e-019
164.542  1.06422e-019
165.564  1.06298e-019
166.586  1.06166e-019
167.608  1.06028e-019
168.63  1.05883e-019
169.652  1.0573e-019
170.674  1.05571e-019
171.696  1.05405e-019
172.718  1.05232e-019
173.74  1.05051e-019
174.762  1.04863e-019
175.784  1.04668e-019
176.806  1.04465e-019
177.828  1.04255e-019
178.85  1.04038e-019
179.872  1.03813e-019
180.894  1.0358e-019
181.916  1.03339e-019
182.938  1.0309e-019
183.96  1.02834e-019
184.982  1.0257e-019
186.004  1.02297e-019
187.026  1.02017e-019
188.048  1.01728e-019
189.07  1.01431e-019
190.092  1.01125e-019
191.114  1.00811e-019
192.136  1.00489e-019
193.158  1.00157e-019
194.18  9.98175e-020
195.202  9.94689e-020
196.224  9.91113e-020
197.246  9.87448e-020
198.268  9.83693e-020
199.29  9.79846e-020
200.312  9.75907e-020
201.334  9.71875e-020
202.356  9.67749e-020
203.378  9.63529e-020
204.4  9.59213e-020
205.422  9.548e-020
206.444  9.50291e-020
207.466  9.45683e-020
208.488  9.40976e-020
209.51  9.3617e-020
210.532  9.31263e-020
211.554  9.26254e-020
212.576  9.21144e-020
213.598  9.1593e-020
214.62  9.10613e-020
215.642  9.05191e-020
216.664  8.99664e-020
217.686  8.9403e-020
218.708  8.8829e-020
219.73  8.82443e-020
220.752  8.76487e-020
221.774  8.70422e-020
222.796  8.64248e-020
223.818  8.57964e-020
224.84  8.5157e-020
225.862  8.45064e-020
226.884  8.38446e-020
227.906  8.31716e-020
228.928  8.24874e-020
229.95  8.17918e-020
230.972  8.10849e-020
231.994  8.03666e-020
233.016  7.96369e-020
234.038  7.88958e-020
235.06  7.81433e-020
236.082  7.73792e-020
237.104  7.66037e-020
238.126  7.58168e-020
239.148  7.50183e-020
240.17  7.42084e-020
241.192  7.33871e-020
242.214  7.25544e-020
243.236  7.17103e-020
244.258  7.08548e-020
245.28  6.99881e-020
246.302  6.91101e-020
247.324  6.8221e-020
248.346  6.73207e-020
249.368  6.64095e-020
250.39  6.54874e-020
251.412  6.45544e-020
252.434  6.36108e-020
253.456  6.26566e-020
254.478  6.16921e-020
255.5  6.07172e-020
256.522  5.97323e-020
257.544  5.87374e-020
258.566  5.77328e-020
259.588  5.67188e-020
260.61  5.56954e-020
261.632  5.4663e-020
262.654  5.36217e-020
263.676  5.2572e-020
264.698  5.1514e-020
265.72  5.04481e-020
266.742  4.93746e-020
267.764  4.82938e-020
268.786  4.72062e-020
269.808  4.6112e-020
270.83  4.50117e-020
271.852  4.39058e-020
272.874  4.27946e-020
273.896  4.16787e-020
274.918  4.05585e-020
275.94  3.94346e-020
276.962  3.83075e-020
277.984  3.71778e-020
279.006  3.60461e-020
280.028  3.49131e-020
281.05  3.37793e-020
282.072  3.26455e-020
283.094  3.15124e-020
284.116  3.03807e-020
285.138  2.92513e-020
286.16  2.81249e-020
287.182  2.70025e-020
288.204  2.58848e-020
289.226  2.47729e-020
290.248  2.36676e-020
291.27  2.25701e-020
292.292  2.14812e-020
293.314  2.04022e-020
294.336  1.93342e-020
295.358  1.82782e-020
296.38  1.72356e-020
297.402  1.62075e-020
298.424  1.51953e-020
299.446  1.42004e-020
300.468  1.32242e-020
301.49  1.2268e-020
302.512  1.13335e-020
303.534  1.04221e-020
304.556  9.53551e-021
305.578  8.67539e-021
306.6  7.84346e-021
307.622  7.04152e-021
308.644  6.27141e-021
309.666  5.53505e-021
310.688  4.83441e-021
311.71  4.17153e-021
312.732  3.54852e-021
313.754  2.96756e-021
314.776  2.43089e-021
315.798  1.94083e-021
316.82  1.49977e-021
317.842  1.11018e-021
318.864  7.74584e-022
319.886  4.95606e-022
320.908  2.75933e-022
321.93  1.1833e-022
322.952  2.56292e-023
