1.022  8.85839e-020
2.044  8.91105e-020
3.066  8.9634e-020
4.088  9.01543e-020
5.11  9.06715e-020
6.132  9.11854e-020
7.154  9.16959e-020
8.176  9.22029e-020
9.198  9.27063e-020
10.22  9.32063e-020
11.242  9.37027e-020
12.264  9.41956e-020
13.286  9.4685e-020
14.308  9.51711e-020
15.33  9.56538e-020
16.352  9.61333e-020
17.374  9.66097e-020
18.396  9.70829e-020
19.418  9.75532e-020
20.44  9.80204e-020
21.462  9.84848e-020
22.484  9.89462e-020
23.506  9.94049e-020
24.528  9.98608e-020
25.55  1.00314e-019
26.572  1.00764e-019
27.594  1.01212e-019
28.616  1.01657e-019
29.638  1.02099e-019
30.66  1.02539e-019
31.682  1.02976e-019
32.704  1.0341e-019
33.726  1.03842e-019
34.748  1.04271e-019
35.77  1.04697e-019
36.792  1.05121e-019
37.814  1.05541e-019
38.836  1.05959e-019
39.858  1.06374e-019
40.88  1.06787e-019
41.902  1.07196e-019
42.924  1.07603e-019
43.946  1.08007e-019
44.968  1.08408e-019
45.99  1.08806e-019
47.012  1.09201e-019
48.034  1.09593e-019
49.056  1.09981e-019
50.078  1.10367e-019
51.1  1.1075e-019
52.122  1.11129e-019
53.144  1.11506e-019
54.166  1.11879e-019
55.188  1.12249e-019
56.21  1.12615e-019
57.232  1.12978e-019
58.254  1.13338e-019
59.276  1.13694e-019
60.298  1.14047e-019
61.32  1.14397e-019
62.342  1.14743e-019
63.364  1.15085e-019
64.386  1.15424e-019
65.408  1.15759e-019
66.43  1.16091e-019
67.452  1.16418e-019
68.474  1.16742e-019
69.496  1.17063e-019
70.518  1.17379e-019
71.54  1.17692e-019
72.562  1.18e-019
73.584  1.18305e-019
74.606  1.18606e-019
75.628  1.18903e-019
76.65  1.19195e-019
77.672  1.19484e-019
78.694  1.19769e-019
79.716  1.20049e-019
80.738  1.20325e-019
81.76  1.20597e-019
82.782  1.20865e-019
83.804  1.21129e-019
84.826  1.21388e-019
85.848  1.21643e-019
86.87  1.21893e-019
87.892  1.22139e-019
88.914  1.22381e-019
89.936  1.22618e-019
90.958  1.2285e-019
91.98  1.23078e-019
93.002  1.23302e-019
94.024  1.23521e-019
95.046  1.23735e-019
96.068  1.23944e-019
97.09  1.24149e-019
98.112  1.24349e-019
99.134  1.24545e-019
100.156  1.24735e-019
101.178  1.24921e-019
102.2  1.25101e-019
103.222  1.25277e-019
104.244  1.25448e-019
105.266  1.25614e-019
106.288  1.25775e-019
107.31  1.25931e-019
108.332  1.26082e-019
109.354  1.26228e-019
110.376  1.26368e-019
111.398  1.26504e-019
112.42  1.26634e-019
113.442  1.26759e-019
114.464  1.26879e-019
115.486  1.26993e-019
116.508  1.27103e-019
117.53  1.27207e-019
118.552  1.27305e-019
119.574  1.27398e-019
120.596  1.27486e-019
121.618  1.27568e-019
122.64  1.27645e-019
123.662  1.27716e-019
124.684  1.27781e-019
125.706  1.27841e-019
126.728  1.27896e-019
127.75  1.27944e-019
128.772  1.27987e-019
129.794  1.28024e-019
130.816  1.28056e-019
131.838  1.28081e-019
132.86  1.28101e-019
133.882  1.28114e-019
134.904  1.28122e-019
135.926  1.28124e-019
136.948  1.2812e-019
137.97  1.2811e-019
138.992  1.28093e-019
140.014  1.28071e-019
141.036  1.28042e-019
142.058  1.28008e-019
143.08  1.27966e-019
144.102  1.27919e-019
145.124  1.27865e-019
146.146  1.27805e-019
147.168  1.27739e-019
148.19  1.27666e-019
149.212  1.27586e-019
150.234  1.275e-019
151.256  1.27407e-019
152.278  1.27307e-019
153.3  1.27201e-019
154.322  1.27088e-019
155.344  1.26968e-019
156.366  1.26842e-019
157.388  1.26708e-019
158.41  1.26567e-019
159.432  1.26419e-019
160.454  1.26265e-019
161.476  1.26103e-019
162.498  1.25933e-019
163.52  1.25757e-019
164.542  1.25573e-019
165.564  1.25381e-019
166.586  1.25183e-019
167.608  1.24976e-019
168.63  1.24762e-019
169.652  1.2454e-019
170.674  1.24311e-019
171.696  1.24074e-019
172.718  1.23829e-019
173.74  1.23575e-019
174.762  1.23314e-019
175.784  1.23045e-019
176.806  1.22767e-019
177.828  1.22481e-019
178.85  1.22187e-019
179.872  1.21885e-019
180.894  1.21574e-019
181.916  1.21254e-019
182.938  1.20926e-019
183.96  1.20588e-019
184.982  1.20243e-019
186.004  1.19888e-019
187.026  1.19524e-019
188.048  1.19151e-019
189.07  1.18768e-019
190.092  1.18377e-019
191.114  1.17976e-019
192.136  1.17566e-019
193.158  1.17146e-019
194.18  1.16716e-019
195.202  1.16277e-019
196.224  1.15828e-019
197.246  1.15369e-019
198.268  1.149e-019
199.29  1.14421e-019
200.312  1.13932e-019
201.334  1.13432e-019
202.356  1.12922e-019
203.378  1.12401e-019
204.4  1.1187e-019
205.422  1.11328e-019
206.444  1.10776e-019
207.466  1.10212e-019
208.488  1.09638e-019
209.51  1.09052e-019
210.532  1.08456e-019
211.554  1.07848e-019
212.576  1.07229e-019
213.598  1.06598e-019
214.62  1.05956e-019
215.642  1.05302e-019
216.664  1.04636e-019
217.686  1.03959e-019
218.708  1.0327e-019
219.73  1.02569e-019
220.752  1.01856e-019
221.774  1.01131e-019
222.796  1.00394e-019
223.818  9.96442e-020
224.84  9.88824e-020
225.862  9.81082e-020
226.884  9.73216e-020
227.906  9.65226e-020
228.928  9.5711e-020
229.95  9.48869e-020
230.972  9.40501e-020
231.994  9.32007e-020
233.016  9.23386e-020
234.038  9.14638e-020
235.06  9.05762e-020
236.082  8.96759e-020
237.104  8.87629e-020
238.126  8.7837e-020
239.148  8.68985e-020
240.17  8.59471e-020
241.192  8.4983e-020
242.214  8.40063e-020
243.236  8.30168e-020
244.258  8.20148e-020
245.28  8.10001e-020
246.302  7.9973e-020
247.324  7.89334e-020
248.346  7.78815e-020
249.368  7.68173e-020
250.39  7.5741e-020
251.412  7.46526e-020
252.434  7.35524e-020
253.456  7.24404e-020
254.478  7.13168e-020
255.5  7.01818e-020
256.522  6.90355e-020
257.544  6.78783e-020
258.566  6.67102e-020
259.588  6.55315e-020
260.61  6.43425e-020
261.632  6.31435e-020
262.654  6.19347e-020
263.676  6.07164e-020
264.698  5.9489e-020
265.72  5.82528e-020
266.742  5.70082e-020
267.764  5.57555e-020
268.786  5.44953e-020
269.808  5.32278e-020
270.83  5.19537e-020
271.852  5.06733e-020
272.874  4.93872e-020
273.896  4.80959e-020
274.918  4.68e-020
275.94  4.55001e-020
276.962  4.41968e-020
277.984  4.28907e-020
279.006  4.15826e-020
280.028  4.02732e-020
281.05  3.89631e-020
282.072  3.76533e-020
283.094  3.63445e-020
284.116  3.50376e-020
285.138  3.37334e-020
286.16  3.2433e-020
287.182  3.11373e-020
288.204  2.98473e-020
289.226  2.8564e-020
290.248  2.72886e-020
291.27  2.60222e-020
292.292  2.4766e-020
293.314  2.35213e-020
294.336  2.22893e-020
295.358  2.10713e-020
296.38  1.98689e-020
297.402  1.86833e-020
298.424  1.75162e-020
299.446  1.6369e-020
300.468  1.52434e-020
301.49  1.4141e-020
302.512  1.30636e-020
303.534  1.20129e-020
304.556  1.09909e-020
305.578  9.99943e-021
306.6  9.04048e-021
307.622  8.11611e-021
308.644  7.22845e-021
309.666  6.37971e-021
310.688  5.57215e-021
311.71  4.80812e-021
312.732  4.09006e-021
313.754  3.42045e-021
314.776  2.8019e-021
315.798  2.23707e-021
316.82  1.72871e-021
317.842  1.27966e-021
318.864  8.92842e-022
319.886  5.71279e-022
320.908  3.1807e-022
321.93  1.36402e-022
322.952  2.9544e-023
