1.022  1.27078e-019
2.044  1.27565e-019
3.066  1.28048e-019
4.088  1.28529e-019
5.11  1.29006e-019
6.132  1.2948e-019
7.154  1.29951e-019
8.176  1.30417e-019
9.198  1.30881e-019
10.22  1.3134e-019
11.242  1.31796e-019
12.264  1.32248e-019
13.286  1.32697e-019
14.308  1.33142e-019
15.33  1.33584e-019
16.352  1.34023e-019
17.374  1.34458e-019
18.396  1.34891e-019
19.418  1.3532e-019
20.44  1.35747e-019
21.462  1.3617e-019
22.484  1.36591e-019
23.506  1.3701e-019
24.528  1.37425e-019
25.55  1.37838e-019
26.572  1.38248e-019
27.594  1.38656e-019
28.616  1.39061e-019
29.638  1.39464e-019
30.66  1.39864e-019
31.682  1.40262e-019
32.704  1.40656e-019
33.726  1.41049e-019
34.748  1.41439e-019
35.77  1.41826e-019
36.792  1.4221e-019
37.814  1.42592e-019
38.836  1.42971e-019
39.858  1.43348e-019
40.88  1.43721e-019
41.902  1.44092e-019
42.924  1.4446e-019
43.946  1.44825e-019
44.968  1.45188e-019
45.99  1.45547e-019
47.012  1.45903e-019
48.034  1.46256e-019
49.056  1.46606e-019
50.078  1.46953e-019
51.1  1.47296e-019
52.122  1.47637e-019
53.144  1.47974e-019
54.166  1.48307e-019
55.188  1.48637e-019
56.21  1.48964e-019
57.232  1.49287e-019
58.254  1.49607e-019
59.276  1.49923e-019
60.298  1.50236e-019
61.32  1.50544e-019
62.342  1.50849e-019
63.364  1.5115e-019
64.386  1.51448e-019
65.408  1.51741e-019
66.43  1.5203e-019
67.452  1.52316e-019
68.474  1.52597e-019
69.496  1.52874e-019
70.518  1.53147e-019
71.54  1.53416e-019
72.562  1.53681e-019
73.584  1.53941e-019
74.606  1.54197e-019
75.628  1.54449e-019
76.65  1.54696e-019
77.672  1.54938e-019
78.694  1.55177e-019
79.716  1.5541e-019
80.738  1.55639e-019
81.76  1.55863e-019
82.782  1.56083e-019
83.804  1.56298e-019
84.826  1.56508e-019
85.848  1.56713e-019
86.87  1.56913e-019
87.892  1.57109e-019
88.914  1.57299e-019
89.936  1.57485e-019
90.958  1.57665e-019
91.98  1.5784e-019
93.002  1.5801e-019
94.024  1.58175e-019
95.046  1.58335e-019
96.068  1.5849e-019
97.09  1.58639e-019
98.112  1.58783e-019
99.134  1.58922e-019
100.156  1.59055e-019
101.178  1.59182e-019
102.2  1.59305e-019
103.222  1.59421e-019
104.244  1.59533e-019
105.266  1.59638e-019
106.288  1.59738e-019
107.31  1.59832e-019
108.332  1.59921e-019
109.354  1.60004e-019
110.376  1.60081e-019
111.398  1.60152e-019
112.42  1.60217e-019
113.442  1.60276e-019
114.464  1.6033e-019
115.486  1.60377e-019
116.508  1.60419e-019
117.53  1.60454e-019
118.552  1.60484e-019
119.574  1.60507e-019
120.596  1.60524e-019
121.618  1.60535e-019
122.64  1.60539e-019
123.662  1.60538e-019
124.684  1.6053e-019
125.706  1.60515e-019
126.728  1.60495e-019
127.75  1.60467e-019
128.772  1.60434e-019
129.794  1.60393e-019
130.816  1.60347e-019
131.838  1.60293e-019
132.86  1.60233e-019
133.882  1.60166e-019
134.904  1.60093e-019
135.926  1.60013e-019
136.948  1.59926e-019
137.97  1.59832e-019
138.992  1.59731e-019
140.014  1.59623e-019
141.036  1.59508e-019
142.058  1.59386e-019
143.08  1.59257e-019
144.102  1.59121e-019
145.124  1.58978e-019
146.146  1.58827e-019
147.168  1.58669e-019
148.19  1.58504e-019
149.212  1.58331e-019
150.234  1.58151e-019
151.256  1.57964e-019
152.278  1.57768e-019
153.3  1.57565e-019
154.322  1.57355e-019
155.344  1.57136e-019
156.366  1.5691e-019
157.388  1.56676e-019
158.41  1.56434e-019
159.432  1.56184e-019
160.454  1.55926e-019
161.476  1.5566e-019
162.498  1.55385e-019
163.52  1.55102e-019
164.542  1.54811e-019
165.564  1.54512e-019
166.586  1.54204e-019
167.608  1.53887e-019
168.63  1.53562e-019
169.652  1.53228e-019
170.674  1.52885e-019
171.696  1.52533e-019
172.718  1.52173e-019
173.74  1.51803e-019
174.762  1.51424e-019
175.784  1.51036e-019
176.806  1.50639e-019
177.828  1.50232e-019
178.85  1.49816e-019
179.872  1.4939e-019
180.894  1.48954e-019
181.916  1.48509e-019
182.938  1.48054e-019
183.96  1.47589e-019
184.982  1.47114e-019
186.004  1.46629e-019
187.026  1.46133e-019
188.048  1.45627e-019
189.07  1.45111e-019
190.092  1.44584e-019
191.114  1.44046e-019
192.136  1.43498e-019
193.158  1.42939e-019
194.18  1.42369e-019
195.202  1.41788e-019
196.224  1.41195e-019
197.246  1.40592e-019
198.268  1.39977e-019
199.29  1.3935e-019
200.312  1.38712e-019
201.334  1.38062e-019
202.356  1.374e-019
203.378  1.36726e-019
204.4  1.3604e-019
205.422  1.35342e-019
206.444  1.34632e-019
207.466  1.33909e-019
208.488  1.33174e-019
209.51  1.32426e-019
210.532  1.31666e-019
211.554  1.30892e-019
212.576  1.30106e-019
213.598  1.29307e-019
214.62  1.28494e-019
215.642  1.27668e-019
216.664  1.26829e-019
217.686  1.25977e-019
218.708  1.25111e-019
219.73  1.24231e-019
220.752  1.23337e-019
221.774  1.2243e-019
222.796  1.21509e-019
223.818  1.20573e-019
224.84  1.19624e-019
225.862  1.18661e-019
226.884  1.17683e-019
227.906  1.16691e-019
228.928  1.15685e-019
229.95  1.14664e-019
230.972  1.13629e-019
231.994  1.12579e-019
233.016  1.11515e-019
234.038  1.10437e-019
235.06  1.09343e-019
236.082  1.08235e-019
237.104  1.07113e-019
238.126  1.05975e-019
239.148  1.04823e-019
240.17  1.03657e-019
241.192  1.02476e-019
242.214  1.0128e-019
243.236  1.0007e-019
244.258  9.88448e-020
245.28  9.76056e-020
246.302  9.6352e-020
247.324  9.50842e-020
248.346  9.38022e-020
249.368  9.25061e-020
250.39  9.1196e-020
251.412  8.98721e-020
252.434  8.85346e-020
253.456  8.71836e-020
254.478  8.58193e-020
255.5  8.44419e-020
256.522  8.30516e-020
257.544  8.16486e-020
258.566  8.02333e-020
259.588  7.88058e-020
260.61  7.73664e-020
261.632  7.59156e-020
262.654  7.44536e-020
263.676  7.29807e-020
264.698  7.14975e-020
265.72  7.00041e-020
266.742  6.85012e-020
267.764  6.69892e-020
268.786  6.54685e-020
269.808  6.39397e-020
270.83  6.24032e-020
271.852  6.08597e-020
272.874  5.93098e-020
273.896  5.77542e-020
274.918  5.61934e-020
275.94  5.46281e-020
276.962  5.30592e-020
277.984  5.14874e-020
279.006  4.99135e-020
280.028  4.83384e-020
281.05  4.67628e-020
282.072  4.51879e-020
283.094  4.36145e-020
284.116  4.20437e-020
285.138  4.04764e-020
286.16  3.8914e-020
287.182  3.73574e-020
288.204  3.58079e-020
289.226  3.42667e-020
290.248  3.27352e-020
291.27  3.12148e-020
292.292  2.97068e-020
293.314  2.82127e-020
294.336  2.6734e-020
295.358  2.52724e-020
296.38  2.38295e-020
297.402  2.2407e-020
298.424  2.10067e-020
299.446  1.96304e-020
300.468  1.82802e-020
301.49  1.69578e-020
302.512  1.56656e-020
303.534  1.44054e-020
304.556  1.31797e-020
305.578  1.19907e-020
306.6  1.08407e-020
307.622  9.73218e-021
308.644  8.66774e-021
309.666  7.64999e-021
310.688  6.68164e-021
311.71  5.7655e-021
312.732  4.90447e-021
313.754  4.10156e-021
314.776  3.35987e-021
315.798  2.68258e-021
316.82  2.07301e-021
317.842  1.53454e-021
318.864  1.0707e-021
319.886  6.85091e-022
320.908  3.81444e-022
321.93  1.63584e-022
322.952  3.54322e-023
