1.022  1.34201e-019
2.044  1.34677e-019
3.066  1.3515e-019
4.088  1.35619e-019
5.11  1.36086e-019
6.132  1.36549e-019
7.154  1.37009e-019
8.176  1.37465e-019
9.198  1.37917e-019
10.22  1.38366e-019
11.242  1.38811e-019
12.264  1.39253e-019
13.286  1.39691e-019
14.308  1.40125e-019
15.33  1.40557e-019
16.352  1.40985e-019
17.374  1.4141e-019
18.396  1.41831e-019
19.418  1.4225e-019
20.44  1.42666e-019
21.462  1.4308e-019
22.484  1.4349e-019
23.506  1.43898e-019
24.528  1.44303e-019
25.55  1.44706e-019
26.572  1.45106e-019
27.594  1.45504e-019
28.616  1.45899e-019
29.638  1.46292e-019
30.66  1.46682e-019
31.682  1.4707e-019
32.704  1.47455e-019
33.726  1.47837e-019
34.748  1.48218e-019
35.77  1.48595e-019
36.792  1.4897e-019
37.814  1.49342e-019
38.836  1.49712e-019
39.858  1.50079e-019
40.88  1.50443e-019
41.902  1.50804e-019
42.924  1.51163e-019
43.946  1.51519e-019
44.968  1.51871e-019
45.99  1.52221e-019
47.012  1.52568e-019
48.034  1.52912e-019
49.056  1.53253e-019
50.078  1.5359e-019
51.1  1.53924e-019
52.122  1.54255e-019
53.144  1.54583e-019
54.166  1.54908e-019
55.188  1.55229e-019
56.21  1.55546e-019
57.232  1.5586e-019
58.254  1.5617e-019
59.276  1.56477e-019
60.298  1.5678e-019
61.32  1.5708e-019
62.342  1.57375e-019
63.364  1.57667e-019
64.386  1.57955e-019
65.408  1.58239e-019
66.43  1.58519e-019
67.452  1.58794e-019
68.474  1.59066e-019
69.496  1.59334e-019
70.518  1.59597e-019
71.54  1.59857e-019
72.562  1.60111e-019
73.584  1.60362e-019
74.606  1.60608e-019
75.628  1.6085e-019
76.65  1.61087e-019
77.672  1.6132e-019
78.694  1.61548e-019
79.716  1.61772e-019
80.738  1.6199e-019
81.76  1.62205e-019
82.782  1.62414e-019
83.804  1.62618e-019
84.826  1.62818e-019
85.848  1.63013e-019
86.87  1.63203e-019
87.892  1.63387e-019
88.914  1.63567e-019
89.936  1.63742e-019
90.958  1.63911e-019
91.98  1.64076e-019
93.002  1.64235e-019
94.024  1.64389e-019
95.046  1.64538e-019
96.068  1.64681e-019
97.09  1.64819e-019
98.112  1.64951e-019
99.134  1.65079e-019
100.156  1.652e-019
101.178  1.65316e-019
102.2  1.65427e-019
103.222  1.65531e-019
104.244  1.65631e-019
105.266  1.65724e-019
106.288  1.65812e-019
107.31  1.65894e-019
108.332  1.6597e-019
109.354  1.6604e-019
110.376  1.66105e-019
111.398  1.66163e-019
112.42  1.66216e-019
113.442  1.66262e-019
114.464  1.66303e-019
115.486  1.66337e-019
116.508  1.66365e-019
117.53  1.66388e-019
118.552  1.66403e-019
119.574  1.66413e-019
120.596  1.66417e-019
121.618  1.66414e-019
122.64  1.66404e-019
123.662  1.66389e-019
124.684  1.66366e-019
125.706  1.66338e-019
126.728  1.66303e-019
127.75  1.66261e-019
128.772  1.66213e-019
129.794  1.66158e-019
130.816  1.66096e-019
131.838  1.66028e-019
132.86  1.65952e-019
133.882  1.6587e-019
134.904  1.65781e-019
135.926  1.65686e-019
136.948  1.65583e-019
137.97  1.65473e-019
138.992  1.65356e-019
140.014  1.65233e-019
141.036  1.65102e-019
142.058  1.64963e-019
143.08  1.64818e-019
144.102  1.64665e-019
145.124  1.64505e-019
146.146  1.64338e-019
147.168  1.64163e-019
148.19  1.6398e-019
149.212  1.6379e-019
150.234  1.63592e-019
151.256  1.63387e-019
152.278  1.63174e-019
153.3  1.62953e-019
154.322  1.62725e-019
155.344  1.62488e-019
156.366  1.62243e-019
157.388  1.61991e-019
158.41  1.6173e-019
159.432  1.61461e-019
160.454  1.61184e-019
161.476  1.60899e-019
162.498  1.60605e-019
163.52  1.60303e-019
164.542  1.59992e-019
165.564  1.59672e-019
166.586  1.59344e-019
167.608  1.59008e-019
168.63  1.58662e-019
169.652  1.58307e-019
170.674  1.57944e-019
171.696  1.57571e-019
172.718  1.5719e-019
173.74  1.56799e-019
174.762  1.56398e-019
175.784  1.55989e-019
176.806  1.5557e-019
177.828  1.55141e-019
178.85  1.54702e-019
179.872  1.54254e-019
180.894  1.53796e-019
181.916  1.53328e-019
182.938  1.5285e-019
183.96  1.52362e-019
184.982  1.51863e-019
186.004  1.51355e-019
187.026  1.50835e-019
188.048  1.50305e-019
189.07  1.49765e-019
190.092  1.49214e-019
191.114  1.48652e-019
192.136  1.48078e-019
193.158  1.47494e-019
194.18  1.46899e-019
195.202  1.46292e-019
196.224  1.45674e-019
197.246  1.45044e-019
198.268  1.44403e-019
199.29  1.4375e-019
200.312  1.43085e-019
201.334  1.42408e-019
202.356  1.41719e-019
203.378  1.41018e-019
204.4  1.40304e-019
205.422  1.39578e-019
206.444  1.3884e-019
207.466  1.38089e-019
208.488  1.37325e-019
209.51  1.36548e-019
210.532  1.35758e-019
211.554  1.34955e-019
212.576  1.34139e-019
213.598  1.3331e-019
214.62  1.32467e-019
215.642  1.3161e-019
216.664  1.3074e-019
217.686  1.29857e-019
218.708  1.28959e-019
219.73  1.28047e-019
220.752  1.27122e-019
221.774  1.26182e-019
222.796  1.25228e-019
223.818  1.2426e-019
224.84  1.23277e-019
225.862  1.2228e-019
226.884  1.21269e-019
227.906  1.20243e-019
228.928  1.19202e-019
229.95  1.18146e-019
230.972  1.17076e-019
231.994  1.15991e-019
233.016  1.14891e-019
234.038  1.13776e-019
235.06  1.12646e-019
236.082  1.11501e-019
237.104  1.10342e-019
238.126  1.09167e-019
239.148  1.07977e-019
240.17  1.06773e-019
241.192  1.05553e-019
242.214  1.04319e-019
243.236  1.0307e-019
244.258  1.01805e-019
245.28  1.00527e-019
246.302  9.9233e-020
247.324  9.79248e-020
248.346  9.66022e-020
249.368  9.52651e-020
250.39  9.39139e-020
251.412  9.25485e-020
252.434  9.11691e-020
253.456  8.97759e-020
254.478  8.83692e-020
255.5  8.6949e-020
256.522  8.55157e-020
257.544  8.40694e-020
258.566  8.26105e-020
259.588  8.11392e-020
260.61  7.96557e-020
261.632  7.81606e-020
262.654  7.66539e-020
263.676  7.51363e-020
264.698  7.3608e-020
265.72  7.20694e-020
266.742  7.0521e-020
267.764  6.89633e-020
268.786  6.73968e-020
269.808  6.58219e-020
270.83  6.42394e-020
271.852  6.26496e-020
272.874  6.10533e-020
273.896  5.94511e-020
274.918  5.78437e-020
275.94  5.62319e-020
276.962  5.46163e-020
277.984  5.29977e-020
279.006  5.13771e-020
280.028  4.97552e-020
281.05  4.8133e-020
282.072  4.65115e-020
283.094  4.48916e-020
284.116  4.32743e-020
285.138  4.16609e-020
286.16  4.00524e-020
287.182  3.84499e-020
288.204  3.68548e-020
289.226  3.52684e-020
290.248  3.36919e-020
291.27  3.21268e-020
292.292  3.05746e-020
293.314  2.90366e-020
294.336  2.75147e-020
295.358  2.60102e-020
296.38  2.45251e-020
297.402  2.3061e-020
298.424  2.16197e-020
299.446  2.02032e-020
300.468  1.88135e-020
301.49  1.74526e-020
302.512  1.61225e-020
303.534  1.48256e-020
304.556  1.35641e-020
305.578  1.23404e-020
306.6  1.11568e-020
307.622  1.0016e-020
308.644  8.92051e-021
309.666  7.87308e-021
310.688  6.87649e-021
311.71  5.93363e-021
312.732  5.0475e-021
313.754  4.22118e-021
314.776  3.45786e-021
315.798  2.76083e-021
316.82  2.13347e-021
317.842  1.5793e-021
318.864  1.10193e-021
319.886  7.0508e-022
320.908  3.92575e-022
321.93  1.68358e-022
322.952  3.64663e-023
