1.022  1.51608e-019
2.044  1.52053e-019
3.066  1.52496e-019
4.088  1.52935e-019
5.11  1.53372e-019
6.132  1.53805e-019
7.154  1.54235e-019
8.176  1.54662e-019
9.198  1.55084e-019
10.22  1.55504e-019
11.242  1.5592e-019
12.264  1.56332e-019
13.286  1.56741e-019
14.308  1.57146e-019
15.33  1.57548e-019
16.352  1.57947e-019
17.374  1.58343e-019
18.396  1.58736e-019
19.418  1.59127e-019
20.44  1.59514e-019
21.462  1.59899e-019
22.484  1.60282e-019
23.506  1.60661e-019
24.528  1.61039e-019
25.55  1.61414e-019
26.572  1.61787e-019
27.594  1.62157e-019
28.616  1.62525e-019
29.638  1.62891e-019
30.66  1.63254e-019
31.682  1.63615e-019
32.704  1.63974e-019
33.726  1.6433e-019
34.748  1.64684e-019
35.77  1.65035e-019
36.792  1.65384e-019
37.814  1.65731e-019
38.836  1.66075e-019
39.858  1.66416e-019
40.88  1.66755e-019
41.902  1.67091e-019
42.924  1.67424e-019
43.946  1.67755e-019
44.968  1.68083e-019
45.99  1.68408e-019
47.012  1.6873e-019
48.034  1.69049e-019
49.056  1.69364e-019
50.078  1.69677e-019
51.1  1.69987e-019
52.122  1.70293e-019
53.144  1.70596e-019
54.166  1.70896e-019
55.188  1.71193e-019
56.21  1.71485e-019
57.232  1.71775e-019
58.254  1.72061e-019
59.276  1.72343e-019
60.298  1.72621e-019
61.32  1.72896e-019
62.342  1.73167e-019
63.364  1.73434e-019
64.386  1.73697e-019
65.408  1.73957e-019
66.43  1.74212e-019
67.452  1.74463e-019
68.474  1.7471e-019
69.496  1.74952e-019
70.518  1.75191e-019
71.54  1.75425e-019
72.562  1.75654e-019
73.584  1.7588e-019
74.606  1.761e-019
75.628  1.76317e-019
76.65  1.76528e-019
77.672  1.76735e-019
78.694  1.76937e-019
79.716  1.77135e-019
80.738  1.77328e-019
81.76  1.77516e-019
82.782  1.77699e-019
83.804  1.77877e-019
84.826  1.7805e-019
85.848  1.78218e-019
86.87  1.7838e-019
87.892  1.78538e-019
88.914  1.78691e-019
89.936  1.78838e-019
90.958  1.7898e-019
91.98  1.79116e-019
93.002  1.79248e-019
94.024  1.79374e-019
95.046  1.79494e-019
96.068  1.79609e-019
97.09  1.79718e-019
98.112  1.79822e-019
99.134  1.7992e-019
100.156  1.80012e-019
101.178  1.80098e-019
102.2  1.80179e-019
103.222  1.80254e-019
104.244  1.80323e-019
105.266  1.80386e-019
106.288  1.80443e-019
107.31  1.80495e-019
108.332  1.8054e-019
109.354  1.80579e-019
110.376  1.80612e-019
111.398  1.80639e-019
112.42  1.80659e-019
113.442  1.80673e-019
114.464  1.80681e-019
115.486  1.80683e-019
116.508  1.80678e-019
117.53  1.80667e-019
118.552  1.8065e-019
119.574  1.80626e-019
120.596  1.80595e-019
121.618  1.80558e-019
122.64  1.80514e-019
123.662  1.80463e-019
124.684  1.80406e-019
125.706  1.80342e-019
126.728  1.80271e-019
127.75  1.80194e-019
128.772  1.80109e-019
129.794  1.80018e-019
130.816  1.79919e-019
131.838  1.79814e-019
132.86  1.79701e-019
133.882  1.79581e-019
134.904  1.79455e-019
135.926  1.79321e-019
136.948  1.79179e-019
137.97  1.79031e-019
138.992  1.78875e-019
140.014  1.78711e-019
141.036  1.7854e-019
142.058  1.78362e-019
143.08  1.78176e-019
144.102  1.77983e-019
145.124  1.77781e-019
146.146  1.77572e-019
147.168  1.77356e-019
148.19  1.77131e-019
149.212  1.76899e-019
150.234  1.76658e-019
151.256  1.7641e-019
152.278  1.76153e-019
153.3  1.75889e-019
154.322  1.75616e-019
155.344  1.75335e-019
156.366  1.75045e-019
157.388  1.74747e-019
158.41  1.74441e-019
159.432  1.74126e-019
160.454  1.73803e-019
161.476  1.7347e-019
162.498  1.73129e-019
163.52  1.7278e-019
164.542  1.72421e-019
165.564  1.72053e-019
166.586  1.71677e-019
167.608  1.71291e-019
168.63  1.70896e-019
169.652  1.70491e-019
170.674  1.70077e-019
171.696  1.69654e-019
172.718  1.69221e-019
173.74  1.68779e-019
174.762  1.68327e-019
175.784  1.67864e-019
176.806  1.67392e-019
177.828  1.6691e-019
178.85  1.66418e-019
179.872  1.65916e-019
180.894  1.65403e-019
181.916  1.6488e-019
182.938  1.64346e-019
183.96  1.63802e-019
184.982  1.63247e-019
186.004  1.62681e-019
187.026  1.62104e-019
188.048  1.61517e-019
189.07  1.60918e-019
190.092  1.60307e-019
191.114  1.59686e-019
192.136  1.59053e-019
193.158  1.58408e-019
194.18  1.57751e-019
195.202  1.57083e-019
196.224  1.56403e-019
197.246  1.5571e-019
198.268  1.55006e-019
199.29  1.54289e-019
200.312  1.5356e-019
201.334  1.52818e-019
202.356  1.52063e-019
203.378  1.51296e-019
204.4  1.50516e-019
205.422  1.49722e-019
206.444  1.48916e-019
207.466  1.48096e-019
208.488  1.47263e-019
209.51  1.46416e-019
210.532  1.45556e-019
211.554  1.44682e-019
212.576  1.43794e-019
213.598  1.42893e-019
214.62  1.41977e-019
215.642  1.41046e-019
216.664  1.40102e-019
217.686  1.39143e-019
218.708  1.3817e-019
219.73  1.37182e-019
220.752  1.36179e-019
221.774  1.35162e-019
222.796  1.34129e-019
223.818  1.33082e-019
224.84  1.32019e-019
225.862  1.30942e-019
226.884  1.29849e-019
227.906  1.2874e-019
228.928  1.27617e-019
229.95  1.26477e-019
230.972  1.25323e-019
231.994  1.24153e-019
233.016  1.22967e-019
234.038  1.21765e-019
235.06  1.20548e-019
236.082  1.19315e-019
237.104  1.18066e-019
238.126  1.16802e-019
239.148  1.15522e-019
240.17  1.14226e-019
241.192  1.12915e-019
242.214  1.11587e-019
243.236  1.10245e-019
244.258  1.08886e-019
245.28  1.07512e-019
246.302  1.06123e-019
247.324  1.04718e-019
248.346  1.03298e-019
249.368  1.01863e-019
250.39  1.00413e-019
251.412  9.89484e-020
252.434  9.74688e-020
253.456  9.59748e-020
254.478  9.44664e-020
255.5  9.29439e-020
256.522  9.14076e-020
257.544  8.98577e-020
258.566  8.82945e-020
259.588  8.67183e-020
260.61  8.51293e-020
261.632  8.3528e-020
262.654  8.19147e-020
263.676  8.02898e-020
264.698  7.86537e-020
265.72  7.70068e-020
266.742  7.53497e-020
267.764  7.36828e-020
268.786  7.20066e-020
269.808  7.03217e-020
270.83  6.86288e-020
271.852  6.69283e-020
272.874  6.52211e-020
273.896  6.35077e-020
274.918  6.17888e-020
275.94  6.00654e-020
276.962  5.83381e-020
277.984  5.66078e-020
279.006  5.48755e-020
280.028  5.31419e-020
281.05  5.14081e-020
282.072  4.96752e-020
283.094  4.79441e-020
284.116  4.6216e-020
285.138  4.4492e-020
286.16  4.27734e-020
287.182  4.10613e-020
288.204  3.93573e-020
289.226  3.76625e-020
290.248  3.59785e-020
291.27  3.43067e-020
292.292  3.26486e-020
293.314  3.1006e-020
294.336  2.93805e-020
295.358  2.77737e-020
296.38  2.61876e-020
297.402  2.4624e-020
298.424  2.30849e-020
299.446  2.15722e-020
300.468  2.00882e-020
301.49  1.86349e-020
302.512  1.72147e-020
303.534  1.58299e-020
304.556  1.44828e-020
305.578  1.31762e-020
306.6  1.19124e-020
307.622  1.06943e-020
308.644  9.52463e-021
309.666  8.40625e-021
310.688  7.34217e-021
311.71  6.33547e-021
312.732  5.38934e-021
313.754  4.50707e-021
314.776  3.69206e-021
315.798  2.94783e-021
316.82  2.27799e-021
317.842  1.68629e-021
318.864  1.17659e-021
319.886  7.52853e-022
320.908  4.19176e-022
321.93  1.79767e-022
322.952  3.89379e-023
