1.022  2.00291e-020
2.044  2.0173e-020
3.066  2.03163e-020
4.088  2.04589e-020
5.11  2.06007e-020
6.132  2.07419e-020
7.154  2.08823e-020
8.176  2.10219e-020
9.198  2.11607e-020
10.22  2.12988e-020
11.242  2.1436e-020
12.264  2.15724e-020
13.286  2.1708e-020
14.308  2.18428e-020
15.33  2.19768e-020
16.352  2.211e-020
17.374  2.22425e-020
18.396  2.23742e-020
19.418  2.25052e-020
20.44  2.26354e-020
21.462  2.2765e-020
22.484  2.28937e-020
23.506  2.30218e-020
24.528  2.31491e-020
25.55  2.32757e-020
26.572  2.34017e-020
27.594  2.35268e-020
28.616  2.36513e-020
29.638  2.37751e-020
30.66  2.38981e-020
31.682  2.40204e-020
32.704  2.41419e-020
33.726  2.42627e-020
34.748  2.43828e-020
35.77  2.45021e-020
36.792  2.46206e-020
37.814  2.47384e-020
38.836  2.48554e-020
39.858  2.49715e-020
40.88  2.50869e-020
41.902  2.52015e-020
42.924  2.53152e-020
43.946  2.54281e-020
44.968  2.55401e-020
45.99  2.56513e-020
47.012  2.57616e-020
48.034  2.5871e-020
49.056  2.59795e-020
50.078  2.60871e-020
51.1  2.61938e-020
52.122  2.62996e-020
53.144  2.64043e-020
54.166  2.65082e-020
55.188  2.6611e-020
56.21  2.67129e-020
57.232  2.68138e-020
58.254  2.69137e-020
59.276  2.70125e-020
60.298  2.71103e-020
61.32  2.7207e-020
62.342  2.73027e-020
63.364  2.73973e-020
64.386  2.74908e-020
65.408  2.75833e-020
66.43  2.76746e-020
67.452  2.77647e-020
68.474  2.78538e-020
69.496  2.79417e-020
70.518  2.80284e-020
71.54  2.81139e-020
72.562  2.81983e-020
73.584  2.82814e-020
74.606  2.83634e-020
75.628  2.84441e-020
76.65  2.85236e-020
77.672  2.86018e-020
78.694  2.86787e-020
79.716  2.87544e-020
80.738  2.88288e-020
81.76  2.89019e-020
82.782  2.89737e-020
83.804  2.90442e-020
84.826  2.91133e-020
85.848  2.91811e-020
86.87  2.92475e-020
87.892  2.93126e-020
88.914  2.93763e-020
89.936  2.94386e-020
90.958  2.94995e-020
91.98  2.95589e-020
93.002  2.9617e-020
94.024  2.96736e-020
95.046  2.97288e-020
96.068  2.97825e-020
97.09  2.98348e-020
98.112  2.98855e-020
99.134  2.99348e-020
100.156  2.99826e-020
101.178  3.00289e-020
102.2  3.00736e-020
103.222  3.01168e-020
104.244  3.01585e-020
105.266  3.01986e-020
106.288  3.02372e-020
107.31  3.02741e-020
108.332  3.03095e-020
109.354  3.03433e-020
110.376  3.03755e-020
111.398  3.04061e-020
112.42  3.0435e-020
113.442  3.04624e-020
114.464  3.0488e-020
115.486  3.0512e-020
116.508  3.05344e-020
117.53  3.0555e-020
118.552  3.0574e-020
119.574  3.05913e-020
120.596  3.06069e-020
121.618  3.06207e-020
122.64  3.06329e-020
123.662  3.06433e-020
124.684  3.06519e-020
125.706  3.06588e-020
126.728  3.06639e-020
127.75  3.06673e-020
128.772  3.06688e-020
129.794  3.06686e-020
130.816  3.06665e-020
131.838  3.06627e-020
132.86  3.0657e-020
133.882  3.06495e-020
134.904  3.06401e-020
135.926  3.06289e-020
136.948  3.06158e-020
137.97  3.06008e-020
138.992  3.0584e-020
140.014  3.05652e-020
141.036  3.05445e-020
142.058  3.0522e-020
143.08  3.04975e-020
144.102  3.0471e-020
145.124  3.04427e-020
146.146  3.04123e-020
147.168  3.038e-020
148.19  3.03457e-020
149.212  3.03095e-020
150.234  3.02712e-020
151.256  3.02309e-020
152.278  3.01887e-020
153.3  3.01444e-020
154.322  3.0098e-020
155.344  3.00496e-020
156.366  2.99992e-020
157.388  2.99467e-020
158.41  2.98921e-020
159.432  2.98354e-020
160.454  2.97766e-020
161.476  2.97158e-020
162.498  2.96528e-020
163.52  2.95877e-020
164.542  2.95204e-020
165.564  2.9451e-020
166.586  2.93795e-020
167.608  2.93057e-020
168.63  2.92298e-020
169.652  2.91518e-020
170.674  2.90715e-020
171.696  2.8989e-020
172.718  2.89043e-020
173.74  2.88174e-020
174.762  2.87283e-020
175.784  2.86369e-020
176.806  2.85432e-020
177.828  2.84473e-020
178.85  2.83492e-020
179.872  2.82487e-020
180.894  2.8146e-020
181.916  2.8041e-020
182.938  2.79336e-020
183.96  2.7824e-020
184.982  2.7712e-020
186.004  2.75977e-020
187.026  2.74811e-020
188.048  2.73621e-020
189.07  2.72408e-020
190.092  2.71171e-020
191.114  2.6991e-020
192.136  2.68626e-020
193.158  2.67317e-020
194.18  2.65985e-020
195.202  2.64629e-020
196.224  2.63249e-020
197.246  2.61845e-020
198.268  2.60417e-020
199.29  2.58965e-020
200.312  2.57488e-020
201.334  2.55987e-020
202.356  2.54462e-020
203.378  2.52913e-020
204.4  2.51339e-020
205.422  2.49741e-020
206.444  2.48119e-020
207.466  2.46472e-020
208.488  2.448e-020
209.51  2.43105e-020
210.532  2.41385e-020
211.554  2.3964e-020
212.576  2.37871e-020
213.598  2.36078e-020
214.62  2.3426e-020
215.642  2.32418e-020
216.664  2.30552e-020
217.686  2.28661e-020
218.708  2.26747e-020
219.73  2.24808e-020
220.752  2.22845e-020
221.774  2.20858e-020
222.796  2.18848e-020
223.818  2.16813e-020
224.84  2.14755e-020
225.862  2.12673e-020
226.884  2.10568e-020
227.906  2.0844e-020
228.928  2.06288e-020
229.95  2.04114e-020
230.972  2.01917e-020
231.994  1.99697e-020
233.016  1.97454e-020
234.038  1.9519e-020
235.06  1.92903e-020
236.082  1.90595e-020
237.104  1.88266e-020
238.126  1.85915e-020
239.148  1.83543e-020
240.17  1.81151e-020
241.192  1.78738e-020
242.214  1.76305e-020
243.236  1.73853e-020
244.258  1.71381e-020
245.28  1.68891e-020
246.302  1.66382e-020
247.324  1.63855e-020
248.346  1.61311e-020
249.368  1.5875e-020
250.39  1.56172e-020
251.412  1.53577e-020
252.434  1.50968e-020
253.456  1.48343e-020
254.478  1.45704e-020
255.5  1.43051e-020
256.522  1.40385e-020
257.544  1.37706e-020
258.566  1.35016e-020
259.588  1.32315e-020
260.61  1.29603e-020
261.632  1.26881e-020
262.654  1.24151e-020
263.676  1.21413e-020
264.698  1.18668e-020
265.72  1.15917e-020
266.742  1.1316e-020
267.764  1.10399e-020
268.786  1.07635e-020
269.808  1.04869e-020
270.83  1.02101e-020
271.852  9.93335e-021
272.874  9.6567e-021
273.896  9.38028e-021
274.918  9.10422e-021
275.94  8.82864e-021
276.962  8.55366e-021
277.984  8.27944e-021
279.006  8.0061e-021
280.028  7.7338e-021
281.05  7.46268e-021
282.072  7.1929e-021
283.094  6.92462e-021
284.116  6.658e-021
285.138  6.39321e-021
286.16  6.13043e-021
287.182  5.86983e-021
288.204  5.61161e-021
289.226  5.35596e-021
290.248  5.10306e-021
291.27  4.85314e-021
292.292  4.60638e-021
293.314  4.36302e-021
294.336  4.12327e-021
295.358  3.88736e-021
296.38  3.65552e-021
297.402  3.42801e-021
298.424  3.20505e-021
299.446  2.98692e-021
300.468  2.77387e-021
301.49  2.56618e-021
302.512  2.36411e-021
303.534  2.16796e-021
304.556  1.97802e-021
305.578  1.79459e-021
306.6  1.61797e-021
307.622  1.44849e-021
308.644  1.28647e-021
309.666  1.13225e-021
310.688  9.86159e-022
311.71  8.48558e-022
312.732  7.19806e-022
313.754  6.00273e-022
314.776  4.90337e-022
315.798  3.90389e-022
316.82  3.00825e-022
317.842  2.22055e-022
318.864  1.54495e-022
319.886  9.85732e-023
320.908  5.47273e-023
321.93  2.34031e-023
322.952  5.05463e-024
