1.022  1.21105e-020
2.044  1.22502e-020
3.066  1.23894e-020
4.088  1.2528e-020
5.11  1.26661e-020
6.132  1.28037e-020
7.154  1.29406e-020
8.176  1.3077e-020
9.198  1.32128e-020
10.22  1.33479e-020
11.242  1.34824e-020
12.264  1.36162e-020
13.286  1.37494e-020
14.308  1.3882e-020
15.33  1.4014e-020
16.352  1.41453e-020
17.374  1.4276e-020
18.396  1.44061e-020
19.418  1.45356e-020
20.44  1.46645e-020
21.462  1.47928e-020
22.484  1.49204e-020
23.506  1.50475e-020
24.528  1.51739e-020
25.55  1.52998e-020
26.572  1.5425e-020
27.594  1.55496e-020
28.616  1.56736e-020
29.638  1.5797e-020
30.66  1.59198e-020
31.682  1.60419e-020
32.704  1.61634e-020
33.726  1.62843e-020
34.748  1.64045e-020
35.77  1.65241e-020
36.792  1.6643e-020
37.814  1.67613e-020
38.836  1.68789e-020
39.858  1.69958e-020
40.88  1.7112e-020
41.902  1.72275e-020
42.924  1.73423e-020
43.946  1.74563e-020
44.968  1.75697e-020
45.99  1.76823e-020
47.012  1.77941e-020
48.034  1.79052e-020
49.056  1.80156e-020
50.078  1.81251e-020
51.1  1.82339e-020
52.122  1.83419e-020
53.144  1.8449e-020
54.166  1.85554e-020
55.188  1.86609e-020
56.21  1.87656e-020
57.232  1.88694e-020
58.254  1.89723e-020
59.276  1.90744e-020
60.298  1.91756e-020
61.32  1.92759e-020
62.342  1.93753e-020
63.364  1.94738e-020
64.386  1.95714e-020
65.408  1.9668e-020
66.43  1.97637e-020
67.452  1.98584e-020
68.474  1.99522e-020
69.496  2.0045e-020
70.518  2.01368e-020
71.54  2.02276e-020
72.562  2.03173e-020
73.584  2.04061e-020
74.606  2.04938e-020
75.628  2.05805e-020
76.65  2.06661e-020
77.672  2.07507e-020
78.694  2.08342e-020
79.716  2.09166e-020
80.738  2.0998e-020
81.76  2.10782e-020
82.782  2.11573e-020
83.804  2.12353e-020
84.826  2.13121e-020
85.848  2.13878e-020
86.87  2.14624e-020
87.892  2.15358e-020
88.914  2.1608e-020
89.936  2.1679e-020
90.958  2.17488e-020
91.98  2.18175e-020
93.002  2.18849e-020
94.024  2.19511e-020
95.046  2.20161e-020
96.068  2.20798e-020
97.09  2.21423e-020
98.112  2.22035e-020
99.134  2.22634e-020
100.156  2.23221e-020
101.178  2.23794e-020
102.2  2.24355e-020
103.222  2.24902e-020
104.244  2.25437e-020
105.266  2.25958e-020
106.288  2.26466e-020
107.31  2.2696e-020
108.332  2.27441e-020
109.354  2.27908e-020
110.376  2.28361e-020
111.398  2.288e-020
112.42  2.29226e-020
113.442  2.29637e-020
114.464  2.30035e-020
115.486  2.30418e-020
116.508  2.30787e-020
117.53  2.31141e-020
118.552  2.31481e-020
119.574  2.31807e-020
120.596  2.32117e-020
121.618  2.32413e-020
122.64  2.32694e-020
123.662  2.32961e-020
124.684  2.33212e-020
125.706  2.33448e-020
126.728  2.33668e-020
127.75  2.33874e-020
128.772  2.34064e-020
129.794  2.34239e-020
130.816  2.34398e-020
131.838  2.34541e-020
132.86  2.34669e-020
133.882  2.3478e-020
134.904  2.34876e-020
135.926  2.34956e-020
136.948  2.35019e-020
137.97  2.35067e-020
138.992  2.35098e-020
140.014  2.35113e-020
141.036  2.35111e-020
142.058  2.35092e-020
143.08  2.35057e-020
144.102  2.35006e-020
145.124  2.34937e-020
146.146  2.34851e-020
147.168  2.34749e-020
148.19  2.34629e-020
149.212  2.34492e-020
150.234  2.34338e-020
151.256  2.34166e-020
152.278  2.33977e-020
153.3  2.3377e-020
154.322  2.33546e-020
155.344  2.33303e-020
156.366  2.33043e-020
157.388  2.32765e-020
158.41  2.32469e-020
159.432  2.32155e-020
160.454  2.31823e-020
161.476  2.31472e-020
162.498  2.31103e-020
163.52  2.30716e-020
164.542  2.3031e-020
165.564  2.29885e-020
166.586  2.29442e-020
167.608  2.28979e-020
168.63  2.28498e-020
169.652  2.27998e-020
170.674  2.27479e-020
171.696  2.2694e-020
172.718  2.26383e-020
173.74  2.25806e-020
174.762  2.25209e-020
175.784  2.24593e-020
176.806  2.23958e-020
177.828  2.23303e-020
178.85  2.22628e-020
179.872  2.21933e-020
180.894  2.21219e-020
181.916  2.20484e-020
182.938  2.19729e-020
183.96  2.18955e-020
184.982  2.1816e-020
186.004  2.17345e-020
187.026  2.1651e-020
188.048  2.15654e-020
189.07  2.14778e-020
190.092  2.13881e-020
191.114  2.12964e-020
192.136  2.12026e-020
193.158  2.11067e-020
194.18  2.10088e-020
195.202  2.09088e-020
196.224  2.08067e-020
197.246  2.07026e-020
198.268  2.05963e-020
199.29  2.0488e-020
200.312  2.03775e-020
201.334  2.0265e-020
202.356  2.01503e-020
203.378  2.00336e-020
204.4  1.99147e-020
205.422  1.97938e-020
206.444  1.96707e-020
207.466  1.95455e-020
208.488  1.94182e-020
209.51  1.92888e-020
210.532  1.91573e-020
211.554  1.90237e-020
212.576  1.8888e-020
213.598  1.87502e-020
214.62  1.86103e-020
215.642  1.84682e-020
216.664  1.83241e-020
217.686  1.8178e-020
218.708  1.80297e-020
219.73  1.78793e-020
220.752  1.77269e-020
221.774  1.75724e-020
222.796  1.74159e-020
223.818  1.72574e-020
224.84  1.70968e-020
225.862  1.69341e-020
226.884  1.67695e-020
227.906  1.66029e-020
228.928  1.64343e-020
229.95  1.62637e-020
230.972  1.60912e-020
231.994  1.59168e-020
233.016  1.57404e-020
234.038  1.55621e-020
235.06  1.5382e-020
236.082  1.52e-020
237.104  1.50161e-020
238.126  1.48305e-020
239.148  1.46431e-020
240.17  1.44539e-020
241.192  1.4263e-020
242.214  1.40704e-020
243.236  1.38761e-020
244.258  1.36801e-020
245.28  1.34826e-020
246.302  1.32835e-020
247.324  1.30829e-020
248.346  1.28808e-020
249.368  1.26772e-020
250.39  1.24722e-020
251.412  1.22658e-020
252.434  1.20582e-020
253.456  1.18492e-020
254.478  1.1639e-020
255.5  1.14277e-020
256.522  1.12152e-020
257.544  1.10017e-020
258.566  1.07871e-020
259.588  1.05716e-020
260.61  1.03552e-020
261.632  1.0138e-020
262.654  9.9201e-021
263.676  9.70147e-021
264.698  9.48223e-021
265.72  9.26246e-021
266.742  9.04222e-021
267.764  8.82161e-021
268.786  8.60071e-021
269.808  8.37959e-021
270.83  8.15836e-021
271.852  7.93709e-021
272.874  7.7159e-021
273.896  7.49486e-021
274.918  7.27409e-021
275.94  7.05369e-021
276.962  6.83377e-021
277.984  6.61444e-021
279.006  6.39581e-021
280.028  6.178e-021
281.05  5.96114e-021
282.072  5.74534e-021
283.094  5.53075e-021
284.116  5.31748e-021
285.138  5.10569e-021
286.16  4.89551e-021
287.182  4.68709e-021
288.204  4.48058e-021
289.226  4.27613e-021
290.248  4.07391e-021
291.27  3.87407e-021
292.292  3.67679e-021
293.314  3.48223e-021
294.336  3.29058e-021
295.358  3.10203e-021
296.38  2.91675e-021
297.402  2.73494e-021
298.424  2.5568e-021
299.446  2.38254e-021
300.468  2.21236e-021
301.49  2.04648e-021
302.512  1.88513e-021
303.534  1.72852e-021
304.556  1.57689e-021
305.578  1.43048e-021
306.6  1.28954e-021
307.622  1.15432e-021
308.644  1.02507e-021
309.666  9.02065e-022
310.688  7.8557e-022
311.71  6.75866e-022
312.732  5.73237e-022
313.754  4.77976e-022
314.776  3.90383e-022
315.798  3.10764e-022
316.82  2.39432e-022
317.842  1.76711e-022
318.864  1.22928e-022
319.886  7.84207e-023
320.908  4.35319e-023
321.93  1.86127e-023
322.952  4.01935e-024
