1.022  7.29405e-020
2.044  7.21089e-020
3.066  7.12871e-020
4.088  7.04747e-020
5.11  6.96718e-020
6.132  6.88781e-020
7.154  6.80934e-020
8.176  6.73176e-020
9.198  6.65506e-020
10.22  6.57923e-020
11.242  6.50425e-020
12.264  6.43013e-020
13.286  6.35686e-020
14.308  6.28444e-020
15.33  6.21285e-020
16.352  6.1421e-020
17.374  6.07219e-020
18.396  6.0031e-020
19.418  5.93484e-020
20.44  5.8674e-020
21.462  5.80077e-020
22.484  5.73494e-020
23.506  5.66992e-020
24.528  5.60569e-020
25.55  5.54224e-020
26.572  5.47957e-020
27.594  5.41767e-020
28.616  5.35654e-020
29.638  5.29615e-020
30.66  5.23651e-020
31.682  5.1776e-020
32.704  5.11942e-020
33.726  5.06196e-020
34.748  5.00521e-020
35.77  4.94915e-020
36.792  4.89379e-020
37.814  4.8391e-020
38.836  4.78509e-020
39.858  4.73175e-020
40.88  4.67905e-020
41.902  4.62701e-020
42.924  4.5756e-020
43.946  4.52482e-020
44.968  4.47466e-020
45.99  4.42511e-020
47.012  4.37617e-020
48.034  4.32782e-020
49.056  4.28005e-020
50.078  4.23287e-020
51.1  4.18626e-020
52.122  4.14021e-020
53.144  4.09472e-020
54.166  4.04977e-020
55.188  4.00537e-020
56.21  3.9615e-020
57.232  3.91816e-020
58.254  3.87534e-020
59.276  3.83303e-020
60.298  3.79122e-020
61.32  3.74991e-020
62.342  3.7091e-020
63.364  3.66877e-020
64.386  3.62892e-020
65.408  3.58955e-020
66.43  3.55064e-020
67.452  3.51219e-020
68.474  3.47419e-020
69.496  3.43665e-020
70.518  3.39954e-020
71.54  3.36288e-020
72.562  3.32664e-020
73.584  3.29083e-020
74.606  3.25544e-020
75.628  3.22047e-020
76.65  3.1859e-020
77.672  3.15174e-020
78.694  3.11798e-020
79.716  3.08461e-020
80.738  3.05163e-020
81.76  3.01904e-020
82.782  2.98682e-020
83.804  2.95498e-020
84.826  2.92351e-020
85.848  2.8924e-020
86.87  2.86166e-020
87.892  2.83127e-020
88.914  2.80123e-020
89.936  2.77154e-020
90.958  2.74219e-020
91.98  2.71318e-020
93.002  2.6845e-020
94.024  2.65615e-020
95.046  2.62813e-020
96.068  2.60044e-020
97.09  2.57306e-020
98.112  2.54599e-020
99.134  2.51924e-020
100.156  2.49279e-020
101.178  2.46664e-020
102.2  2.44079e-020
103.222  2.41524e-020
104.244  2.38998e-020
105.266  2.36501e-020
106.288  2.34032e-020
107.31  2.31592e-020
108.332  2.29179e-020
109.354  2.26794e-020
110.376  2.24436e-020
111.398  2.22104e-020
112.42  2.19799e-020
113.442  2.17521e-020
114.464  2.15268e-020
115.486  2.1304e-020
116.508  2.10838e-020
117.53  2.08661e-020
118.552  2.06508e-020
119.574  2.0438e-020
120.596  2.02276e-020
121.618  2.00195e-020
122.64  1.98138e-020
123.662  1.96105e-020
124.684  1.94094e-020
125.706  1.92105e-020
126.728  1.90139e-020
127.75  1.88196e-020
128.772  1.86274e-020
129.794  1.84373e-020
130.816  1.82494e-020
131.838  1.80636e-020
132.86  1.78799e-020
133.882  1.76983e-020
134.904  1.75186e-020
135.926  1.7341e-020
136.948  1.71654e-020
137.97  1.69917e-020
138.992  1.682e-020
140.014  1.66502e-020
141.036  1.64823e-020
142.058  1.63162e-020
143.08  1.6152e-020
144.102  1.59897e-020
145.124  1.58291e-020
146.146  1.56703e-020
147.168  1.55133e-020
148.19  1.5358e-020
149.212  1.52045e-020
150.234  1.50526e-020
151.256  1.49025e-020
152.278  1.47539e-020
153.3  1.46071e-020
154.322  1.44618e-020
155.344  1.43182e-020
156.366  1.41761e-020
157.388  1.40356e-020
158.41  1.38967e-020
159.432  1.37592e-020
160.454  1.36233e-020
161.476  1.34889e-020
162.498  1.33559e-020
163.52  1.32244e-020
164.542  1.30943e-020
165.564  1.29656e-020
166.586  1.28384e-020
167.608  1.27125e-020
168.63  1.25879e-020
169.652  1.24647e-020
170.674  1.23429e-020
171.696  1.22223e-020
172.718  1.21031e-020
173.74  1.19851e-020
174.762  1.18684e-020
175.784  1.17529e-020
176.806  1.16386e-020
177.828  1.15255e-020
178.85  1.14137e-020
179.872  1.1303e-020
180.894  1.11934e-020
181.916  1.1085e-020
182.938  1.09777e-020
183.96  1.08715e-020
184.982  1.07664e-020
186.004  1.06624e-020
187.026  1.05594e-020
188.048  1.04574e-020
189.07  1.03565e-020
190.092  1.02565e-020
191.114  1.01576e-020
192.136  1.00596e-020
193.158  9.96253e-021
194.18  9.8664e-021
195.202  9.77118e-021
196.224  9.67685e-021
197.246  9.58339e-021
198.268  9.49079e-021
199.29  9.39902e-021
200.312  9.30807e-021
201.334  9.21792e-021
202.356  9.12854e-021
203.378  9.03993e-021
204.4  8.95206e-021
205.422  8.86492e-021
206.444  8.77847e-021
207.466  8.69271e-021
208.488  8.60761e-021
209.51  8.52315e-021
210.532  8.43932e-021
211.554  8.35609e-021
212.576  8.27344e-021
213.598  8.19135e-021
214.62  8.1098e-021
215.642  8.02877e-021
216.664  7.94824e-021
217.686  7.86818e-021
218.708  7.78858e-021
219.73  7.70941e-021
220.752  7.63065e-021
221.774  7.55227e-021
222.796  7.47427e-021
223.818  7.3966e-021
224.84  7.31926e-021
225.862  7.24221e-021
226.884  7.16544e-021
227.906  7.08892e-021
228.928  7.01263e-021
229.95  6.93654e-021
230.972  6.86063e-021
231.994  6.78488e-021
233.016  6.70926e-021
234.038  6.63375e-021
235.06  6.55833e-021
236.082  6.48297e-021
237.104  6.40764e-021
238.126  6.33234e-021
239.148  6.25702e-021
240.17  6.18167e-021
241.192  6.10627e-021
242.214  6.03078e-021
243.236  5.95519e-021
244.258  5.87948e-021
245.28  5.80362e-021
246.302  5.72759e-021
247.324  5.65136e-021
248.346  5.57492e-021
249.368  5.49824e-021
250.39  5.42131e-021
251.412  5.3441e-021
252.434  5.26659e-021
253.456  5.18876e-021
254.478  5.11059e-021
255.5  5.03208e-021
256.522  4.95319e-021
257.544  4.87391e-021
258.566  4.79423e-021
259.588  4.71413e-021
260.61  4.6336e-021
261.632  4.55262e-021
262.654  4.47119e-021
263.676  4.38929e-021
264.698  4.30692e-021
265.72  4.22407e-021
266.742  4.14073e-021
267.764  4.0569e-021
268.786  3.97258e-021
269.808  3.88776e-021
270.83  3.80245e-021
271.852  3.71666e-021
272.874  3.63038e-021
273.896  3.54363e-021
274.918  3.45641e-021
275.94  3.36874e-021
276.962  3.28064e-021
277.984  3.19212e-021
279.006  3.1032e-021
280.028  3.01392e-021
281.05  2.9243e-021
282.072  2.83436e-021
283.094  2.74415e-021
284.116  2.65371e-021
285.138  2.56307e-021
286.16  2.47229e-021
287.182  2.38141e-021
288.204  2.2905e-021
289.226  2.19961e-021
290.248  2.1088e-021
291.27  2.01816e-021
292.292  1.92776e-021
293.314  1.83768e-021
294.336  1.748e-021
295.358  1.65882e-021
296.38  1.57025e-021
297.402  1.48239e-021
298.424  1.39535e-021
299.446  1.30925e-021
300.468  1.22423e-021
301.49  1.14042e-021
302.512  1.05797e-021
303.534  9.77021e-022
304.556  8.97747e-022
305.578  8.20314e-022
306.6  7.44904e-022
307.622  6.71707e-022
308.644  6.00922e-022
309.666  5.3276e-022
310.688  4.67443e-022
311.71  4.05203e-022
312.732  3.46285e-022
313.754  2.90945e-022
314.776  2.39451e-022
315.798  1.92086e-022
316.82  1.49143e-022
317.842  1.10931e-022
318.864  7.77727e-023
319.886  5.00041e-023
320.908  2.79767e-023
321.93  1.20566e-023
322.952  2.62427e-024
