1.022  1.36601e-019
2.044  1.3521e-019
3.066  1.33834e-019
4.088  1.32474e-019
5.11  1.31128e-019
6.132  1.29797e-019
7.154  1.28479e-019
8.176  1.27176e-019
9.198  1.25886e-019
10.22  1.2461e-019
11.242  1.23348e-019
12.264  1.22098e-019
13.286  1.20862e-019
14.308  1.19639e-019
15.33  1.1843e-019
16.352  1.17233e-019
17.374  1.1605e-019
18.396  1.1488e-019
19.418  1.13722e-019
20.44  1.12578e-019
21.462  1.11446e-019
22.484  1.10328e-019
23.506  1.09222e-019
24.528  1.08128e-019
25.55  1.07047e-019
26.572  1.05979e-019
27.594  1.04922e-019
28.616  1.03878e-019
29.638  1.02846e-019
30.66  1.01825e-019
31.682  1.00816e-019
32.704  9.9819e-020
33.726  9.88332e-020
34.748  9.78586e-020
35.77  9.68952e-020
36.792  9.59428e-020
37.814  9.50012e-020
38.836  9.40704e-020
39.858  9.31501e-020
40.88  9.22402e-020
41.902  9.13407e-020
42.924  9.04512e-020
43.946  8.95718e-020
44.968  8.87022e-020
45.99  8.78424e-020
47.012  8.69922e-020
48.034  8.61514e-020
49.056  8.532e-020
50.078  8.44978e-020
51.1  8.36846e-020
52.122  8.28805e-020
53.144  8.20851e-020
54.166  8.12985e-020
55.188  8.05205e-020
56.21  7.97509e-020
57.232  7.89897e-020
58.254  7.82367e-020
59.276  7.74919e-020
60.298  7.67551e-020
61.32  7.60262e-020
62.342  7.53051e-020
63.364  7.45918e-020
64.386  7.3886e-020
65.408  7.31877e-020
66.43  7.24968e-020
67.452  7.18132e-020
68.474  7.11368e-020
69.496  7.04676e-020
70.518  6.98053e-020
71.54  6.91499e-020
72.562  6.85014e-020
73.584  6.78597e-020
74.606  6.72245e-020
75.628  6.6596e-020
76.65  6.59739e-020
77.672  6.53582e-020
78.694  6.47489e-020
79.716  6.41458e-020
80.738  6.35488e-020
81.76  6.29579e-020
82.782  6.23731e-020
83.804  6.17941e-020
84.826  6.1221e-020
85.848  6.06537e-020
86.87  6.00921e-020
87.892  5.95361e-020
88.914  5.89857e-020
89.936  5.84408e-020
90.958  5.79013e-020
91.98  5.73672e-020
93.002  5.68383e-020
94.024  5.63147e-020
95.046  5.57963e-020
96.068  5.5283e-020
97.09  5.47747e-020
98.112  5.42714e-020
99.134  5.3773e-020
100.156  5.32795e-020
101.178  5.27908e-020
102.2  5.23069e-020
103.222  5.18276e-020
104.244  5.1353e-020
105.266  5.08829e-020
106.288  5.04174e-020
107.31  4.99564e-020
108.332  4.94998e-020
109.354  4.90475e-020
110.376  4.85996e-020
111.398  4.81559e-020
112.42  4.77165e-020
113.442  4.72812e-020
114.464  4.68501e-020
115.486  4.6423e-020
116.508  4.6e-020
117.53  4.55809e-020
118.552  4.51658e-020
119.574  4.47546e-020
120.596  4.43472e-020
121.618  4.39437e-020
122.64  4.35439e-020
123.662  4.31478e-020
124.684  4.27554e-020
125.706  4.23667e-020
126.728  4.19815e-020
127.75  4.15999e-020
128.772  4.12219e-020
129.794  4.08473e-020
130.816  4.04761e-020
131.838  4.01084e-020
132.86  3.9744e-020
133.882  3.9383e-020
134.904  3.90252e-020
135.926  3.86708e-020
136.948  3.83195e-020
137.97  3.79714e-020
138.992  3.76265e-020
140.014  3.72847e-020
141.036  3.6946e-020
142.058  3.66104e-020
143.08  3.62777e-020
144.102  3.59481e-020
145.124  3.56214e-020
146.146  3.52976e-020
147.168  3.49768e-020
148.19  3.46588e-020
149.212  3.43436e-020
150.234  3.40312e-020
151.256  3.37216e-020
152.278  3.34148e-020
153.3  3.31106e-020
154.322  3.28091e-020
155.344  3.25103e-020
156.366  3.22141e-020
157.388  3.19205e-020
158.41  3.16295e-020
159.432  3.1341e-020
160.454  3.1055e-020
161.476  3.07715e-020
162.498  3.04905e-020
163.52  3.02119e-020
164.542  2.99356e-020
165.564  2.96618e-020
166.586  2.93903e-020
167.608  2.91211e-020
168.63  2.88542e-020
169.652  2.85896e-020
170.674  2.83272e-020
171.696  2.8067e-020
172.718  2.7809e-020
173.74  2.75531e-020
174.762  2.72994e-020
175.784  2.70478e-020
176.806  2.67982e-020
177.828  2.65507e-020
178.85  2.63052e-020
179.872  2.60617e-020
180.894  2.58202e-020
181.916  2.55806e-020
182.938  2.53429e-020
183.96  2.51071e-020
184.982  2.48732e-020
186.004  2.4641e-020
187.026  2.44107e-020
188.048  2.41821e-020
189.07  2.39553e-020
190.092  2.37302e-020
191.114  2.35068e-020
192.136  2.3285e-020
193.158  2.30648e-020
194.18  2.28463e-020
195.202  2.26292e-020
196.224  2.24138e-020
197.246  2.21998e-020
198.268  2.19873e-020
199.29  2.17762e-020
200.312  2.15665e-020
201.334  2.13583e-020
202.356  2.11513e-020
203.378  2.09457e-020
204.4  2.07413e-020
205.422  2.05382e-020
206.444  2.03362e-020
207.466  2.01355e-020
208.488  1.99359e-020
209.51  1.97374e-020
210.532  1.95399e-020
211.554  1.93435e-020
212.576  1.91481e-020
213.598  1.89537e-020
214.62  1.87601e-020
215.642  1.85675e-020
216.664  1.83757e-020
217.686  1.81847e-020
218.708  1.79945e-020
219.73  1.7805e-020
220.752  1.76162e-020
221.774  1.74281e-020
222.796  1.72406e-020
223.818  1.70536e-020
224.84  1.68672e-020
225.862  1.66813e-020
226.884  1.64958e-020
227.906  1.63108e-020
228.928  1.61261e-020
229.95  1.59418e-020
230.972  1.57577e-020
231.994  1.55739e-020
233.016  1.53903e-020
234.038  1.52069e-020
235.06  1.50236e-020
236.082  1.48404e-020
237.104  1.46572e-020
238.126  1.44741e-020
239.148  1.42909e-020
240.17  1.41076e-020
241.192  1.39242e-020
242.214  1.37407e-020
243.236  1.35569e-020
244.258  1.3373e-020
245.28  1.31887e-020
246.302  1.30042e-020
247.324  1.28193e-020
248.346  1.2634e-020
249.368  1.24484e-020
250.39  1.22622e-020
251.412  1.20756e-020
252.434  1.18885e-020
253.456  1.17009e-020
254.478  1.15127e-020
255.5  1.13239e-020
256.522  1.11345e-020
257.544  1.09444e-020
258.566  1.07537e-020
259.588  1.05623e-020
260.61  1.03702e-020
261.632  1.01774e-020
262.654  9.98394e-021
263.676  9.7897e-021
264.698  9.59473e-021
265.72  9.39903e-021
266.742  9.20259e-021
267.764  9.00542e-021
268.786  8.80753e-021
269.808  8.60892e-021
270.83  8.40962e-021
271.852  8.20965e-021
272.874  8.00902e-021
273.896  7.80778e-021
274.918  7.60594e-021
275.94  7.40356e-021
276.962  7.20068e-021
277.984  6.99734e-021
279.006  6.79361e-021
280.028  6.58954e-021
281.05  6.38522e-021
282.072  6.1807e-021
283.094  5.97609e-021
284.116  5.77146e-021
285.138  5.56693e-021
286.16  5.36259e-021
287.182  5.15856e-021
288.204  4.95497e-021
289.226  4.75195e-021
290.248  4.54965e-021
291.27  4.34822e-021
292.292  4.14783e-021
293.314  3.94865e-021
294.336  3.75087e-021
295.358  3.55469e-021
296.38  3.36032e-021
297.402  3.16798e-021
298.424  2.97792e-021
299.446  2.79038e-021
300.468  2.60563e-021
301.49  2.42396e-021
302.512  2.24565e-021
303.534  2.07102e-021
304.556  1.9004e-021
305.578  1.73413e-021
306.6  1.57259e-021
307.622  1.41614e-021
308.644  1.2652e-021
309.666  1.12018e-021
310.688  9.81519e-022
311.71  8.49688e-022
312.732  7.25167e-022
313.754  6.08463e-022
314.776  5.00105e-022
315.798  4.00646e-022
316.82  3.10665e-022
317.842  2.30764e-022
318.864  1.61572e-022
319.886  1.03746e-022
320.908  5.79687e-023
321.93  2.49489e-023
322.952  5.4234e-024
