1.022  7.81165e-020
2.044  7.83679e-020
3.066  7.86179e-020
4.088  7.88663e-020
5.11  7.91131e-020
6.132  7.93582e-020
7.154  7.96015e-020
8.176  7.9843e-020
9.198  8.00826e-020
10.22  8.03202e-020
11.242  8.0556e-020
12.264  8.07899e-020
13.286  8.10219e-020
14.308  8.12521e-020
15.33  8.14807e-020
16.352  8.17075e-020
17.374  8.19327e-020
18.396  8.21564e-020
19.418  8.23786e-020
20.44  8.25993e-020
21.462  8.28186e-020
22.484  8.30366e-020
23.506  8.32531e-020
24.528  8.34684e-020
25.55  8.36824e-020
26.572  8.38951e-020
27.594  8.41066e-020
28.616  8.43167e-020
29.638  8.45257e-020
30.66  8.47333e-020
31.682  8.49398e-020
32.704  8.51449e-020
33.726  8.53488e-020
34.748  8.55513e-020
35.77  8.57526e-020
36.792  8.59526e-020
37.814  8.61512e-020
38.836  8.63484e-020
39.858  8.65443e-020
40.88  8.67388e-020
41.902  8.69318e-020
42.924  8.71234e-020
43.946  8.73134e-020
44.968  8.7502e-020
45.99  8.76891e-020
47.012  8.78746e-020
48.034  8.80584e-020
49.056  8.82407e-020
50.078  8.84213e-020
51.1  8.86002e-020
52.122  8.87775e-020
53.144  8.89529e-020
54.166  8.91266e-020
55.188  8.92985e-020
56.21  8.94686e-020
57.232  8.96368e-020
58.254  8.98031e-020
59.276  8.99674e-020
60.298  9.01298e-020
61.32  9.02903e-020
62.342  9.04486e-020
63.364  9.0605e-020
64.386  9.07593e-020
65.408  9.09114e-020
66.43  9.10614e-020
67.452  9.12093e-020
68.474  9.13549e-020
69.496  9.14984e-020
70.518  9.16395e-020
71.54  9.17784e-020
72.562  9.19149e-020
73.584  9.20492e-020
74.606  9.2181e-020
75.628  9.23104e-020
76.65  9.24374e-020
77.672  9.2562e-020
78.694  9.26841e-020
79.716  9.28036e-020
80.738  9.29206e-020
81.76  9.30351e-020
82.782  9.3147e-020
83.804  9.32562e-020
84.826  9.33628e-020
85.848  9.34667e-020
86.87  9.3568e-020
87.892  9.36665e-020
88.914  9.37622e-020
89.936  9.38552e-020
90.958  9.39454e-020
91.98  9.40328e-020
93.002  9.41174e-020
94.024  9.4199e-020
95.046  9.42778e-020
96.068  9.43537e-020
97.09  9.44266e-020
98.112  9.44965e-020
99.134  9.45635e-020
100.156  9.46274e-020
101.178  9.46884e-020
102.2  9.47462e-020
103.222  9.4801e-020
104.244  9.48527e-020
105.266  9.49012e-020
106.288  9.49466e-020
107.31  9.49889e-020
108.332  9.50279e-020
109.354  9.50637e-020
110.376  9.50963e-020
111.398  9.51256e-020
112.42  9.51517e-020
113.442  9.51744e-020
114.464  9.51938e-020
115.486  9.52099e-020
116.508  9.52226e-020
117.53  9.52319e-020
118.552  9.52378e-020
119.574  9.52402e-020
120.596  9.52392e-020
121.618  9.52347e-020
122.64  9.52267e-020
123.662  9.52151e-020
124.684  9.52e-020
125.706  9.51814e-020
126.728  9.51591e-020
127.75  9.51332e-020
128.772  9.51037e-020
129.794  9.50705e-020
130.816  9.50336e-020
131.838  9.49929e-020
132.86  9.49486e-020
133.882  9.49004e-020
134.904  9.48485e-020
135.926  9.47927e-020
136.948  9.47331e-020
137.97  9.46696e-020
138.992  9.46023e-020
140.014  9.4531e-020
141.036  9.44557e-020
142.058  9.43765e-020
143.08  9.42932e-020
144.102  9.42059e-020
145.124  9.41145e-020
146.146  9.4019e-020
147.168  9.39194e-020
148.19  9.38157e-020
149.212  9.37077e-020
150.234  9.35955e-020
151.256  9.34791e-020
152.278  9.33583e-020
153.3  9.32332e-020
154.322  9.31038e-020
155.344  9.297e-020
156.366  9.28317e-020
157.388  9.2689e-020
158.41  9.25417e-020
159.432  9.23899e-020
160.454  9.22335e-020
161.476  9.20725e-020
162.498  9.19068e-020
163.52  9.17365e-020
164.542  9.15613e-020
165.564  9.13814e-020
166.586  9.11966e-020
167.608  9.1007e-020
168.63  9.08124e-020
169.652  9.06129e-020
170.674  9.04083e-020
171.696  9.01987e-020
172.718  8.9984e-020
173.74  8.97641e-020
174.762  8.95389e-020
175.784  8.93085e-020
176.806  8.90728e-020
177.828  8.88318e-020
178.85  8.85853e-020
179.872  8.83333e-020
180.894  8.80758e-020
181.916  8.78126e-020
182.938  8.75439e-020
183.96  8.72694e-020
184.982  8.69892e-020
186.004  8.67031e-020
187.026  8.64112e-020
188.048  8.61133e-020
189.07  8.58094e-020
190.092  8.54994e-020
191.114  8.51833e-020
192.136  8.4861e-020
193.158  8.45324e-020
194.18  8.41975e-020
195.202  8.38563e-020
196.224  8.35085e-020
197.246  8.31542e-020
198.268  8.27934e-020
199.29  8.24258e-020
200.312  8.20516e-020
201.334  8.16705e-020
202.356  8.12826e-020
203.378  8.08878e-020
204.4  8.04859e-020
205.422  8.0077e-020
206.444  7.9661e-020
207.466  7.92377e-020
208.488  7.88071e-020
209.51  7.83692e-020
210.532  7.79239e-020
211.554  7.74711e-020
212.576  7.70108e-020
213.598  7.65429e-020
214.62  7.60672e-020
215.642  7.55838e-020
216.664  7.50926e-020
217.686  7.45936e-020
218.708  7.40866e-020
219.73  7.35716e-020
220.752  7.30485e-020
221.774  7.25173e-020
222.796  7.1978e-020
223.818  7.14304e-020
224.84  7.08745e-020
225.862  7.03104e-020
226.884  6.97378e-020
227.906  6.91568e-020
228.928  6.85673e-020
229.95  6.79694e-020
230.972  6.73628e-020
231.994  6.67477e-020
233.016  6.6124e-020
234.038  6.54917e-020
235.06  6.48507e-020
236.082  6.4201e-020
237.104  6.35426e-020
238.126  6.28754e-020
239.148  6.21996e-020
240.17  6.15151e-020
241.192  6.08218e-020
242.214  6.01198e-020
243.236  5.94092e-020
244.258  5.86898e-020
245.28  5.79619e-020
246.302  5.72253e-020
247.324  5.64801e-020
248.346  5.57265e-020
249.368  5.49643e-020
250.39  5.41938e-020
251.412  5.3415e-020
252.434  5.26279e-020
253.456  5.18326e-020
254.478  5.10293e-020
255.5  5.02181e-020
256.522  4.9399e-020
257.544  4.85723e-020
258.566  4.7738e-020
259.588  4.68963e-020
260.61  4.60473e-020
261.632  4.51913e-020
262.654  4.43285e-020
263.676  4.3459e-020
264.698  4.25831e-020
265.72  4.17009e-020
266.742  4.08129e-020
267.764  3.99191e-020
268.786  3.90199e-020
269.808  3.81156e-020
270.83  3.72065e-020
271.852  3.6293e-020
272.874  3.53753e-020
273.896  3.44539e-020
274.918  3.35292e-020
275.94  3.26015e-020
276.962  3.16714e-020
277.984  3.07391e-020
279.006  2.98053e-020
280.028  2.88705e-020
281.05  2.79351e-020
282.072  2.69997e-020
283.094  2.60649e-020
284.116  2.51313e-020
285.138  2.41995e-020
286.16  2.32702e-020
287.182  2.2344e-020
288.204  2.14218e-020
289.226  2.05041e-020
290.248  1.95919e-020
291.27  1.8686e-020
292.292  1.77871e-020
293.314  1.68962e-020
294.336  1.60141e-020
295.358  1.51419e-020
296.38  1.42806e-020
297.402  1.34311e-020
298.424  1.25946e-020
299.446  1.17721e-020
300.468  1.09649e-020
301.49  1.0174e-020
302.512  9.40088e-021
303.534  8.64669e-021
304.556  7.9128e-021
305.578  7.2006e-021
306.6  6.51153e-021
307.622  5.84709e-021
308.644  5.20881e-021
309.666  4.59829e-021
310.688  4.01719e-021
311.71  3.46722e-021
312.732  2.95013e-021
313.754  2.46777e-021
314.776  2.02201e-021
315.798  1.6148e-021
316.82  1.24817e-021
317.842  9.24183e-022
318.864  6.44992e-022
319.886  4.12804e-022
320.908  2.29898e-022
321.93  9.8617e-023
322.952  2.13658e-023
