1.022  7.58564e-020
2.044  7.49634e-020
3.066  7.40805e-020
4.088  7.32077e-020
5.11  7.23449e-020
6.132  7.14917e-020
7.154  7.06482e-020
8.176  6.9814e-020
9.198  6.89891e-020
10.22  6.81734e-020
11.242  6.73667e-020
12.264  6.65691e-020
13.286  6.57804e-020
14.308  6.50007e-020
15.33  6.42298e-020
16.352  6.34678e-020
17.374  6.27146e-020
18.396  6.19701e-020
19.418  6.12343e-020
20.44  6.05071e-020
21.462  5.97885e-020
22.484  5.90784e-020
23.506  5.83768e-020
24.528  5.76835e-020
25.55  5.69985e-020
26.572  5.63216e-020
27.594  5.56529e-020
28.616  5.49922e-020
29.638  5.43394e-020
30.66  5.36944e-020
31.682  5.30572e-020
32.704  5.24276e-020
33.726  5.18056e-020
34.748  5.1191e-020
35.77  5.05838e-020
36.792  4.99838e-020
37.814  4.9391e-020
38.836  4.88053e-020
39.858  4.82265e-020
40.88  4.76547e-020
41.902  4.70896e-020
42.924  4.65312e-020
43.946  4.59794e-020
44.968  4.54341e-020
45.99  4.48953e-020
47.012  4.43628e-020
48.034  4.38365e-020
49.056  4.33164e-020
50.078  4.28024e-020
51.1  4.22944e-020
52.122  4.17923e-020
53.144  4.12961e-020
54.166  4.08056e-020
55.188  4.03208e-020
56.21  3.98415e-020
57.232  3.93678e-020
58.254  3.88996e-020
59.276  3.84367e-020
60.298  3.79792e-020
61.32  3.75269e-020
62.342  3.70797e-020
63.364  3.66377e-020
64.386  3.62006e-020
65.408  3.57686e-020
66.43  3.53414e-020
67.452  3.49191e-020
68.474  3.45016e-020
69.496  3.40887e-020
70.518  3.36805e-020
71.54  3.32769e-020
72.562  3.28779e-020
73.584  3.24833e-020
74.606  3.20931e-020
75.628  3.17073e-020
76.65  3.13258e-020
77.672  3.09486e-020
78.694  3.05756e-020
79.716  3.02067e-020
80.738  2.98419e-020
81.76  2.94811e-020
82.782  2.91244e-020
83.804  2.87716e-020
84.826  2.84227e-020
85.848  2.80776e-020
86.87  2.77364e-020
87.892  2.73989e-020
88.914  2.70651e-020
89.936  2.6735e-020
90.958  2.64085e-020
91.98  2.60856e-020
93.002  2.57663e-020
94.024  2.54505e-020
95.046  2.51381e-020
96.068  2.48291e-020
97.09  2.45235e-020
98.112  2.42213e-020
99.134  2.39223e-020
100.156  2.36266e-020
101.178  2.33342e-020
102.2  2.30449e-020
103.222  2.27588e-020
104.244  2.24758e-020
105.266  2.21959e-020
106.288  2.1919e-020
107.31  2.16452e-020
108.332  2.13743e-020
109.354  2.11064e-020
110.376  2.08413e-020
111.398  2.05792e-020
112.42  2.03199e-020
113.442  2.00635e-020
114.464  1.98098e-020
115.486  1.95589e-020
116.508  1.93107e-020
117.53  1.90652e-020
118.552  1.88223e-020
119.574  1.85822e-020
120.596  1.83446e-020
121.618  1.81096e-020
122.64  1.78772e-020
123.662  1.76473e-020
124.684  1.74198e-020
125.706  1.71949e-020
126.728  1.69724e-020
127.75  1.67524e-020
128.772  1.65347e-020
129.794  1.63195e-020
130.816  1.61065e-020
131.838  1.58959e-020
132.86  1.56876e-020
133.882  1.54816e-020
134.904  1.52778e-020
135.926  1.50762e-020
136.948  1.48769e-020
137.97  1.46797e-020
138.992  1.44848e-020
140.014  1.42919e-020
141.036  1.41012e-020
142.058  1.39125e-020
143.08  1.3726e-020
144.102  1.35415e-020
145.124  1.3359e-020
146.146  1.31785e-020
147.168  1.30001e-020
148.19  1.28236e-020
149.212  1.26491e-020
150.234  1.24765e-020
151.256  1.23058e-020
152.278  1.2137e-020
153.3  1.19701e-020
154.322  1.1805e-020
155.344  1.16418e-020
156.366  1.14805e-020
157.388  1.13209e-020
158.41  1.11631e-020
159.432  1.10071e-020
160.454  1.08528e-020
161.476  1.07003e-020
162.498  1.05495e-020
163.52  1.04004e-020
164.542  1.02529e-020
165.564  1.01072e-020
166.586  9.96308e-021
167.608  9.82061e-021
168.63  9.67977e-021
169.652  9.54052e-021
170.674  9.40287e-021
171.696  9.26679e-021
172.718  9.13227e-021
173.74  8.99929e-021
174.762  8.86783e-021
175.784  8.73789e-021
176.806  8.60945e-021
177.828  8.48249e-021
178.85  8.357e-021
179.872  8.23296e-021
180.894  8.11036e-021
181.916  7.98919e-021
182.938  7.86942e-021
183.96  7.75106e-021
184.982  7.63407e-021
186.004  7.51846e-021
187.026  7.4042e-021
188.048  7.29128e-021
189.07  7.17969e-021
190.092  7.06941e-021
191.114  6.96043e-021
192.136  6.85274e-021
193.158  6.74633e-021
194.18  6.64118e-021
195.202  6.53727e-021
196.224  6.4346e-021
197.246  6.33315e-021
198.268  6.23291e-021
199.29  6.13386e-021
200.312  6.036e-021
201.334  5.93931e-021
202.356  5.84378e-021
203.378  5.74939e-021
204.4  5.65613e-021
205.422  5.564e-021
206.444  5.47297e-021
207.466  5.38303e-021
208.488  5.29418e-021
209.51  5.2064e-021
210.532  5.11967e-021
211.554  5.03399e-021
212.576  4.94934e-021
213.598  4.86572e-021
214.62  4.7831e-021
215.642  4.70148e-021
216.664  4.62084e-021
217.686  4.54118e-021
218.708  4.46247e-021
219.73  4.38471e-021
220.752  4.30789e-021
221.774  4.23199e-021
222.796  4.15701e-021
223.818  4.08292e-021
224.84  4.00973e-021
225.862  3.9374e-021
226.884  3.86595e-021
227.906  3.79534e-021
228.928  3.72558e-021
229.95  3.65665e-021
230.972  3.58853e-021
231.994  3.52122e-021
233.016  3.45471e-021
234.038  3.38897e-021
235.06  3.32401e-021
236.082  3.25981e-021
237.104  3.19636e-021
238.126  3.13365e-021
239.148  3.07166e-021
240.17  3.01039e-021
241.192  2.94982e-021
242.214  2.88995e-021
243.236  2.83076e-021
244.258  2.77224e-021
245.28  2.71438e-021
246.302  2.65717e-021
247.324  2.60061e-021
248.346  2.54467e-021
249.368  2.48936e-021
250.39  2.43466e-021
251.412  2.38055e-021
252.434  2.32704e-021
253.456  2.27411e-021
254.478  2.22175e-021
255.5  2.16996e-021
256.522  2.11872e-021
257.544  2.06803e-021
258.566  2.01788e-021
259.588  1.96826e-021
260.61  1.91916e-021
261.632  1.87057e-021
262.654  1.8225e-021
263.676  1.77492e-021
264.698  1.72784e-021
265.72  1.68125e-021
266.742  1.63515e-021
267.764  1.58952e-021
268.786  1.54436e-021
269.808  1.49968e-021
270.83  1.45546e-021
271.852  1.4117e-021
272.874  1.3684e-021
273.896  1.32556e-021
274.918  1.28318e-021
275.94  1.24125e-021
276.962  1.19978e-021
277.984  1.15876e-021
279.006  1.11819e-021
280.028  1.07808e-021
281.05  1.03844e-021
282.072  9.99254e-022
283.094  9.60538e-022
284.116  9.22295e-022
285.138  8.84531e-022
286.16  8.47253e-022
287.182  8.10468e-022
288.204  7.74187e-022
289.226  7.38419e-022
290.248  7.03175e-022
291.27  6.68468e-022
292.292  6.34311e-022
293.314  6.00721e-022
294.336  5.67712e-022
295.358  5.35303e-022
296.38  5.03512e-022
297.402  4.72362e-022
298.424  4.41873e-022
299.446  4.1207e-022
300.468  3.82979e-022
301.49  3.54626e-022
302.512  3.27041e-022
303.534  3.00255e-022
304.556  2.74301e-022
305.578  2.49214e-022
306.6  2.25031e-022
307.622  2.01791e-022
308.644  1.79537e-022
309.666  1.58311e-022
310.688  1.38161e-022
311.71  1.19134e-022
312.732  1.01283e-022
313.754  8.4661e-023
314.776  6.93253e-023
315.798  5.53353e-023
316.82  4.27538e-023
317.842  3.16461e-023
318.864  2.20811e-023
319.886  1.41304e-023
320.908  7.86926e-024
321.93  3.37582e-024
322.952  7.315e-025
