1.022  1.46643e-020
2.044  1.48076e-020
3.066  1.49501e-020
4.088  1.50919e-020
5.11  1.52331e-020
6.132  1.53735e-020
7.154  1.55132e-020
8.176  1.56521e-020
9.198  1.57904e-020
10.22  1.59278e-020
11.242  1.60646e-020
12.264  1.62006e-020
13.286  1.63359e-020
14.308  1.64704e-020
15.33  1.66043e-020
16.352  1.67375e-020
17.374  1.68701e-020
18.396  1.7002e-020
19.418  1.71332e-020
20.44  1.72639e-020
21.462  1.73939e-020
22.484  1.75234e-020
23.506  1.76523e-020
24.528  1.77806e-020
25.55  1.79083e-020
26.572  1.80355e-020
27.594  1.81621e-020
28.616  1.82882e-020
29.638  1.84137e-020
30.66  1.85387e-020
31.682  1.86632e-020
32.704  1.87871e-020
33.726  1.89105e-020
34.748  1.90334e-020
35.77  1.91558e-020
36.792  1.92776e-020
37.814  1.93989e-020
38.836  1.95196e-020
39.858  1.96399e-020
40.88  1.97596e-020
41.902  1.98787e-020
42.924  1.99973e-020
43.946  2.01154e-020
44.968  2.02329e-020
45.99  2.03499e-020
47.012  2.04664e-020
48.034  2.05822e-020
49.056  2.06975e-020
50.078  2.08123e-020
51.1  2.09265e-020
52.122  2.10401e-020
53.144  2.11531e-020
54.166  2.12655e-020
55.188  2.13774e-020
56.21  2.14886e-020
57.232  2.15993e-020
58.254  2.17093e-020
59.276  2.18188e-020
60.298  2.19276e-020
61.32  2.20358e-020
62.342  2.21434e-020
63.364  2.22503e-020
64.386  2.23566e-020
65.408  2.24623e-020
66.43  2.25673e-020
67.452  2.26716e-020
68.474  2.27753e-020
69.496  2.28784e-020
70.518  2.29807e-020
71.54  2.30824e-020
72.562  2.31834e-020
73.584  2.32837e-020
74.606  2.33833e-020
75.628  2.34822e-020
76.65  2.35804e-020
77.672  2.36779e-020
78.694  2.37746e-020
79.716  2.38707e-020
80.738  2.3966e-020
81.76  2.40606e-020
82.782  2.41544e-020
83.804  2.42475e-020
84.826  2.43398e-020
85.848  2.44314e-020
86.87  2.45222e-020
87.892  2.46122e-020
88.914  2.47015e-020
89.936  2.479e-020
90.958  2.48776e-020
91.98  2.49645e-020
93.002  2.50506e-020
94.024  2.51359e-020
95.046  2.52204e-020
96.068  2.53041e-020
97.09  2.53869e-020
98.112  2.54689e-020
99.134  2.55501e-020
100.156  2.56304e-020
101.178  2.57099e-020
102.2  2.57886e-020
103.222  2.58664e-020
104.244  2.59433e-020
105.266  2.60193e-020
106.288  2.60945e-020
107.31  2.61688e-020
108.332  2.62422e-020
109.354  2.63148e-020
110.376  2.63864e-020
111.398  2.64571e-020
112.42  2.65269e-020
113.442  2.65958e-020
114.464  2.66638e-020
115.486  2.67308e-020
116.508  2.67969e-020
117.53  2.68621e-020
118.552  2.69263e-020
119.574  2.69895e-020
120.596  2.70518e-020
121.618  2.71131e-020
122.64  2.71734e-020
123.662  2.72328e-020
124.684  2.72911e-020
125.706  2.73484e-020
126.728  2.74048e-020
127.75  2.74601e-020
128.772  2.75144e-020
129.794  2.75676e-020
130.816  2.76198e-020
131.838  2.7671e-020
132.86  2.7721e-020
133.882  2.77701e-020
134.904  2.7818e-020
135.926  2.78648e-020
136.948  2.79105e-020
137.97  2.79552e-020
138.992  2.79987e-020
140.014  2.8041e-020
141.036  2.80822e-020
142.058  2.81223e-020
143.08  2.81611e-020
144.102  2.81988e-020
145.124  2.82353e-020
146.146  2.82706e-020
147.168  2.83047e-020
148.19  2.83375e-020
149.212  2.83691e-020
150.234  2.83994e-020
151.256  2.84284e-020
152.278  2.84561e-020
153.3  2.84825e-020
154.322  2.85076e-020
155.344  2.85313e-020
156.366  2.85537e-020
157.388  2.85746e-020
158.41  2.85942e-020
159.432  2.86124e-020
160.454  2.86291e-020
161.476  2.86443e-020
162.498  2.86581e-020
163.52  2.86703e-020
164.542  2.86811e-020
165.564  2.86903e-020
166.586  2.86979e-020
167.608  2.87039e-020
168.63  2.87083e-020
169.652  2.87111e-020
170.674  2.87122e-020
171.696  2.87116e-020
172.718  2.87093e-020
173.74  2.87053e-020
174.762  2.86994e-020
175.784  2.86918e-020
176.806  2.86824e-020
177.828  2.8671e-020
178.85  2.86578e-020
179.872  2.86427e-020
180.894  2.86256e-020
181.916  2.86065e-020
182.938  2.85854e-020
183.96  2.85623e-020
184.982  2.85371e-020
186.004  2.85097e-020
187.026  2.84802e-020
188.048  2.84485e-020
189.07  2.84146e-020
190.092  2.83784e-020
191.114  2.83399e-020
192.136  2.8299e-020
193.158  2.82558e-020
194.18  2.82101e-020
195.202  2.8162e-020
196.224  2.81114e-020
197.246  2.80582e-020
198.268  2.80025e-020
199.29  2.79441e-020
200.312  2.7883e-020
201.334  2.78192e-020
202.356  2.77527e-020
203.378  2.76833e-020
204.4  2.76111e-020
205.422  2.7536e-020
206.444  2.7458e-020
207.466  2.73769e-020
208.488  2.72929e-020
209.51  2.72057e-020
210.532  2.71154e-020
211.554  2.7022e-020
212.576  2.69253e-020
213.598  2.68253e-020
214.62  2.6722e-020
215.642  2.66154e-020
216.664  2.65053e-020
217.686  2.63917e-020
218.708  2.62747e-020
219.73  2.61541e-020
220.752  2.60298e-020
221.774  2.5902e-020
222.796  2.57704e-020
223.818  2.56351e-020
224.84  2.54959e-020
225.862  2.5353e-020
226.884  2.52061e-020
227.906  2.50553e-020
228.928  2.49006e-020
229.95  2.47418e-020
230.972  2.4579e-020
231.994  2.44121e-020
233.016  2.4241e-020
234.038  2.40658e-020
235.06  2.38863e-020
236.082  2.37026e-020
237.104  2.35147e-020
238.126  2.33224e-020
239.148  2.31257e-020
240.17  2.29247e-020
241.192  2.27193e-020
242.214  2.25095e-020
243.236  2.22952e-020
244.258  2.20765e-020
245.28  2.18533e-020
246.302  2.16256e-020
247.324  2.13933e-020
248.346  2.11566e-020
249.368  2.09154e-020
250.39  2.06696e-020
251.412  2.04193e-020
252.434  2.01645e-020
253.456  1.99051e-020
254.478  1.96413e-020
255.5  1.93731e-020
256.522  1.91003e-020
257.544  1.88232e-020
258.566  1.85416e-020
259.588  1.82557e-020
260.61  1.79655e-020
261.632  1.76711e-020
262.654  1.73724e-020
263.676  1.70696e-020
264.698  1.67627e-020
265.72  1.64519e-020
266.742  1.61371e-020
267.764  1.58184e-020
268.786  1.54961e-020
269.808  1.51701e-020
270.83  1.48406e-020
271.852  1.45077e-020
272.874  1.41715e-020
273.896  1.38322e-020
274.918  1.34899e-020
275.94  1.31448e-020
276.962  1.27971e-020
277.984  1.24469e-020
279.006  1.20944e-020
280.028  1.17398e-020
281.05  1.13834e-020
282.072  1.10253e-020
283.094  1.06658e-020
284.116  1.03052e-020
285.138  9.94373e-021
286.16  9.58164e-021
287.182  9.21923e-021
288.204  8.85682e-021
289.226  8.49475e-021
290.248  8.13333e-021
291.27  7.77294e-021
292.292  7.41395e-021
293.314  7.05674e-021
294.336  6.70173e-021
295.358  6.34934e-021
296.38  6.00003e-021
297.402  5.65425e-021
298.424  5.3125e-021
299.446  4.97529e-021
300.468  4.64314e-021
301.49  4.31661e-021
302.512  3.99627e-021
303.534  3.68272e-021
304.556  3.37659e-021
305.578  3.07852e-021
306.6  2.78919e-021
307.622  2.5093e-021
308.644  2.23957e-021
309.666  1.98076e-021
310.688  1.73366e-021
311.71  1.49908e-021
312.732  1.27786e-021
313.754  1.07087e-021
314.776  8.79035e-022
315.798  7.03281e-022
316.82  5.44584e-022
317.842  4.0395e-022
318.864  2.82421e-022
319.886  1.81074e-022
320.908  1.01021e-022
321.93  4.34103e-023
322.952  9.42145e-024
