1.022  1.69233e-019
2.044  1.68907e-019
3.066  1.68585e-019
4.088  1.68265e-019
5.11  1.67948e-019
6.132  1.67633e-019
7.154  1.6732e-019
8.176  1.67009e-019
9.198  1.66699e-019
10.22  1.66392e-019
11.242  1.66086e-019
12.264  1.65781e-019
13.286  1.65479e-019
14.308  1.65179e-019
15.33  1.6488e-019
16.352  1.64584e-019
17.374  1.64289e-019
18.396  1.63998e-019
19.418  1.63708e-019
20.44  1.63421e-019
21.462  1.63136e-019
22.484  1.62854e-019
23.506  1.62574e-019
24.528  1.62297e-019
25.55  1.62023e-019
26.572  1.61751e-019
27.594  1.61482e-019
28.616  1.61215e-019
29.638  1.60951e-019
30.66  1.6069e-019
31.682  1.60431e-019
32.704  1.60174e-019
33.726  1.5992e-019
34.748  1.59668e-019
35.77  1.59418e-019
36.792  1.59171e-019
37.814  1.58926e-019
38.836  1.58683e-019
39.858  1.58442e-019
40.88  1.58203e-019
41.902  1.57965e-019
42.924  1.5773e-019
43.946  1.57497e-019
44.968  1.57265e-019
45.99  1.57035e-019
47.012  1.56806e-019
48.034  1.56579e-019
49.056  1.56353e-019
50.078  1.56128e-019
51.1  1.55905e-019
52.122  1.55683e-019
53.144  1.55462e-019
54.166  1.55243e-019
55.188  1.55024e-019
56.21  1.54806e-019
57.232  1.54589e-019
58.254  1.54372e-019
59.276  1.54157e-019
60.298  1.53942e-019
61.32  1.53728e-019
62.342  1.53514e-019
63.364  1.533e-019
64.386  1.53087e-019
65.408  1.52875e-019
66.43  1.52662e-019
67.452  1.5245e-019
68.474  1.52238e-019
69.496  1.52026e-019
70.518  1.51814e-019
71.54  1.51602e-019
72.562  1.5139e-019
73.584  1.51178e-019
74.606  1.50965e-019
75.628  1.50752e-019
76.65  1.50539e-019
77.672  1.50326e-019
78.694  1.50112e-019
79.716  1.49898e-019
80.738  1.49683e-019
81.76  1.49468e-019
82.782  1.49252e-019
83.804  1.49035e-019
84.826  1.48818e-019
85.848  1.486e-019
86.87  1.48381e-019
87.892  1.48161e-019
88.914  1.4794e-019
89.936  1.47719e-019
90.958  1.47496e-019
91.98  1.47273e-019
93.002  1.47048e-019
94.024  1.46822e-019
95.046  1.46595e-019
96.068  1.46367e-019
97.09  1.46138e-019
98.112  1.45907e-019
99.134  1.45675e-019
100.156  1.45442e-019
101.178  1.45208e-019
102.2  1.44972e-019
103.222  1.44734e-019
104.244  1.44495e-019
105.266  1.44255e-019
106.288  1.44012e-019
107.31  1.43769e-019
108.332  1.43523e-019
109.354  1.43276e-019
110.376  1.43028e-019
111.398  1.42777e-019
112.42  1.42525e-019
113.442  1.42271e-019
114.464  1.42015e-019
115.486  1.41758e-019
116.508  1.41498e-019
117.53  1.41237e-019
118.552  1.40973e-019
119.574  1.40708e-019
120.596  1.4044e-019
121.618  1.40171e-019
122.64  1.39899e-019
123.662  1.39625e-019
124.684  1.39349e-019
125.706  1.39071e-019
126.728  1.38791e-019
127.75  1.38508e-019
128.772  1.38223e-019
129.794  1.37936e-019
130.816  1.37647e-019
131.838  1.37355e-019
132.86  1.37061e-019
133.882  1.36764e-019
134.904  1.36465e-019
135.926  1.36163e-019
136.948  1.35859e-019
137.97  1.35552e-019
138.992  1.35243e-019
140.014  1.34931e-019
141.036  1.34616e-019
142.058  1.34298e-019
143.08  1.33978e-019
144.102  1.33655e-019
145.124  1.33329e-019
146.146  1.33001e-019
147.168  1.32669e-019
148.19  1.32334e-019
149.212  1.31997e-019
150.234  1.31656e-019
151.256  1.31313e-019
152.278  1.30966e-019
153.3  1.30616e-019
154.322  1.30263e-019
155.344  1.29907e-019
156.366  1.29547e-019
157.388  1.29184e-019
158.41  1.28818e-019
159.432  1.28448e-019
160.454  1.28075e-019
161.476  1.27698e-019
162.498  1.27318e-019
163.52  1.26934e-019
164.542  1.26546e-019
165.564  1.26155e-019
166.586  1.25759e-019
167.608  1.2536e-019
168.63  1.24957e-019
169.652  1.2455e-019
170.674  1.24139e-019
171.696  1.23724e-019
172.718  1.23304e-019
173.74  1.2288e-019
174.762  1.22452e-019
175.784  1.2202e-019
176.806  1.21583e-019
177.828  1.21142e-019
178.85  1.20696e-019
179.872  1.20245e-019
180.894  1.1979e-019
181.916  1.19329e-019
182.938  1.18864e-019
183.96  1.18394e-019
184.982  1.17918e-019
186.004  1.17438e-019
187.026  1.16952e-019
188.048  1.16461e-019
189.07  1.15964e-019
190.092  1.15462e-019
191.114  1.14954e-019
192.136  1.14441e-019
193.158  1.13922e-019
194.18  1.13396e-019
195.202  1.12865e-019
196.224  1.12328e-019
197.246  1.11784e-019
198.268  1.11234e-019
199.29  1.10678e-019
200.312  1.10115e-019
201.334  1.09546e-019
202.356  1.08969e-019
203.378  1.08386e-019
204.4  1.07796e-019
205.422  1.07199e-019
206.444  1.06595e-019
207.466  1.05983e-019
208.488  1.05364e-019
209.51  1.04737e-019
210.532  1.04103e-019
211.554  1.03461e-019
212.576  1.02811e-019
213.598  1.02153e-019
214.62  1.01487e-019
215.642  1.00813e-019
216.664  1.0013e-019
217.686  9.94393e-020
218.708  9.87397e-020
219.73  9.80315e-020
220.752  9.73144e-020
221.774  9.65884e-020
222.796  9.58534e-020
223.818  9.51092e-020
224.84  9.43559e-020
225.862  9.35931e-020
226.884  9.2821e-020
227.906  9.20393e-020
228.928  9.12479e-020
229.95  9.04468e-020
230.972  8.96358e-020
231.994  8.88149e-020
233.016  8.7984e-020
234.038  8.7143e-020
235.06  8.62918e-020
236.082  8.54303e-020
237.104  8.45586e-020
238.126  8.36764e-020
239.148  8.27838e-020
240.17  8.18806e-020
241.192  8.09669e-020
242.214  8.00426e-020
243.236  7.91077e-020
244.258  7.81621e-020
245.28  7.72059e-020
246.302  7.62389e-020
247.324  7.52612e-020
248.346  7.42729e-020
249.368  7.32739e-020
250.39  7.22642e-020
251.412  7.1244e-020
252.434  7.02131e-020
253.456  6.91718e-020
254.478  6.812e-020
255.5  6.70579e-020
256.522  6.59856e-020
257.544  6.49031e-020
258.566  6.38106e-020
259.588  6.27083e-020
260.61  6.15963e-020
261.632  6.04747e-020
262.654  5.93438e-020
263.676  5.82038e-020
264.698  5.70549e-020
265.72  5.58973e-020
266.742  5.47314e-020
267.764  5.35574e-020
268.786  5.23757e-020
269.808  5.11866e-020
270.83  4.99904e-020
271.852  4.87876e-020
272.874  4.75785e-020
273.896  4.63636e-020
274.918  4.51434e-020
275.94  4.39184e-020
276.962  4.26891e-020
277.984  4.1456e-020
279.006  4.02198e-020
280.028  3.89811e-020
281.05  3.77406e-020
282.072  3.64989e-020
283.094  3.52569e-020
284.116  3.40152e-020
285.138  3.27747e-020
286.16  3.15363e-020
287.182  3.03008e-020
288.204  2.90692e-020
289.226  2.78425e-020
290.248  2.66217e-020
291.27  2.5408e-020
292.292  2.42024e-020
293.314  2.30061e-020
294.336  2.18205e-020
295.358  2.06467e-020
296.38  1.94862e-020
297.402  1.83404e-020
298.424  1.72107e-020
299.446  1.60986e-020
300.468  1.50059e-020
301.49  1.3934e-020
302.512  1.28849e-020
303.534  1.18602e-020
304.556  1.08619e-020
305.578  9.89194e-021
306.6  8.9523e-021
307.622  8.0451e-021
308.644  7.17255e-021
309.666  6.3369e-021
310.688  5.54052e-021
311.71  4.78584e-021
312.732  4.0754e-021
313.754  3.41182e-021
314.776  2.79782e-021
315.798  2.23621e-021
316.82  1.72992e-021
317.842  1.28195e-021
318.864  8.95426e-022
319.886  5.73565e-022
320.908  3.19697e-022
321.93  1.37254e-022
322.952  2.97617e-023
