1.022  2.07919e-019
2.044  2.07427e-019
3.066  2.0694e-019
4.088  2.06456e-019
5.11  2.05976e-019
6.132  2.055e-019
7.154  2.05027e-019
8.176  2.04557e-019
9.198  2.0409e-019
10.22  2.03625e-019
11.242  2.03164e-019
12.264  2.02706e-019
13.286  2.0225e-019
14.308  2.01797e-019
15.33  2.01348e-019
16.352  2.00902e-019
17.374  2.00459e-019
18.396  2.0002e-019
19.418  1.99584e-019
20.44  1.99152e-019
21.462  1.98724e-019
22.484  1.983e-019
23.506  1.97879e-019
24.528  1.97462e-019
25.55  1.97049e-019
26.572  1.9664e-019
27.594  1.96234e-019
28.616  1.95833e-019
29.638  1.95435e-019
30.66  1.95041e-019
31.682  1.9465e-019
32.704  1.94263e-019
33.726  1.9388e-019
34.748  1.935e-019
35.77  1.93123e-019
36.792  1.9275e-019
37.814  1.9238e-019
38.836  1.92013e-019
39.858  1.9165e-019
40.88  1.91289e-019
41.902  1.90931e-019
42.924  1.90576e-019
43.946  1.90223e-019
44.968  1.89874e-019
45.99  1.89526e-019
47.012  1.89181e-019
48.034  1.88839e-019
49.056  1.88499e-019
50.078  1.88161e-019
51.1  1.87825e-019
52.122  1.8749e-019
53.144  1.87158e-019
54.166  1.86828e-019
55.188  1.86499e-019
56.21  1.86172e-019
57.232  1.85847e-019
58.254  1.85523e-019
59.276  1.852e-019
60.298  1.84878e-019
61.32  1.84558e-019
62.342  1.84239e-019
63.364  1.83921e-019
64.386  1.83604e-019
65.408  1.83287e-019
66.43  1.82972e-019
67.452  1.82657e-019
68.474  1.82343e-019
69.496  1.82029e-019
70.518  1.81716e-019
71.54  1.81404e-019
72.562  1.81091e-019
73.584  1.80779e-019
74.606  1.80467e-019
75.628  1.80156e-019
76.65  1.79844e-019
77.672  1.79532e-019
78.694  1.79221e-019
79.716  1.78909e-019
80.738  1.78597e-019
81.76  1.78285e-019
82.782  1.77972e-019
83.804  1.77659e-019
84.826  1.77346e-019
85.848  1.77032e-019
86.87  1.76717e-019
87.892  1.76402e-019
88.914  1.76087e-019
89.936  1.7577e-019
90.958  1.75453e-019
91.98  1.75135e-019
93.002  1.74816e-019
94.024  1.74497e-019
95.046  1.74176e-019
96.068  1.73854e-019
97.09  1.73531e-019
98.112  1.73207e-019
99.134  1.72882e-019
100.156  1.72556e-019
101.178  1.72228e-019
102.2  1.71899e-019
103.222  1.71569e-019
104.244  1.71237e-019
105.266  1.70904e-019
106.288  1.70569e-019
107.31  1.70233e-019
108.332  1.69895e-019
109.354  1.69556e-019
110.376  1.69215e-019
111.398  1.68872e-019
112.42  1.68528e-019
113.442  1.68181e-019
114.464  1.67833e-019
115.486  1.67483e-019
116.508  1.67131e-019
117.53  1.66778e-019
118.552  1.66422e-019
119.574  1.66064e-019
120.596  1.65704e-019
121.618  1.65342e-019
122.64  1.64978e-019
123.662  1.64612e-019
124.684  1.64243e-019
125.706  1.63872e-019
126.728  1.63499e-019
127.75  1.63124e-019
128.772  1.62746e-019
129.794  1.62366e-019
130.816  1.61984e-019
131.838  1.61599e-019
132.86  1.61211e-019
133.882  1.60821e-019
134.904  1.60428e-019
135.926  1.60033e-019
136.948  1.59635e-019
137.97  1.59234e-019
138.992  1.58831e-019
140.014  1.58424e-019
141.036  1.58015e-019
142.058  1.57603e-019
143.08  1.57188e-019
144.102  1.5677e-019
145.124  1.56349e-019
146.146  1.55925e-019
147.168  1.55498e-019
148.19  1.55068e-019
149.212  1.54635e-019
150.234  1.54198e-019
151.256  1.53758e-019
152.278  1.53315e-019
153.3  1.52868e-019
154.322  1.52418e-019
155.344  1.51965e-019
156.366  1.51508e-019
157.388  1.51047e-019
158.41  1.50583e-019
159.432  1.50114e-019
160.454  1.49643e-019
161.476  1.49167e-019
162.498  1.48688e-019
163.52  1.48204e-019
164.542  1.47717e-019
165.564  1.47225e-019
166.586  1.46729e-019
167.608  1.4623e-019
168.63  1.45725e-019
169.652  1.45217e-019
170.674  1.44704e-019
171.696  1.44187e-019
172.718  1.43665e-019
173.74  1.43138e-019
174.762  1.42607e-019
175.784  1.42071e-019
176.806  1.4153e-019
177.828  1.40984e-019
178.85  1.40433e-019
179.872  1.39877e-019
180.894  1.39316e-019
181.916  1.38749e-019
182.938  1.38177e-019
183.96  1.376e-019
184.982  1.37017e-019
186.004  1.36428e-019
187.026  1.35834e-019
188.048  1.35234e-019
189.07  1.34627e-019
190.092  1.34015e-019
191.114  1.33397e-019
192.136  1.32772e-019
193.158  1.32141e-019
194.18  1.31503e-019
195.202  1.30859e-019
196.224  1.30208e-019
197.246  1.2955e-019
198.268  1.28885e-019
199.29  1.28213e-019
200.312  1.27534e-019
201.334  1.26848e-019
202.356  1.26154e-019
203.378  1.25453e-019
204.4  1.24744e-019
205.422  1.24027e-019
206.444  1.23302e-019
207.466  1.22569e-019
208.488  1.21828e-019
209.51  1.21079e-019
210.532  1.20321e-019
211.554  1.19555e-019
212.576  1.1878e-019
213.598  1.17996e-019
214.62  1.17204e-019
215.642  1.16402e-019
216.664  1.15591e-019
217.686  1.14771e-019
218.708  1.13941e-019
219.73  1.13102e-019
220.752  1.12252e-019
221.774  1.11394e-019
222.796  1.10525e-019
223.818  1.09646e-019
224.84  1.08757e-019
225.862  1.07857e-019
226.884  1.06947e-019
227.906  1.06027e-019
228.928  1.05096e-019
229.95  1.04154e-019
230.972  1.03201e-019
231.994  1.02237e-019
233.016  1.01263e-019
234.038  1.00277e-019
235.06  9.92794e-020
236.082  9.82708e-020
237.104  9.72509e-020
238.126  9.62194e-020
239.148  9.51765e-020
240.17  9.41219e-020
241.192  9.30556e-020
242.214  9.19777e-020
243.236  9.0888e-020
244.258  8.97865e-020
245.28  8.86733e-020
246.302  8.75482e-020
247.324  8.64113e-020
248.346  8.52627e-020
249.368  8.41023e-020
250.39  8.29301e-020
251.412  8.17463e-020
252.434  8.05508e-020
253.456  7.93437e-020
254.478  7.81252e-020
255.5  7.68952e-020
256.522  7.5654e-020
257.544  7.44017e-020
258.566  7.31384e-020
259.588  7.18642e-020
260.61  7.05794e-020
261.632  6.92841e-020
262.654  6.79787e-020
263.676  6.66632e-020
264.698  6.5338e-020
265.72  6.40034e-020
266.742  6.26597e-020
267.764  6.13072e-020
268.786  5.99463e-020
269.808  5.85774e-020
270.83  5.72008e-020
271.852  5.58171e-020
272.874  5.44266e-020
273.896  5.303e-020
274.918  5.16277e-020
275.94  5.02203e-020
276.962  4.88084e-020
277.984  4.73927e-020
279.006  4.59738e-020
280.028  4.45525e-020
281.05  4.31294e-020
282.072  4.17055e-020
283.094  4.02815e-020
284.116  3.88583e-020
285.138  3.74369e-020
286.16  3.60181e-020
287.182  3.46031e-020
288.204  3.3193e-020
289.226  3.17887e-020
290.248  3.03916e-020
291.27  2.90029e-020
292.292  2.76238e-020
293.314  2.62557e-020
294.336  2.49e-020
295.358  2.35581e-020
296.38  2.22317e-020
297.402  2.09223e-020
298.424  1.96316e-020
299.446  1.83613e-020
300.468  1.71133e-020
301.49  1.58895e-020
302.512  1.46917e-020
303.534  1.35221e-020
304.556  1.23828e-020
305.578  1.12759e-020
306.6  1.02039e-020
307.622  9.16908e-021
308.644  8.17391e-021
309.666  7.22098e-021
310.688  6.31295e-021
311.71  5.4526e-021
312.732  4.6428e-021
313.754  3.88651e-021
314.776  3.18683e-021
315.798  2.54694e-021
316.82  1.97014e-021
317.842  1.45985e-021
318.864  1.01961e-021
319.886  6.53062e-022
320.908  3.63981e-022
321.93  1.56254e-022
322.952  3.38793e-023
