1.022  3.07173e-019
2.044  3.06225e-019
3.066  3.05286e-019
4.088  3.04355e-019
5.11  3.03431e-019
6.132  3.02514e-019
7.154  3.01604e-019
8.176  3.00701e-019
9.198  2.99804e-019
10.22  2.98912e-019
11.242  2.98027e-019
12.264  2.97148e-019
13.286  2.96275e-019
14.308  2.95408e-019
15.33  2.94548e-019
16.352  2.93694e-019
17.374  2.92847e-019
18.396  2.92007e-019
19.418  2.91174e-019
20.44  2.90348e-019
21.462  2.89529e-019
22.484  2.88717e-019
23.506  2.87912e-019
24.528  2.87115e-019
25.55  2.86325e-019
26.572  2.85542e-019
27.594  2.84766e-019
28.616  2.83998e-019
29.638  2.83236e-019
30.66  2.82482e-019
31.682  2.81734e-019
32.704  2.80993e-019
33.726  2.80259e-019
34.748  2.79531e-019
35.77  2.7881e-019
36.792  2.78095e-019
37.814  2.77387e-019
38.836  2.76684e-019
39.858  2.75987e-019
40.88  2.75296e-019
41.902  2.7461e-019
42.924  2.7393e-019
43.946  2.73256e-019
44.968  2.72586e-019
45.99  2.71922e-019
47.012  2.71262e-019
48.034  2.70607e-019
49.056  2.69957e-019
50.078  2.69311e-019
51.1  2.6867e-019
52.122  2.68033e-019
53.144  2.67399e-019
54.166  2.6677e-019
55.188  2.66144e-019
56.21  2.65522e-019
57.232  2.64904e-019
58.254  2.64288e-019
59.276  2.63676e-019
60.298  2.63067e-019
61.32  2.62461e-019
62.342  2.61858e-019
63.364  2.61257e-019
64.386  2.60659e-019
65.408  2.60064e-019
66.43  2.59471e-019
67.452  2.5888e-019
68.474  2.58291e-019
69.496  2.57704e-019
70.518  2.57119e-019
71.54  2.56535e-019
72.562  2.55953e-019
73.584  2.55373e-019
74.606  2.54794e-019
75.628  2.54217e-019
76.65  2.53641e-019
77.672  2.53065e-019
78.694  2.52491e-019
79.716  2.51918e-019
80.738  2.51346e-019
81.76  2.50774e-019
82.782  2.50203e-019
83.804  2.49632e-019
84.826  2.49062e-019
85.848  2.48492e-019
86.87  2.47923e-019
87.892  2.47353e-019
88.914  2.46784e-019
89.936  2.46215e-019
90.958  2.45646e-019
91.98  2.45076e-019
93.002  2.44506e-019
94.024  2.43936e-019
95.046  2.43366e-019
96.068  2.42795e-019
97.09  2.42224e-019
98.112  2.41651e-019
99.134  2.41079e-019
100.156  2.40505e-019
101.178  2.39931e-019
102.2  2.39356e-019
103.222  2.38779e-019
104.244  2.38202e-019
105.266  2.37624e-019
106.288  2.37044e-019
107.31  2.36463e-019
108.332  2.35881e-019
109.354  2.35298e-019
110.376  2.34713e-019
111.398  2.34127e-019
112.42  2.33539e-019
113.442  2.32949e-019
114.464  2.32358e-019
115.486  2.31765e-019
116.508  2.3117e-019
117.53  2.30574e-019
118.552  2.29975e-019
119.574  2.29375e-019
120.596  2.28773e-019
121.618  2.28168e-019
122.64  2.27562e-019
123.662  2.26953e-019
124.684  2.26342e-019
125.706  2.25728e-019
126.728  2.25113e-019
127.75  2.24495e-019
128.772  2.23874e-019
129.794  2.23251e-019
130.816  2.22626e-019
131.838  2.21997e-019
132.86  2.21367e-019
133.882  2.20733e-019
134.904  2.20097e-019
135.926  2.19457e-019
136.948  2.18815e-019
137.97  2.1817e-019
138.992  2.17522e-019
140.014  2.16871e-019
141.036  2.16217e-019
142.058  2.15559e-019
143.08  2.14899e-019
144.102  2.14235e-019
145.124  2.13567e-019
146.146  2.12897e-019
147.168  2.12222e-019
148.19  2.11545e-019
149.212  2.10863e-019
150.234  2.10179e-019
151.256  2.0949e-019
152.278  2.08797e-019
153.3  2.08101e-019
154.322  2.07401e-019
155.344  2.06697e-019
156.366  2.05988e-019
157.388  2.05276e-019
158.41  2.04559e-019
159.432  2.03838e-019
160.454  2.03113e-019
161.476  2.02384e-019
162.498  2.01649e-019
163.52  2.00911e-019
164.542  2.00167e-019
165.564  1.99419e-019
166.586  1.98666e-019
167.608  1.97908e-019
168.63  1.97145e-019
169.652  1.96377e-019
170.674  1.95604e-019
171.696  1.94826e-019
172.718  1.94042e-019
173.74  1.93253e-019
174.762  1.92458e-019
175.784  1.91658e-019
176.806  1.90851e-019
177.828  1.90039e-019
178.85  1.89221e-019
179.872  1.88397e-019
180.894  1.87567e-019
181.916  1.8673e-019
182.938  1.85887e-019
183.96  1.85037e-019
184.982  1.84181e-019
186.004  1.83318e-019
187.026  1.82448e-019
188.048  1.81571e-019
189.07  1.80687e-019
190.092  1.79795e-019
191.114  1.78896e-019
192.136  1.7799e-019
193.158  1.77076e-019
194.18  1.76154e-019
195.202  1.75224e-019
196.224  1.74286e-019
197.246  1.7334e-019
198.268  1.72385e-019
199.29  1.71422e-019
200.312  1.7045e-019
201.334  1.69469e-019
202.356  1.6848e-019
203.378  1.67481e-019
204.4  1.66473e-019
205.422  1.65455e-019
206.444  1.64428e-019
207.466  1.63391e-019
208.488  1.62344e-019
209.51  1.61287e-019
210.532  1.6022e-019
211.554  1.59142e-019
212.576  1.58054e-019
213.598  1.56955e-019
214.62  1.55845e-019
215.642  1.54724e-019
216.664  1.53592e-019
217.686  1.52449e-019
218.708  1.51294e-019
219.73  1.50127e-019
220.752  1.48949e-019
221.774  1.47758e-019
222.796  1.46556e-019
223.818  1.45341e-019
224.84  1.44113e-019
225.862  1.42873e-019
226.884  1.41621e-019
227.906  1.40355e-019
228.928  1.39076e-019
229.95  1.37785e-019
230.972  1.3648e-019
231.994  1.35161e-019
233.016  1.33829e-019
234.038  1.32483e-019
235.06  1.31124e-019
236.082  1.29751e-019
237.104  1.28364e-019
238.126  1.26962e-019
239.148  1.25547e-019
240.17  1.24117e-019
241.192  1.22674e-019
242.214  1.21216e-019
243.236  1.19743e-019
244.258  1.18256e-019
245.28  1.16755e-019
246.302  1.1524e-019
247.324  1.1371e-019
248.346  1.12165e-019
249.368  1.10607e-019
250.39  1.09034e-019
251.412  1.07446e-019
252.434  1.05845e-019
253.456  1.0423e-019
254.478  1.026e-019
255.5  1.00957e-019
256.522  9.93003e-020
257.544  9.76299e-020
258.566  9.59462e-020
259.588  9.42495e-020
260.61  9.25399e-020
261.632  9.08178e-020
262.654  8.90833e-020
263.676  8.73369e-020
264.698  8.55788e-020
265.72  8.38095e-020
266.742  8.20294e-020
267.764  8.02388e-020
268.786  7.84383e-020
269.808  7.66283e-020
270.83  7.48095e-020
271.852  7.29823e-020
272.874  7.11473e-020
273.896  6.93054e-020
274.918  6.7457e-020
275.94  6.5603e-020
276.962  6.37441e-020
277.984  6.18812e-020
279.006  6.00152e-020
280.028  5.81469e-020
281.05  5.62774e-020
282.072  5.44076e-020
283.094  5.25386e-020
284.116  5.06717e-020
285.138  4.88079e-020
286.16  4.69485e-020
287.182  4.50949e-020
288.204  4.32484e-020
289.226  4.14105e-020
290.248  3.95827e-020
291.27  3.77666e-020
292.292  3.59638e-020
293.314  3.41762e-020
294.336  3.24054e-020
295.358  3.06534e-020
296.38  2.89221e-020
297.402  2.72138e-020
298.424  2.55303e-020
299.446  2.38742e-020
300.468  2.22476e-020
301.49  2.06529e-020
302.512  1.90928e-020
303.534  1.75699e-020
304.556  1.60868e-020
305.578  1.46465e-020
306.6  1.32519e-020
307.622  1.1906e-020
308.644  1.06121e-020
309.666  9.37349e-021
310.688  8.19353e-021
311.71  7.07581e-021
312.732  6.02403e-021
313.754  5.042e-021
314.776  4.1337e-021
315.798  3.30321e-021
316.82  2.55478e-021
317.842  1.8928e-021
318.864  1.32181e-021
319.886  8.46507e-022
320.908  4.71733e-022
321.93  2.02484e-022
322.952  4.38973e-023
