1.022  1.7952e-020
2.044  1.82397e-020
3.066  1.85263e-020
4.088  1.88118e-020
5.11  1.90963e-020
6.132  1.93797e-020
7.154  1.96619e-020
8.176  1.9943e-020
9.198  2.02229e-020
10.22  2.05016e-020
11.242  2.07792e-020
12.264  2.10556e-020
13.286  2.13308e-020
14.308  2.16049e-020
15.33  2.18778e-020
16.352  2.21495e-020
17.374  2.24201e-020
18.396  2.26897e-020
19.418  2.29581e-020
20.44  2.32254e-020
21.462  2.34916e-020
22.484  2.37567e-020
23.506  2.40208e-020
24.528  2.42838e-020
25.55  2.45457e-020
26.572  2.48066e-020
27.594  2.50664e-020
28.616  2.53252e-020
29.638  2.55829e-020
30.66  2.58396e-020
31.682  2.60951e-020
32.704  2.63497e-020
33.726  2.66031e-020
34.748  2.68555e-020
35.77  2.71068e-020
36.792  2.7357e-020
37.814  2.76061e-020
38.836  2.78541e-020
39.858  2.8101e-020
40.88  2.83468e-020
41.902  2.85914e-020
42.924  2.88349e-020
43.946  2.90772e-020
44.968  2.93184e-020
45.99  2.95584e-020
47.012  2.97972e-020
48.034  3.00348e-020
49.056  3.02712e-020
50.078  3.05063e-020
51.1  3.07402e-020
52.122  3.09729e-020
53.144  3.12043e-020
54.166  3.14343e-020
55.188  3.16631e-020
56.21  3.18906e-020
57.232  3.21168e-020
58.254  3.23416e-020
59.276  3.25651e-020
60.298  3.27872e-020
61.32  3.30079e-020
62.342  3.32272e-020
63.364  3.34451e-020
64.386  3.36615e-020
65.408  3.38766e-020
66.43  3.40901e-020
67.452  3.43022e-020
68.474  3.45128e-020
69.496  3.47219e-020
70.518  3.49294e-020
71.54  3.51355e-020
72.562  3.53399e-020
73.584  3.55428e-020
74.606  3.57442e-020
75.628  3.59439e-020
76.65  3.6142e-020
77.672  3.63385e-020
78.694  3.65333e-020
79.716  3.67265e-020
80.738  3.6918e-020
81.76  3.71079e-020
82.782  3.7296e-020
83.804  3.74824e-020
84.826  3.76671e-020
85.848  3.785e-020
86.87  3.80312e-020
87.892  3.82106e-020
88.914  3.83881e-020
89.936  3.85639e-020
90.958  3.87379e-020
91.98  3.891e-020
93.002  3.90803e-020
94.024  3.92487e-020
95.046  3.94152e-020
96.068  3.95798e-020
97.09  3.97425e-020
98.112  3.99033e-020
99.134  4.00622e-020
100.156  4.02191e-020
101.178  4.0374e-020
102.2  4.05269e-020
103.222  4.06778e-020
104.244  4.08267e-020
105.266  4.09736e-020
106.288  4.11184e-020
107.31  4.12612e-020
108.332  4.14019e-020
109.354  4.15405e-020
110.376  4.1677e-020
111.398  4.18114e-020
112.42  4.19436e-020
113.442  4.20737e-020
114.464  4.22016e-020
115.486  4.23273e-020
116.508  4.24509e-020
117.53  4.25722e-020
118.552  4.26912e-020
119.574  4.28081e-020
120.596  4.29226e-020
121.618  4.30349e-020
122.64  4.31449e-020
123.662  4.32526e-020
124.684  4.33579e-020
125.706  4.34609e-020
126.728  4.35615e-020
127.75  4.36598e-020
128.772  4.37556e-020
129.794  4.3849e-020
130.816  4.394e-020
131.838  4.40285e-020
132.86  4.41146e-020
133.882  4.41982e-020
134.904  4.42792e-020
135.926  4.43577e-020
136.948  4.44337e-020
137.97  4.45071e-020
138.992  4.45778e-020
140.014  4.4646e-020
141.036  4.47116e-020
142.058  4.47745e-020
143.08  4.48347e-020
144.102  4.48922e-020
145.124  4.4947e-020
146.146  4.4999e-020
147.168  4.50483e-020
148.19  4.50948e-020
149.212  4.51384e-020
150.234  4.51793e-020
151.256  4.52172e-020
152.278  4.52523e-020
153.3  4.52844e-020
154.322  4.53136e-020
155.344  4.53399e-020
156.366  4.53631e-020
157.388  4.53834e-020
158.41  4.54005e-020
159.432  4.54146e-020
160.454  4.54256e-020
161.476  4.54334e-020
162.498  4.54381e-020
163.52  4.54396e-020
164.542  4.54378e-020
165.564  4.54328e-020
166.586  4.54245e-020
167.608  4.54129e-020
168.63  4.53979e-020
169.652  4.53795e-020
170.674  4.53577e-020
171.696  4.53325e-020
172.718  4.53037e-020
173.74  4.52714e-020
174.762  4.52356e-020
175.784  4.51961e-020
176.806  4.5153e-020
177.828  4.51062e-020
178.85  4.50557e-020
179.872  4.50015e-020
180.894  4.49435e-020
181.916  4.48816e-020
182.938  4.48159e-020
183.96  4.47463e-020
184.982  4.46727e-020
186.004  4.45951e-020
187.026  4.45135e-020
188.048  4.44278e-020
189.07  4.4338e-020
190.092  4.4244e-020
191.114  4.41458e-020
192.136  4.40434e-020
193.158  4.39367e-020
194.18  4.38257e-020
195.202  4.37103e-020
196.224  4.35904e-020
197.246  4.34661e-020
198.268  4.33373e-020
199.29  4.32039e-020
200.312  4.3066e-020
201.334  4.29234e-020
202.356  4.27761e-020
203.378  4.2624e-020
204.4  4.24672e-020
205.422  4.23056e-020
206.444  4.21391e-020
207.466  4.19677e-020
208.488  4.17914e-020
209.51  4.161e-020
210.532  4.14236e-020
211.554  4.12321e-020
212.576  4.10355e-020
213.598  4.08337e-020
214.62  4.06267e-020
215.642  4.04144e-020
216.664  4.01969e-020
217.686  3.9974e-020
218.708  3.97458e-020
219.73  3.95121e-020
220.752  3.92731e-020
221.774  3.90285e-020
222.796  3.87784e-020
223.818  3.85228e-020
224.84  3.82616e-020
225.862  3.79947e-020
226.884  3.77223e-020
227.906  3.74442e-020
228.928  3.71604e-020
229.95  3.68709e-020
230.972  3.65756e-020
231.994  3.62746e-020
233.016  3.59678e-020
234.038  3.56553e-020
235.06  3.53369e-020
236.082  3.50128e-020
237.104  3.46828e-020
238.126  3.4347e-020
239.148  3.40054e-020
240.17  3.3658e-020
241.192  3.33048e-020
242.214  3.29458e-020
243.236  3.2581e-020
244.258  3.22104e-020
245.28  3.18341e-020
246.302  3.1452e-020
247.324  3.10642e-020
248.346  3.06708e-020
249.368  3.02718e-020
250.39  2.98672e-020
251.412  2.9457e-020
252.434  2.90413e-020
253.456  2.86203e-020
254.478  2.81939e-020
255.5  2.77621e-020
256.522  2.73252e-020
257.544  2.68832e-020
258.566  2.64361e-020
259.588  2.59841e-020
260.61  2.55272e-020
261.632  2.50656e-020
262.654  2.45994e-020
263.676  2.41287e-020
264.698  2.36537e-020
265.72  2.31745e-020
266.742  2.26913e-020
267.764  2.22041e-020
268.786  2.17133e-020
269.808  2.12189e-020
270.83  2.07212e-020
271.852  2.02203e-020
272.874  1.97165e-020
273.896  1.921e-020
274.918  1.87011e-020
275.94  1.81899e-020
276.962  1.76768e-020
277.984  1.7162e-020
279.006  1.66458e-020
280.028  1.61285e-020
281.05  1.56104e-020
282.072  1.50918e-020
283.094  1.45731e-020
284.116  1.40546e-020
285.138  1.35368e-020
286.16  1.30199e-020
287.182  1.25045e-020
288.204  1.19908e-020
289.226  1.14795e-020
290.248  1.09708e-020
291.27  1.04653e-020
292.292  9.96355e-021
293.314  9.46596e-021
294.336  8.97311e-021
295.358  8.48554e-021
296.38  8.00384e-021
297.402  7.52859e-021
298.424  7.06042e-021
299.446  6.59998e-021
300.468  6.14792e-021
301.49  5.70494e-021
302.512  5.27175e-021
303.534  4.84909e-021
304.556  4.43773e-021
305.578  4.03846e-021
306.6  3.6521e-021
307.622  3.2795e-021
308.644  2.92154e-021
309.666  2.57911e-021
310.688  2.25317e-021
311.71  1.94467e-021
312.732  1.65461e-021
313.754  1.38402e-021
314.776  1.13398e-021
315.798  9.05564e-022
316.82  6.9992e-022
317.842  5.18209e-022
318.864  3.61634e-022
319.886  2.31432e-022
320.908  1.28877e-022
321.93  5.52778e-023
322.952  1.19749e-023
