1.022  3.37949e-020
2.044  3.41244e-020
3.066  3.44522e-020
4.088  3.47784e-020
5.11  3.51029e-020
6.132  3.54256e-020
7.154  3.57466e-020
8.176  3.60657e-020
9.198  3.63831e-020
10.22  3.66986e-020
11.242  3.70123e-020
12.264  3.73241e-020
13.286  3.76342e-020
14.308  3.79424e-020
15.33  3.8249e-020
16.352  3.85538e-020
17.374  3.88569e-020
18.396  3.91583e-020
19.418  3.94582e-020
20.44  3.97563e-020
21.462  4.0053e-020
22.484  4.0348e-020
23.506  4.06415e-020
24.528  4.09334e-020
25.55  4.12238e-020
26.572  4.15127e-020
27.594  4.18001e-020
28.616  4.2086e-020
29.638  4.23703e-020
30.66  4.26532e-020
31.682  4.29346e-020
32.704  4.32145e-020
33.726  4.34929e-020
34.748  4.37698e-020
35.77  4.40452e-020
36.792  4.4319e-020
37.814  4.45914e-020
38.836  4.48622e-020
39.858  4.51315e-020
40.88  4.53992e-020
41.902  4.56654e-020
42.924  4.59299e-020
43.946  4.61929e-020
44.968  4.64543e-020
45.99  4.67141e-020
47.012  4.69723e-020
48.034  4.72288e-020
49.056  4.74836e-020
50.078  4.77368e-020
51.1  4.79883e-020
52.122  4.82381e-020
53.144  4.84861e-020
54.166  4.87324e-020
55.188  4.8977e-020
56.21  4.92198e-020
57.232  4.94608e-020
58.254  4.97e-020
59.276  4.99374e-020
60.298  5.01729e-020
61.32  5.04066e-020
62.342  5.06384e-020
63.364  5.08683e-020
64.386  5.10963e-020
65.408  5.13223e-020
66.43  5.15464e-020
67.452  5.17686e-020
68.474  5.19888e-020
69.496  5.22069e-020
70.518  5.24231e-020
71.54  5.26372e-020
72.562  5.28493e-020
73.584  5.30592e-020
74.606  5.32671e-020
75.628  5.34729e-020
76.65  5.36766e-020
77.672  5.38781e-020
78.694  5.40775e-020
79.716  5.42747e-020
80.738  5.44697e-020
81.76  5.46624e-020
82.782  5.4853e-020
83.804  5.50413e-020
84.826  5.52273e-020
85.848  5.54111e-020
86.87  5.55925e-020
87.892  5.57717e-020
88.914  5.59485e-020
89.936  5.61229e-020
90.958  5.6295e-020
91.98  5.64647e-020
93.002  5.6632e-020
94.024  5.67969e-020
95.046  5.69594e-020
96.068  5.71194e-020
97.09  5.72769e-020
98.112  5.7432e-020
99.134  5.75845e-020
100.156  5.77346e-020
101.178  5.78821e-020
102.2  5.8027e-020
103.222  5.81694e-020
104.244  5.83092e-020
105.266  5.84464e-020
106.288  5.85809e-020
107.31  5.87129e-020
108.332  5.88422e-020
109.354  5.89688e-020
110.376  5.90927e-020
111.398  5.9214e-020
112.42  5.93325e-020
113.442  5.94483e-020
114.464  5.95613e-020
115.486  5.96715e-020
116.508  5.9779e-020
117.53  5.98837e-020
118.552  5.99855e-020
119.574  6.00845e-020
120.596  6.01806e-020
121.618  6.02739e-020
122.64  6.03642e-020
123.662  6.04517e-020
124.684  6.05362e-020
125.706  6.06177e-020
126.728  6.06963e-020
127.75  6.07719e-020
128.772  6.08445e-020
129.794  6.09141e-020
130.816  6.09806e-020
131.838  6.1044e-020
132.86  6.11043e-020
133.882  6.11616e-020
134.904  6.12157e-020
135.926  6.12666e-020
136.948  6.13144e-020
137.97  6.1359e-020
138.992  6.14003e-020
140.014  6.14384e-020
141.036  6.14732e-020
142.058  6.15048e-020
143.08  6.1533e-020
144.102  6.15579e-020
145.124  6.15794e-020
146.146  6.15976e-020
147.168  6.16123e-020
148.19  6.16235e-020
149.212  6.16313e-020
150.234  6.16356e-020
151.256  6.16364e-020
152.278  6.16336e-020
153.3  6.16273e-020
154.322  6.16173e-020
155.344  6.16037e-020
156.366  6.15864e-020
157.388  6.15654e-020
158.41  6.15407e-020
159.432  6.15122e-020
160.454  6.14799e-020
161.476  6.14438e-020
162.498  6.14038e-020
163.52  6.13599e-020
164.542  6.13121e-020
165.564  6.12603e-020
166.586  6.12044e-020
167.608  6.11446e-020
168.63  6.10806e-020
169.652  6.10125e-020
170.674  6.09403e-020
171.696  6.08639e-020
172.718  6.07832e-020
173.74  6.06982e-020
174.762  6.06089e-020
175.784  6.05153e-020
176.806  6.04172e-020
177.828  6.03147e-020
178.85  6.02077e-020
179.872  6.00961e-020
180.894  5.998e-020
181.916  5.98592e-020
182.938  5.97337e-020
183.96  5.96035e-020
184.982  5.94686e-020
186.004  5.93288e-020
187.026  5.91841e-020
188.048  5.90345e-020
189.07  5.888e-020
190.092  5.87204e-020
191.114  5.85558e-020
192.136  5.8386e-020
193.158  5.82111e-020
194.18  5.80309e-020
195.202  5.78454e-020
196.224  5.76547e-020
197.246  5.74585e-020
198.268  5.72569e-020
199.29  5.70498e-020
200.312  5.68372e-020
201.334  5.6619e-020
202.356  5.63951e-020
203.378  5.61656e-020
204.4  5.59302e-020
205.422  5.56891e-020
206.444  5.54421e-020
207.466  5.51892e-020
208.488  5.49303e-020
209.51  5.46654e-020
210.532  5.43944e-020
211.554  5.41172e-020
212.576  5.38339e-020
213.598  5.35444e-020
214.62  5.32486e-020
215.642  5.29465e-020
216.664  5.26379e-020
217.686  5.2323e-020
218.708  5.20016e-020
219.73  5.16737e-020
220.752  5.13392e-020
221.774  5.0998e-020
222.796  5.06503e-020
223.818  5.02959e-020
224.84  4.99347e-020
225.862  4.95667e-020
226.884  4.9192e-020
227.906  4.88104e-020
228.928  4.8422e-020
229.95  4.80267e-020
230.972  4.76245e-020
231.994  4.72153e-020
233.016  4.67991e-020
234.038  4.6376e-020
235.06  4.59459e-020
236.082  4.55087e-020
237.104  4.50646e-020
238.126  4.46134e-020
239.148  4.41552e-020
240.17  4.36899e-020
241.192  4.32177e-020
242.214  4.27384e-020
243.236  4.22522e-020
244.258  4.1759e-020
245.28  4.12588e-020
246.302  4.07517e-020
247.324  4.02378e-020
248.346  3.9717e-020
249.368  3.91894e-020
250.39  3.8655e-020
251.412  3.8114e-020
252.434  3.75664e-020
253.456  3.70122e-020
254.478  3.64516e-020
255.5  3.58846e-020
256.522  3.53112e-020
257.544  3.47318e-020
258.566  3.41462e-020
259.588  3.35547e-020
260.61  3.29574e-020
261.632  3.23544e-020
262.654  3.17459e-020
263.676  3.1132e-020
264.698  3.05129e-020
265.72  2.98888e-020
266.742  2.92599e-020
267.764  2.86263e-020
268.786  2.79883e-020
269.808  2.73461e-020
270.83  2.66999e-020
271.852  2.60501e-020
272.874  2.53968e-020
273.896  2.47404e-020
274.918  2.40811e-020
275.94  2.34193e-020
276.962  2.27553e-020
277.984  2.20894e-020
279.006  2.14219e-020
280.028  2.07534e-020
281.05  2.0084e-020
282.072  1.94144e-020
283.094  1.87448e-020
284.116  1.80758e-020
285.138  1.74078e-020
286.16  1.67412e-020
287.182  1.60767e-020
288.204  1.54148e-020
289.226  1.47559e-020
290.248  1.41007e-020
291.27  1.34498e-020
292.292  1.28038e-020
293.314  1.21634e-020
294.336  1.15291e-020
295.358  1.09019e-020
296.38  1.02822e-020
297.402  9.67105e-021
298.424  9.06906e-021
299.446  8.47711e-021
300.468  7.89602e-021
301.49  7.32668e-021
302.512  6.77001e-021
303.534  6.22694e-021
304.556  5.69844e-021
305.578  5.18554e-021
306.6  4.68926e-021
307.622  4.21071e-021
308.644  3.75099e-021
309.666  3.31125e-021
310.688  2.89271e-021
311.71  2.49659e-021
312.732  2.12417e-021
313.754  1.77677e-021
314.776  1.45575e-021
315.798  1.16252e-021
316.82  8.98518e-022
317.842  6.65247e-022
318.864  4.64245e-022
319.886  2.971e-022
320.908  1.65447e-022
321.93  7.09639e-023
322.952  1.53732e-023
