1.022  4.12183e-020
2.044  4.15544e-020
3.066  4.18887e-020
4.088  4.22213e-020
5.11  4.2552e-020
6.132  4.28808e-020
7.154  4.32076e-020
8.176  4.35325e-020
9.198  4.38554e-020
10.22  4.41763e-020
11.242  4.44952e-020
12.264  4.48121e-020
13.286  4.5127e-020
14.308  4.54401e-020
15.33  4.57512e-020
16.352  4.60604e-020
17.374  4.63678e-020
18.396  4.66734e-020
19.418  4.69773e-020
20.44  4.72794e-020
21.462  4.75798e-020
22.484  4.78785e-020
23.506  4.81755e-020
24.528  4.84709e-020
25.55  4.87647e-020
26.572  4.90569e-020
27.594  4.93474e-020
28.616  4.96364e-020
29.638  4.99238e-020
30.66  5.02096e-020
31.682  5.04937e-020
32.704  5.07763e-020
33.726  5.10573e-020
34.748  5.13367e-020
35.77  5.16145e-020
36.792  5.18907e-020
37.814  5.21653e-020
38.836  5.24382e-020
39.858  5.27095e-020
40.88  5.29792e-020
41.902  5.32471e-020
42.924  5.35134e-020
43.946  5.3778e-020
44.968  5.40409e-020
45.99  5.43021e-020
47.012  5.45616e-020
48.034  5.48192e-020
49.056  5.50751e-020
50.078  5.53293e-020
51.1  5.55816e-020
52.122  5.5832e-020
53.144  5.60807e-020
54.166  5.63275e-020
55.188  5.65724e-020
56.21  5.68154e-020
57.232  5.70564e-020
58.254  5.72956e-020
59.276  5.75328e-020
60.298  5.7768e-020
61.32  5.80012e-020
62.342  5.82324e-020
63.364  5.84616e-020
64.386  5.86887e-020
65.408  5.89137e-020
66.43  5.91367e-020
67.452  5.93575e-020
68.474  5.95762e-020
69.496  5.97928e-020
70.518  6.00071e-020
71.54  6.02193e-020
72.562  6.04293e-020
73.584  6.06371e-020
74.606  6.08426e-020
75.628  6.10458e-020
76.65  6.12467e-020
77.672  6.14454e-020
78.694  6.16417e-020
79.716  6.18357e-020
80.738  6.20273e-020
81.76  6.22165e-020
82.782  6.24033e-020
83.804  6.25877e-020
84.826  6.27697e-020
85.848  6.29492e-020
86.87  6.31263e-020
87.892  6.33008e-020
88.914  6.34728e-020
89.936  6.36423e-020
90.958  6.38093e-020
91.98  6.39737e-020
93.002  6.41355e-020
94.024  6.42946e-020
95.046  6.44512e-020
96.068  6.46052e-020
97.09  6.47564e-020
98.112  6.4905e-020
99.134  6.5051e-020
100.156  6.51942e-020
101.178  6.53346e-020
102.2  6.54724e-020
103.222  6.56073e-020
104.244  6.57395e-020
105.266  6.58689e-020
106.288  6.59954e-020
107.31  6.61192e-020
108.332  6.62401e-020
109.354  6.63581e-020
110.376  6.64732e-020
111.398  6.65854e-020
112.42  6.66947e-020
113.442  6.6801e-020
114.464  6.69044e-020
115.486  6.70048e-020
116.508  6.71022e-020
117.53  6.71966e-020
118.552  6.7288e-020
119.574  6.73763e-020
120.596  6.74615e-020
121.618  6.75437e-020
122.64  6.76227e-020
123.662  6.76986e-020
124.684  6.77714e-020
125.706  6.7841e-020
126.728  6.79074e-020
127.75  6.79705e-020
128.772  6.80305e-020
129.794  6.80872e-020
130.816  6.81406e-020
131.838  6.81908e-020
132.86  6.82376e-020
133.882  6.82811e-020
134.904  6.83212e-020
135.926  6.8358e-020
136.948  6.83913e-020
137.97  6.84212e-020
138.992  6.84477e-020
140.014  6.84707e-020
141.036  6.84902e-020
142.058  6.85061e-020
143.08  6.85185e-020
144.102  6.85274e-020
145.124  6.85326e-020
146.146  6.85342e-020
147.168  6.85322e-020
148.19  6.85264e-020
149.212  6.8517e-020
150.234  6.85038e-020
151.256  6.84868e-020
152.278  6.84661e-020
153.3  6.84415e-020
154.322  6.8413e-020
155.344  6.83807e-020
156.366  6.83444e-020
157.388  6.83042e-020
158.41  6.826e-020
159.432  6.82117e-020
160.454  6.81594e-020
161.476  6.8103e-020
162.498  6.80425e-020
163.52  6.79778e-020
164.542  6.79089e-020
165.564  6.78358e-020
166.586  6.77584e-020
167.608  6.76766e-020
168.63  6.75905e-020
169.652  6.75001e-020
170.674  6.74051e-020
171.696  6.73057e-020
172.718  6.72018e-020
173.74  6.70932e-020
174.762  6.69801e-020
175.784  6.68623e-020
176.806  6.67398e-020
177.828  6.66126e-020
178.85  6.64806e-020
179.872  6.63437e-020
180.894  6.6202e-020
181.916  6.60553e-020
182.938  6.59036e-020
183.96  6.57468e-020
184.982  6.5585e-020
186.004  6.54181e-020
187.026  6.52459e-020
188.048  6.50685e-020
189.07  6.48858e-020
190.092  6.46978e-020
191.114  6.45043e-020
192.136  6.43054e-020
193.158  6.4101e-020
194.18  6.3891e-020
195.202  6.36754e-020
196.224  6.34541e-020
197.246  6.32271e-020
198.268  6.29943e-020
199.29  6.27556e-020
200.312  6.25111e-020
201.334  6.22605e-020
202.356  6.2004e-020
203.378  6.17413e-020
204.4  6.14726e-020
205.422  6.11976e-020
206.444  6.09164e-020
207.466  6.06289e-020
208.488  6.0335e-020
209.51  6.00347e-020
210.532  5.97279e-020
211.554  5.94146e-020
212.576  5.90947e-020
213.598  5.87682e-020
214.62  5.84349e-020
215.642  5.80949e-020
216.664  5.77481e-020
217.686  5.73945e-020
218.708  5.7034e-020
219.73  5.66665e-020
220.752  5.6292e-020
221.774  5.59104e-020
222.796  5.55218e-020
223.818  5.51261e-020
224.84  5.47231e-020
225.862  5.4313e-020
226.884  5.38955e-020
227.906  5.34708e-020
228.928  5.30388e-020
229.95  5.25994e-020
230.972  5.21527e-020
231.994  5.16985e-020
233.016  5.12369e-020
234.038  5.07679e-020
235.06  5.02913e-020
236.082  4.98073e-020
237.104  4.93158e-020
238.126  4.88169e-020
239.148  4.83104e-020
240.17  4.77964e-020
241.192  4.72749e-020
242.214  4.67459e-020
243.236  4.62095e-020
244.258  4.56656e-020
245.28  4.51144e-020
246.302  4.45557e-020
247.324  4.39897e-020
248.346  4.34164e-020
249.368  4.28358e-020
250.39  4.2248e-020
251.412  4.16531e-020
252.434  4.10512e-020
253.456  4.04422e-020
254.478  3.98264e-020
255.5  3.92038e-020
256.522  3.85744e-020
257.544  3.79385e-020
258.566  3.72961e-020
259.588  3.66473e-020
260.61  3.59924e-020
261.632  3.53314e-020
262.654  3.46645e-020
263.676  3.39918e-020
264.698  3.33137e-020
265.72  3.26302e-020
266.742  3.19415e-020
267.764  3.1248e-020
268.786  3.05497e-020
269.808  2.9847e-020
270.83  2.91401e-020
271.852  2.84293e-020
272.874  2.77149e-020
273.896  2.69971e-020
274.918  2.62764e-020
275.94  2.5553e-020
276.962  2.48272e-020
277.984  2.40995e-020
279.006  2.33703e-020
280.028  2.26399e-020
281.05  2.19088e-020
282.072  2.11774e-020
283.094  2.04462e-020
284.116  1.97157e-020
285.138  1.89864e-020
286.16  1.82588e-020
287.182  1.75334e-020
288.204  1.68109e-020
289.226  1.60919e-020
290.248  1.53769e-020
291.27  1.46666e-020
292.292  1.39618e-020
293.314  1.32631e-020
294.336  1.25712e-020
295.358  1.18869e-020
296.38  1.1211e-020
297.402  1.05444e-020
298.424  9.88784e-021
299.446  9.24226e-021
300.468  8.60856e-021
301.49  7.98771e-021
302.512  7.38069e-021
303.534  6.78853e-021
304.556  6.21228e-021
305.578  5.65305e-021
306.6  5.11197e-021
307.622  4.59023e-021
308.644  4.08903e-021
309.666  3.60964e-021
310.688  3.15336e-021
311.71  2.72153e-021
312.732  2.31554e-021
313.754  1.93684e-021
314.776  1.58689e-021
315.798  1.26724e-021
316.82  9.79455e-022
317.842  7.2517e-022
318.864  5.06063e-022
319.886  3.23862e-022
320.908  1.8035e-022
321.93  7.73567e-023
322.952  1.67582e-023
