1.022  8.27292e-020
2.044  8.30372e-020
3.066  8.33433e-020
4.088  8.36475e-020
5.11  8.39498e-020
6.132  8.425e-020
7.154  8.4548e-020
8.176  8.48438e-020
9.198  8.51374e-020
10.22  8.54287e-020
11.242  8.57176e-020
12.264  8.60043e-020
13.286  8.62888e-020
14.308  8.65712e-020
15.33  8.68515e-020
16.352  8.71297e-020
17.374  8.7406e-020
18.396  8.76803e-020
19.418  8.79529e-020
20.44  8.82236e-020
21.462  8.84926e-020
22.484  8.87599e-020
23.506  8.90255e-020
24.528  8.92895e-020
25.55  8.95519e-020
26.572  8.98127e-020
27.594  9.00719e-020
28.616  9.03295e-020
29.638  9.05856e-020
30.66  9.08401e-020
31.682  9.1093e-020
32.704  9.13443e-020
33.726  9.15941e-020
34.748  9.18423e-020
35.77  9.20888e-020
36.792  9.23338e-020
37.814  9.25771e-020
38.836  9.28187e-020
39.858  9.30586e-020
40.88  9.32968e-020
41.902  9.35333e-020
42.924  9.3768e-020
43.946  9.40009e-020
44.968  9.42319e-020
45.99  9.44612e-020
47.012  9.46885e-020
48.034  9.4914e-020
49.056  9.51374e-020
50.078  9.5359e-020
51.1  9.55785e-020
52.122  9.5796e-020
53.144  9.60114e-020
54.166  9.62247e-020
55.188  9.64359e-020
56.21  9.66449e-020
57.232  9.68517e-020
58.254  9.70563e-020
59.276  9.72586e-020
60.298  9.74586e-020
61.32  9.76563e-020
62.342  9.78516e-020
63.364  9.80445e-020
64.386  9.8235e-020
65.408  9.84231e-020
66.43  9.86086e-020
67.452  9.87917e-020
68.474  9.89721e-020
69.496  9.915e-020
70.518  9.93253e-020
71.54  9.94979e-020
72.562  9.96679e-020
73.584  9.98351e-020
74.606  9.99996e-020
75.628  1.00161e-019
76.65  1.0032e-019
77.672  1.00476e-019
78.694  1.0063e-019
79.716  1.0078e-019
80.738  1.00927e-019
81.76  1.01072e-019
82.782  1.01213e-019
83.804  1.01352e-019
84.826  1.01487e-019
85.848  1.0162e-019
86.87  1.01749e-019
87.892  1.01875e-019
88.914  1.01998e-019
89.936  1.02118e-019
90.958  1.02235e-019
91.98  1.02348e-019
93.002  1.02459e-019
94.024  1.02565e-019
95.046  1.02669e-019
96.068  1.02769e-019
97.09  1.02866e-019
98.112  1.0296e-019
99.134  1.0305e-019
100.156  1.03137e-019
101.178  1.0322e-019
102.2  1.033e-019
103.222  1.03376e-019
104.244  1.03449e-019
105.266  1.03518e-019
106.288  1.03584e-019
107.31  1.03646e-019
108.332  1.03704e-019
109.354  1.03759e-019
110.376  1.0381e-019
111.398  1.03857e-019
112.42  1.03901e-019
113.442  1.03941e-019
114.464  1.03977e-019
115.486  1.04009e-019
116.508  1.04038e-019
117.53  1.04062e-019
118.552  1.04083e-019
119.574  1.041e-019
120.596  1.04113e-019
121.618  1.04122e-019
122.64  1.04127e-019
123.662  1.04128e-019
124.684  1.04124e-019
125.706  1.04117e-019
126.728  1.04106e-019
127.75  1.04091e-019
128.772  1.04071e-019
129.794  1.04048e-019
130.816  1.0402e-019
131.838  1.03988e-019
132.86  1.03952e-019
133.882  1.03911e-019
134.904  1.03867e-019
135.926  1.03818e-019
136.948  1.03764e-019
137.97  1.03706e-019
138.992  1.03644e-019
140.014  1.03577e-019
141.036  1.03506e-019
142.058  1.0343e-019
143.08  1.0335e-019
144.102  1.03265e-019
145.124  1.03176e-019
146.146  1.03082e-019
147.168  1.02983e-019
148.19  1.0288e-019
149.212  1.02772e-019
150.234  1.02659e-019
151.256  1.02541e-019
152.278  1.02419e-019
153.3  1.02291e-019
154.322  1.02159e-019
155.344  1.02021e-019
156.366  1.01879e-019
157.388  1.01732e-019
158.41  1.01579e-019
159.432  1.01421e-019
160.454  1.01259e-019
161.476  1.01091e-019
162.498  1.00917e-019
163.52  1.00739e-019
164.542  1.00555e-019
165.564  1.00365e-019
166.586  1.0017e-019
167.608  9.99701e-020
168.63  9.97642e-020
169.652  9.95527e-020
170.674  9.93356e-020
171.696  9.91127e-020
172.718  9.88841e-020
173.74  9.86496e-020
174.762  9.84093e-020
175.784  9.8163e-020
176.806  9.79108e-020
177.828  9.76525e-020
178.85  9.73881e-020
179.872  9.71175e-020
180.894  9.68407e-020
181.916  9.65576e-020
182.938  9.62681e-020
183.96  9.59723e-020
184.982  9.56699e-020
186.004  9.5361e-020
187.026  9.50455e-020
188.048  9.47233e-020
189.07  9.43943e-020
190.092  9.40585e-020
191.114  9.37159e-020
192.136  9.33662e-020
193.158  9.30096e-020
194.18  9.26458e-020
195.202  9.22749e-020
196.224  9.18967e-020
197.246  9.15112e-020
198.268  9.11182e-020
199.29  9.07179e-020
200.312  9.03099e-020
201.334  8.98944e-020
202.356  8.94712e-020
203.378  8.90402e-020
204.4  8.86013e-020
205.422  8.81545e-020
206.444  8.76998e-020
207.466  8.72369e-020
208.488  8.67659e-020
209.51  8.62867e-020
210.532  8.57992e-020
211.554  8.53034e-020
212.576  8.47991e-020
213.598  8.42862e-020
214.62  8.37648e-020
215.642  8.32348e-020
216.664  8.2696e-020
217.686  8.21484e-020
218.708  8.15919e-020
219.73  8.10266e-020
220.752  8.04522e-020
221.774  7.98688e-020
222.796  7.92762e-020
223.818  7.86745e-020
224.84  7.80636e-020
225.862  7.74433e-020
226.884  7.68138e-020
227.906  7.61748e-020
228.928  7.55264e-020
229.95  7.48685e-020
230.972  7.42012e-020
231.994  7.35242e-020
233.016  7.28377e-020
234.038  7.21416e-020
235.06  7.14359e-020
236.082  7.07204e-020
237.104  6.99954e-020
238.126  6.92606e-020
239.148  6.85162e-020
240.17  6.7762e-020
241.192  6.69982e-020
242.214  6.62248e-020
243.236  6.54417e-020
244.258  6.46489e-020
245.28  6.38466e-020
246.302  6.30348e-020
247.324  6.22135e-020
248.346  6.13827e-020
249.368  6.05425e-020
250.39  5.96931e-020
251.412  5.88344e-020
252.434  5.79667e-020
253.456  5.70899e-020
254.478  5.62042e-020
255.5  5.53097e-020
256.522  5.44066e-020
257.544  5.3495e-020
258.566  5.2575e-020
259.588  5.16469e-020
260.61  5.07108e-020
261.632  4.97669e-020
262.654  4.88155e-020
263.676  4.78568e-020
264.698  4.68909e-020
265.72  4.59183e-020
266.742  4.49391e-020
267.764  4.39536e-020
268.786  4.29622e-020
269.808  4.19652e-020
270.83  4.0963e-020
271.852  3.99558e-020
272.874  3.89442e-020
273.896  3.79285e-020
274.918  3.69091e-020
275.94  3.58866e-020
276.962  3.48613e-020
277.984  3.38339e-020
279.006  3.28047e-020
280.028  3.17745e-020
281.05  3.07437e-020
282.072  2.97129e-020
283.094  2.86829e-020
284.116  2.76543e-020
285.138  2.66277e-020
286.16  2.56039e-020
287.182  2.45837e-020
288.204  2.35679e-020
289.226  2.25572e-020
290.248  2.15526e-020
291.27  2.05549e-020
292.292  1.95651e-020
293.314  1.85841e-020
294.336  1.7613e-020
295.358  1.66528e-020
296.38  1.57047e-020
297.402  1.47697e-020
298.424  1.3849e-020
299.446  1.29438e-020
300.468  1.20555e-020
301.49  1.11854e-020
302.512  1.03348e-020
303.534  9.50506e-021
304.556  8.69778e-021
305.578  7.91444e-021
306.6  7.15661e-021
307.622  6.42594e-021
308.644  5.7241e-021
309.666  5.05286e-021
310.688  4.41403e-021
311.71  3.80947e-021
312.732  3.24113e-021
313.754  2.711e-021
314.776  2.22115e-021
315.798  1.77372e-021
316.82  1.37091e-021
317.842  1.01499e-021
318.864  7.08319e-022
319.886  4.53301e-022
320.908  2.52433e-022
321.93  1.08276e-022
322.952  2.34568e-023
