1.022  1.75816e-020
2.044  1.72693e-020
3.066  1.69619e-020
4.088  1.66591e-020
5.11  1.6361e-020
6.132  1.60675e-020
7.154  1.57785e-020
8.176  1.54939e-020
9.198  1.52138e-020
10.22  1.49381e-020
11.242  1.46666e-020
12.264  1.43994e-020
13.286  1.41365e-020
14.308  1.38777e-020
15.33  1.36231e-020
16.352  1.33727e-020
17.374  1.31263e-020
18.396  1.2884e-020
19.418  1.26457e-020
20.44  1.24114e-020
21.462  1.2181e-020
22.484  1.19545e-020
23.506  1.17319e-020
24.528  1.15131e-020
25.55  1.1298e-020
26.572  1.10867e-020
27.594  1.0879e-020
28.616  1.0675e-020
29.638  1.04745e-020
30.66  1.02776e-020
31.682  1.00842e-020
32.704  9.89431e-021
33.726  9.70778e-021
34.748  9.52461e-021
35.77  9.34476e-021
36.792  9.16819e-021
37.814  8.99485e-021
38.836  8.82471e-021
39.858  8.65771e-021
40.88  8.49381e-021
41.902  8.33298e-021
42.924  8.17517e-021
43.946  8.02034e-021
44.968  7.86845e-021
45.99  7.71947e-021
47.012  7.57334e-021
48.034  7.43004e-021
49.056  7.28953e-021
50.078  7.15176e-021
51.1  7.0167e-021
52.122  6.88431e-021
53.144  6.75457e-021
54.166  6.62742e-021
55.188  6.50284e-021
56.21  6.3808e-021
57.232  6.26125e-021
58.254  6.14416e-021
59.276  6.02951e-021
60.298  5.91726e-021
61.32  5.80737e-021
62.342  5.69982e-021
63.364  5.59457e-021
64.386  5.49159e-021
65.408  5.39086e-021
66.43  5.29233e-021
67.452  5.196e-021
68.474  5.10181e-021
69.496  5.00975e-021
70.518  4.91979e-021
71.54  4.83189e-021
72.562  4.74604e-021
73.584  4.6622e-021
74.606  4.58035e-021
75.628  4.50046e-021
76.65  4.42251e-021
77.672  4.34646e-021
78.694  4.2723e-021
79.716  4.2e-021
80.738  4.12953e-021
81.76  4.06088e-021
82.782  3.99401e-021
83.804  3.9289e-021
84.826  3.86553e-021
85.848  3.80387e-021
86.87  3.74391e-021
87.892  3.68562e-021
88.914  3.62898e-021
89.936  3.57396e-021
90.958  3.52055e-021
91.98  3.46872e-021
93.002  3.41846e-021
94.024  3.36973e-021
95.046  3.32252e-021
96.068  3.27681e-021
97.09  3.23258e-021
98.112  3.18981e-021
99.134  3.14848e-021
100.156  3.10857e-021
101.178  3.07005e-021
102.2  3.03292e-021
103.222  2.99715e-021
104.244  2.96271e-021
105.266  2.92961e-021
106.288  2.8978e-021
107.31  2.86729e-021
108.332  2.83804e-021
109.354  2.81004e-021
110.376  2.78327e-021
111.398  2.75772e-021
112.42  2.73337e-021
113.442  2.71019e-021
114.464  2.68817e-021
115.486  2.6673e-021
116.508  2.64756e-021
117.53  2.62892e-021
118.552  2.61138e-021
119.574  2.59491e-021
120.596  2.5795e-021
121.618  2.56514e-021
122.64  2.5518e-021
123.662  2.53946e-021
124.684  2.52812e-021
125.706  2.51776e-021
126.728  2.50836e-021
127.75  2.4999e-021
128.772  2.49237e-021
129.794  2.48575e-021
130.816  2.48002e-021
131.838  2.47517e-021
132.86  2.47119e-021
133.882  2.46805e-021
134.904  2.46574e-021
135.926  2.46425e-021
136.948  2.46355e-021
137.97  2.46364e-021
138.992  2.46449e-021
140.014  2.46609e-021
141.036  2.46843e-021
142.058  2.47149e-021
143.08  2.47525e-021
144.102  2.47969e-021
145.124  2.48481e-021
146.146  2.49058e-021
147.168  2.49698e-021
148.19  2.50401e-021
149.212  2.51165e-021
150.234  2.51987e-021
151.256  2.52867e-021
152.278  2.53802e-021
153.3  2.54792e-021
154.322  2.55833e-021
155.344  2.56926e-021
156.366  2.58067e-021
157.388  2.59256e-021
158.41  2.60491e-021
159.432  2.6177e-021
160.454  2.63091e-021
161.476  2.64453e-021
162.498  2.65853e-021
163.52  2.67291e-021
164.542  2.68765e-021
165.564  2.70272e-021
166.586  2.71811e-021
167.608  2.73381e-021
168.63  2.74979e-021
169.652  2.76604e-021
170.674  2.78254e-021
171.696  2.79927e-021
172.718  2.81622e-021
173.74  2.83336e-021
174.762  2.85068e-021
175.784  2.86815e-021
176.806  2.88577e-021
177.828  2.90351e-021
178.85  2.92136e-021
179.872  2.93929e-021
180.894  2.95728e-021
181.916  2.97532e-021
182.938  2.99339e-021
183.96  3.01147e-021
184.982  3.02954e-021
186.004  3.04758e-021
187.026  3.06557e-021
188.048  3.08349e-021
189.07  3.10132e-021
190.092  3.11904e-021
191.114  3.13663e-021
192.136  3.15407e-021
193.158  3.17135e-021
194.18  3.18843e-021
195.202  3.20531e-021
196.224  3.22196e-021
197.246  3.23835e-021
198.268  3.25448e-021
199.29  3.27031e-021
200.312  3.28583e-021
201.334  3.30102e-021
202.356  3.31585e-021
203.378  3.33031e-021
204.4  3.34438e-021
205.422  3.35803e-021
206.444  3.37124e-021
207.466  3.38399e-021
208.488  3.39626e-021
209.51  3.40804e-021
210.532  3.41929e-021
211.554  3.43e-021
212.576  3.44015e-021
213.598  3.44971e-021
214.62  3.45867e-021
215.642  3.467e-021
216.664  3.47469e-021
217.686  3.48171e-021
218.708  3.48805e-021
219.73  3.49367e-021
220.752  3.49857e-021
221.774  3.50272e-021
222.796  3.5061e-021
223.818  3.5087e-021
224.84  3.51048e-021
225.862  3.51144e-021
226.884  3.51156e-021
227.906  3.51081e-021
228.928  3.50917e-021
229.95  3.50664e-021
230.972  3.50318e-021
231.994  3.49878e-021
233.016  3.49343e-021
234.038  3.48711e-021
235.06  3.4798e-021
236.082  3.47148e-021
237.104  3.46214e-021
238.126  3.45177e-021
239.148  3.44034e-021
240.17  3.42785e-021
241.192  3.41427e-021
242.214  3.39961e-021
243.236  3.38383e-021
244.258  3.36694e-021
245.28  3.34893e-021
246.302  3.32977e-021
247.324  3.30946e-021
248.346  3.28799e-021
249.368  3.26536e-021
250.39  3.24155e-021
251.412  3.21656e-021
252.434  3.19039e-021
253.456  3.16302e-021
254.478  3.13446e-021
255.5  3.1047e-021
256.522  3.07375e-021
257.544  3.04159e-021
258.566  3.00824e-021
259.588  2.97368e-021
260.61  2.93794e-021
261.632  2.90101e-021
262.654  2.86289e-021
263.676  2.8236e-021
264.698  2.78315e-021
265.72  2.74154e-021
266.742  2.69878e-021
267.764  2.6549e-021
268.786  2.6099e-021
269.808  2.56381e-021
270.83  2.51664e-021
271.852  2.46841e-021
272.874  2.41915e-021
273.896  2.36889e-021
274.918  2.31764e-021
275.94  2.26544e-021
276.962  2.21233e-021
277.984  2.15833e-021
279.006  2.10348e-021
280.028  2.04782e-021
281.05  1.99139e-021
282.072  1.93424e-021
283.094  1.87642e-021
284.116  1.81797e-021
285.138  1.75895e-021
286.16  1.69941e-021
287.182  1.63941e-021
288.204  1.57901e-021
289.226  1.51829e-021
290.248  1.4573e-021
291.27  1.39612e-021
292.292  1.33483e-021
293.314  1.27351e-021
294.336  1.21224e-021
295.358  1.15111e-021
296.38  1.0902e-021
297.402  1.02962e-021
298.424  9.6947e-022
299.446  9.09847e-022
300.468  8.50863e-022
301.49  7.92633e-022
302.512  7.35273e-022
303.534  6.78908e-022
304.556  6.23667e-022
305.578  5.69682e-022
306.6  5.17093e-022
307.622  4.66045e-022
308.644  4.16686e-022
309.666  3.69174e-022
310.688  3.2367e-022
311.71  2.80341e-022
312.732  2.39362e-022
313.754  2.00912e-022
314.776  1.65179e-022
315.798  1.32357e-022
316.82  1.02644e-022
317.842  7.62495e-023
318.864  5.33867e-023
319.886  3.42772e-023
320.908  1.91497e-023
321.93  8.24003e-024
322.952  1.79072e-024
