1.022  3.63407e-020
2.044  3.65457e-020
3.066  3.67495e-020
4.088  3.69519e-020
5.11  3.71529e-020
6.132  3.73526e-020
7.154  3.75509e-020
8.176  3.77477e-020
9.198  3.79431e-020
10.22  3.81371e-020
11.242  3.83296e-020
12.264  3.85207e-020
13.286  3.87104e-020
14.308  3.88988e-020
15.33  3.90858e-020
16.352  3.92715e-020
17.374  3.9456e-020
18.396  3.96392e-020
19.418  3.98213e-020
20.44  4.00022e-020
21.462  4.01819e-020
22.484  4.03606e-020
23.506  4.05381e-020
24.528  4.07147e-020
25.55  4.08901e-020
26.572  4.10645e-020
27.594  4.1238e-020
28.616  4.14104e-020
29.638  4.15818e-020
30.66  4.17522e-020
31.682  4.19216e-020
32.704  4.209e-020
33.726  4.22575e-020
34.748  4.24239e-020
35.77  4.25894e-020
36.792  4.27539e-020
37.814  4.29174e-020
38.836  4.30799e-020
39.858  4.32414e-020
40.88  4.34019e-020
41.902  4.35614e-020
42.924  4.37198e-020
43.946  4.38773e-020
44.968  4.40337e-020
45.99  4.4189e-020
47.012  4.43433e-020
48.034  4.44966e-020
49.056  4.46487e-020
50.078  4.47998e-020
51.1  4.49498e-020
52.122  4.50987e-020
53.144  4.52464e-020
54.166  4.53931e-020
55.188  4.55386e-020
56.21  4.56829e-020
57.232  4.58261e-020
58.254  4.59681e-020
59.276  4.6109e-020
60.298  4.62486e-020
61.32  4.6387e-020
62.342  4.65242e-020
63.364  4.66602e-020
64.386  4.6795e-020
65.408  4.69285e-020
66.43  4.70607e-020
67.452  4.71916e-020
68.474  4.73213e-020
69.496  4.74496e-020
70.518  4.75766e-020
71.54  4.77024e-020
72.562  4.78267e-020
73.584  4.79497e-020
74.606  4.80714e-020
75.628  4.81917e-020
76.65  4.83106e-020
77.672  4.84281e-020
78.694  4.85442e-020
79.716  4.86589e-020
80.738  4.87722e-020
81.76  4.8884e-020
82.782  4.89944e-020
83.804  4.91033e-020
84.826  4.92107e-020
85.848  4.93167e-020
86.87  4.94211e-020
87.892  4.95241e-020
88.914  4.96255e-020
89.936  4.97254e-020
90.958  4.98238e-020
91.98  4.99206e-020
93.002  5.00159e-020
94.024  5.01095e-020
95.046  5.02016e-020
96.068  5.02922e-020
97.09  5.03811e-020
98.112  5.04684e-020
99.134  5.05541e-020
100.156  5.06381e-020
101.178  5.07205e-020
102.2  5.08013e-020
103.222  5.08804e-020
104.244  5.09578e-020
105.266  5.10335e-020
106.288  5.11076e-020
107.31  5.11799e-020
108.332  5.12505e-020
109.354  5.13194e-020
110.376  5.13865e-020
111.398  5.1452e-020
112.42  5.15156e-020
113.442  5.15775e-020
114.464  5.16376e-020
115.486  5.16959e-020
116.508  5.17524e-020
117.53  5.18071e-020
118.552  5.18599e-020
119.574  5.1911e-020
120.596  5.19601e-020
121.618  5.20075e-020
122.64  5.20529e-020
123.662  5.20965e-020
124.684  5.21381e-020
125.706  5.21779e-020
126.728  5.22157e-020
127.75  5.22516e-020
128.772  5.22856e-020
129.794  5.23176e-020
130.816  5.23476e-020
131.838  5.23756e-020
132.86  5.24016e-020
133.882  5.24256e-020
134.904  5.24476e-020
135.926  5.24675e-020
136.948  5.24853e-020
137.97  5.25011e-020
138.992  5.25148e-020
140.014  5.25263e-020
141.036  5.25357e-020
142.058  5.2543e-020
143.08  5.25481e-020
144.102  5.2551e-020
145.124  5.25517e-020
146.146  5.25502e-020
147.168  5.25464e-020
148.19  5.25403e-020
149.212  5.2532e-020
150.234  5.25214e-020
151.256  5.25084e-020
152.278  5.2493e-020
153.3  5.24753e-020
154.322  5.24552e-020
155.344  5.24326e-020
156.366  5.24076e-020
157.388  5.23801e-020
158.41  5.23501e-020
159.432  5.23176e-020
160.454  5.22825e-020
161.476  5.22448e-020
162.498  5.22044e-020
163.52  5.21615e-020
164.542  5.21158e-020
165.564  5.20674e-020
166.586  5.20163e-020
167.608  5.19624e-020
168.63  5.19056e-020
169.652  5.18461e-020
170.674  5.17836e-020
171.696  5.17182e-020
172.718  5.16498e-020
173.74  5.15785e-020
174.762  5.15041e-020
175.784  5.14266e-020
176.806  5.1346e-020
177.828  5.12622e-020
178.85  5.11752e-020
179.872  5.1085e-020
180.894  5.09915e-020
181.916  5.08946e-020
182.938  5.07944e-020
183.96  5.06907e-020
184.982  5.05836e-020
186.004  5.04729e-020
187.026  5.03587e-020
188.048  5.02408e-020
189.07  5.01192e-020
190.092  4.9994e-020
191.114  4.98649e-020
192.136  4.9732e-020
193.158  4.95952e-020
194.18  4.94545e-020
195.202  4.93098e-020
196.224  4.9161e-020
197.246  4.90082e-020
198.268  4.88511e-020
199.29  4.86898e-020
200.312  4.85243e-020
201.334  4.83544e-020
202.356  4.81801e-020
203.378  4.80014e-020
204.4  4.78181e-020
205.422  4.76302e-020
206.444  4.74377e-020
207.466  4.72405e-020
208.488  4.70386e-020
209.51  4.68318e-020
210.532  4.66201e-020
211.554  4.64035e-020
212.576  4.61818e-020
213.598  4.59551e-020
214.62  4.57232e-020
215.642  4.54862e-020
216.664  4.52439e-020
217.686  4.49962e-020
218.708  4.47432e-020
219.73  4.44848e-020
220.752  4.42208e-020
221.774  4.39513e-020
222.796  4.36762e-020
223.818  4.33954e-020
224.84  4.31088e-020
225.862  4.28165e-020
226.884  4.25183e-020
227.906  4.22143e-020
228.928  4.19043e-020
229.95  4.15883e-020
230.972  4.12663e-020
231.994  4.09382e-020
233.016  4.06039e-020
234.038  4.02635e-020
235.06  3.99169e-020
236.082  3.95641e-020
237.104  3.92049e-020
238.126  3.88395e-020
239.148  3.84677e-020
240.17  3.80895e-020
241.192  3.7705e-020
242.214  3.73141e-020
243.236  3.69167e-020
244.258  3.65129e-020
245.28  3.61027e-020
246.302  3.56861e-020
247.324  3.5263e-020
248.346  3.48335e-020
249.368  3.43975e-020
250.39  3.39552e-020
251.412  3.35065e-020
252.434  3.30515e-020
253.456  3.25902e-020
254.478  3.21226e-020
255.5  3.16488e-020
256.522  3.11688e-020
257.544  3.06828e-020
258.566  3.01907e-020
259.588  2.96927e-020
260.61  2.91888e-020
261.632  2.86792e-020
262.654  2.8164e-020
263.676  2.76432e-020
264.698  2.7117e-020
265.72  2.65855e-020
266.742  2.60489e-020
267.764  2.55073e-020
268.786  2.49609e-020
269.808  2.44099e-020
270.83  2.38545e-020
271.852  2.32948e-020
272.874  2.27312e-020
273.896  2.21637e-020
274.918  2.15928e-020
275.94  2.10185e-020
276.962  2.04413e-020
277.984  1.98614e-020
279.006  1.92791e-020
280.028  1.86947e-020
281.05  1.81086e-020
282.072  1.75212e-020
283.094  1.69328e-020
284.116  1.63437e-020
285.138  1.57546e-020
286.16  1.51656e-020
287.182  1.45775e-020
288.204  1.39905e-020
289.226  1.34052e-020
290.248  1.28222e-020
291.27  1.2242e-020
292.292  1.16652e-020
293.314  1.10923e-020
294.336  1.0524e-020
295.358  9.961e-021
296.38  9.4039e-021
297.402  8.85344e-021
298.424  8.31036e-021
299.446  7.77543e-021
300.468  7.24945e-021
301.49  6.73325e-021
302.512  6.2277e-021
303.534  5.73368e-021
304.556  5.25214e-021
305.578  4.78405e-021
306.6  4.3304e-021
307.622  3.89225e-021
308.644  3.47067e-021
309.666  3.06678e-021
310.688  2.68174e-021
311.71  2.31676e-021
312.732  1.97309e-021
313.754  1.652e-021
314.776  1.35484e-021
315.798  1.08298e-021
316.82  8.37857e-022
317.842  6.20937e-022
318.864  4.33743e-022
319.886  2.77849e-022
320.908  1.54876e-022
321.93  6.64944e-023
322.952  1.44189e-023
