1.022  1.26332e-019
2.044  1.26317e-019
3.066  1.26303e-019
4.088  1.26288e-019
5.11  1.26274e-019
6.132  1.26259e-019
7.154  1.26243e-019
8.176  1.26227e-019
9.198  1.26211e-019
10.22  1.26194e-019
11.242  1.26176e-019
12.264  1.26157e-019
13.286  1.26139e-019
14.308  1.26119e-019
15.33  1.261e-019
16.352  1.2608e-019
17.374  1.26059e-019
18.396  1.26039e-019
19.418  1.26019e-019
20.44  1.25999e-019
21.462  1.25979e-019
22.484  1.25959e-019
23.506  1.25939e-019
24.528  1.2592e-019
25.55  1.259e-019
26.572  1.25882e-019
27.594  1.25863e-019
28.616  1.25845e-019
29.638  1.25827e-019
30.66  1.25809e-019
31.682  1.25791e-019
32.704  1.25774e-019
33.726  1.25757e-019
34.748  1.2574e-019
35.77  1.25724e-019
36.792  1.25707e-019
37.814  1.25691e-019
38.836  1.25675e-019
39.858  1.25658e-019
40.88  1.25642e-019
41.902  1.25626e-019
42.924  1.25609e-019
43.946  1.25593e-019
44.968  1.25576e-019
45.99  1.25559e-019
47.012  1.25542e-019
48.034  1.25525e-019
49.056  1.25507e-019
50.078  1.25489e-019
51.1  1.2547e-019
52.122  1.25451e-019
53.144  1.25431e-019
54.166  1.25411e-019
55.188  1.2539e-019
56.21  1.25369e-019
57.232  1.25346e-019
58.254  1.25323e-019
59.276  1.253e-019
60.298  1.25275e-019
61.32  1.25249e-019
62.342  1.25223e-019
63.364  1.25195e-019
64.386  1.25167e-019
65.408  1.25137e-019
66.43  1.25106e-019
67.452  1.25074e-019
68.474  1.25041e-019
69.496  1.25007e-019
70.518  1.24971e-019
71.54  1.24934e-019
72.562  1.24896e-019
73.584  1.24857e-019
74.606  1.24815e-019
75.628  1.24773e-019
76.65  1.24729e-019
77.672  1.24683e-019
78.694  1.24636e-019
79.716  1.24587e-019
80.738  1.24537e-019
81.76  1.24485e-019
82.782  1.24431e-019
83.804  1.24375e-019
84.826  1.24318e-019
85.848  1.24259e-019
86.87  1.24197e-019
87.892  1.24135e-019
88.914  1.2407e-019
89.936  1.24003e-019
90.958  1.23934e-019
91.98  1.23863e-019
93.002  1.2379e-019
94.024  1.23715e-019
95.046  1.23638e-019
96.068  1.23559e-019
97.09  1.23478e-019
98.112  1.23394e-019
99.134  1.23309e-019
100.156  1.23221e-019
101.178  1.23131e-019
102.2  1.23038e-019
103.222  1.22943e-019
104.244  1.22846e-019
105.266  1.22746e-019
106.288  1.22644e-019
107.31  1.2254e-019
108.332  1.22433e-019
109.354  1.22324e-019
110.376  1.22212e-019
111.398  1.22098e-019
112.42  1.21981e-019
113.442  1.21861e-019
114.464  1.21739e-019
115.486  1.21614e-019
116.508  1.21487e-019
117.53  1.21357e-019
118.552  1.21224e-019
119.574  1.21089e-019
120.596  1.2095e-019
121.618  1.20809e-019
122.64  1.20665e-019
123.662  1.20519e-019
124.684  1.20369e-019
125.706  1.20217e-019
126.728  1.20061e-019
127.75  1.19903e-019
128.772  1.19742e-019
129.794  1.19578e-019
130.816  1.1941e-019
131.838  1.1924e-019
132.86  1.19067e-019
133.882  1.1889e-019
134.904  1.18711e-019
135.926  1.18528e-019
136.948  1.18342e-019
137.97  1.18153e-019
138.992  1.17961e-019
140.014  1.17765e-019
141.036  1.17566e-019
142.058  1.17364e-019
143.08  1.17159e-019
144.102  1.1695e-019
145.124  1.16737e-019
146.146  1.16521e-019
147.168  1.16302e-019
148.19  1.16079e-019
149.212  1.15853e-019
150.234  1.15623e-019
151.256  1.15389e-019
152.278  1.15152e-019
153.3  1.14911e-019
154.322  1.14666e-019
155.344  1.14417e-019
156.366  1.14165e-019
157.388  1.13908e-019
158.41  1.13648e-019
159.432  1.13384e-019
160.454  1.13115e-019
161.476  1.12843e-019
162.498  1.12567e-019
163.52  1.12286e-019
164.542  1.12001e-019
165.564  1.11712e-019
166.586  1.11419e-019
167.608  1.11121e-019
168.63  1.10819e-019
169.652  1.10512e-019
170.674  1.10201e-019
171.696  1.09885e-019
172.718  1.09565e-019
173.74  1.09239e-019
174.762  1.08909e-019
175.784  1.08575e-019
176.806  1.08235e-019
177.828  1.0789e-019
178.85  1.0754e-019
179.872  1.07185e-019
180.894  1.06825e-019
181.916  1.0646e-019
182.938  1.06089e-019
183.96  1.05713e-019
184.982  1.05332e-019
186.004  1.04945e-019
187.026  1.04552e-019
188.048  1.04153e-019
189.07  1.03749e-019
190.092  1.03339e-019
191.114  1.02923e-019
192.136  1.02501e-019
193.158  1.02072e-019
194.18  1.01638e-019
195.202  1.01197e-019
196.224  1.0075e-019
197.246  1.00296e-019
198.268  9.98355e-020
199.29  9.93684e-020
200.312  9.88946e-020
201.334  9.84139e-020
202.356  9.79262e-020
203.378  9.74314e-020
204.4  9.69295e-020
205.422  9.64203e-020
206.444  9.59038e-020
207.466  9.53798e-020
208.488  9.48483e-020
209.51  9.43091e-020
210.532  9.37621e-020
211.554  9.32073e-020
212.576  9.26445e-020
213.598  9.20736e-020
214.62  9.14946e-020
215.642  9.09074e-020
216.664  9.03118e-020
217.686  8.97077e-020
218.708  8.90951e-020
219.73  8.84738e-020
220.752  8.78438e-020
221.774  8.72049e-020
222.796  8.65572e-020
223.818  8.59003e-020
224.84  8.52344e-020
225.862  8.45593e-020
226.884  8.38749e-020
227.906  8.31811e-020
228.928  8.24778e-020
229.95  8.17651e-020
230.972  8.10427e-020
231.994  8.03107e-020
233.016  7.95689e-020
234.038  7.88173e-020
235.06  7.80558e-020
236.082  7.72844e-020
237.104  7.6503e-020
238.126  7.57117e-020
239.148  7.49102e-020
240.17  7.40986e-020
241.192  7.3277e-020
242.214  7.24451e-020
243.236  7.16031e-020
244.258  7.07509e-020
245.28  6.98886e-020
246.302  6.9016e-020
247.324  6.81333e-020
248.346  6.72405e-020
249.368  6.63375e-020
250.39  6.54245e-020
251.412  6.45015e-020
252.434  6.35685e-020
253.456  6.26256e-020
254.478  6.1673e-020
255.5  6.07106e-020
256.522  5.97387e-020
257.544  5.87572e-020
258.566  5.77665e-020
259.588  5.67665e-020
260.61  5.57575e-020
261.632  5.47397e-020
262.654  5.37132e-020
263.676  5.26783e-020
264.698  5.16352e-020
265.72  5.05841e-020
266.742  4.95254e-020
267.764  4.84592e-020
268.786  4.7386e-020
269.808  4.63059e-020
270.83  4.52195e-020
271.852  4.4127e-020
272.874  4.30289e-020
273.896  4.19256e-020
274.918  4.08175e-020
275.94  3.9705e-020
276.962  3.85888e-020
277.984  3.74693e-020
279.006  3.63471e-020
280.028  3.52228e-020
281.05  3.40969e-020
282.072  3.29702e-020
283.094  3.18433e-020
284.116  3.0717e-020
285.138  2.9592e-020
286.16  2.8469e-020
287.182  2.7349e-020
288.204  2.62328e-020
289.226  2.51212e-020
290.248  2.40153e-020
291.27  2.29161e-020
292.292  2.18245e-020
293.314  2.07417e-020
294.336  1.96688e-020
295.358  1.8607e-020
296.38  1.75575e-020
297.402  1.65215e-020
298.424  1.55005e-020
299.446  1.44958e-020
300.468  1.35088e-020
301.49  1.2541e-020
302.512  1.15941e-020
303.534  1.06696e-020
304.556  9.76916e-021
305.578  8.89461e-021
306.6  8.04774e-021
307.622  7.23042e-021
308.644  6.4446e-021
309.666  5.69231e-021
310.688  4.97565e-021
311.71  4.29679e-021
312.732  3.65798e-021
313.754  3.06155e-021
314.776  2.50991e-021
315.798  2.00555e-021
316.82  1.55105e-021
317.842  1.14908e-021
318.864  8.02393e-022
319.886  5.13827e-022
320.908  2.86318e-022
321.93  1.22888e-022
322.952  2.66389e-023
