1.022  3.97327e-019
2.044  3.96184e-019
3.066  3.9505e-019
4.088  3.93926e-019
5.11  3.9281e-019
6.132  3.91702e-019
7.154  3.90602e-019
8.176  3.8951e-019
9.198  3.88424e-019
10.22  3.87345e-019
11.242  3.86273e-019
12.264  3.85207e-019
13.286  3.84149e-019
14.308  3.83098e-019
15.33  3.82053e-019
16.352  3.81017e-019
17.374  3.79988e-019
18.396  3.78967e-019
19.418  3.77954e-019
20.44  3.76949e-019
21.462  3.75953e-019
22.484  3.74964e-019
23.506  3.73985e-019
24.528  3.73013e-019
25.55  3.7205e-019
26.572  3.71096e-019
27.594  3.7015e-019
28.616  3.69212e-019
29.638  3.68282e-019
30.66  3.67361e-019
31.682  3.66447e-019
32.704  3.65542e-019
33.726  3.64644e-019
34.748  3.63754e-019
35.77  3.62871e-019
36.792  3.61995e-019
37.814  3.61127e-019
38.836  3.60266e-019
39.858  3.59411e-019
40.88  3.58563e-019
41.902  3.57721e-019
42.924  3.56886e-019
43.946  3.56057e-019
44.968  3.55233e-019
45.99  3.54416e-019
47.012  3.53603e-019
48.034  3.52797e-019
49.056  3.51995e-019
50.078  3.51198e-019
51.1  3.50406e-019
52.122  3.49619e-019
53.144  3.48836e-019
54.166  3.48057e-019
55.188  3.47282e-019
56.21  3.46512e-019
57.232  3.45745e-019
58.254  3.44981e-019
59.276  3.44221e-019
60.298  3.43464e-019
61.32  3.4271e-019
62.342  3.41959e-019
63.364  3.41211e-019
64.386  3.40466e-019
65.408  3.39722e-019
66.43  3.38981e-019
67.452  3.38242e-019
68.474  3.37506e-019
69.496  3.36771e-019
70.518  3.36037e-019
71.54  3.35305e-019
72.562  3.34575e-019
73.584  3.33846e-019
74.606  3.33117e-019
75.628  3.3239e-019
76.65  3.31664e-019
77.672  3.30939e-019
78.694  3.30214e-019
79.716  3.29489e-019
80.738  3.28765e-019
81.76  3.28041e-019
82.782  3.27317e-019
83.804  3.26593e-019
84.826  3.2587e-019
85.848  3.25145e-019
86.87  3.24421e-019
87.892  3.23696e-019
88.914  3.2297e-019
89.936  3.22244e-019
90.958  3.21517e-019
91.98  3.20789e-019
93.002  3.2006e-019
94.024  3.1933e-019
95.046  3.18599e-019
96.068  3.17867e-019
97.09  3.17133e-019
98.112  3.16398e-019
99.134  3.15661e-019
100.156  3.14923e-019
101.178  3.14182e-019
102.2  3.1344e-019
103.222  3.12697e-019
104.244  3.11951e-019
105.266  3.11203e-019
106.288  3.10452e-019
107.31  3.097e-019
108.332  3.08945e-019
109.354  3.08188e-019
110.376  3.07428e-019
111.398  3.06666e-019
112.42  3.05901e-019
113.442  3.05134e-019
114.464  3.04363e-019
115.486  3.0359e-019
116.508  3.02814e-019
117.53  3.02035e-019
118.552  3.01252e-019
119.574  3.00467e-019
120.596  2.99678e-019
121.618  2.98886e-019
122.64  2.98091e-019
123.662  2.97292e-019
124.684  2.96489e-019
125.706  2.95683e-019
126.728  2.94874e-019
127.75  2.9406e-019
128.772  2.93243e-019
129.794  2.92422e-019
130.816  2.91597e-019
131.838  2.90768e-019
132.86  2.89935e-019
133.882  2.89098e-019
134.904  2.88257e-019
135.926  2.87411e-019
136.948  2.86561e-019
137.97  2.85707e-019
138.992  2.84848e-019
140.014  2.83985e-019
141.036  2.83117e-019
142.058  2.82244e-019
143.08  2.81367e-019
144.102  2.80484e-019
145.124  2.79597e-019
146.146  2.78705e-019
147.168  2.77807e-019
148.19  2.76905e-019
149.212  2.75997e-019
150.234  2.75084e-019
151.256  2.74166e-019
152.278  2.73242e-019
153.3  2.72312e-019
154.322  2.71377e-019
155.344  2.70437e-019
156.366  2.6949e-019
157.388  2.68538e-019
158.41  2.67579e-019
159.432  2.66615e-019
160.454  2.65644e-019
161.476  2.64667e-019
162.498  2.63684e-019
163.52  2.62694e-019
164.542  2.61698e-019
165.564  2.60695e-019
166.586  2.59685e-019
167.608  2.58669e-019
168.63  2.57645e-019
169.652  2.56615e-019
170.674  2.55577e-019
171.696  2.54532e-019
172.718  2.53479e-019
173.74  2.52419e-019
174.762  2.51352e-019
175.784  2.50276e-019
176.806  2.49193e-019
177.828  2.48101e-019
178.85  2.47002e-019
179.872  2.45894e-019
180.894  2.44777e-019
181.916  2.43652e-019
182.938  2.42519e-019
183.96  2.41376e-019
184.982  2.40225e-019
186.004  2.39064e-019
187.026  2.37894e-019
188.048  2.36715e-019
189.07  2.35526e-019
190.092  2.34327e-019
191.114  2.33119e-019
192.136  2.319e-019
193.158  2.30671e-019
194.18  2.29432e-019
195.202  2.28182e-019
196.224  2.26921e-019
197.246  2.2565e-019
198.268  2.24367e-019
199.29  2.23073e-019
200.312  2.21768e-019
201.334  2.20451e-019
202.356  2.19122e-019
203.378  2.17781e-019
204.4  2.16428e-019
205.422  2.15063e-019
206.444  2.13686e-019
207.466  2.12295e-019
208.488  2.10892e-019
209.51  2.09475e-019
210.532  2.08046e-019
211.554  2.06602e-019
212.576  2.05146e-019
213.598  2.03675e-019
214.62  2.0219e-019
215.642  2.00691e-019
216.664  1.99178e-019
217.686  1.9765e-019
218.708  1.96108e-019
219.73  1.9455e-019
220.752  1.92977e-019
221.774  1.9139e-019
222.796  1.89786e-019
223.818  1.88167e-019
224.84  1.86532e-019
225.862  1.84881e-019
226.884  1.83214e-019
227.906  1.81531e-019
228.928  1.79831e-019
229.95  1.78115e-019
230.972  1.76382e-019
231.994  1.74632e-019
233.016  1.72866e-019
234.038  1.71082e-019
235.06  1.69281e-019
236.082  1.67462e-019
237.104  1.65626e-019
238.126  1.63773e-019
239.148  1.61902e-019
240.17  1.60014e-019
241.192  1.58108e-019
242.214  1.56184e-019
243.236  1.54243e-019
244.258  1.52284e-019
245.28  1.50307e-019
246.302  1.48313e-019
247.324  1.463e-019
248.346  1.44271e-019
249.368  1.42223e-019
250.39  1.40158e-019
251.412  1.38076e-019
252.434  1.35977e-019
253.456  1.33861e-019
254.478  1.31728e-019
255.5  1.29578e-019
256.522  1.27412e-019
257.544  1.25229e-019
258.566  1.23031e-019
259.588  1.20817e-019
260.61  1.18588e-019
261.632  1.16344e-019
262.654  1.14085e-019
263.676  1.11813e-019
264.698  1.09526e-019
265.72  1.07227e-019
266.742  1.04915e-019
267.764  1.02591e-019
268.786  1.00256e-019
269.808  9.79104e-020
270.83  9.55547e-020
271.852  9.31897e-020
272.874  9.08164e-020
273.896  8.84355e-020
274.918  8.6048e-020
275.94  8.36548e-020
276.962  8.12569e-020
277.984  7.88554e-020
279.006  7.64514e-020
280.028  7.40461e-020
281.05  7.16408e-020
282.072  6.92368e-020
283.094  6.68354e-020
284.116  6.44382e-020
285.138  6.20466e-020
286.16  5.96622e-020
287.182  5.72867e-020
288.204  5.49218e-020
289.226  5.25695e-020
290.248  5.02316e-020
291.27  4.79101e-020
292.292  4.56071e-020
293.314  4.33249e-020
294.336  4.10656e-020
295.358  3.88317e-020
296.38  3.66256e-020
297.402  3.445e-020
298.424  3.23076e-020
299.446  3.02011e-020
300.468  2.81334e-020
301.49  2.61076e-020
302.512  2.41269e-020
303.534  2.21945e-020
304.556  2.03139e-020
305.578  1.84885e-020
306.6  1.67221e-020
307.622  1.50185e-020
308.644  1.33816e-020
309.666  1.18154e-020
310.688  1.03244e-020
311.71  8.91282e-021
312.732  7.58527e-021
313.754  6.34647e-021
314.776  5.20131e-021
315.798  4.15484e-021
316.82  3.2123e-021
317.842  2.3791e-021
318.864  1.66082e-021
319.886  1.06324e-021
320.908  5.92298e-022
321.93  2.54145e-022
322.952  5.50774e-023
