1.022  3.07974e-019
2.044  3.07101e-019
3.066  3.06236e-019
4.088  3.05377e-019
5.11  3.04526e-019
6.132  3.03681e-019
7.154  3.02843e-019
8.176  3.0201e-019
9.198  3.01182e-019
10.22  3.0036e-019
11.242  2.99543e-019
12.264  2.98732e-019
13.286  2.97926e-019
14.308  2.97126e-019
15.33  2.96331e-019
16.352  2.95543e-019
17.374  2.9476e-019
18.396  2.93984e-019
19.418  2.93215e-019
20.44  2.92451e-019
21.462  2.91694e-019
22.484  2.90944e-019
23.506  2.90201e-019
24.528  2.89464e-019
25.55  2.88733e-019
26.572  2.8801e-019
27.594  2.87293e-019
28.616  2.86582e-019
29.638  2.85878e-019
30.66  2.85181e-019
31.682  2.8449e-019
32.704  2.83805e-019
33.726  2.83126e-019
34.748  2.82453e-019
35.77  2.81786e-019
36.792  2.81125e-019
37.814  2.80469e-019
38.836  2.79819e-019
39.858  2.79175e-019
40.88  2.78536e-019
41.902  2.77901e-019
42.924  2.77272e-019
43.946  2.76648e-019
44.968  2.76028e-019
45.99  2.75413e-019
47.012  2.74802e-019
48.034  2.74195e-019
49.056  2.73593e-019
50.078  2.72994e-019
51.1  2.72399e-019
52.122  2.71808e-019
53.144  2.71221e-019
54.166  2.70637e-019
55.188  2.70056e-019
56.21  2.69478e-019
57.232  2.68904e-019
58.254  2.68332e-019
59.276  2.67763e-019
60.298  2.67197e-019
61.32  2.66633e-019
62.342  2.66071e-019
63.364  2.65512e-019
64.386  2.64954e-019
65.408  2.64399e-019
66.43  2.63846e-019
67.452  2.63294e-019
68.474  2.62744e-019
69.496  2.62196e-019
70.518  2.61649e-019
71.54  2.61103e-019
72.562  2.60558e-019
73.584  2.60015e-019
74.606  2.59472e-019
75.628  2.5893e-019
76.65  2.5839e-019
77.672  2.57849e-019
78.694  2.5731e-019
79.716  2.5677e-019
80.738  2.56232e-019
81.76  2.55693e-019
82.782  2.55155e-019
83.804  2.54617e-019
84.826  2.54078e-019
85.848  2.5354e-019
86.87  2.53001e-019
87.892  2.52463e-019
88.914  2.51924e-019
89.936  2.51384e-019
90.958  2.50844e-019
91.98  2.50304e-019
93.002  2.49762e-019
94.024  2.4922e-019
95.046  2.48677e-019
96.068  2.48134e-019
97.09  2.47589e-019
98.112  2.47043e-019
99.134  2.46496e-019
100.156  2.45948e-019
101.178  2.45399e-019
102.2  2.44848e-019
103.222  2.44296e-019
104.244  2.43743e-019
105.266  2.43188e-019
106.288  2.42631e-019
107.31  2.42073e-019
108.332  2.41513e-019
109.354  2.40951e-019
110.376  2.40388e-019
111.398  2.39822e-019
112.42  2.39255e-019
113.442  2.38685e-019
114.464  2.38114e-019
115.486  2.3754e-019
116.508  2.36964e-019
117.53  2.36386e-019
118.552  2.35805e-019
119.574  2.35222e-019
120.596  2.34637e-019
121.618  2.34049e-019
122.64  2.33458e-019
123.662  2.32865e-019
124.684  2.3227e-019
125.706  2.31671e-019
126.728  2.3107e-019
127.75  2.30466e-019
128.772  2.29859e-019
129.794  2.29249e-019
130.816  2.28636e-019
131.838  2.28021e-019
132.86  2.27402e-019
133.882  2.2678e-019
134.904  2.26154e-019
135.926  2.25526e-019
136.948  2.24894e-019
137.97  2.24258e-019
138.992  2.2362e-019
140.014  2.22977e-019
141.036  2.22332e-019
142.058  2.21682e-019
143.08  2.21029e-019
144.102  2.20372e-019
145.124  2.19712e-019
146.146  2.19047e-019
147.168  2.18379e-019
148.19  2.17707e-019
149.212  2.1703e-019
150.234  2.1635e-019
151.256  2.15665e-019
152.278  2.14976e-019
153.3  2.14283e-019
154.322  2.13585e-019
155.344  2.12883e-019
156.366  2.12177e-019
157.388  2.11466e-019
158.41  2.1075e-019
159.432  2.10029e-019
160.454  2.09304e-019
161.476  2.08574e-019
162.498  2.07839e-019
163.52  2.07098e-019
164.542  2.06353e-019
165.564  2.05602e-019
166.586  2.04846e-019
167.608  2.04085e-019
168.63  2.03318e-019
169.652  2.02546e-019
170.674  2.01768e-019
171.696  2.00984e-019
172.718  2.00194e-019
173.74  1.99399e-019
174.762  1.98597e-019
175.784  1.97789e-019
176.806  1.96975e-019
177.828  1.96154e-019
178.85  1.95327e-019
179.872  1.94493e-019
180.894  1.93653e-019
181.916  1.92805e-019
182.938  1.91951e-019
183.96  1.9109e-019
184.982  1.90221e-019
186.004  1.89345e-019
187.026  1.88462e-019
188.048  1.87571e-019
189.07  1.86673e-019
190.092  1.85766e-019
191.114  1.84852e-019
192.136  1.83929e-019
193.158  1.82998e-019
194.18  1.82059e-019
195.202  1.81111e-019
196.224  1.80155e-019
197.246  1.79189e-019
198.268  1.78215e-019
199.29  1.77231e-019
200.312  1.76239e-019
201.334  1.75236e-019
202.356  1.74224e-019
203.378  1.73203e-019
204.4  1.72171e-019
205.422  1.7113e-019
206.444  1.70078e-019
207.466  1.69015e-019
208.488  1.67943e-019
209.51  1.66859e-019
210.532  1.65764e-019
211.554  1.64659e-019
212.576  1.63542e-019
213.598  1.62414e-019
214.62  1.61274e-019
215.642  1.60122e-019
216.664  1.58959e-019
217.686  1.57783e-019
218.708  1.56596e-019
219.73  1.55396e-019
220.752  1.54183e-019
221.774  1.52958e-019
222.796  1.5172e-019
223.818  1.50468e-019
224.84  1.49204e-019
225.862  1.47926e-019
226.884  1.46635e-019
227.906  1.4533e-019
228.928  1.44012e-019
229.95  1.4268e-019
230.972  1.41333e-019
231.994  1.39973e-019
233.016  1.38598e-019
234.038  1.37209e-019
235.06  1.35805e-019
236.082  1.34387e-019
237.104  1.32954e-019
238.126  1.31506e-019
239.148  1.30044e-019
240.17  1.28566e-019
241.192  1.27074e-019
242.214  1.25567e-019
243.236  1.24044e-019
244.258  1.22507e-019
245.28  1.20954e-019
246.302  1.19386e-019
247.324  1.17803e-019
248.346  1.16205e-019
249.368  1.14592e-019
250.39  1.12965e-019
251.412  1.11322e-019
252.434  1.09664e-019
253.456  1.07992e-019
254.478  1.06305e-019
255.5  1.04603e-019
256.522  1.02887e-019
257.544  1.01157e-019
258.566  9.94135e-020
259.588  9.7656e-020
260.61  9.58851e-020
261.632  9.41011e-020
262.654  9.23042e-020
263.676  9.04948e-020
264.698  8.86732e-020
265.72  8.68399e-020
266.742  8.49953e-020
267.764  8.31398e-020
268.786  8.1274e-020
269.808  7.93982e-020
270.83  7.75133e-020
271.852  7.56196e-020
272.874  7.37178e-020
273.896  7.18088e-020
274.918  6.9893e-020
275.94  6.79714e-020
276.962  6.60448e-020
277.984  6.41139e-020
279.006  6.21798e-020
280.028  6.02434e-020
281.05  5.83056e-020
282.072  5.63676e-020
283.094  5.44305e-020
284.116  5.24955e-020
285.138  5.05637e-020
286.16  4.86366e-020
287.182  4.67155e-020
288.204  4.48018e-020
289.226  4.2897e-020
290.248  4.10027e-020
291.27  3.91206e-020
292.292  3.72524e-020
293.314  3.53998e-020
294.336  3.35648e-020
295.358  3.17493e-020
296.38  2.99555e-020
297.402  2.81853e-020
298.424  2.64411e-020
299.446  2.47251e-020
300.468  2.30399e-020
301.49  2.13879e-020
302.512  1.97717e-020
303.534  1.8194e-020
304.556  1.66578e-020
305.578  1.51659e-020
306.6  1.37214e-020
307.622  1.23274e-020
308.644  1.09874e-020
309.666  9.7046e-021
310.688  8.48267e-021
311.71  7.32526e-021
312.732  6.23618e-021
313.754  5.21938e-021
314.776  4.27896e-021
315.798  3.41916e-021
316.82  2.64436e-021
317.842  1.9591e-021
318.864  1.36806e-021
319.886  8.7609e-022
320.908  4.882e-022
321.93  2.09544e-022
322.952  4.5426e-023
