1.022  2.56129e-020
2.044  2.51743e-020
3.066  2.47421e-020
4.088  2.43162e-020
5.11  2.38965e-020
6.132  2.3483e-020
7.154  2.30755e-020
8.176  2.2674e-020
9.198  2.22784e-020
10.22  2.18887e-020
11.242  2.15047e-020
12.264  2.11264e-020
13.286  2.07538e-020
14.308  2.03868e-020
15.33  2.00254e-020
16.352  1.96696e-020
17.374  1.93192e-020
18.396  1.89742e-020
19.418  1.86347e-020
20.44  1.83004e-020
21.462  1.79715e-020
22.484  1.76478e-020
23.506  1.73292e-020
24.528  1.70158e-020
25.55  1.67074e-020
26.572  1.64041e-020
27.594  1.61057e-020
28.616  1.58121e-020
29.638  1.55234e-020
30.66  1.52395e-020
31.682  1.49602e-020
32.704  1.46856e-020
33.726  1.44156e-020
34.748  1.41501e-020
35.77  1.3889e-020
36.792  1.36324e-020
37.814  1.33801e-020
38.836  1.31321e-020
39.858  1.28884e-020
40.88  1.26488e-020
41.902  1.24133e-020
42.924  1.21819e-020
43.946  1.19545e-020
44.968  1.17311e-020
45.99  1.15116e-020
47.012  1.12959e-020
48.034  1.1084e-020
49.056  1.08758e-020
50.078  1.06714e-020
51.1  1.04706e-020
52.122  1.02734e-020
53.144  1.00798e-020
54.166  9.8896e-021
55.188  9.70291e-021
56.21  9.51962e-021
57.232  9.3397e-021
58.254  9.1631e-021
59.276  8.98976e-021
60.298  8.81966e-021
61.32  8.65275e-021
62.342  8.48898e-021
63.364  8.32831e-021
64.386  8.1707e-021
65.408  8.01612e-021
66.43  7.86452e-021
67.452  7.71586e-021
68.474  7.5701e-021
69.496  7.42721e-021
70.518  7.28714e-021
71.54  7.14987e-021
72.562  7.01535e-021
73.584  6.88355e-021
74.606  6.75442e-021
75.628  6.62795e-021
76.65  6.50409e-021
77.672  6.38281e-021
78.694  6.26407e-021
79.716  6.14784e-021
80.738  6.0341e-021
81.76  5.9228e-021
82.782  5.81391e-021
83.804  5.70741e-021
84.826  5.60326e-021
85.848  5.50143e-021
86.87  5.40189e-021
87.892  5.30462e-021
88.914  5.20957e-021
89.936  5.11673e-021
90.958  5.02607e-021
91.98  4.93755e-021
93.002  4.85114e-021
94.024  4.76683e-021
95.046  4.68458e-021
96.068  4.60436e-021
97.09  4.52616e-021
98.112  4.44993e-021
99.134  4.37566e-021
100.156  4.30333e-021
101.178  4.23289e-021
102.2  4.16434e-021
103.222  4.09763e-021
104.244  4.03276e-021
105.266  3.96969e-021
106.288  3.90841e-021
107.31  3.84887e-021
108.332  3.79107e-021
109.354  3.73498e-021
110.376  3.68057e-021
111.398  3.62783e-021
112.42  3.57672e-021
113.442  3.52723e-021
114.464  3.47933e-021
115.486  3.433e-021
116.508  3.38822e-021
117.53  3.34497e-021
118.552  3.30322e-021
119.574  3.26295e-021
120.596  3.22414e-021
121.618  3.18677e-021
122.64  3.15082e-021
123.662  3.11626e-021
124.684  3.08308e-021
125.706  3.05126e-021
126.728  3.02076e-021
127.75  2.99158e-021
128.772  2.96369e-021
129.794  2.93707e-021
130.816  2.91169e-021
131.838  2.88755e-021
132.86  2.86462e-021
133.882  2.84288e-021
134.904  2.8223e-021
135.926  2.80288e-021
136.948  2.78458e-021
137.97  2.76739e-021
138.992  2.75129e-021
140.014  2.73625e-021
141.036  2.72227e-021
142.058  2.70931e-021
143.08  2.69736e-021
144.102  2.6864e-021
145.124  2.6764e-021
146.146  2.66736e-021
147.168  2.65925e-021
148.19  2.65204e-021
149.212  2.64572e-021
150.234  2.64027e-021
151.256  2.63567e-021
152.278  2.63191e-021
153.3  2.62895e-021
154.322  2.62678e-021
155.344  2.62538e-021
156.366  2.62473e-021
157.388  2.62481e-021
158.41  2.6256e-021
159.432  2.62707e-021
160.454  2.62922e-021
161.476  2.63202e-021
162.498  2.63545e-021
163.52  2.63949e-021
164.542  2.64411e-021
165.564  2.64931e-021
166.586  2.65505e-021
167.608  2.66132e-021
168.63  2.6681e-021
169.652  2.67536e-021
170.674  2.68309e-021
171.696  2.69127e-021
172.718  2.69987e-021
173.74  2.70887e-021
174.762  2.71826e-021
175.784  2.728e-021
176.806  2.73809e-021
177.828  2.7485e-021
178.85  2.75921e-021
179.872  2.77019e-021
180.894  2.78143e-021
181.916  2.7929e-021
182.938  2.80459e-021
183.96  2.81647e-021
184.982  2.82852e-021
186.004  2.84071e-021
187.026  2.85304e-021
188.048  2.86546e-021
189.07  2.87797e-021
190.092  2.89054e-021
191.114  2.90315e-021
192.136  2.91578e-021
193.158  2.9284e-021
194.18  2.94099e-021
195.202  2.95353e-021
196.224  2.966e-021
197.246  2.97838e-021
198.268  2.99064e-021
199.29  3.00276e-021
200.312  3.01472e-021
201.334  3.02649e-021
202.356  3.03806e-021
203.378  3.0494e-021
204.4  3.06049e-021
205.422  3.07131e-021
206.444  3.08183e-021
207.466  3.09203e-021
208.488  3.10189e-021
209.51  3.11139e-021
210.532  3.1205e-021
211.554  3.12921e-021
212.576  3.13748e-021
213.598  3.14531e-021
214.62  3.15266e-021
215.642  3.15951e-021
216.664  3.16585e-021
217.686  3.17165e-021
218.708  3.17689e-021
219.73  3.18154e-021
220.752  3.18559e-021
221.774  3.18902e-021
222.796  3.19181e-021
223.818  3.19392e-021
224.84  3.19535e-021
225.862  3.19608e-021
226.884  3.19608e-021
227.906  3.19533e-021
228.928  3.19381e-021
229.95  3.19151e-021
230.972  3.18841e-021
231.994  3.18448e-021
233.016  3.17972e-021
234.038  3.17409e-021
235.06  3.16759e-021
236.082  3.1602e-021
237.104  3.1519e-021
238.126  3.14267e-021
239.148  3.1325e-021
240.17  3.12138e-021
241.192  3.10929e-021
242.214  3.09621e-021
243.236  3.08214e-021
244.258  3.06705e-021
245.28  3.05095e-021
246.302  3.03381e-021
247.324  3.01563e-021
248.346  2.9964e-021
249.368  2.97611e-021
250.39  2.95474e-021
251.412  2.9323e-021
252.434  2.90877e-021
253.456  2.88416e-021
254.478  2.85845e-021
255.5  2.83164e-021
256.522  2.80374e-021
257.544  2.77473e-021
258.566  2.74462e-021
259.588  2.71342e-021
260.61  2.68111e-021
261.632  2.64771e-021
262.654  2.61323e-021
263.676  2.57766e-021
264.698  2.54101e-021
265.72  2.5033e-021
266.742  2.46453e-021
267.764  2.42471e-021
268.786  2.38387e-021
269.808  2.34202e-021
270.83  2.29916e-021
271.852  2.25533e-021
272.874  2.21054e-021
273.896  2.16482e-021
274.918  2.11819e-021
275.94  2.07067e-021
276.962  2.02231e-021
277.984  1.97312e-021
279.006  1.92314e-021
280.028  1.87241e-021
281.05  1.82096e-021
282.072  1.76884e-021
283.094  1.71609e-021
284.116  1.66275e-021
285.138  1.60888e-021
286.16  1.55453e-021
287.182  1.49974e-021
288.204  1.44458e-021
289.226  1.38911e-021
290.248  1.33338e-021
291.27  1.27748e-021
292.292  1.22146e-021
293.314  1.1654e-021
294.336  1.10938e-021
295.358  1.05348e-021
296.38  9.97785e-022
297.402  9.42378e-022
298.424  8.87354e-022
299.446  8.32808e-022
300.468  7.78842e-022
301.49  7.2556e-022
302.512  6.73071e-022
303.534  6.21489e-022
304.556  5.7093e-022
305.578  5.21519e-022
306.6  4.73383e-022
307.622  4.26655e-022
308.644  3.81472e-022
309.666  3.37977e-022
310.688  2.9632e-022
311.71  2.56653e-022
312.732  2.19136e-022
313.754  1.83935e-022
314.776  1.51221e-022
315.798  1.21171e-022
316.82  9.39685e-023
317.842  6.98039e-023
318.864  4.8873e-023
319.886  3.13787e-023
320.908  1.753e-023
321.93  7.54293e-024
322.952  1.63919e-024
