1.022  3.58322e-020
2.044  3.60824e-020
3.066  3.63311e-020
4.088  3.65783e-020
5.11  3.68239e-020
6.132  3.7068e-020
7.154  3.73105e-020
8.176  3.75513e-020
9.198  3.77904e-020
10.22  3.8028e-020
11.242  3.82638e-020
12.264  3.84981e-020
13.286  3.87307e-020
14.308  3.89618e-020
15.33  3.91913e-020
16.352  3.94194e-020
17.374  3.9646e-020
18.396  3.98711e-020
19.418  4.00949e-020
20.44  4.03173e-020
21.462  4.05384e-020
22.484  4.07582e-020
23.506  4.09766e-020
24.528  4.11938e-020
25.55  4.14098e-020
26.572  4.16246e-020
27.594  4.18381e-020
28.616  4.20504e-020
29.638  4.22615e-020
30.66  4.24714e-020
31.682  4.26802e-020
32.704  4.28877e-020
33.726  4.30941e-020
34.748  4.32993e-020
35.77  4.35033e-020
36.792  4.37061e-020
37.814  4.39078e-020
38.836  4.41082e-020
39.858  4.43075e-020
40.88  4.45056e-020
41.902  4.47024e-020
42.924  4.48981e-020
43.946  4.50925e-020
44.968  4.52857e-020
45.99  4.54776e-020
47.012  4.56683e-020
48.034  4.58578e-020
49.056  4.6046e-020
50.078  4.62329e-020
51.1  4.64185e-020
52.122  4.66028e-020
53.144  4.67858e-020
54.166  4.69675e-020
55.188  4.71478e-020
56.21  4.73268e-020
57.232  4.75044e-020
58.254  4.76807e-020
59.276  4.78556e-020
60.298  4.80291e-020
61.32  4.82012e-020
62.342  4.83718e-020
63.364  4.85411e-020
64.386  4.87088e-020
65.408  4.88752e-020
66.43  4.904e-020
67.452  4.92034e-020
68.474  4.93653e-020
69.496  4.95256e-020
70.518  4.96845e-020
71.54  4.98418e-020
72.562  4.99976e-020
73.584  5.01518e-020
74.606  5.03044e-020
75.628  5.04555e-020
76.65  5.06049e-020
77.672  5.07528e-020
78.694  5.0899e-020
79.716  5.10436e-020
80.738  5.11865e-020
81.76  5.13278e-020
82.782  5.14674e-020
83.804  5.16054e-020
84.826  5.17416e-020
85.848  5.18761e-020
86.87  5.2009e-020
87.892  5.214e-020
88.914  5.22694e-020
89.936  5.2397e-020
90.958  5.25228e-020
91.98  5.26468e-020
93.002  5.27691e-020
94.024  5.28896e-020
95.046  5.30082e-020
96.068  5.3125e-020
97.09  5.324e-020
98.112  5.33531e-020
99.134  5.34644e-020
100.156  5.35738e-020
101.178  5.36813e-020
102.2  5.3787e-020
103.222  5.38907e-020
104.244  5.39925e-020
105.266  5.40924e-020
106.288  5.41903e-020
107.31  5.42863e-020
108.332  5.43803e-020
109.354  5.44724e-020
110.376  5.45624e-020
111.398  5.46505e-020
112.42  5.47365e-020
113.442  5.48206e-020
114.464  5.49025e-020
115.486  5.49825e-020
116.508  5.50604e-020
117.53  5.51362e-020
118.552  5.52099e-020
119.574  5.52815e-020
120.596  5.5351e-020
121.618  5.54183e-020
122.64  5.54836e-020
123.662  5.55466e-020
124.684  5.56076e-020
125.706  5.56663e-020
126.728  5.57228e-020
127.75  5.57771e-020
128.772  5.58292e-020
129.794  5.5879e-020
130.816  5.59266e-020
131.838  5.59719e-020
132.86  5.6015e-020
133.882  5.60557e-020
134.904  5.60941e-020
135.926  5.61301e-020
136.948  5.61638e-020
137.97  5.61951e-020
138.992  5.6224e-020
140.014  5.62505e-020
141.036  5.62745e-020
142.058  5.62961e-020
143.08  5.63153e-020
144.102  5.63319e-020
145.124  5.6346e-020
146.146  5.63575e-020
147.168  5.63665e-020
148.19  5.63729e-020
149.212  5.63767e-020
150.234  5.63779e-020
151.256  5.63764e-020
152.278  5.63722e-020
153.3  5.63653e-020
154.322  5.63556e-020
155.344  5.63432e-020
156.366  5.6328e-020
157.388  5.63099e-020
158.41  5.6289e-020
159.432  5.62652e-020
160.454  5.62385e-020
161.476  5.62089e-020
162.498  5.61762e-020
163.52  5.61406e-020
164.542  5.61019e-020
165.564  5.60601e-020
166.586  5.60151e-020
167.608  5.5967e-020
168.63  5.59157e-020
169.652  5.58612e-020
170.674  5.58034e-020
171.696  5.57423e-020
172.718  5.56778e-020
173.74  5.56099e-020
174.762  5.55386e-020
175.784  5.54638e-020
176.806  5.53854e-020
177.828  5.53035e-020
178.85  5.5218e-020
179.872  5.51287e-020
180.894  5.50358e-020
181.916  5.49391e-020
182.938  5.48386e-020
183.96  5.47341e-020
184.982  5.46258e-020
186.004  5.45135e-020
187.026  5.43972e-020
188.048  5.42767e-020
189.07  5.41522e-020
190.092  5.40234e-020
191.114  5.38904e-020
192.136  5.37531e-020
193.158  5.36114e-020
194.18  5.34653e-020
195.202  5.33147e-020
196.224  5.31596e-020
197.246  5.29998e-020
198.268  5.28354e-020
199.29  5.26662e-020
200.312  5.24922e-020
201.334  5.23134e-020
202.356  5.21297e-020
203.378  5.1941e-020
204.4  5.17472e-020
205.422  5.15483e-020
206.444  5.13442e-020
207.466  5.11348e-020
208.488  5.09202e-020
209.51  5.07002e-020
210.532  5.04747e-020
211.554  5.02437e-020
212.576  5.00071e-020
213.598  4.97649e-020
214.62  4.95169e-020
215.642  4.92632e-020
216.664  4.90037e-020
217.686  4.87382e-020
218.708  4.84667e-020
219.73  4.81893e-020
220.752  4.79057e-020
221.774  4.7616e-020
222.796  4.732e-020
223.818  4.70178e-020
224.84  4.67092e-020
225.862  4.63942e-020
226.884  4.60727e-020
227.906  4.57448e-020
228.928  4.54103e-020
229.95  4.50692e-020
230.972  4.47214e-020
231.994  4.43669e-020
233.016  4.40056e-020
234.038  4.36376e-020
235.06  4.32627e-020
236.082  4.28809e-020
237.104  4.24923e-020
238.126  4.20966e-020
239.148  4.16941e-020
240.17  4.12845e-020
241.192  4.08679e-020
242.214  4.04443e-020
243.236  4.00137e-020
244.258  3.9576e-020
245.28  3.91312e-020
246.302  3.86794e-020
247.324  3.82206e-020
248.346  3.77547e-020
249.368  3.72818e-020
250.39  3.68019e-020
251.412  3.63151e-020
252.434  3.58213e-020
253.456  3.53206e-020
254.478  3.48132e-020
255.5  3.42989e-020
256.522  3.37779e-020
257.544  3.32503e-020
258.566  3.27162e-020
259.588  3.21756e-020
260.61  3.16286e-020
261.632  3.10754e-020
262.654  3.0516e-020
263.676  2.99506e-020
264.698  2.93793e-020
265.72  2.88024e-020
266.742  2.82198e-020
267.764  2.76319e-020
268.786  2.70388e-020
269.808  2.64407e-020
270.83  2.58379e-020
271.852  2.52304e-020
272.874  2.46187e-020
273.896  2.40029e-020
274.918  2.33833e-020
275.94  2.27602e-020
276.962  2.21339e-020
277.984  2.15047e-020
279.006  2.08729e-020
280.028  2.0239e-020
281.05  1.96033e-020
282.072  1.89661e-020
283.094  1.8328e-020
284.116  1.76893e-020
285.138  1.70504e-020
286.16  1.64119e-020
287.182  1.57743e-020
288.204  1.51381e-020
289.226  1.45038e-020
290.248  1.3872e-020
291.27  1.32432e-020
292.292  1.26183e-020
293.314  1.19977e-020
294.336  1.13821e-020
295.358  1.07723e-020
296.38  1.0169e-020
297.402  9.573e-021
298.424  8.98504e-021
299.446  8.40598e-021
300.468  7.83668e-021
301.49  7.27804e-021
302.512  6.731e-021
303.534  6.19652e-021
304.556  5.6756e-021
305.578  5.16931e-021
306.6  4.67871e-021
307.622  4.20493e-021
308.644  3.74913e-021
309.666  3.31253e-021
310.688  2.89637e-021
311.71  2.50195e-021
312.732  2.1306e-021
313.754  1.78371e-021
314.776  1.46271e-021
315.798  1.1691e-021
316.82  9.04392e-022
317.842  6.70179e-022
318.864  4.68094e-022
319.886  2.99824e-022
320.908  1.67108e-022
321.93  7.17388e-023
322.952  1.55545e-023
