1.022  6.90213e-020
2.044  6.92334e-020
3.066  6.9444e-020
4.088  6.96531e-020
5.11  6.98606e-020
6.132  7.00664e-020
7.154  7.02706e-020
8.176  7.04729e-020
9.198  7.06735e-020
10.22  7.08723e-020
11.242  7.10692e-020
12.264  7.12644e-020
13.286  7.14579e-020
14.308  7.16497e-020
15.33  7.18399e-020
16.352  7.20286e-020
17.374  7.22158e-020
18.396  7.24015e-020
19.418  7.25859e-020
20.44  7.27689e-020
21.462  7.29507e-020
22.484  7.31312e-020
23.506  7.33105e-020
24.528  7.34886e-020
25.55  7.36656e-020
26.572  7.38415e-020
27.594  7.40162e-020
28.616  7.41898e-020
29.638  7.43624e-020
30.66  7.45338e-020
31.682  7.47042e-020
32.704  7.48735e-020
33.726  7.50417e-020
34.748  7.52088e-020
35.77  7.53748e-020
36.792  7.55397e-020
37.814  7.57034e-020
38.836  7.58661e-020
39.858  7.60276e-020
40.88  7.61879e-020
41.902  7.63471e-020
42.924  7.6505e-020
43.946  7.66618e-020
44.968  7.68173e-020
45.99  7.69716e-020
47.012  7.71246e-020
48.034  7.72763e-020
49.056  7.74267e-020
50.078  7.75758e-020
51.1  7.77235e-020
52.122  7.78698e-020
53.144  7.80148e-020
54.166  7.81583e-020
55.188  7.83004e-020
56.21  7.8441e-020
57.232  7.85802e-020
58.254  7.87178e-020
59.276  7.88539e-020
60.298  7.89885e-020
61.32  7.91214e-020
62.342  7.92528e-020
63.364  7.93826e-020
64.386  7.95107e-020
65.408  7.96372e-020
66.43  7.97619e-020
67.452  7.9885e-020
68.474  8.00063e-020
69.496  8.01259e-020
70.518  8.02437e-020
71.54  8.03597e-020
72.562  8.0474e-020
73.584  8.05863e-020
74.606  8.06968e-020
75.628  8.08055e-020
76.65  8.09122e-020
77.672  8.1017e-020
78.694  8.11199e-020
79.716  8.12209e-020
80.738  8.13198e-020
81.76  8.14168e-020
82.782  8.15117e-020
83.804  8.16046e-020
84.826  8.16954e-020
85.848  8.17842e-020
86.87  8.18709e-020
87.892  8.19555e-020
88.914  8.20379e-020
89.936  8.21182e-020
90.958  8.21963e-020
91.98  8.22723e-020
93.002  8.2346e-020
94.024  8.24175e-020
95.046  8.24868e-020
96.068  8.25539e-020
97.09  8.26186e-020
98.112  8.26811e-020
99.134  8.27412e-020
100.156  8.27991e-020
101.178  8.28546e-020
102.2  8.29077e-020
103.222  8.29585e-020
104.244  8.30069e-020
105.266  8.30528e-020
106.288  8.30964e-020
107.31  8.31375e-020
108.332  8.31761e-020
109.354  8.32123e-020
110.376  8.3246e-020
111.398  8.32772e-020
112.42  8.33058e-020
113.442  8.33319e-020
114.464  8.33555e-020
115.486  8.33765e-020
116.508  8.33948e-020
117.53  8.34106e-020
118.552  8.34238e-020
119.574  8.34343e-020
120.596  8.34421e-020
121.618  8.34473e-020
122.64  8.34498e-020
123.662  8.34495e-020
124.684  8.34465e-020
125.706  8.34408e-020
126.728  8.34323e-020
127.75  8.3421e-020
128.772  8.34069e-020
129.794  8.339e-020
130.816  8.33702e-020
131.838  8.33476e-020
132.86  8.33221e-020
133.882  8.32936e-020
134.904  8.32622e-020
135.926  8.32279e-020
136.948  8.31906e-020
137.97  8.31503e-020
138.992  8.3107e-020
140.014  8.30606e-020
141.036  8.30111e-020
142.058  8.29586e-020
143.08  8.29029e-020
144.102  8.28441e-020
145.124  8.27821e-020
146.146  8.27169e-020
147.168  8.26485e-020
148.19  8.25768e-020
149.212  8.25019e-020
150.234  8.24236e-020
151.256  8.23419e-020
152.278  8.22569e-020
153.3  8.21685e-020
154.322  8.20766e-020
155.344  8.19813e-020
156.366  8.18824e-020
157.388  8.178e-020
158.41  8.1674e-020
159.432  8.15643e-020
160.454  8.1451e-020
161.476  8.1334e-020
162.498  8.12133e-020
163.52  8.10888e-020
164.542  8.09604e-020
165.564  8.08282e-020
166.586  8.06921e-020
167.608  8.0552e-020
168.63  8.04079e-020
169.652  8.02597e-020
170.674  8.01074e-020
171.696  7.9951e-020
172.718  7.97904e-020
173.74  7.96255e-020
174.762  7.94564e-020
175.784  7.92828e-020
176.806  7.91049e-020
177.828  7.89225e-020
178.85  7.87355e-020
179.872  7.8544e-020
180.894  7.83478e-020
181.916  7.81469e-020
182.938  7.79413e-020
183.96  7.77308e-020
184.982  7.75154e-020
186.004  7.7295e-020
187.026  7.70697e-020
188.048  7.68392e-020
189.07  7.66036e-020
190.092  7.63627e-020
191.114  7.61166e-020
192.136  7.5865e-020
193.158  7.5608e-020
194.18  7.53455e-020
195.202  7.50775e-020
196.224  7.48037e-020
197.246  7.45242e-020
198.268  7.42389e-020
199.29  7.39477e-020
200.312  7.36505e-020
201.334  7.33473e-020
202.356  7.30379e-020
203.378  7.27223e-020
204.4  7.24004e-020
205.422  7.20722e-020
206.444  7.17374e-020
207.466  7.13962e-020
208.488  7.10483e-020
209.51  7.06938e-020
210.532  7.03324e-020
211.554  6.99642e-020
212.576  6.9589e-020
213.598  6.92068e-020
214.62  6.88175e-020
215.642  6.8421e-020
216.664  6.80172e-020
217.686  6.76061e-020
218.708  6.71875e-020
219.73  6.67614e-020
220.752  6.63277e-020
221.774  6.58864e-020
222.796  6.54373e-020
223.818  6.49804e-020
224.84  6.45156e-020
225.862  6.40428e-020
226.884  6.3562e-020
227.906  6.30731e-020
228.928  6.2576e-020
229.95  6.20707e-020
230.972  6.15571e-020
231.994  6.10351e-020
233.016  6.05048e-020
234.038  5.9966e-020
235.06  5.94187e-020
236.082  5.88628e-020
237.104  5.82984e-020
238.126  5.77253e-020
239.148  5.71436e-020
240.17  5.65531e-020
241.192  5.5954e-020
242.214  5.53462e-020
243.236  5.47296e-020
244.258  5.41042e-020
245.28  5.34701e-020
246.302  5.28273e-020
247.324  5.21757e-020
248.346  5.15154e-020
249.368  5.08464e-020
250.39  5.01688e-020
251.412  4.94826e-020
252.434  4.87878e-020
253.456  4.80845e-020
254.478  4.73728e-020
255.5  4.66527e-020
256.522  4.59244e-020
257.544  4.51879e-020
258.566  4.44433e-020
259.588  4.36908e-020
260.61  4.29305e-020
261.632  4.21625e-020
262.654  4.13871e-020
263.676  4.06043e-020
264.698  3.98144e-020
265.72  3.90175e-020
266.742  3.82139e-020
267.764  3.74038e-020
268.786  3.65875e-020
269.808  3.57652e-020
270.83  3.49371e-020
271.852  3.41037e-020
272.874  3.32652e-020
273.896  3.2422e-020
274.918  3.15743e-020
275.94  3.07227e-020
276.962  2.98674e-020
277.984  2.9009e-020
279.006  2.81478e-020
280.028  2.72843e-020
281.05  2.64191e-020
282.072  2.55526e-020
283.094  2.46854e-020
284.116  2.3818e-020
285.138  2.29511e-020
286.16  2.20853e-020
287.182  2.12213e-020
288.204  2.03596e-020
289.226  1.95012e-020
290.248  1.86466e-020
291.27  1.77968e-020
292.292  1.69525e-020
293.314  1.61146e-020
294.336  1.52839e-020
295.358  1.44615e-020
296.38  1.36483e-020
297.402  1.28452e-020
298.424  1.20535e-020
299.446  1.1274e-020
300.468  1.05081e-020
301.49  9.75683e-021
302.512  9.02149e-021
303.534  8.30333e-021
304.556  7.6037e-021
305.578  6.92396e-021
306.6  6.26555e-021
307.622  5.62995e-021
308.644  5.0187e-021
309.666  4.4334e-021
310.688  3.87568e-021
311.71  3.34727e-021
312.732  2.84993e-021
313.754  2.3855e-021
314.776  1.95587e-021
315.798  1.56299e-021
316.82  1.2089e-021
317.842  8.95676e-022
318.864  6.25494e-022
319.886  4.00578e-022
320.908  2.2323e-022
321.93  9.58169e-023
322.952  2.07721e-023
