1.022  1.76351e-019
2.044  1.7625e-019
3.066  1.76149e-019
4.088  1.76049e-019
5.11  1.75949e-019
6.132  1.7585e-019
7.154  1.75751e-019
8.176  1.75651e-019
9.198  1.75551e-019
10.22  1.75451e-019
11.242  1.75351e-019
12.264  1.7525e-019
13.286  1.7515e-019
14.308  1.75049e-019
15.33  1.74948e-019
16.352  1.74848e-019
17.374  1.74747e-019
18.396  1.74648e-019
19.418  1.74548e-019
20.44  1.7445e-019
21.462  1.74352e-019
22.484  1.74255e-019
23.506  1.74158e-019
24.528  1.74063e-019
25.55  1.73968e-019
26.572  1.73874e-019
27.594  1.73781e-019
28.616  1.73689e-019
29.638  1.73598e-019
30.66  1.73508e-019
31.682  1.73419e-019
32.704  1.7333e-019
33.726  1.73242e-019
34.748  1.73155e-019
35.77  1.73069e-019
36.792  1.72983e-019
37.814  1.72898e-019
38.836  1.72814e-019
39.858  1.7273e-019
40.88  1.72646e-019
41.902  1.72563e-019
42.924  1.7248e-019
43.946  1.72397e-019
44.968  1.72315e-019
45.99  1.72232e-019
47.012  1.7215e-019
48.034  1.72067e-019
49.056  1.71985e-019
50.078  1.71902e-019
51.1  1.71819e-019
52.122  1.71736e-019
53.144  1.71653e-019
54.166  1.71569e-019
55.188  1.71484e-019
56.21  1.71399e-019
57.232  1.71314e-019
58.254  1.71227e-019
59.276  1.7114e-019
60.298  1.71052e-019
61.32  1.70964e-019
62.342  1.70874e-019
63.364  1.70783e-019
64.386  1.70691e-019
65.408  1.70598e-019
66.43  1.70504e-019
67.452  1.70409e-019
68.474  1.70312e-019
69.496  1.70214e-019
70.518  1.70115e-019
71.54  1.70014e-019
72.562  1.69912e-019
73.584  1.69808e-019
74.606  1.69702e-019
75.628  1.69594e-019
76.65  1.69485e-019
77.672  1.69374e-019
78.694  1.69262e-019
79.716  1.69147e-019
80.738  1.6903e-019
81.76  1.68911e-019
82.782  1.68791e-019
83.804  1.68668e-019
84.826  1.68543e-019
85.848  1.68416e-019
86.87  1.68286e-019
87.892  1.68155e-019
88.914  1.6802e-019
89.936  1.67884e-019
90.958  1.67745e-019
91.98  1.67604e-019
93.002  1.6746e-019
94.024  1.67314e-019
95.046  1.67165e-019
96.068  1.67013e-019
97.09  1.66859e-019
98.112  1.66702e-019
99.134  1.66542e-019
100.156  1.66379e-019
101.178  1.66214e-019
102.2  1.66046e-019
103.222  1.65874e-019
104.244  1.657e-019
105.266  1.65523e-019
106.288  1.65343e-019
107.31  1.6516e-019
108.332  1.64974e-019
109.354  1.64784e-019
110.376  1.64592e-019
111.398  1.64396e-019
112.42  1.64197e-019
113.442  1.63995e-019
114.464  1.63789e-019
115.486  1.6358e-019
116.508  1.63368e-019
117.53  1.63152e-019
118.552  1.62933e-019
119.574  1.62711e-019
120.596  1.62485e-019
121.618  1.62255e-019
122.64  1.62022e-019
123.662  1.61785e-019
124.684  1.61545e-019
125.706  1.61301e-019
126.728  1.61053e-019
127.75  1.60801e-019
128.772  1.60546e-019
129.794  1.60287e-019
130.816  1.60024e-019
131.838  1.59757e-019
132.86  1.59486e-019
133.882  1.59211e-019
134.904  1.58932e-019
135.926  1.58649e-019
136.948  1.58362e-019
137.97  1.58071e-019
138.992  1.57776e-019
140.014  1.57477e-019
141.036  1.57173e-019
142.058  1.56865e-019
143.08  1.56553e-019
144.102  1.56236e-019
145.124  1.55916e-019
146.146  1.5559e-019
147.168  1.5526e-019
148.19  1.54926e-019
149.212  1.54587e-019
150.234  1.54243e-019
151.256  1.53895e-019
152.278  1.53542e-019
153.3  1.53184e-019
154.322  1.52822e-019
155.344  1.52454e-019
156.366  1.52082e-019
157.388  1.51704e-019
158.41  1.51322e-019
159.432  1.50934e-019
160.454  1.50541e-019
161.476  1.50143e-019
162.498  1.4974e-019
163.52  1.49332e-019
164.542  1.48918e-019
165.564  1.48498e-019
166.586  1.48073e-019
167.608  1.47643e-019
168.63  1.47207e-019
169.652  1.46764e-019
170.674  1.46317e-019
171.696  1.45863e-019
172.718  1.45403e-019
173.74  1.44938e-019
174.762  1.44466e-019
175.784  1.43988e-019
176.806  1.43503e-019
177.828  1.43012e-019
178.85  1.42515e-019
179.872  1.42011e-019
180.894  1.41501e-019
181.916  1.40984e-019
182.938  1.4046e-019
183.96  1.39929e-019
184.982  1.39391e-019
186.004  1.38846e-019
187.026  1.38294e-019
188.048  1.37735e-019
189.07  1.37168e-019
190.092  1.36593e-019
191.114  1.36011e-019
192.136  1.35422e-019
193.158  1.34824e-019
194.18  1.34219e-019
195.202  1.33605e-019
196.224  1.32983e-019
197.246  1.32353e-019
198.268  1.31715e-019
199.29  1.31068e-019
200.312  1.30413e-019
201.334  1.29748e-019
202.356  1.29075e-019
203.378  1.28393e-019
204.4  1.27702e-019
205.422  1.27001e-019
206.444  1.26292e-019
207.466  1.25572e-019
208.488  1.24843e-019
209.51  1.24105e-019
210.532  1.23356e-019
211.554  1.22598e-019
212.576  1.2183e-019
213.598  1.21051e-019
214.62  1.20262e-019
215.642  1.19462e-019
216.664  1.18652e-019
217.686  1.17832e-019
218.708  1.17e-019
219.73  1.16157e-019
220.752  1.15304e-019
221.774  1.14439e-019
222.796  1.13563e-019
223.818  1.12676e-019
224.84  1.11777e-019
225.862  1.10866e-019
226.884  1.09944e-019
227.906  1.0901e-019
228.928  1.08064e-019
229.95  1.07106e-019
230.972  1.06136e-019
231.994  1.05153e-019
233.016  1.04159e-019
234.038  1.03152e-019
235.06  1.02133e-019
236.082  1.01101e-019
237.104  1.00056e-019
238.126  9.89995e-020
239.148  9.79299e-020
240.17  9.68477e-020
241.192  9.57528e-020
242.214  9.46451e-020
243.236  9.35247e-020
244.258  9.23915e-020
245.28  9.12456e-020
246.302  9.0087e-020
247.324  8.89157e-020
248.346  8.77317e-020
249.368  8.65351e-020
250.39  8.5326e-020
251.412  8.41043e-020
252.434  8.28703e-020
253.456  8.16239e-020
254.478  8.03654e-020
255.5  7.90948e-020
256.522  7.78123e-020
257.544  7.65181e-020
258.566  7.52123e-020
259.588  7.38952e-020
260.61  7.25669e-020
261.632  7.12277e-020
262.654  6.98779e-020
263.676  6.85177e-020
264.698  6.71474e-020
265.72  6.57674e-020
266.742  6.4378e-020
267.764  6.29796e-020
268.786  6.15726e-020
269.808  6.01574e-020
270.83  5.87345e-020
271.852  5.73044e-020
272.874  5.58675e-020
273.896  5.44245e-020
274.918  5.29759e-020
275.94  5.15223e-020
276.962  5.00643e-020
277.984  4.86028e-020
279.006  4.71382e-020
280.028  4.56716e-020
281.05  4.42035e-020
282.072  4.2735e-020
283.094  4.12668e-020
284.116  3.97998e-020
285.138  3.83352e-020
286.16  3.68738e-020
287.182  3.54168e-020
288.204  3.39652e-020
289.226  3.25203e-020
290.248  3.10832e-020
291.27  2.96552e-020
292.292  2.82377e-020
293.314  2.68321e-020
294.336  2.54398e-020
295.358  2.40623e-020
296.38  2.27012e-020
297.402  2.13582e-020
298.424  2.00349e-020
299.446  1.87331e-020
300.468  1.74547e-020
301.49  1.62016e-020
302.512  1.49758e-020
303.534  1.37794e-020
304.556  1.26145e-020
305.578  1.14834e-020
306.6  1.03884e-020
307.622  9.33188e-021
308.644  8.31636e-021
309.666  7.34444e-021
310.688  6.41878e-021
311.71  5.54217e-021
312.732  4.71749e-021
313.754  3.94771e-021
314.776  3.23591e-021
315.798  2.58527e-021
316.82  1.9991e-021
317.842  1.4808e-021
318.864  1.03387e-021
319.886  6.61964e-022
320.908  3.68811e-022
321.93  1.5827e-022
322.952  3.43041e-023
