1.022  4.15869e-019
2.044  4.14778e-019
3.066  4.13696e-019
4.088  4.12623e-019
5.11  4.11558e-019
6.132  4.105e-019
7.154  4.09449e-019
8.176  4.08406e-019
9.198  4.07368e-019
10.22  4.06337e-019
11.242  4.05312e-019
12.264  4.04293e-019
13.286  4.0328e-019
14.308  4.02274e-019
15.33  4.01274e-019
16.352  4.00282e-019
17.374  3.99297e-019
18.396  3.98319e-019
19.418  3.97349e-019
20.44  3.96386e-019
21.462  3.95432e-019
22.484  3.94485e-019
23.506  3.93546e-019
24.528  3.92615e-019
25.55  3.91693e-019
26.572  3.90778e-019
27.594  3.89871e-019
28.616  3.88972e-019
29.638  3.88081e-019
30.66  3.87198e-019
31.682  3.86322e-019
32.704  3.85453e-019
33.726  3.84593e-019
34.748  3.83739e-019
35.77  3.82892e-019
36.792  3.82052e-019
37.814  3.81219e-019
38.836  3.80393e-019
39.858  3.79573e-019
40.88  3.78759e-019
41.902  3.77951e-019
42.924  3.77149e-019
43.946  3.76353e-019
44.968  3.75562e-019
45.99  3.74776e-019
47.012  3.73996e-019
48.034  3.7322e-019
49.056  3.72449e-019
50.078  3.71682e-019
51.1  3.7092e-019
52.122  3.70162e-019
53.144  3.69408e-019
54.166  3.68658e-019
55.188  3.67911e-019
56.21  3.67168e-019
57.232  3.66428e-019
58.254  3.65691e-019
59.276  3.64957e-019
60.298  3.64226e-019
61.32  3.63497e-019
62.342  3.6277e-019
63.364  3.62046e-019
64.386  3.61324e-019
65.408  3.60604e-019
66.43  3.59885e-019
67.452  3.59168e-019
68.474  3.58453e-019
69.496  3.57739e-019
70.518  3.57025e-019
71.54  3.56313e-019
72.562  3.55602e-019
73.584  3.54891e-019
74.606  3.54181e-019
75.628  3.53471e-019
76.65  3.52762e-019
77.672  3.52053e-019
78.694  3.51343e-019
79.716  3.50634e-019
80.738  3.49924e-019
81.76  3.49214e-019
82.782  3.48504e-019
83.804  3.47793e-019
84.826  3.47081e-019
85.848  3.46368e-019
86.87  3.45654e-019
87.892  3.4494e-019
88.914  3.44224e-019
89.936  3.43506e-019
90.958  3.42787e-019
91.98  3.42067e-019
93.002  3.41345e-019
94.024  3.40622e-019
95.046  3.39896e-019
96.068  3.39169e-019
97.09  3.38439e-019
98.112  3.37708e-019
99.134  3.36974e-019
100.156  3.36238e-019
101.178  3.35499e-019
102.2  3.34758e-019
103.222  3.34014e-019
104.244  3.33268e-019
105.266  3.32519e-019
106.288  3.31767e-019
107.31  3.31012e-019
108.332  3.30254e-019
109.354  3.29493e-019
110.376  3.28728e-019
111.398  3.27961e-019
112.42  3.2719e-019
113.442  3.26415e-019
114.464  3.25637e-019
115.486  3.24856e-019
116.508  3.2407e-019
117.53  3.23281e-019
118.552  3.22488e-019
119.574  3.21692e-019
120.596  3.20891e-019
121.618  3.20086e-019
122.64  3.19277e-019
123.662  3.18464e-019
124.684  3.17646e-019
125.706  3.16825e-019
126.728  3.15998e-019
127.75  3.15168e-019
128.772  3.14332e-019
129.794  3.13492e-019
130.816  3.12648e-019
131.838  3.11798e-019
132.86  3.10944e-019
133.882  3.10085e-019
134.904  3.09221e-019
135.926  3.08351e-019
136.948  3.07477e-019
137.97  3.06597e-019
138.992  3.05712e-019
140.014  3.04821e-019
141.036  3.03926e-019
142.058  3.03024e-019
143.08  3.02117e-019
144.102  3.01204e-019
145.124  3.00286e-019
146.146  2.99361e-019
147.168  2.98431e-019
148.19  2.97495e-019
149.212  2.96552e-019
150.234  2.95604e-019
151.256  2.94649e-019
152.278  2.93688e-019
153.3  2.9272e-019
154.322  2.91746e-019
155.344  2.90765e-019
156.366  2.89778e-019
157.388  2.88783e-019
158.41  2.87782e-019
159.432  2.86774e-019
160.454  2.85758e-019
161.476  2.84736e-019
162.498  2.83706e-019
163.52  2.82669e-019
164.542  2.81624e-019
165.564  2.80571e-019
166.586  2.79511e-019
167.608  2.78443e-019
168.63  2.77367e-019
169.652  2.76283e-019
170.674  2.75191e-019
171.696  2.7409e-019
172.718  2.72981e-019
173.74  2.71863e-019
174.762  2.70737e-019
175.784  2.69601e-019
176.806  2.68457e-019
177.828  2.67304e-019
178.85  2.66141e-019
179.872  2.64969e-019
180.894  2.63787e-019
181.916  2.62596e-019
182.938  2.61395e-019
183.96  2.60184e-019
184.982  2.58962e-019
186.004  2.57731e-019
187.026  2.56489e-019
188.048  2.55236e-019
189.07  2.53972e-019
190.092  2.52698e-019
191.114  2.51412e-019
192.136  2.50115e-019
193.158  2.48807e-019
194.18  2.47486e-019
195.202  2.46154e-019
196.224  2.4481e-019
197.246  2.43454e-019
198.268  2.42086e-019
199.29  2.40704e-019
200.312  2.3931e-019
201.334  2.37903e-019
202.356  2.36483e-019
203.378  2.3505e-019
204.4  2.33603e-019
205.422  2.32142e-019
206.444  2.30667e-019
207.466  2.29178e-019
208.488  2.27675e-019
209.51  2.26158e-019
210.532  2.24625e-019
211.554  2.23078e-019
212.576  2.21515e-019
213.598  2.19937e-019
214.62  2.18344e-019
215.642  2.16735e-019
216.664  2.1511e-019
217.686  2.13468e-019
218.708  2.11811e-019
219.73  2.10137e-019
220.752  2.08446e-019
221.774  2.06738e-019
222.796  2.05014e-019
223.818  2.03272e-019
224.84  2.01512e-019
225.862  1.99735e-019
226.884  1.97941e-019
227.906  1.96128e-019
228.928  1.94297e-019
229.95  1.92448e-019
230.972  1.90581e-019
231.994  1.88695e-019
233.016  1.8679e-019
234.038  1.84867e-019
235.06  1.82924e-019
236.082  1.80963e-019
237.104  1.78983e-019
238.126  1.76984e-019
239.148  1.74965e-019
240.17  1.72927e-019
241.192  1.7087e-019
242.214  1.68793e-019
243.236  1.66697e-019
244.258  1.64581e-019
245.28  1.62447e-019
246.302  1.60292e-019
247.324  1.58119e-019
248.346  1.55926e-019
249.368  1.53715e-019
250.39  1.51484e-019
251.412  1.49234e-019
252.434  1.46965e-019
253.456  1.44678e-019
254.478  1.42373e-019
255.5  1.40049e-019
256.522  1.37708e-019
257.544  1.35348e-019
258.566  1.32972e-019
259.588  1.30578e-019
260.61  1.28168e-019
261.632  1.25742e-019
262.654  1.233e-019
263.676  1.20843e-019
264.698  1.18371e-019
265.72  1.15885e-019
266.742  1.13385e-019
267.764  1.10872e-019
268.786  1.08347e-019
269.808  1.0581e-019
270.83  1.03263e-019
271.852  1.00705e-019
272.874  9.81386e-020
273.896  9.5564e-020
274.918  9.29822e-020
275.94  9.03942e-020
276.962  8.78013e-020
277.984  8.52045e-020
279.006  8.2605e-020
280.028  8.00042e-020
281.05  7.74034e-020
282.072  7.48041e-020
283.094  7.22077e-020
284.116  6.96158e-020
285.138  6.70301e-020
286.16  6.44524e-020
287.182  6.18843e-020
288.204  5.93279e-020
289.226  5.6785e-020
290.248  5.42579e-020
291.27  5.17486e-020
292.292  4.92595e-020
293.314  4.67928e-020
294.336  4.43511e-020
295.358  4.1937e-020
296.38  3.95531e-020
297.402  3.72022e-020
298.424  3.48872e-020
299.446  3.26113e-020
300.468  3.03774e-020
301.49  2.81889e-020
302.512  2.60492e-020
303.534  2.39619e-020
304.556  2.19306e-020
305.578  1.99591e-020
306.6  1.80514e-020
307.622  1.62116e-020
308.644  1.4444e-020
309.666  1.2753e-020
310.688  1.11431e-020
311.71  9.61918e-021
312.732  8.18603e-021
313.754  6.8488e-021
314.776  5.61273e-021
315.798  4.48328e-021
316.82  3.46606e-021
317.842  2.56692e-021
318.864  1.79184e-021
319.886  1.14706e-021
320.908  6.38961e-022
321.93  2.74153e-022
322.952  5.94104e-023
