1.022  1.98517e-020
2.044  2.03604e-020
3.066  2.08686e-020
4.088  2.13762e-020
5.11  2.1883e-020
6.132  2.23892e-020
7.154  2.28946e-020
8.176  2.33992e-020
9.198  2.39029e-020
10.22  2.44057e-020
11.242  2.49076e-020
12.264  2.54086e-020
13.286  2.59087e-020
14.308  2.64078e-020
15.33  2.69059e-020
16.352  2.7403e-020
17.374  2.78992e-020
18.396  2.83944e-020
19.418  2.88886e-020
20.44  2.93819e-020
21.462  2.98741e-020
22.484  3.03653e-020
23.506  3.08556e-020
24.528  3.13448e-020
25.55  3.18329e-020
26.572  3.23201e-020
27.594  3.28061e-020
28.616  3.32911e-020
29.638  3.3775e-020
30.66  3.42578e-020
31.682  3.47395e-020
32.704  3.522e-020
33.726  3.56993e-020
34.748  3.61775e-020
35.77  3.66544e-020
36.792  3.71301e-020
37.814  3.76045e-020
38.836  3.80776e-020
39.858  3.85494e-020
40.88  3.90199e-020
41.902  3.94889e-020
42.924  3.99566e-020
43.946  4.04228e-020
44.968  4.08876e-020
45.99  4.13508e-020
47.012  4.18125e-020
48.034  4.22727e-020
49.056  4.27312e-020
50.078  4.31881e-020
51.1  4.36434e-020
52.122  4.4097e-020
53.144  4.45488e-020
54.166  4.49989e-020
55.188  4.54471e-020
56.21  4.58936e-020
57.232  4.63381e-020
58.254  4.67808e-020
59.276  4.72215e-020
60.298  4.76603e-020
61.32  4.8097e-020
62.342  4.85318e-020
63.364  4.89644e-020
64.386  4.93949e-020
65.408  4.98233e-020
66.43  5.02495e-020
67.452  5.06735e-020
68.474  5.10952e-020
69.496  5.15146e-020
70.518  5.19317e-020
71.54  5.23465e-020
72.562  5.27588e-020
73.584  5.31688e-020
74.606  5.35762e-020
75.628  5.39812e-020
76.65  5.43836e-020
77.672  5.47835e-020
78.694  5.51808e-020
79.716  5.55754e-020
80.738  5.59674e-020
81.76  5.63566e-020
82.782  5.67431e-020
83.804  5.71268e-020
84.826  5.75077e-020
85.848  5.78858e-020
86.87  5.8261e-020
87.892  5.86332e-020
88.914  5.90026e-020
89.936  5.93689e-020
90.958  5.97322e-020
91.98  6.00925e-020
93.002  6.04497e-020
94.024  6.08037e-020
95.046  6.11547e-020
96.068  6.15024e-020
97.09  6.18469e-020
98.112  6.21881e-020
99.134  6.25261e-020
100.156  6.28607e-020
101.178  6.3192e-020
102.2  6.35199e-020
103.222  6.38443e-020
104.244  6.41653e-020
105.266  6.44828e-020
106.288  6.47968e-020
107.31  6.51072e-020
108.332  6.5414e-020
109.354  6.57172e-020
110.376  6.60167e-020
111.398  6.63125e-020
112.42  6.66046e-020
113.442  6.68929e-020
114.464  6.71774e-020
115.486  6.74581e-020
116.508  6.77349e-020
117.53  6.80078e-020
118.552  6.82767e-020
119.574  6.85416e-020
120.596  6.88025e-020
121.618  6.90594e-020
122.64  6.93122e-020
123.662  6.95608e-020
124.684  6.98052e-020
125.706  7.00455e-020
126.728  7.02815e-020
127.75  7.05132e-020
128.772  7.07406e-020
129.794  7.09637e-020
130.816  7.11823e-020
131.838  7.13965e-020
132.86  7.16062e-020
133.882  7.18114e-020
134.904  7.2012e-020
135.926  7.2208e-020
136.948  7.23993e-020
137.97  7.2586e-020
138.992  7.27679e-020
140.014  7.2945e-020
141.036  7.31173e-020
142.058  7.32848e-020
143.08  7.34473e-020
144.102  7.36048e-020
145.124  7.37574e-020
146.146  7.39048e-020
147.168  7.40472e-020
148.19  7.41844e-020
149.212  7.43164e-020
150.234  7.44432e-020
151.256  7.45646e-020
152.278  7.46807e-020
153.3  7.47914e-020
154.322  7.48966e-020
155.344  7.49963e-020
156.366  7.50904e-020
157.388  7.51788e-020
158.41  7.52616e-020
159.432  7.53387e-020
160.454  7.54099e-020
161.476  7.54753e-020
162.498  7.55348e-020
163.52  7.55883e-020
164.542  7.56357e-020
165.564  7.56771e-020
166.586  7.57123e-020
167.608  7.57413e-020
168.63  7.57639e-020
169.652  7.57803e-020
170.674  7.57902e-020
171.696  7.57936e-020
172.718  7.57904e-020
173.74  7.57807e-020
174.762  7.57642e-020
175.784  7.5741e-020
176.806  7.5711e-020
177.828  7.56741e-020
178.85  7.56302e-020
179.872  7.55792e-020
180.894  7.55212e-020
181.916  7.54559e-020
182.938  7.53834e-020
183.96  7.53036e-020
184.982  7.52163e-020
186.004  7.51216e-020
187.026  7.50193e-020
188.048  7.49093e-020
189.07  7.47917e-020
190.092  7.46663e-020
191.114  7.45329e-020
192.136  7.43917e-020
193.158  7.42424e-020
194.18  7.4085e-020
195.202  7.39195e-020
196.224  7.37456e-020
197.246  7.35635e-020
198.268  7.33729e-020
199.29  7.31738e-020
200.312  7.29662e-020
201.334  7.27499e-020
202.356  7.25249e-020
203.378  7.22911e-020
204.4  7.20483e-020
205.422  7.17967e-020
206.444  7.1536e-020
207.466  7.12662e-020
208.488  7.09872e-020
209.51  7.06989e-020
210.532  7.04013e-020
211.554  7.00943e-020
212.576  6.97779e-020
213.598  6.94519e-020
214.62  6.91162e-020
215.642  6.8771e-020
216.664  6.84159e-020
217.686  6.80511e-020
218.708  6.76764e-020
219.73  6.72918e-020
220.752  6.68972e-020
221.774  6.64925e-020
222.796  6.60778e-020
223.818  6.5653e-020
224.84  6.52179e-020
225.862  6.47727e-020
226.884  6.43172e-020
227.906  6.38513e-020
228.928  6.33752e-020
229.95  6.28886e-020
230.972  6.23917e-020
231.994  6.18844e-020
233.016  6.13666e-020
234.038  6.08384e-020
235.06  6.02997e-020
236.082  5.97506e-020
237.104  5.9191e-020
238.126  5.86209e-020
239.148  5.80404e-020
240.17  5.74495e-020
241.192  5.68482e-020
242.214  5.62365e-020
243.236  5.56145e-020
244.258  5.49822e-020
245.28  5.43397e-020
246.302  5.36869e-020
247.324  5.30241e-020
248.346  5.23512e-020
249.368  5.16684e-020
250.39  5.09757e-020
251.412  5.02733e-020
252.434  4.95612e-020
253.456  4.88396e-020
254.478  4.81085e-020
255.5  4.73683e-020
256.522  4.66188e-020
257.544  4.58605e-020
258.566  4.50934e-020
259.588  4.43176e-020
260.61  4.35335e-020
261.632  4.27413e-020
262.654  4.1941e-020
263.676  4.11331e-020
264.698  4.03176e-020
265.72  3.9495e-020
266.742  3.86655e-020
267.764  3.78294e-020
268.786  3.69869e-020
269.808  3.61385e-020
270.83  3.52844e-020
271.852  3.44251e-020
272.874  3.3561e-020
273.896  3.26923e-020
274.918  3.18196e-020
275.94  3.09433e-020
276.962  3.00638e-020
277.984  2.91817e-020
279.006  2.82974e-020
280.028  2.74115e-020
281.05  2.65245e-020
282.072  2.5637e-020
283.094  2.47496e-020
284.116  2.38628e-020
285.138  2.29775e-020
286.16  2.20941e-020
287.182  2.12135e-020
288.204  2.03364e-020
289.226  1.94634e-020
290.248  1.85955e-020
291.27  1.77334e-020
292.292  1.6878e-020
293.314  1.60301e-020
294.336  1.51906e-020
295.358  1.43606e-020
296.38  1.35409e-020
297.402  1.27327e-020
298.424  1.19368e-020
299.446  1.11545e-020
300.468  1.03869e-020
301.49  9.63509e-021
302.512  8.90029e-021
303.534  8.18374e-021
304.556  7.48674e-021
305.578  6.81061e-021
306.6  6.15671e-021
307.622  5.52647e-021
308.644  4.92134e-021
309.666  4.34282e-021
310.688  3.79248e-021
311.71  3.2719e-021
312.732  2.78275e-021
313.754  2.32673e-021
314.776  1.90558e-021
315.798  1.52111e-021
316.82  1.17518e-021
317.842  8.69716e-022
318.864  6.06673e-022
319.886  3.88079e-022
320.908  2.16014e-022
321.93  9.26115e-023
322.952  2.00536e-023
