1.022  4.05349e-020
2.044  4.11902e-020
3.066  4.1843e-020
4.088  4.24933e-020
5.11  4.31412e-020
6.132  4.37864e-020
7.154  4.4429e-020
8.176  4.5069e-020
9.198  4.57062e-020
10.22  4.63406e-020
11.242  4.69723e-020
12.264  4.76013e-020
13.286  4.82275e-020
14.308  4.8851e-020
15.33  4.94718e-020
16.352  5.00899e-020
17.374  5.07054e-020
18.396  5.13183e-020
19.418  5.19285e-020
20.44  5.25362e-020
21.462  5.31414e-020
22.484  5.3744e-020
23.506  5.43441e-020
24.528  5.49417e-020
25.55  5.55368e-020
26.572  5.61294e-020
27.594  5.67195e-020
28.616  5.73071e-020
29.638  5.78923e-020
30.66  5.84749e-020
31.682  5.90551e-020
32.704  5.96327e-020
33.726  6.02078e-020
34.748  6.07804e-020
35.77  6.13505e-020
36.792  6.1918e-020
37.814  6.24829e-020
38.836  6.30452e-020
39.858  6.36049e-020
40.88  6.41619e-020
41.902  6.47163e-020
42.924  6.52679e-020
43.946  6.58169e-020
44.968  6.63631e-020
45.99  6.69065e-020
47.012  6.74472e-020
48.034  6.7985e-020
49.056  6.85199e-020
50.078  6.9052e-020
51.1  6.95811e-020
52.122  7.01073e-020
53.144  7.06305e-020
54.166  7.11507e-020
55.188  7.16679e-020
56.21  7.21819e-020
57.232  7.26929e-020
58.254  7.32007e-020
59.276  7.37053e-020
60.298  7.42067e-020
61.32  7.47048e-020
62.342  7.51997e-020
63.364  7.56913e-020
64.386  7.61795e-020
65.408  7.66643e-020
66.43  7.71457e-020
67.452  7.76236e-020
68.474  7.8098e-020
69.496  7.85689e-020
70.518  7.90363e-020
71.54  7.95e-020
72.562  7.99602e-020
73.584  8.04166e-020
74.606  8.08694e-020
75.628  8.13184e-020
76.65  8.17636e-020
77.672  8.2205e-020
78.694  8.26426e-020
79.716  8.30763e-020
80.738  8.35061e-020
81.76  8.3932e-020
82.782  8.43539e-020
83.804  8.47717e-020
84.826  8.51855e-020
85.848  8.55952e-020
86.87  8.60008e-020
87.892  8.64023e-020
88.914  8.67995e-020
89.936  8.71926e-020
90.958  8.75814e-020
91.98  8.79658e-020
93.002  8.8346e-020
94.024  8.87218e-020
95.046  8.90932e-020
96.068  8.94602e-020
97.09  8.98227e-020
98.112  9.01807e-020
99.134  9.05342e-020
100.156  9.08831e-020
101.178  9.12274e-020
102.2  9.15671e-020
103.222  9.19021e-020
104.244  9.22325e-020
105.266  9.2558e-020
106.288  9.28788e-020
107.31  9.31948e-020
108.332  9.3506e-020
109.354  9.38123e-020
110.376  9.41137e-020
111.398  9.44101e-020
112.42  9.47015e-020
113.442  9.4988e-020
114.464  9.52693e-020
115.486  9.55456e-020
116.508  9.58168e-020
117.53  9.60828e-020
118.552  9.63436e-020
119.574  9.65992e-020
120.596  9.68495e-020
121.618  9.70945e-020
122.64  9.73341e-020
123.662  9.75684e-020
124.684  9.77972e-020
125.706  9.80206e-020
126.728  9.82385e-020
127.75  9.84508e-020
128.772  9.86576e-020
129.794  9.88587e-020
130.816  9.90542e-020
131.838  9.92439e-020
132.86  9.94279e-020
133.882  9.96061e-020
134.904  9.97785e-020
135.926  9.9945e-020
136.948  1.00106e-019
137.97  1.0026e-019
138.992  1.00409e-019
140.014  1.00551e-019
141.036  1.00688e-019
142.058  1.00818e-019
143.08  1.00942e-019
144.102  1.0106e-019
145.124  1.01171e-019
146.146  1.01277e-019
147.168  1.01375e-019
148.19  1.01468e-019
149.212  1.01553e-019
150.234  1.01633e-019
151.256  1.01705e-019
152.278  1.01771e-019
153.3  1.0183e-019
154.322  1.01883e-019
155.344  1.01928e-019
156.366  1.01967e-019
157.388  1.01999e-019
158.41  1.02023e-019
159.432  1.02041e-019
160.454  1.02051e-019
161.476  1.02054e-019
162.498  1.0205e-019
163.52  1.02039e-019
164.542  1.0202e-019
165.564  1.01993e-019
166.586  1.01959e-019
167.608  1.01918e-019
168.63  1.01869e-019
169.652  1.01812e-019
170.674  1.01747e-019
171.696  1.01674e-019
172.718  1.01593e-019
173.74  1.01504e-019
174.762  1.01407e-019
175.784  1.01302e-019
176.806  1.01188e-019
177.828  1.01067e-019
178.85  1.00936e-019
179.872  1.00797e-019
180.894  1.0065e-019
181.916  1.00493e-019
182.938  1.00328e-019
183.96  1.00154e-019
184.982  9.99714e-020
186.004  9.97794e-020
187.026  9.95783e-020
188.048  9.93679e-020
189.07  9.91482e-020
190.092  9.89191e-020
191.114  9.86806e-020
192.136  9.84324e-020
193.158  9.81745e-020
194.18  9.79069e-020
195.202  9.76294e-020
196.224  9.7342e-020
197.246  9.70445e-020
198.268  9.67369e-020
199.29  9.64191e-020
200.312  9.60909e-020
201.334  9.57524e-020
202.356  9.54033e-020
203.378  9.50436e-020
204.4  9.46733e-020
205.422  9.42921e-020
206.444  9.39001e-020
207.466  9.34972e-020
208.488  9.30832e-020
209.51  9.26581e-020
210.532  9.22217e-020
211.554  9.17741e-020
212.576  9.1315e-020
213.598  9.08445e-020
214.62  9.03625e-020
215.642  8.98688e-020
216.664  8.93634e-020
217.686  8.88462e-020
218.708  8.83172e-020
219.73  8.77762e-020
220.752  8.72232e-020
221.774  8.66582e-020
222.796  8.60811e-020
223.818  8.54917e-020
224.84  8.48902e-020
225.862  8.42763e-020
226.884  8.36501e-020
227.906  8.30114e-020
228.928  8.23604e-020
229.95  8.16969e-020
230.972  8.10208e-020
231.994  8.03323e-020
233.016  7.96312e-020
234.038  7.89175e-020
235.06  7.81912e-020
236.082  7.74523e-020
237.104  7.67009e-020
238.126  7.59368e-020
239.148  7.51602e-020
240.17  7.43711e-020
241.192  7.35694e-020
242.214  7.27552e-020
243.236  7.19286e-020
244.258  7.10896e-020
245.28  7.02383e-020
246.302  6.93747e-020
247.324  6.8499e-020
248.346  6.76111e-020
249.368  6.67113e-020
250.39  6.57996e-020
251.412  6.48761e-020
252.434  6.3941e-020
253.456  6.29945e-020
254.478  6.20366e-020
255.5  6.10676e-020
256.522  6.00876e-020
257.544  5.90969e-020
258.566  5.80956e-020
259.588  5.7084e-020
260.61  5.60624e-020
261.632  5.50309e-020
262.654  5.39899e-020
263.676  5.29396e-020
264.698  5.18805e-020
265.72  5.08127e-020
266.742  4.97367e-020
267.764  4.86528e-020
268.786  4.75614e-020
269.808  4.64629e-020
270.83  4.53578e-020
271.852  4.42465e-020
272.874  4.31295e-020
273.896  4.20072e-020
274.918  4.08803e-020
275.94  3.97493e-020
276.962  3.86147e-020
277.984  3.74771e-020
279.006  3.63372e-020
280.028  3.51956e-020
281.05  3.40531e-020
282.072  3.29103e-020
283.094  3.1768e-020
284.116  3.0627e-020
285.138  2.9488e-020
286.16  2.8352e-020
287.182  2.72198e-020
288.204  2.60923e-020
289.226  2.49706e-020
290.248  2.38555e-020
291.27  2.27481e-020
292.292  2.16495e-020
293.314  2.05608e-020
294.336  1.94832e-020
295.358  1.84177e-020
296.38  1.73658e-020
297.402  1.63286e-020
298.424  1.53076e-020
299.446  1.4304e-020
300.468  1.33193e-020
301.49  1.23549e-020
302.512  1.14125e-020
303.534  1.04936e-020
304.556  9.59978e-021
305.578  8.73277e-021
306.6  7.89432e-021
307.622  7.08622e-021
308.644  6.31034e-021
309.666  5.5686e-021
310.688  4.86299e-021
311.71  4.19554e-021
312.732  3.56838e-021
313.754  2.98368e-021
314.776  2.44368e-021
315.798  1.95071e-021
316.82  1.50714e-021
317.842  1.11543e-021
318.864  7.78101e-022
319.886  4.97761e-022
320.908  2.77079e-022
321.93  1.18798e-022
322.952  2.57252e-023
