1.022  6.94414e-020
2.044  7.01801e-020
3.066  7.0915e-020
4.088  7.16463e-020
5.11  7.23738e-020
6.132  7.30974e-020
7.154  7.38171e-020
8.176  7.45329e-020
9.198  7.52445e-020
10.22  7.59522e-020
11.242  7.66557e-020
12.264  7.73553e-020
13.286  7.80508e-020
14.308  7.87424e-020
15.33  7.94301e-020
16.352  8.0114e-020
17.374  8.0794e-020
18.396  8.14704e-020
19.418  8.21431e-020
20.44  8.28122e-020
21.462  8.34777e-020
22.484  8.41396e-020
23.506  8.47981e-020
24.528  8.54531e-020
25.55  8.61047e-020
26.572  8.67528e-020
27.594  8.73976e-020
28.616  8.80389e-020
29.638  8.86769e-020
30.66  8.93115e-020
31.682  8.99427e-020
32.704  9.05705e-020
33.726  9.11949e-020
34.748  9.1816e-020
35.77  9.24336e-020
36.792  9.30478e-020
37.814  9.36586e-020
38.836  9.42659e-020
39.858  9.48697e-020
40.88  9.547e-020
41.902  9.60668e-020
42.924  9.666e-020
43.946  9.72496e-020
44.968  9.78356e-020
45.99  9.8418e-020
47.012  9.89967e-020
48.034  9.95717e-020
49.056  1.00143e-019
50.078  1.0071e-019
51.1  1.01274e-019
52.122  1.01834e-019
53.144  1.0239e-019
54.166  1.02942e-019
55.188  1.0349e-019
56.21  1.04034e-019
57.232  1.04574e-019
58.254  1.0511e-019
59.276  1.05642e-019
60.298  1.0617e-019
61.32  1.06693e-019
62.342  1.07213e-019
63.364  1.07728e-019
64.386  1.08239e-019
65.408  1.08745e-019
66.43  1.09247e-019
67.452  1.09745e-019
68.474  1.10238e-019
69.496  1.10727e-019
70.518  1.11211e-019
71.54  1.11691e-019
72.562  1.12166e-019
73.584  1.12636e-019
74.606  1.13102e-019
75.628  1.13563e-019
76.65  1.14019e-019
77.672  1.1447e-019
78.694  1.14917e-019
79.716  1.15358e-019
80.738  1.15795e-019
81.76  1.16227e-019
82.782  1.16654e-019
83.804  1.17076e-019
84.826  1.17492e-019
85.848  1.17904e-019
86.87  1.1831e-019
87.892  1.18711e-019
88.914  1.19107e-019
89.936  1.19498e-019
90.958  1.19884e-019
91.98  1.20264e-019
93.002  1.20638e-019
94.024  1.21008e-019
95.046  1.21372e-019
96.068  1.2173e-019
97.09  1.22083e-019
98.112  1.2243e-019
99.134  1.22772e-019
100.156  1.23108e-019
101.178  1.23438e-019
102.2  1.23763e-019
103.222  1.24082e-019
104.244  1.24395e-019
105.266  1.24702e-019
106.288  1.25004e-019
107.31  1.25299e-019
108.332  1.25589e-019
109.354  1.25873e-019
110.376  1.2615e-019
111.398  1.26422e-019
112.42  1.26687e-019
113.442  1.26947e-019
114.464  1.272e-019
115.486  1.27447e-019
116.508  1.27688e-019
117.53  1.27922e-019
118.552  1.2815e-019
119.574  1.28372e-019
120.596  1.28588e-019
121.618  1.28797e-019
122.64  1.28999e-019
123.662  1.29195e-019
124.684  1.29385e-019
125.706  1.29568e-019
126.728  1.29744e-019
127.75  1.29913e-019
128.772  1.30076e-019
129.794  1.30232e-019
130.816  1.30381e-019
131.838  1.30524e-019
132.86  1.30659e-019
133.882  1.30788e-019
134.904  1.30909e-019
135.926  1.31023e-019
136.948  1.31131e-019
137.97  1.31231e-019
138.992  1.31324e-019
140.014  1.3141e-019
141.036  1.31488e-019
142.058  1.31559e-019
143.08  1.31623e-019
144.102  1.31679e-019
145.124  1.31728e-019
146.146  1.31769e-019
147.168  1.31803e-019
148.19  1.31829e-019
149.212  1.31847e-019
150.234  1.31857e-019
151.256  1.3186e-019
152.278  1.31854e-019
153.3  1.31841e-019
154.322  1.3182e-019
155.344  1.3179e-019
156.366  1.31752e-019
157.388  1.31706e-019
158.41  1.31652e-019
159.432  1.31589e-019
160.454  1.31518e-019
161.476  1.31439e-019
162.498  1.31351e-019
163.52  1.31254e-019
164.542  1.31148e-019
165.564  1.31034e-019
166.586  1.30911e-019
167.608  1.30778e-019
168.63  1.30637e-019
169.652  1.30487e-019
170.674  1.30327e-019
171.696  1.30158e-019
172.718  1.2998e-019
173.74  1.29792e-019
174.762  1.29595e-019
175.784  1.29388e-019
176.806  1.29171e-019
177.828  1.28945e-019
178.85  1.28708e-019
179.872  1.28462e-019
180.894  1.28205e-019
181.916  1.27938e-019
182.938  1.27661e-019
183.96  1.27374e-019
184.982  1.27076e-019
186.004  1.26768e-019
187.026  1.26449e-019
188.048  1.26119e-019
189.07  1.25778e-019
190.092  1.25426e-019
191.114  1.25063e-019
192.136  1.24689e-019
193.158  1.24304e-019
194.18  1.23907e-019
195.202  1.23498e-019
196.224  1.23078e-019
197.246  1.22647e-019
198.268  1.22203e-019
199.29  1.21748e-019
200.312  1.2128e-019
201.334  1.20801e-019
202.356  1.20309e-019
203.378  1.19805e-019
204.4  1.19288e-019
205.422  1.18759e-019
206.444  1.18217e-019
207.466  1.17662e-019
208.488  1.17094e-019
209.51  1.16513e-019
210.532  1.1592e-019
211.554  1.15313e-019
212.576  1.14692e-019
213.598  1.14059e-019
214.62  1.13412e-019
215.642  1.12751e-019
216.664  1.12077e-019
217.686  1.11388e-019
218.708  1.10686e-019
219.73  1.0997e-019
220.752  1.0924e-019
221.774  1.08496e-019
222.796  1.07738e-019
223.818  1.06966e-019
224.84  1.06179e-019
225.862  1.05378e-019
226.884  1.04562e-019
227.906  1.03732e-019
228.928  1.02887e-019
229.95  1.02028e-019
230.972  1.01154e-019
231.994  1.00265e-019
233.016  9.93622e-020
234.038  9.84442e-020
235.06  9.75114e-020
236.082  9.6564e-020
237.104  9.56017e-020
238.126  9.46248e-020
239.148  9.36331e-020
240.17  9.26267e-020
241.192  9.16056e-020
242.214  9.05699e-020
243.236  8.95197e-020
244.258  8.84549e-020
245.28  8.73756e-020
246.302  8.6282e-020
247.324  8.51741e-020
248.346  8.4052e-020
249.368  8.29159e-020
250.39  8.17659e-020
251.412  8.06021e-020
252.434  7.94246e-020
253.456  7.82338e-020
254.478  7.70296e-020
255.5  7.58124e-020
256.522  7.45824e-020
257.544  7.33398e-020
258.566  7.20848e-020
259.588  7.08178e-020
260.61  6.9539e-020
261.632  6.82487e-020
262.654  6.69473e-020
263.676  6.56351e-020
264.698  6.43125e-020
265.72  6.29799e-020
266.742  6.16377e-020
267.764  6.02864e-020
268.786  5.89264e-020
269.808  5.75581e-020
270.83  5.61823e-020
271.852  5.47993e-020
272.874  5.34098e-020
273.896  5.20143e-020
274.918  5.06135e-020
275.94  4.92081e-020
276.962  4.77988e-020
277.984  4.63863e-020
279.006  4.49713e-020
280.028  4.35547e-020
281.05  4.21373e-020
282.072  4.07199e-020
283.094  3.93035e-020
284.116  3.78891e-020
285.138  3.64776e-020
286.16  3.507e-020
287.182  3.36674e-020
288.204  3.2271e-020
289.226  3.08819e-020
290.248  2.95013e-020
291.27  2.81305e-020
292.292  2.67708e-020
293.314  2.54235e-020
294.336  2.40901e-020
295.358  2.2772e-020
296.38  2.14707e-020
297.402  2.01878e-020
298.424  1.89249e-020
299.446  1.76838e-020
300.468  1.64661e-020
301.49  1.52737e-020
302.512  1.41085e-020
303.534  1.29724e-020
304.556  1.18673e-020
305.578  1.07955e-020
306.6  9.75901e-021
307.622  8.76006e-021
308.644  7.80095e-021
309.666  6.88406e-021
310.688  6.01183e-021
311.71  5.18678e-021
312.732  4.41152e-021
313.754  3.68874e-021
314.776  3.02121e-021
315.798  2.41179e-021
316.82  1.86343e-021
317.842  1.37916e-021
318.864  9.62107e-022
319.886  6.15494e-022
320.908  3.42628e-022
321.93  1.46908e-022
322.952  3.18139e-023
