1.022  1.07332e-019
2.044  1.08099e-019
3.066  1.08862e-019
4.088  1.0962e-019
5.11  1.10374e-019
6.132  1.11123e-019
7.154  1.11868e-019
8.176  1.12607e-019
9.198  1.13342e-019
10.22  1.14072e-019
11.242  1.14797e-019
12.264  1.15517e-019
13.286  1.16232e-019
14.308  1.16943e-019
15.33  1.17649e-019
16.352  1.1835e-019
17.374  1.19047e-019
18.396  1.1974e-019
19.418  1.20428e-019
20.44  1.21112e-019
21.462  1.21792e-019
22.484  1.22467e-019
23.506  1.23139e-019
24.528  1.23807e-019
25.55  1.2447e-019
26.572  1.2513e-019
27.594  1.25786e-019
28.616  1.26438e-019
29.638  1.27087e-019
30.66  1.27731e-019
31.682  1.28372e-019
32.704  1.29008e-019
33.726  1.29641e-019
34.748  1.3027e-019
35.77  1.30895e-019
36.792  1.31517e-019
37.814  1.32134e-019
38.836  1.32747e-019
39.858  1.33356e-019
40.88  1.33962e-019
41.902  1.34563e-019
42.924  1.3516e-019
43.946  1.35753e-019
44.968  1.36342e-019
45.99  1.36927e-019
47.012  1.37508e-019
48.034  1.38084e-019
49.056  1.38656e-019
50.078  1.39224e-019
51.1  1.39787e-019
52.122  1.40346e-019
53.144  1.409e-019
54.166  1.4145e-019
55.188  1.41995e-019
56.21  1.42536e-019
57.232  1.43071e-019
58.254  1.43603e-019
59.276  1.44129e-019
60.298  1.44651e-019
61.32  1.45167e-019
62.342  1.45679e-019
63.364  1.46186e-019
64.386  1.46688e-019
65.408  1.47185e-019
66.43  1.47676e-019
67.452  1.48163e-019
68.474  1.48644e-019
69.496  1.49121e-019
70.518  1.49591e-019
71.54  1.50057e-019
72.562  1.50517e-019
73.584  1.50972e-019
74.606  1.51421e-019
75.628  1.51864e-019
76.65  1.52302e-019
77.672  1.52735e-019
78.694  1.53162e-019
79.716  1.53583e-019
80.738  1.53998e-019
81.76  1.54408e-019
82.782  1.54811e-019
83.804  1.55209e-019
84.826  1.55601e-019
85.848  1.55987e-019
86.87  1.56366e-019
87.892  1.5674e-019
88.914  1.57108e-019
89.936  1.57469e-019
90.958  1.57824e-019
91.98  1.58173e-019
93.002  1.58516e-019
94.024  1.58852e-019
95.046  1.59182e-019
96.068  1.59505e-019
97.09  1.59822e-019
98.112  1.60133e-019
99.134  1.60437e-019
100.156  1.60734e-019
101.178  1.61025e-019
102.2  1.61309e-019
103.222  1.61586e-019
104.244  1.61857e-019
105.266  1.62121e-019
106.288  1.62377e-019
107.31  1.62627e-019
108.332  1.6287e-019
109.354  1.63107e-019
110.376  1.63336e-019
111.398  1.63558e-019
112.42  1.63772e-019
113.442  1.6398e-019
114.464  1.64181e-019
115.486  1.64374e-019
116.508  1.6456e-019
117.53  1.64739e-019
118.552  1.6491e-019
119.574  1.65074e-019
120.596  1.6523e-019
121.618  1.65379e-019
122.64  1.65521e-019
123.662  1.65654e-019
124.684  1.6578e-019
125.706  1.65899e-019
126.728  1.6601e-019
127.75  1.66113e-019
128.772  1.66208e-019
129.794  1.66295e-019
130.816  1.66374e-019
131.838  1.66446e-019
132.86  1.66509e-019
133.882  1.66564e-019
134.904  1.66612e-019
135.926  1.6665e-019
136.948  1.66681e-019
137.97  1.66704e-019
138.992  1.66718e-019
140.014  1.66723e-019
141.036  1.66721e-019
142.058  1.6671e-019
143.08  1.6669e-019
144.102  1.66661e-019
145.124  1.66624e-019
146.146  1.66578e-019
147.168  1.66524e-019
148.19  1.6646e-019
149.212  1.66388e-019
150.234  1.66306e-019
151.256  1.66215e-019
152.278  1.66116e-019
153.3  1.66007e-019
154.322  1.65889e-019
155.344  1.65761e-019
156.366  1.65624e-019
157.388  1.65478e-019
158.41  1.65322e-019
159.432  1.65156e-019
160.454  1.64981e-019
161.476  1.64795e-019
162.498  1.646e-019
163.52  1.64395e-019
164.542  1.6418e-019
165.564  1.63955e-019
166.586  1.63719e-019
167.608  1.63473e-019
168.63  1.63217e-019
169.652  1.6295e-019
170.674  1.62673e-019
171.696  1.62385e-019
172.718  1.62086e-019
173.74  1.61777e-019
174.762  1.61456e-019
175.784  1.61124e-019
176.806  1.60781e-019
177.828  1.60427e-019
178.85  1.60062e-019
179.872  1.59685e-019
180.894  1.59296e-019
181.916  1.58896e-019
182.938  1.58484e-019
183.96  1.5806e-019
184.982  1.57624e-019
186.004  1.57175e-019
187.026  1.56715e-019
188.048  1.56242e-019
189.07  1.55757e-019
190.092  1.55259e-019
191.114  1.54748e-019
192.136  1.54224e-019
193.158  1.53688e-019
194.18  1.53138e-019
195.202  1.52575e-019
196.224  1.51999e-019
197.246  1.51409e-019
198.268  1.50806e-019
199.29  1.50189e-019
200.312  1.49558e-019
201.334  1.48914e-019
202.356  1.48255e-019
203.378  1.47582e-019
204.4  1.46895e-019
205.422  1.46193e-019
206.444  1.45477e-019
207.466  1.44746e-019
208.488  1.44e-019
209.51  1.43239e-019
210.532  1.42463e-019
211.554  1.41672e-019
212.576  1.40866e-019
213.598  1.40044e-019
214.62  1.39207e-019
215.642  1.38354e-019
216.664  1.37486e-019
217.686  1.36601e-019
218.708  1.35701e-019
219.73  1.34784e-019
220.752  1.33852e-019
221.774  1.32903e-019
222.796  1.31938e-019
223.818  1.30956e-019
224.84  1.29958e-019
225.862  1.28944e-019
226.884  1.27913e-019
227.906  1.26865e-019
228.928  1.258e-019
229.95  1.24718e-019
230.972  1.2362e-019
231.994  1.22505e-019
233.016  1.21372e-019
234.038  1.20223e-019
235.06  1.19057e-019
236.082  1.17873e-019
237.104  1.16673e-019
238.126  1.15456e-019
239.148  1.14221e-019
240.17  1.1297e-019
241.192  1.11702e-019
242.214  1.10416e-019
243.236  1.09114e-019
244.258  1.07795e-019
245.28  1.0646e-019
246.302  1.05108e-019
247.324  1.03739e-019
248.346  1.02354e-019
249.368  1.00953e-019
250.39  9.95354e-020
251.412  9.81021e-020
252.434  9.66531e-020
253.456  9.51885e-020
254.478  9.37086e-020
255.5  9.22137e-020
256.522  9.07039e-020
257.544  8.91795e-020
258.566  8.7641e-020
259.588  8.60884e-020
260.61  8.45223e-020
261.632  8.2943e-020
262.654  8.13509e-020
263.676  7.97463e-020
264.698  7.81298e-020
265.72  7.65018e-020
266.742  7.48628e-020
267.764  7.32133e-020
268.786  7.15538e-020
269.808  6.9885e-020
270.83  6.82075e-020
271.852  6.6522e-020
272.874  6.4829e-020
273.896  6.31293e-020
274.918  6.14238e-020
275.94  5.97131e-020
276.962  5.79981e-020
277.984  5.62797e-020
279.006  5.45588e-020
280.028  5.28363e-020
281.05  5.11132e-020
282.072  4.93907e-020
283.094  4.76697e-020
284.116  4.59513e-020
285.138  4.42369e-020
286.16  4.25276e-020
287.182  4.08247e-020
288.204  3.91295e-020
289.226  3.74435e-020
290.248  3.5768e-020
291.27  3.41047e-020
292.292  3.2455e-020
293.314  3.08206e-020
294.336  2.92032e-020
295.358  2.76045e-020
296.38  2.60264e-020
297.402  2.44707e-020
298.424  2.29395e-020
299.446  2.14347e-020
300.468  1.99584e-020
301.49  1.85129e-020
302.512  1.71004e-020
303.534  1.57232e-020
304.556  1.43838e-020
305.578  1.30847e-020
306.6  1.18284e-020
307.622  1.06177e-020
308.644  9.45522e-021
309.666  8.34396e-021
310.688  7.28683e-021
311.71  6.28689e-021
312.732  5.34728e-021
313.754  4.47126e-021
314.776  3.6622e-021
315.798  2.92355e-021
316.82  2.25888e-021
317.842  1.67189e-021
318.864  1.16635e-021
319.886  7.46178e-022
320.908  4.1539e-022
321.93  1.78113e-022
322.952  3.85728e-023
