1.022  1.29646e-019
2.044  1.30407e-019
3.066  1.31163e-019
4.088  1.31915e-019
5.11  1.32662e-019
6.132  1.33404e-019
7.154  1.34142e-019
8.176  1.34874e-019
9.198  1.35601e-019
10.22  1.36323e-019
11.242  1.37039e-019
12.264  1.37751e-019
13.286  1.38458e-019
14.308  1.39159e-019
15.33  1.39856e-019
16.352  1.40548e-019
17.374  1.41235e-019
18.396  1.41918e-019
19.418  1.42596e-019
20.44  1.4327e-019
21.462  1.4394e-019
22.484  1.44606e-019
23.506  1.45267e-019
24.528  1.45924e-019
25.55  1.46578e-019
26.572  1.47227e-019
27.594  1.47872e-019
28.616  1.48514e-019
29.638  1.49151e-019
30.66  1.49785e-019
31.682  1.50414e-019
32.704  1.5104e-019
33.726  1.51662e-019
34.748  1.52279e-019
35.77  1.52893e-019
36.792  1.53503e-019
37.814  1.54109e-019
38.836  1.5471e-019
39.858  1.55308e-019
40.88  1.55902e-019
41.902  1.56491e-019
42.924  1.57076e-019
43.946  1.57657e-019
44.968  1.58234e-019
45.99  1.58806e-019
47.012  1.59374e-019
48.034  1.59937e-019
49.056  1.60496e-019
50.078  1.61051e-019
51.1  1.61601e-019
52.122  1.62146e-019
53.144  1.62687e-019
54.166  1.63222e-019
55.188  1.63754e-019
56.21  1.6428e-019
57.232  1.64801e-019
58.254  1.65318e-019
59.276  1.65829e-019
60.298  1.66335e-019
61.32  1.66836e-019
62.342  1.67333e-019
63.364  1.67823e-019
64.386  1.68309e-019
65.408  1.68789e-019
66.43  1.69264e-019
67.452  1.69734e-019
68.474  1.70197e-019
69.496  1.70656e-019
70.518  1.71109e-019
71.54  1.71556e-019
72.562  1.71997e-019
73.584  1.72433e-019
74.606  1.72863e-019
75.628  1.73287e-019
76.65  1.73705e-019
77.672  1.74117e-019
78.694  1.74523e-019
79.716  1.74923e-019
80.738  1.75317e-019
81.76  1.75705e-019
82.782  1.76086e-019
83.804  1.76462e-019
84.826  1.76831e-019
85.848  1.77193e-019
86.87  1.77549e-019
87.892  1.77899e-019
88.914  1.78242e-019
89.936  1.78579e-019
90.958  1.78909e-019
91.98  1.79232e-019
93.002  1.79549e-019
94.024  1.79859e-019
95.046  1.80162e-019
96.068  1.80458e-019
97.09  1.80747e-019
98.112  1.81029e-019
99.134  1.81305e-019
100.156  1.81573e-019
101.178  1.81834e-019
102.2  1.82088e-019
103.222  1.82335e-019
104.244  1.82575e-019
105.266  1.82808e-019
106.288  1.83033e-019
107.31  1.8325e-019
108.332  1.83461e-019
109.354  1.83664e-019
110.376  1.83859e-019
111.398  1.84047e-019
112.42  1.84227e-019
113.442  1.844e-019
114.464  1.84565e-019
115.486  1.84722e-019
116.508  1.84871e-019
117.53  1.85013e-019
118.552  1.85147e-019
119.574  1.85273e-019
120.596  1.8539e-019
121.618  1.855e-019
122.64  1.85602e-019
123.662  1.85696e-019
124.684  1.85781e-019
125.706  1.85859e-019
126.728  1.85928e-019
127.75  1.85989e-019
128.772  1.86041e-019
129.794  1.86085e-019
130.816  1.86121e-019
131.838  1.86148e-019
132.86  1.86166e-019
133.882  1.86176e-019
134.904  1.86177e-019
135.926  1.8617e-019
136.948  1.86153e-019
137.97  1.86128e-019
138.992  1.86094e-019
140.014  1.86051e-019
141.036  1.85999e-019
142.058  1.85938e-019
143.08  1.85868e-019
144.102  1.85788e-019
145.124  1.85699e-019
146.146  1.85601e-019
147.168  1.85494e-019
148.19  1.85377e-019
149.212  1.85251e-019
150.234  1.85115e-019
151.256  1.84969e-019
152.278  1.84813e-019
153.3  1.84648e-019
154.322  1.84473e-019
155.344  1.84288e-019
156.366  1.84092e-019
157.388  1.83887e-019
158.41  1.83672e-019
159.432  1.83446e-019
160.454  1.8321e-019
161.476  1.82963e-019
162.498  1.82706e-019
163.52  1.82438e-019
164.542  1.82159e-019
165.564  1.8187e-019
166.586  1.8157e-019
167.608  1.81259e-019
168.63  1.80936e-019
169.652  1.80603e-019
170.674  1.80258e-019
171.696  1.79902e-019
172.718  1.79534e-019
173.74  1.79155e-019
174.762  1.78764e-019
175.784  1.78362e-019
176.806  1.77947e-019
177.828  1.7752e-019
178.85  1.77082e-019
179.872  1.76631e-019
180.894  1.76167e-019
181.916  1.75691e-019
182.938  1.75203e-019
183.96  1.74702e-019
184.982  1.74188e-019
186.004  1.73661e-019
187.026  1.73121e-019
188.048  1.72568e-019
189.07  1.72002e-019
190.092  1.71422e-019
191.114  1.70828e-019
192.136  1.70221e-019
193.158  1.696e-019
194.18  1.68966e-019
195.202  1.68317e-019
196.224  1.67653e-019
197.246  1.66976e-019
198.268  1.66284e-019
199.29  1.65577e-019
200.312  1.64856e-019
201.334  1.6412e-019
202.356  1.63368e-019
203.378  1.62602e-019
204.4  1.6182e-019
205.422  1.61023e-019
206.444  1.6021e-019
207.466  1.59382e-019
208.488  1.58538e-019
209.51  1.57678e-019
210.532  1.56802e-019
211.554  1.5591e-019
212.576  1.55001e-019
213.598  1.54076e-019
214.62  1.53134e-019
215.642  1.52176e-019
216.664  1.51201e-019
217.686  1.50209e-019
218.708  1.492e-019
219.73  1.48174e-019
220.752  1.4713e-019
221.774  1.4607e-019
222.796  1.44991e-019
223.818  1.43896e-019
224.84  1.42782e-019
225.862  1.41651e-019
226.884  1.40502e-019
227.906  1.39336e-019
228.928  1.38151e-019
229.95  1.36948e-019
230.972  1.35728e-019
231.994  1.34489e-019
233.016  1.33232e-019
234.038  1.31957e-019
235.06  1.30664e-019
236.082  1.29352e-019
237.104  1.28023e-019
238.126  1.26675e-019
239.148  1.25309e-019
240.17  1.23924e-019
241.192  1.22522e-019
242.214  1.21102e-019
243.236  1.19663e-019
244.258  1.18207e-019
245.28  1.16732e-019
246.302  1.1524e-019
247.324  1.1373e-019
248.346  1.12203e-019
249.368  1.10658e-019
250.39  1.09096e-019
251.412  1.07517e-019
252.434  1.05922e-019
253.456  1.04309e-019
254.478  1.0268e-019
255.5  1.01035e-019
256.522  9.93746e-020
257.544  9.76982e-020
258.566  9.60066e-020
259.588  9.43001e-020
260.61  9.25791e-020
261.632  9.08439e-020
262.654  8.9095e-020
263.676  8.73329e-020
264.698  8.55579e-020
265.72  8.37707e-020
266.742  8.19718e-020
267.764  8.01617e-020
268.786  7.8341e-020
269.808  7.65104e-020
270.83  7.46705e-020
271.852  7.2822e-020
272.874  7.09657e-020
273.896  6.91024e-020
274.918  6.72328e-020
275.94  6.53578e-020
276.962  6.34784e-020
277.984  6.15955e-020
279.006  5.971e-020
280.028  5.7823e-020
281.05  5.59357e-020
282.072  5.4049e-020
283.094  5.21642e-020
284.116  5.02825e-020
285.138  4.84053e-020
286.16  4.65338e-020
287.182  4.46694e-020
288.204  4.28137e-020
289.226  4.09681e-020
290.248  3.91342e-020
291.27  3.73137e-020
292.292  3.55082e-020
293.314  3.37195e-020
294.336  3.19495e-020
295.358  3.02001e-020
296.38  2.84733e-020
297.402  2.67711e-020
298.424  2.50957e-020
299.446  2.34493e-020
300.468  2.18341e-020
301.49  2.02527e-020
302.512  1.87073e-020
303.534  1.72007e-020
304.556  1.57354e-020
305.578  1.43142e-020
306.6  1.29399e-020
307.622  1.16154e-020
308.644  1.03437e-020
309.666  9.12808e-021
310.688  7.97164e-021
311.71  6.87776e-021
312.732  5.84989e-021
313.754  4.89157e-021
314.776  4.00649e-021
315.798  3.19843e-021
316.82  2.4713e-021
317.842  1.82912e-021
318.864  1.27606e-021
319.886  8.16376e-022
320.908  4.54476e-022
321.93  1.94875e-022
322.952  4.22036e-023
