1.022  3.14267e-020
2.044  3.11684e-020
3.066  3.09127e-020
4.088  3.06597e-020
5.11  3.04093e-020
6.132  3.01614e-020
7.154  2.99159e-020
8.176  2.96728e-020
9.198  2.94322e-020
10.22  2.91938e-020
11.242  2.89578e-020
12.264  2.8724e-020
13.286  2.84926e-020
14.308  2.82635e-020
15.33  2.80366e-020
16.352  2.7812e-020
17.374  2.75897e-020
18.396  2.73697e-020
19.418  2.7152e-020
20.44  2.69365e-020
21.462  2.67233e-020
22.484  2.65123e-020
23.506  2.63035e-020
24.528  2.60969e-020
25.55  2.58925e-020
26.572  2.56902e-020
27.594  2.54902e-020
28.616  2.52922e-020
29.638  2.50963e-020
30.66  2.49025e-020
31.682  2.47107e-020
32.704  2.45209e-020
33.726  2.43331e-020
34.748  2.41473e-020
35.77  2.39634e-020
36.792  2.37815e-020
37.814  2.36014e-020
38.836  2.34231e-020
39.858  2.32467e-020
40.88  2.30721e-020
41.902  2.28992e-020
42.924  2.27281e-020
43.946  2.25586e-020
44.968  2.23909e-020
45.99  2.22248e-020
47.012  2.20604e-020
48.034  2.18975e-020
49.056  2.17362e-020
50.078  2.15765e-020
51.1  2.14183e-020
52.122  2.12616e-020
53.144  2.11064e-020
54.166  2.09527e-020
55.188  2.08003e-020
56.21  2.06494e-020
57.232  2.04998e-020
58.254  2.03517e-020
59.276  2.02048e-020
60.298  2.00593e-020
61.32  1.9915e-020
62.342  1.9772e-020
63.364  1.96303e-020
64.386  1.94898e-020
65.408  1.93505e-020
66.43  1.92124e-020
67.452  1.90755e-020
68.474  1.89397e-020
69.496  1.88051e-020
70.518  1.86715e-020
71.54  1.85391e-020
72.562  1.84077e-020
73.584  1.82774e-020
74.606  1.81482e-020
75.628  1.80199e-020
76.65  1.78927e-020
77.672  1.77664e-020
78.694  1.76412e-020
79.716  1.75169e-020
80.738  1.73935e-020
81.76  1.72711e-020
82.782  1.71495e-020
83.804  1.70289e-020
84.826  1.69092e-020
85.848  1.67903e-020
86.87  1.66723e-020
87.892  1.65551e-020
88.914  1.64388e-020
89.936  1.63232e-020
90.958  1.62085e-020
91.98  1.60945e-020
93.002  1.59814e-020
94.024  1.5869e-020
95.046  1.57573e-020
96.068  1.56464e-020
97.09  1.55362e-020
98.112  1.54268e-020
99.134  1.5318e-020
100.156  1.52099e-020
101.178  1.51025e-020
102.2  1.49958e-020
103.222  1.48898e-020
104.244  1.47843e-020
105.266  1.46796e-020
106.288  1.45754e-020
107.31  1.44719e-020
108.332  1.4369e-020
109.354  1.42667e-020
110.376  1.4165e-020
111.398  1.40639e-020
112.42  1.39633e-020
113.442  1.38633e-020
114.464  1.37639e-020
115.486  1.3665e-020
116.508  1.35666e-020
117.53  1.34688e-020
118.552  1.33715e-020
119.574  1.32747e-020
120.596  1.31784e-020
121.618  1.30826e-020
122.64  1.29873e-020
123.662  1.28925e-020
124.684  1.27981e-020
125.706  1.27043e-020
126.728  1.26108e-020
127.75  1.25179e-020
128.772  1.24254e-020
129.794  1.23333e-020
130.816  1.22416e-020
131.838  1.21504e-020
132.86  1.20596e-020
133.882  1.19692e-020
134.904  1.18793e-020
135.926  1.17897e-020
136.948  1.17005e-020
137.97  1.16117e-020
138.992  1.15233e-020
140.014  1.14353e-020
141.036  1.13476e-020
142.058  1.12603e-020
143.08  1.11734e-020
144.102  1.10868e-020
145.124  1.10006e-020
146.146  1.09147e-020
147.168  1.08291e-020
148.19  1.07439e-020
149.212  1.06591e-020
150.234  1.05745e-020
151.256  1.04903e-020
152.278  1.04064e-020
153.3  1.03227e-020
154.322  1.02394e-020
155.344  1.01565e-020
156.366  1.00738e-020
157.388  9.99135e-021
158.41  9.90924e-021
159.432  9.82741e-021
160.454  9.74586e-021
161.476  9.66459e-021
162.498  9.58359e-021
163.52  9.50287e-021
164.542  9.4224e-021
165.564  9.3422e-021
166.586  9.26226e-021
167.608  9.18258e-021
168.63  9.10314e-021
169.652  9.02395e-021
170.674  8.94501e-021
171.696  8.86631e-021
172.718  8.78784e-021
173.74  8.70961e-021
174.762  8.63161e-021
175.784  8.55384e-021
176.806  8.47629e-021
177.828  8.39897e-021
178.85  8.32186e-021
179.872  8.24497e-021
180.894  8.16829e-021
181.916  8.09182e-021
182.938  8.01556e-021
183.96  7.9395e-021
184.982  7.86365e-021
186.004  7.78799e-021
187.026  7.71253e-021
188.048  7.63727e-021
189.07  7.5622e-021
190.092  7.48731e-021
191.114  7.41261e-021
192.136  7.3381e-021
193.158  7.26376e-021
194.18  7.18961e-021
195.202  7.11564e-021
196.224  7.04184e-021
197.246  6.96821e-021
198.268  6.89475e-021
199.29  6.82146e-021
200.312  6.74834e-021
201.334  6.67539e-021
202.356  6.60259e-021
203.378  6.52996e-021
204.4  6.45749e-021
205.422  6.38517e-021
206.444  6.31301e-021
207.466  6.24101e-021
208.488  6.16915e-021
209.51  6.09745e-021
210.532  6.0259e-021
211.554  5.9545e-021
212.576  5.88324e-021
213.598  5.81213e-021
214.62  5.74117e-021
215.642  5.67034e-021
216.664  5.59967e-021
217.686  5.52913e-021
218.708  5.45873e-021
219.73  5.38847e-021
220.752  5.31835e-021
221.774  5.24837e-021
222.796  5.17853e-021
223.818  5.10882e-021
224.84  5.03926e-021
225.862  4.96982e-021
226.884  4.90053e-021
227.906  4.83137e-021
228.928  4.76235e-021
229.95  4.69347e-021
230.972  4.62472e-021
231.994  4.55611e-021
233.016  4.48764e-021
234.038  4.41931e-021
235.06  4.35111e-021
236.082  4.28306e-021
237.104  4.21516e-021
238.126  4.14739e-021
239.148  4.07977e-021
240.17  4.0123e-021
241.192  3.94498e-021
242.214  3.8778e-021
243.236  3.81079e-021
244.258  3.74392e-021
245.28  3.67722e-021
246.302  3.61068e-021
247.324  3.5443e-021
248.346  3.47809e-021
249.368  3.41206e-021
250.39  3.3462e-021
251.412  3.28053e-021
252.434  3.21504e-021
253.456  3.14974e-021
254.478  3.08463e-021
255.5  3.01973e-021
256.522  2.95504e-021
257.544  2.89056e-021
258.566  2.8263e-021
259.588  2.76227e-021
260.61  2.69847e-021
261.632  2.63492e-021
262.654  2.57163e-021
263.676  2.50859e-021
264.698  2.44582e-021
265.72  2.38334e-021
266.742  2.32115e-021
267.764  2.25925e-021
268.786  2.19768e-021
269.808  2.13642e-021
270.83  2.07551e-021
271.852  2.01495e-021
272.874  1.95475e-021
273.896  1.89493e-021
274.918  1.83551e-021
275.94  1.7765e-021
276.962  1.71792e-021
277.984  1.65979e-021
279.006  1.60212e-021
280.028  1.54493e-021
281.05  1.48824e-021
282.072  1.43208e-021
283.094  1.37647e-021
284.116  1.32142e-021
285.138  1.26697e-021
286.16  1.21313e-021
287.182  1.15994e-021
288.204  1.10741e-021
289.226  1.05559e-021
290.248  1.00449e-021
291.27  9.54139e-022
292.292  9.04581e-022
293.314  8.55843e-022
294.336  8.07959e-022
295.358  7.60964e-022
296.38  7.14895e-022
297.402  6.6979e-022
298.424  6.25687e-022
299.446  5.82629e-022
300.468  5.40658e-022
301.49  4.99817e-022
302.512  4.60153e-022
303.534  4.21712e-022
304.556  3.84544e-022
305.578  3.487e-022
306.6  3.14233e-022
307.622  2.81197e-022
308.644  2.49648e-022
309.666  2.19646e-022
310.688  1.91251e-022
311.71  1.64525e-022
312.732  1.39535e-022
313.754  1.16346e-022
314.776  9.50285e-023
315.798  7.5654e-023
316.82  5.82968e-023
317.842  4.30334e-023
318.864  2.9943e-023
319.886  1.91071e-023
320.908  1.061e-023
321.93  4.53815e-024
322.952  9.80411e-025
