1.022  1.89063e-019
2.044  1.88056e-019
3.066  1.87059e-019
4.088  1.8607e-019
5.11  1.8509e-019
6.132  1.84119e-019
7.154  1.83156e-019
8.176  1.822e-019
9.198  1.81253e-019
10.22  1.80313e-019
11.242  1.79381e-019
12.264  1.78456e-019
13.286  1.77539e-019
14.308  1.76629e-019
15.33  1.75727e-019
16.352  1.74833e-019
17.374  1.73947e-019
18.396  1.73069e-019
19.418  1.72199e-019
20.44  1.71336e-019
21.462  1.70482e-019
22.484  1.69635e-019
23.506  1.68797e-019
24.528  1.67966e-019
25.55  1.67143e-019
26.572  1.66328e-019
27.594  1.65521e-019
28.616  1.64721e-019
29.638  1.63929e-019
30.66  1.63145e-019
31.682  1.62368e-019
32.704  1.61598e-019
33.726  1.60836e-019
34.748  1.60081e-019
35.77  1.59333e-019
36.792  1.58592e-019
37.814  1.57858e-019
38.836  1.5713e-019
39.858  1.56409e-019
40.88  1.55695e-019
41.902  1.54987e-019
42.924  1.54286e-019
43.946  1.5359e-019
44.968  1.52901e-019
45.99  1.52218e-019
47.012  1.5154e-019
48.034  1.50868e-019
49.056  1.50202e-019
50.078  1.49542e-019
51.1  1.48887e-019
52.122  1.48237e-019
53.144  1.47593e-019
54.166  1.46953e-019
55.188  1.46319e-019
56.21  1.45689e-019
57.232  1.45065e-019
58.254  1.44445e-019
59.276  1.4383e-019
60.298  1.43219e-019
61.32  1.42613e-019
62.342  1.42011e-019
63.364  1.41414e-019
64.386  1.4082e-019
65.408  1.40231e-019
66.43  1.39646e-019
67.452  1.39064e-019
68.474  1.38487e-019
69.496  1.37913e-019
70.518  1.37343e-019
71.54  1.36776e-019
72.562  1.36214e-019
73.584  1.35654e-019
74.606  1.35098e-019
75.628  1.34545e-019
76.65  1.33996e-019
77.672  1.33449e-019
78.694  1.32906e-019
79.716  1.32366e-019
80.738  1.31828e-019
81.76  1.31294e-019
82.782  1.30762e-019
83.804  1.30233e-019
84.826  1.29707e-019
85.848  1.29184e-019
86.87  1.28663e-019
87.892  1.28144e-019
88.914  1.27629e-019
89.936  1.27115e-019
90.958  1.26604e-019
91.98  1.26095e-019
93.002  1.25588e-019
94.024  1.25084e-019
95.046  1.24581e-019
96.068  1.24081e-019
97.09  1.23583e-019
98.112  1.23087e-019
99.134  1.22592e-019
100.156  1.221e-019
101.178  1.21609e-019
102.2  1.2112e-019
103.222  1.20633e-019
104.244  1.20148e-019
105.266  1.19664e-019
106.288  1.19182e-019
107.31  1.18701e-019
108.332  1.18222e-019
109.354  1.17745e-019
110.376  1.17269e-019
111.398  1.16794e-019
112.42  1.1632e-019
113.442  1.15848e-019
114.464  1.15378e-019
115.486  1.14908e-019
116.508  1.1444e-019
117.53  1.13972e-019
118.552  1.13506e-019
119.574  1.13041e-019
120.596  1.12577e-019
121.618  1.12115e-019
122.64  1.11653e-019
123.662  1.11192e-019
124.684  1.10732e-019
125.706  1.10273e-019
126.728  1.09814e-019
127.75  1.09357e-019
128.772  1.089e-019
129.794  1.08444e-019
130.816  1.07989e-019
131.838  1.07534e-019
132.86  1.0708e-019
133.882  1.06627e-019
134.904  1.06174e-019
135.926  1.05722e-019
136.948  1.05271e-019
137.97  1.0482e-019
138.992  1.04369e-019
140.014  1.03919e-019
141.036  1.03469e-019
142.058  1.0302e-019
143.08  1.0257e-019
144.102  1.02122e-019
145.124  1.01673e-019
146.146  1.01225e-019
147.168  1.00777e-019
148.19  1.00329e-019
149.212  9.9881e-020
150.234  9.94334e-020
151.256  9.89858e-020
152.278  9.85383e-020
153.3  9.80908e-020
154.322  9.76432e-020
155.344  9.71956e-020
156.366  9.67479e-020
157.388  9.63001e-020
158.41  9.58521e-020
159.432  9.54039e-020
160.454  9.49555e-020
161.476  9.45067e-020
162.498  9.40577e-020
163.52  9.36083e-020
164.542  9.31586e-020
165.564  9.27084e-020
166.586  9.22577e-020
167.608  9.18065e-020
168.63  9.13548e-020
169.652  9.09024e-020
170.674  9.04495e-020
171.696  8.99958e-020
172.718  8.95414e-020
173.74  8.90862e-020
174.762  8.86302e-020
175.784  8.81734e-020
176.806  8.77156e-020
177.828  8.72568e-020
178.85  8.6797e-020
179.872  8.63362e-020
180.894  8.58742e-020
181.916  8.54111e-020
182.938  8.49467e-020
183.96  8.44811e-020
184.982  8.40141e-020
186.004  8.35457e-020
187.026  8.30758e-020
188.048  8.26044e-020
189.07  8.21315e-020
190.092  8.16569e-020
191.114  8.11806e-020
192.136  8.07025e-020
193.158  8.02227e-020
194.18  7.97409e-020
195.202  7.92571e-020
196.224  7.87714e-020
197.246  7.82835e-020
198.268  7.77935e-020
199.29  7.73012e-020
200.312  7.68066e-020
201.334  7.63096e-020
202.356  7.58102e-020
203.378  7.53082e-020
204.4  7.48037e-020
205.422  7.42964e-020
206.444  7.37864e-020
207.466  7.32736e-020
208.488  7.27578e-020
209.51  7.22391e-020
210.532  7.17172e-020
211.554  7.11923e-020
212.576  7.0664e-020
213.598  7.01325e-020
214.62  6.95976e-020
215.642  6.90592e-020
216.664  6.85172e-020
217.686  6.79716e-020
218.708  6.74222e-020
219.73  6.68691e-020
220.752  6.6312e-020
221.774  6.5751e-020
222.796  6.51859e-020
223.818  6.46167e-020
224.84  6.40433e-020
225.862  6.34656e-020
226.884  6.28835e-020
227.906  6.22969e-020
228.928  6.17059e-020
229.95  6.11102e-020
230.972  6.05098e-020
231.994  5.99047e-020
233.016  5.92947e-020
234.038  5.86799e-020
235.06  5.80601e-020
236.082  5.74353e-020
237.104  5.68054e-020
238.126  5.61704e-020
239.148  5.55301e-020
240.17  5.48846e-020
241.192  5.42338e-020
242.214  5.35777e-020
243.236  5.29161e-020
244.258  5.22492e-020
245.28  5.15768e-020
246.302  5.08989e-020
247.324  5.02154e-020
248.346  4.95265e-020
249.368  4.8832e-020
250.39  4.81319e-020
251.412  4.74264e-020
252.434  4.67152e-020
253.456  4.59986e-020
254.478  4.52764e-020
255.5  4.45488e-020
256.522  4.38158e-020
257.544  4.30773e-020
258.566  4.23336e-020
259.588  4.15845e-020
260.61  4.08303e-020
261.632  4.0071e-020
262.654  3.93067e-020
263.676  3.85375e-020
264.698  3.77635e-020
265.72  3.69849e-020
266.742  3.62018e-020
267.764  3.54144e-020
268.786  3.46228e-020
269.808  3.38273e-020
270.83  3.3028e-020
271.852  3.22252e-020
272.874  3.14192e-020
273.896  3.061e-020
274.918  2.97982e-020
275.94  2.89839e-020
276.962  2.81675e-020
277.984  2.73492e-020
279.006  2.65295e-020
280.028  2.57088e-020
281.05  2.48874e-020
282.072  2.40658e-020
283.094  2.32443e-020
284.116  2.24236e-020
285.138  2.16041e-020
286.16  2.07864e-020
287.182  1.99709e-020
288.204  1.91583e-020
289.226  1.83493e-020
290.248  1.75444e-020
291.27  1.67443e-020
292.292  1.59499e-020
293.314  1.51617e-020
294.336  1.43807e-020
295.358  1.36076e-020
296.38  1.28434e-020
297.402  1.20888e-020
298.424  1.13449e-020
299.446  1.06127e-020
300.468  9.89321e-021
301.49  9.18746e-021
302.512  8.49662e-021
303.534  7.82185e-021
304.556  7.16438e-021
305.578  6.52548e-021
306.6  5.90648e-021
307.622  5.30876e-021
308.644  4.73376e-021
309.666  4.18297e-021
310.688  3.65794e-021
311.71  3.16029e-021
312.732  2.69169e-021
313.754  2.25387e-021
314.776  1.84866e-021
315.798  1.47791e-021
316.82  1.14356e-021
317.842  8.47635e-022
318.864  5.92207e-022
319.886  3.79434e-022
320.908  2.11546e-022
321.93  9.08459e-023
322.952  1.97042e-023
