1.022  2.86422e-019
2.044  2.84845e-019
3.066  2.83283e-019
4.088  2.81735e-019
5.11  2.80201e-019
6.132  2.7868e-019
7.154  2.77172e-019
8.176  2.75677e-019
9.198  2.74193e-019
10.22  2.72722e-019
11.242  2.71262e-019
12.264  2.69815e-019
13.286  2.6838e-019
14.308  2.66956e-019
15.33  2.65545e-019
16.352  2.64146e-019
17.374  2.62759e-019
18.396  2.61385e-019
19.418  2.60023e-019
20.44  2.58673e-019
21.462  2.57336e-019
22.484  2.56012e-019
23.506  2.547e-019
24.528  2.534e-019
25.55  2.52112e-019
26.572  2.50837e-019
27.594  2.49574e-019
28.616  2.48323e-019
29.638  2.47083e-019
30.66  2.45856e-019
31.682  2.4464e-019
32.704  2.43436e-019
33.726  2.42243e-019
34.748  2.41061e-019
35.77  2.3989e-019
36.792  2.38731e-019
37.814  2.37581e-019
38.836  2.36443e-019
39.858  2.35315e-019
40.88  2.34196e-019
41.902  2.33088e-019
42.924  2.3199e-019
43.946  2.30902e-019
44.968  2.29823e-019
45.99  2.28753e-019
47.012  2.27693e-019
48.034  2.26641e-019
49.056  2.25599e-019
50.078  2.24565e-019
51.1  2.23539e-019
52.122  2.22522e-019
53.144  2.21513e-019
54.166  2.20512e-019
55.188  2.19519e-019
56.21  2.18534e-019
57.232  2.17556e-019
58.254  2.16586e-019
59.276  2.15622e-019
60.298  2.14666e-019
61.32  2.13717e-019
62.342  2.12775e-019
63.364  2.1184e-019
64.386  2.10911e-019
65.408  2.09988e-019
66.43  2.09072e-019
67.452  2.08162e-019
68.474  2.07258e-019
69.496  2.0636e-019
70.518  2.05468e-019
71.54  2.04581e-019
72.562  2.037e-019
73.584  2.02825e-019
74.606  2.01954e-019
75.628  2.01089e-019
76.65  2.00229e-019
77.672  1.99374e-019
78.694  1.98524e-019
79.716  1.97679e-019
80.738  1.96838e-019
81.76  1.96002e-019
82.782  1.9517e-019
83.804  1.94343e-019
84.826  1.9352e-019
85.848  1.92701e-019
86.87  1.91886e-019
87.892  1.91075e-019
88.914  1.90268e-019
89.936  1.89465e-019
90.958  1.88666e-019
91.98  1.8787e-019
93.002  1.87078e-019
94.024  1.86289e-019
95.046  1.85504e-019
96.068  1.84722e-019
97.09  1.83943e-019
98.112  1.83168e-019
99.134  1.82395e-019
100.156  1.81626e-019
101.178  1.80859e-019
102.2  1.80096e-019
103.222  1.79335e-019
104.244  1.78576e-019
105.266  1.77821e-019
106.288  1.77068e-019
107.31  1.76318e-019
108.332  1.7557e-019
109.354  1.74824e-019
110.376  1.74081e-019
111.398  1.7334e-019
112.42  1.72601e-019
113.442  1.71864e-019
114.464  1.7113e-019
115.486  1.70397e-019
116.508  1.69666e-019
117.53  1.68938e-019
118.552  1.68211e-019
119.574  1.67486e-019
120.596  1.66763e-019
121.618  1.66041e-019
122.64  1.65321e-019
123.662  1.64603e-019
124.684  1.63886e-019
125.706  1.6317e-019
126.728  1.62456e-019
127.75  1.61744e-019
128.772  1.61032e-019
129.794  1.60322e-019
130.816  1.59614e-019
131.838  1.58906e-019
132.86  1.582e-019
133.882  1.57494e-019
134.904  1.5679e-019
135.926  1.56087e-019
136.948  1.55384e-019
137.97  1.54683e-019
138.992  1.53982e-019
140.014  1.53282e-019
141.036  1.52583e-019
142.058  1.51884e-019
143.08  1.51187e-019
144.102  1.5049e-019
145.124  1.49793e-019
146.146  1.49097e-019
147.168  1.48401e-019
148.19  1.47706e-019
149.212  1.47011e-019
150.234  1.46317e-019
151.256  1.45622e-019
152.278  1.44928e-019
153.3  1.44235e-019
154.322  1.43541e-019
155.344  1.42847e-019
156.366  1.42154e-019
157.388  1.4146e-019
158.41  1.40766e-019
159.432  1.40072e-019
160.454  1.39378e-019
161.476  1.38684e-019
162.498  1.3799e-019
163.52  1.37295e-019
164.542  1.366e-019
165.564  1.35904e-019
166.586  1.35208e-019
167.608  1.34511e-019
168.63  1.33813e-019
169.652  1.33115e-019
170.674  1.32417e-019
171.696  1.31717e-019
172.718  1.31016e-019
173.74  1.30315e-019
174.762  1.29613e-019
175.784  1.28909e-019
176.806  1.28204e-019
177.828  1.27499e-019
178.85  1.26791e-019
179.872  1.26083e-019
180.894  1.25373e-019
181.916  1.24662e-019
182.938  1.23949e-019
183.96  1.23234e-019
184.982  1.22518e-019
186.004  1.218e-019
187.026  1.2108e-019
188.048  1.20358e-019
189.07  1.19634e-019
190.092  1.18908e-019
191.114  1.1818e-019
192.136  1.17449e-019
193.158  1.16717e-019
194.18  1.15981e-019
195.202  1.15243e-019
196.224  1.14503e-019
197.246  1.13759e-019
198.268  1.13013e-019
199.29  1.12264e-019
200.312  1.11512e-019
201.334  1.10757e-019
202.356  1.09998e-019
203.378  1.09236e-019
204.4  1.08471e-019
205.422  1.07702e-019
206.444  1.0693e-019
207.466  1.06154e-019
208.488  1.05374e-019
209.51  1.0459e-019
210.532  1.03802e-019
211.554  1.0301e-019
212.576  1.02213e-019
213.598  1.01412e-019
214.62  1.00607e-019
215.642  9.9797e-020
216.664  9.89824e-020
217.686  9.81629e-020
218.708  9.73385e-020
219.73  9.65091e-020
220.752  9.56745e-020
221.774  9.48347e-020
222.796  9.39895e-020
223.818  9.31388e-020
224.84  9.22825e-020
225.862  9.14206e-020
226.884  9.05528e-020
227.906  8.96792e-020
228.928  8.87996e-020
229.95  8.79139e-020
230.972  8.7022e-020
231.994  8.61239e-020
233.016  8.52193e-020
234.038  8.43083e-020
235.06  8.33908e-020
236.082  8.24666e-020
237.104  8.15357e-020
238.126  8.0598e-020
239.148  7.96535e-020
240.17  7.8702e-020
241.192  7.77436e-020
242.214  7.67781e-020
243.236  7.58056e-020
244.258  7.48259e-020
245.28  7.3839e-020
246.302  7.2845e-020
247.324  7.18437e-020
248.346  7.08351e-020
249.368  6.98194e-020
250.39  6.87963e-020
251.412  6.77661e-020
252.434  6.67286e-020
253.456  6.56839e-020
254.478  6.4632e-020
255.5  6.35731e-020
256.522  6.25071e-020
257.544  6.14342e-020
258.566  6.03544e-020
259.588  5.92678e-020
260.61  5.81745e-020
261.632  5.70747e-020
262.654  5.59685e-020
263.676  5.48561e-020
264.698  5.37377e-020
265.72  5.26134e-020
266.742  5.14834e-020
267.764  5.03481e-020
268.786  4.92076e-020
269.808  4.80622e-020
270.83  4.69123e-020
271.852  4.57581e-020
272.874  4.46e-020
273.896  4.34384e-020
274.918  4.22736e-020
275.94  4.11061e-020
276.962  3.99362e-020
277.984  3.87646e-020
279.006  3.75917e-020
280.028  3.6418e-020
281.05  3.52441e-020
282.072  3.40707e-020
283.094  3.28982e-020
284.116  3.17275e-020
285.138  3.05592e-020
286.16  2.93941e-020
287.182  2.82329e-020
288.204  2.70765e-020
289.226  2.59258e-020
290.248  2.47816e-020
291.27  2.3645e-020
292.292  2.25169e-020
293.314  2.13983e-020
294.336  2.02905e-020
295.358  1.91945e-020
296.38  1.81115e-020
297.402  1.70429e-020
298.424  1.59899e-020
299.446  1.4954e-020
300.468  1.39364e-020
301.49  1.29389e-020
302.512  1.19628e-020
303.534  1.10099e-020
304.556  1.00819e-020
305.578  9.18047e-021
306.6  8.30751e-021
307.622  7.46494e-021
308.644  6.65473e-021
309.666  5.87896e-021
310.688  5.13979e-021
311.71  4.43945e-021
312.732  3.78026e-021
313.754  3.16462e-021
314.776  2.59504e-021
315.798  2.07411e-021
316.82  1.60451e-021
317.842  1.18902e-021
318.864  8.30522e-022
319.886  5.32002e-022
320.908  2.9654e-022
321.93  1.27316e-022
322.952  2.76083e-023
