1.022  2.95445e-019
2.044  2.93816e-019
3.066  2.92201e-019
4.088  2.90601e-019
5.11  2.89015e-019
6.132  2.87443e-019
7.154  2.85884e-019
8.176  2.84338e-019
9.198  2.82805e-019
10.22  2.81284e-019
11.242  2.79775e-019
12.264  2.78279e-019
13.286  2.76795e-019
14.308  2.75324e-019
15.33  2.73865e-019
16.352  2.72419e-019
17.374  2.70985e-019
18.396  2.69565e-019
19.418  2.68157e-019
20.44  2.66762e-019
21.462  2.6538e-019
22.484  2.64011e-019
23.506  2.62654e-019
24.528  2.61311e-019
25.55  2.5998e-019
26.572  2.58662e-019
27.594  2.57356e-019
28.616  2.56063e-019
29.638  2.54782e-019
30.66  2.53513e-019
31.682  2.52256e-019
32.704  2.51011e-019
33.726  2.49778e-019
34.748  2.48557e-019
35.77  2.47347e-019
36.792  2.46148e-019
37.814  2.4496e-019
38.836  2.43783e-019
39.858  2.42617e-019
40.88  2.41461e-019
41.902  2.40316e-019
42.924  2.3918e-019
43.946  2.38055e-019
44.968  2.3694e-019
45.99  2.35834e-019
47.012  2.34738e-019
48.034  2.33651e-019
49.056  2.32573e-019
50.078  2.31505e-019
51.1  2.30445e-019
52.122  2.29393e-019
53.144  2.2835e-019
54.166  2.27316e-019
55.188  2.26289e-019
56.21  2.2527e-019
57.232  2.2426e-019
58.254  2.23257e-019
59.276  2.22261e-019
60.298  2.21273e-019
61.32  2.20292e-019
62.342  2.19318e-019
63.364  2.18351e-019
64.386  2.17391e-019
65.408  2.16437e-019
66.43  2.1549e-019
67.452  2.1455e-019
68.474  2.13615e-019
69.496  2.12687e-019
70.518  2.11765e-019
71.54  2.10848e-019
72.562  2.09937e-019
73.584  2.09032e-019
74.606  2.08133e-019
75.628  2.07238e-019
76.65  2.06349e-019
77.672  2.05466e-019
78.694  2.04587e-019
79.716  2.03713e-019
80.738  2.02844e-019
81.76  2.0198e-019
82.782  2.0112e-019
83.804  2.00265e-019
84.826  1.99414e-019
85.848  1.98568e-019
86.87  1.97726e-019
87.892  1.96888e-019
88.914  1.96054e-019
89.936  1.95224e-019
90.958  1.94398e-019
91.98  1.93575e-019
93.002  1.92756e-019
94.024  1.91941e-019
95.046  1.91129e-019
96.068  1.90321e-019
97.09  1.89516e-019
98.112  1.88715e-019
99.134  1.87916e-019
100.156  1.87121e-019
101.178  1.86329e-019
102.2  1.85539e-019
103.222  1.84753e-019
104.244  1.83969e-019
105.266  1.83189e-019
106.288  1.8241e-019
107.31  1.81635e-019
108.332  1.80862e-019
109.354  1.80091e-019
110.376  1.79323e-019
111.398  1.78557e-019
112.42  1.77794e-019
113.442  1.77032e-019
114.464  1.76273e-019
115.486  1.75516e-019
116.508  1.74761e-019
117.53  1.74008e-019
118.552  1.73257e-019
119.574  1.72508e-019
120.596  1.7176e-019
121.618  1.71015e-019
122.64  1.70271e-019
123.662  1.69528e-019
124.684  1.68787e-019
125.706  1.68048e-019
126.728  1.6731e-019
127.75  1.66574e-019
128.772  1.65839e-019
129.794  1.65106e-019
130.816  1.64373e-019
131.838  1.63642e-019
132.86  1.62912e-019
133.882  1.62183e-019
134.904  1.61455e-019
135.926  1.60729e-019
136.948  1.60003e-019
137.97  1.59278e-019
138.992  1.58554e-019
140.014  1.57831e-019
141.036  1.57109e-019
142.058  1.56387e-019
143.08  1.55666e-019
144.102  1.54946e-019
145.124  1.54226e-019
146.146  1.53507e-019
147.168  1.52788e-019
148.19  1.5207e-019
149.212  1.51352e-019
150.234  1.50635e-019
151.256  1.49918e-019
152.278  1.49201e-019
153.3  1.48484e-019
154.322  1.47767e-019
155.344  1.47051e-019
156.366  1.46334e-019
157.388  1.45618e-019
158.41  1.44901e-019
159.432  1.44185e-019
160.454  1.43468e-019
161.476  1.42751e-019
162.498  1.42034e-019
163.52  1.41316e-019
164.542  1.40598e-019
165.564  1.39879e-019
166.586  1.3916e-019
167.608  1.38441e-019
168.63  1.37721e-019
169.652  1.37e-019
170.674  1.36278e-019
171.696  1.35555e-019
172.718  1.34832e-019
173.74  1.34108e-019
174.762  1.33382e-019
175.784  1.32656e-019
176.806  1.31928e-019
177.828  1.312e-019
178.85  1.3047e-019
179.872  1.29738e-019
180.894  1.29005e-019
181.916  1.28271e-019
182.938  1.27535e-019
183.96  1.26797e-019
184.982  1.26058e-019
186.004  1.25317e-019
187.026  1.24574e-019
188.048  1.23828e-019
189.07  1.23081e-019
190.092  1.22332e-019
191.114  1.2158e-019
192.136  1.20826e-019
193.158  1.2007e-019
194.18  1.19311e-019
195.202  1.1855e-019
196.224  1.17785e-019
197.246  1.17018e-019
198.268  1.16249e-019
199.29  1.15476e-019
200.312  1.147e-019
201.334  1.1392e-019
202.356  1.13138e-019
203.378  1.12352e-019
204.4  1.11563e-019
205.422  1.1077e-019
206.444  1.09973e-019
207.466  1.09172e-019
208.488  1.08368e-019
209.51  1.07559e-019
210.532  1.06747e-019
211.554  1.0593e-019
212.576  1.05109e-019
213.598  1.04283e-019
214.62  1.03453e-019
215.642  1.02617e-019
216.664  1.01778e-019
217.686  1.00933e-019
218.708  1.00083e-019
219.73  9.92281e-020
220.752  9.83678e-020
221.774  9.75022e-020
222.796  9.66311e-020
223.818  9.57545e-020
224.84  9.48721e-020
225.862  9.39839e-020
226.884  9.30898e-020
227.906  9.21897e-020
228.928  9.12834e-020
229.95  9.0371e-020
230.972  8.94522e-020
231.994  8.8527e-020
233.016  8.75953e-020
234.038  8.6657e-020
235.06  8.5712e-020
236.082  8.47602e-020
237.104  8.38015e-020
238.126  8.2836e-020
239.148  8.18634e-020
240.17  8.08838e-020
241.192  7.9897e-020
242.214  7.89031e-020
243.236  7.79019e-020
244.258  7.68934e-020
245.28  7.58776e-020
246.302  7.48544e-020
247.324  7.38239e-020
248.346  7.2786e-020
249.368  7.17406e-020
250.39  7.06879e-020
251.412  6.96278e-020
252.434  6.85603e-020
253.456  6.74854e-020
254.478  6.64033e-020
255.5  6.53139e-020
256.522  6.42174e-020
257.544  6.31137e-020
258.566  6.2003e-020
259.588  6.08854e-020
260.61  5.9761e-020
261.632  5.863e-020
262.654  5.74924e-020
263.676  5.63485e-020
264.698  5.51984e-020
265.72  5.40424e-020
266.742  5.28807e-020
267.764  5.17134e-020
268.786  5.05409e-020
269.808  4.93635e-020
270.83  4.81814e-020
271.852  4.6995e-020
272.874  4.58047e-020
273.896  4.46107e-020
274.918  4.34136e-020
275.94  4.22137e-020
276.962  4.10116e-020
277.984  3.98076e-020
279.006  3.86023e-020
280.028  3.73963e-020
281.05  3.61902e-020
282.072  3.49845e-020
283.094  3.37799e-020
284.116  3.25772e-020
285.138  3.1377e-020
286.16  3.01801e-020
287.182  2.89873e-020
288.204  2.77995e-020
289.226  2.66175e-020
290.248  2.54423e-020
291.27  2.42749e-020
292.292  2.31163e-020
293.314  2.19676e-020
294.336  2.08299e-020
295.358  1.97044e-020
296.38  1.85923e-020
297.402  1.7495e-020
298.424  1.64138e-020
299.446  1.535e-020
300.468  1.43053e-020
301.49  1.32811e-020
302.512  1.2279e-020
303.534  1.13007e-020
304.556  1.0348e-020
305.578  9.42262e-021
306.6  8.52649e-021
307.622  7.66156e-021
308.644  6.8299e-021
309.666  6.03361e-021
310.688  5.2749e-021
311.71  4.55607e-021
312.732  3.8795e-021
313.754  3.24765e-021
314.776  2.66308e-021
315.798  2.12845e-021
316.82  1.64652e-021
317.842  1.22013e-021
318.864  8.52241e-022
319.886  5.45906e-022
320.908  3.04285e-022
321.93  1.30639e-022
322.952  2.83285e-023
