1.022  1.0859e-019
2.044  1.08749e-019
3.066  1.08907e-019
4.088  1.09064e-019
5.11  1.0922e-019
6.132  1.09375e-019
7.154  1.09528e-019
8.176  1.0968e-019
9.198  1.0983e-019
10.22  1.09978e-019
11.242  1.10125e-019
12.264  1.1027e-019
13.286  1.10413e-019
14.308  1.10556e-019
15.33  1.10696e-019
16.352  1.10836e-019
17.374  1.10974e-019
18.396  1.1111e-019
19.418  1.11246e-019
20.44  1.11381e-019
21.462  1.11514e-019
22.484  1.11647e-019
23.506  1.11779e-019
24.528  1.11909e-019
25.55  1.12039e-019
26.572  1.12168e-019
27.594  1.12296e-019
28.616  1.12423e-019
29.638  1.12549e-019
30.66  1.12674e-019
31.682  1.12798e-019
32.704  1.12922e-019
33.726  1.13044e-019
34.748  1.13165e-019
35.77  1.13285e-019
36.792  1.13405e-019
37.814  1.13523e-019
38.836  1.1364e-019
39.858  1.13755e-019
40.88  1.1387e-019
41.902  1.13983e-019
42.924  1.14095e-019
43.946  1.14206e-019
44.968  1.14315e-019
45.99  1.14423e-019
47.012  1.14529e-019
48.034  1.14634e-019
49.056  1.14737e-019
50.078  1.14839e-019
51.1  1.14939e-019
52.122  1.15037e-019
53.144  1.15134e-019
54.166  1.15229e-019
55.188  1.15322e-019
56.21  1.15413e-019
57.232  1.15502e-019
58.254  1.15589e-019
59.276  1.15674e-019
60.298  1.15757e-019
61.32  1.15838e-019
62.342  1.15917e-019
63.364  1.15993e-019
64.386  1.16068e-019
65.408  1.1614e-019
66.43  1.1621e-019
67.452  1.16277e-019
68.474  1.16342e-019
69.496  1.16404e-019
70.518  1.16464e-019
71.54  1.16522e-019
72.562  1.16577e-019
73.584  1.16629e-019
74.606  1.16678e-019
75.628  1.16725e-019
76.65  1.16769e-019
77.672  1.16811e-019
78.694  1.16849e-019
79.716  1.16885e-019
80.738  1.16918e-019
81.76  1.16948e-019
82.782  1.16974e-019
83.804  1.16998e-019
84.826  1.17019e-019
85.848  1.17037e-019
86.87  1.17052e-019
87.892  1.17063e-019
88.914  1.17071e-019
89.936  1.17077e-019
90.958  1.17078e-019
91.98  1.17077e-019
93.002  1.17072e-019
94.024  1.17064e-019
95.046  1.17053e-019
96.068  1.17038e-019
97.09  1.1702e-019
98.112  1.16998e-019
99.134  1.16973e-019
100.156  1.16944e-019
101.178  1.16911e-019
102.2  1.16875e-019
103.222  1.16836e-019
104.244  1.16792e-019
105.266  1.16745e-019
106.288  1.16695e-019
107.31  1.1664e-019
108.332  1.16582e-019
109.354  1.1652e-019
110.376  1.16454e-019
111.398  1.16385e-019
112.42  1.16311e-019
113.442  1.16234e-019
114.464  1.16152e-019
115.486  1.16067e-019
116.508  1.15977e-019
117.53  1.15884e-019
118.552  1.15786e-019
119.574  1.15685e-019
120.596  1.15579e-019
121.618  1.15469e-019
122.64  1.15355e-019
123.662  1.15237e-019
124.684  1.15115e-019
125.706  1.14988e-019
126.728  1.14857e-019
127.75  1.14722e-019
128.772  1.14583e-019
129.794  1.14439e-019
130.816  1.1429e-019
131.838  1.14138e-019
132.86  1.13981e-019
133.882  1.13819e-019
134.904  1.13653e-019
135.926  1.13482e-019
136.948  1.13307e-019
137.97  1.13128e-019
138.992  1.12943e-019
140.014  1.12754e-019
141.036  1.12561e-019
142.058  1.12362e-019
143.08  1.12159e-019
144.102  1.11951e-019
145.124  1.11739e-019
146.146  1.11522e-019
147.168  1.11299e-019
148.19  1.11072e-019
149.212  1.1084e-019
150.234  1.10603e-019
151.256  1.10361e-019
152.278  1.10114e-019
153.3  1.09863e-019
154.322  1.09606e-019
155.344  1.09343e-019
156.366  1.09076e-019
157.388  1.08804e-019
158.41  1.08526e-019
159.432  1.08243e-019
160.454  1.07955e-019
161.476  1.07662e-019
162.498  1.07363e-019
163.52  1.07059e-019
164.542  1.06749e-019
165.564  1.06434e-019
166.586  1.06114e-019
167.608  1.05788e-019
168.63  1.05456e-019
169.652  1.05119e-019
170.674  1.04776e-019
171.696  1.04427e-019
172.718  1.04073e-019
173.74  1.03713e-019
174.762  1.03347e-019
175.784  1.02976e-019
176.806  1.02598e-019
177.828  1.02214e-019
178.85  1.01825e-019
179.872  1.01429e-019
180.894  1.01028e-019
181.916  1.0062e-019
182.938  1.00206e-019
183.96  9.97858e-020
184.982  9.93594e-020
186.004  9.89268e-020
187.026  9.84878e-020
188.048  9.80424e-020
189.07  9.75906e-020
190.092  9.71323e-020
191.114  9.66675e-020
192.136  9.61961e-020
193.158  9.57181e-020
194.18  9.52334e-020
195.202  9.4742e-020
196.224  9.42439e-020
197.246  9.37389e-020
198.268  9.32271e-020
199.29  9.27084e-020
200.312  9.21828e-020
201.334  9.16502e-020
202.356  9.11105e-020
203.378  9.05638e-020
204.4  9.001e-020
205.422  8.9449e-020
206.444  8.88807e-020
207.466  8.83053e-020
208.488  8.77225e-020
209.51  8.71324e-020
210.532  8.6535e-020
211.554  8.59301e-020
212.576  8.53178e-020
213.598  8.4698e-020
214.62  8.40707e-020
215.642  8.34358e-020
216.664  8.27933e-020
217.686  8.21433e-020
218.708  8.14856e-020
219.73  8.08202e-020
220.752  8.01471e-020
221.774  7.94663e-020
222.796  7.87778e-020
223.818  7.80815e-020
224.84  7.73775e-020
225.862  7.66657e-020
226.884  7.59461e-020
227.906  7.52187e-020
228.928  7.44835e-020
229.95  7.37404e-020
230.972  7.29896e-020
231.994  7.2231e-020
233.016  7.14647e-020
234.038  7.06905e-020
235.06  6.99086e-020
236.082  6.9119e-020
237.104  6.83217e-020
238.126  6.75168e-020
239.148  6.67042e-020
240.17  6.5884e-020
241.192  6.50563e-020
242.214  6.42212e-020
243.236  6.33786e-020
244.258  6.25287e-020
245.28  6.16715e-020
246.302  6.08071e-020
247.324  5.99356e-020
248.346  5.90571e-020
249.368  5.81718e-020
250.39  5.72796e-020
251.412  5.63807e-020
252.434  5.54754e-020
253.456  5.45636e-020
254.478  5.36455e-020
255.5  5.27213e-020
256.522  5.17912e-020
257.544  5.08554e-020
258.566  4.9914e-020
259.588  4.89672e-020
260.61  4.80152e-020
261.632  4.70583e-020
262.654  4.60966e-020
263.676  4.51306e-020
264.698  4.41603e-020
265.72  4.3186e-020
266.742  4.22082e-020
267.764  4.1227e-020
268.786  4.02428e-020
269.808  3.92558e-020
270.83  3.82666e-020
271.852  3.72753e-020
272.874  3.62825e-020
273.896  3.52884e-020
274.918  3.42936e-020
275.94  3.32985e-020
276.962  3.23034e-020
277.984  3.13089e-020
279.006  3.03155e-020
280.028  2.93237e-020
281.05  2.83341e-020
282.072  2.73471e-020
283.094  2.63634e-020
284.116  2.53836e-020
285.138  2.44082e-020
286.16  2.34381e-020
287.182  2.24738e-020
288.204  2.1516e-020
289.226  2.05655e-020
290.248  1.96231e-020
291.27  1.86895e-020
292.292  1.77655e-020
293.314  1.6852e-020
294.336  1.59499e-020
295.358  1.50601e-020
296.38  1.41835e-020
297.402  1.33211e-020
298.424  1.24739e-020
299.446  1.1643e-020
300.468  1.08295e-020
301.49  1.00343e-020
302.512  9.25882e-021
303.534  8.50412e-021
304.556  7.77145e-021
305.578  7.06209e-021
306.6  6.37736e-021
307.622  5.71861e-021
308.644  5.08725e-021
309.666  4.48472e-021
310.688  3.91251e-021
311.71  3.37216e-021
312.732  2.86526e-021
313.754  2.39344e-021
314.776  1.95838e-021
315.798  1.56182e-021
316.82  1.20554e-021
317.842  8.91382e-022
318.864  6.21237e-022
319.886  3.9705e-022
320.908  2.20819e-022
321.93  9.45917e-023
322.952  2.04654e-023
