1.022  4.28055e-020
2.044  4.30941e-020
3.066  4.33812e-020
4.088  4.36667e-020
5.11  4.39507e-020
6.132  4.4233e-020
7.154  4.45136e-020
8.176  4.47925e-020
9.198  4.50696e-020
10.22  4.5345e-020
11.242  4.56185e-020
12.264  4.58903e-020
13.286  4.61603e-020
14.308  4.64286e-020
15.33  4.66951e-020
16.352  4.696e-020
17.374  4.72233e-020
18.396  4.74849e-020
19.418  4.7745e-020
20.44  4.80035e-020
21.462  4.82604e-020
22.484  4.85159e-020
23.506  4.87698e-020
24.528  4.90222e-020
25.55  4.92732e-020
26.572  4.95226e-020
27.594  4.97706e-020
28.616  5.00172e-020
29.638  5.02622e-020
30.66  5.05058e-020
31.682  5.07479e-020
32.704  5.09885e-020
33.726  5.12277e-020
34.748  5.14653e-020
35.77  5.17014e-020
36.792  5.1936e-020
37.814  5.21691e-020
38.836  5.24006e-020
39.858  5.26305e-020
40.88  5.28589e-020
41.902  5.30857e-020
42.924  5.33108e-020
43.946  5.35343e-020
44.968  5.37561e-020
45.99  5.39763e-020
47.012  5.41948e-020
48.034  5.44115e-020
49.056  5.46266e-020
50.078  5.48398e-020
51.1  5.50513e-020
52.122  5.5261e-020
53.144  5.54688e-020
54.166  5.56749e-020
55.188  5.5879e-020
56.21  5.60813e-020
57.232  5.62816e-020
58.254  5.648e-020
59.276  5.66765e-020
60.298  5.6871e-020
61.32  5.70635e-020
62.342  5.72539e-020
63.364  5.74423e-020
64.386  5.76287e-020
65.408  5.78129e-020
66.43  5.79951e-020
67.452  5.81751e-020
68.474  5.8353e-020
69.496  5.85286e-020
70.518  5.87021e-020
71.54  5.88734e-020
72.562  5.90424e-020
73.584  5.92091e-020
74.606  5.93736e-020
75.628  5.95357e-020
76.65  5.96956e-020
77.672  5.9853e-020
78.694  6.00081e-020
79.716  6.01608e-020
80.738  6.03111e-020
81.76  6.0459e-020
82.782  6.06044e-020
83.804  6.07473e-020
84.826  6.08877e-020
85.848  6.10256e-020
86.87  6.1161e-020
87.892  6.12938e-020
88.914  6.1424e-020
89.936  6.15517e-020
90.958  6.16767e-020
91.98  6.17991e-020
93.002  6.19188e-020
94.024  6.20358e-020
95.046  6.21502e-020
96.068  6.22618e-020
97.09  6.23707e-020
98.112  6.24768e-020
99.134  6.25802e-020
100.156  6.26807e-020
101.178  6.27785e-020
102.2  6.28734e-020
103.222  6.29655e-020
104.244  6.30547e-020
105.266  6.3141e-020
106.288  6.32244e-020
107.31  6.33049e-020
108.332  6.33825e-020
109.354  6.3457e-020
110.376  6.35286e-020
111.398  6.35972e-020
112.42  6.36628e-020
113.442  6.37254e-020
114.464  6.37849e-020
115.486  6.38413e-020
116.508  6.38946e-020
117.53  6.39448e-020
118.552  6.39919e-020
119.574  6.40359e-020
120.596  6.40766e-020
121.618  6.41142e-020
122.64  6.41486e-020
123.662  6.41798e-020
124.684  6.42077e-020
125.706  6.42323e-020
126.728  6.42537e-020
127.75  6.42718e-020
128.772  6.42866e-020
129.794  6.4298e-020
130.816  6.43061e-020
131.838  6.43107e-020
132.86  6.4312e-020
133.882  6.43099e-020
134.904  6.43044e-020
135.926  6.42953e-020
136.948  6.42829e-020
137.97  6.42669e-020
138.992  6.42474e-020
140.014  6.42243e-020
141.036  6.41977e-020
142.058  6.41676e-020
143.08  6.41338e-020
144.102  6.40964e-020
145.124  6.40553e-020
146.146  6.40106e-020
147.168  6.39622e-020
148.19  6.39101e-020
149.212  6.38543e-020
150.234  6.37946e-020
151.256  6.37313e-020
152.278  6.36641e-020
153.3  6.35931e-020
154.322  6.35182e-020
155.344  6.34395e-020
156.366  6.33568e-020
157.388  6.32703e-020
158.41  6.31798e-020
159.432  6.30853e-020
160.454  6.29868e-020
161.476  6.28843e-020
162.498  6.27778e-020
163.52  6.26671e-020
164.542  6.25524e-020
165.564  6.24336e-020
166.586  6.23105e-020
167.608  6.21834e-020
168.63  6.20519e-020
169.652  6.19163e-020
170.674  6.17764e-020
171.696  6.16322e-020
172.718  6.14837e-020
173.74  6.13308e-020
174.762  6.11735e-020
175.784  6.10118e-020
176.806  6.08457e-020
177.828  6.06752e-020
178.85  6.05001e-020
179.872  6.03205e-020
180.894  6.01363e-020
181.916  5.99476e-020
182.938  5.97542e-020
183.96  5.95562e-020
184.982  5.93535e-020
186.004  5.91461e-020
187.026  5.89339e-020
188.048  5.8717e-020
189.07  5.84953e-020
190.092  5.82687e-020
191.114  5.80373e-020
192.136  5.7801e-020
193.158  5.75598e-020
194.18  5.73136e-020
195.202  5.70624e-020
196.224  5.68062e-020
197.246  5.6545e-020
198.268  5.62786e-020
199.29  5.60072e-020
200.312  5.57306e-020
201.334  5.54489e-020
202.356  5.5162e-020
203.378  5.48699e-020
204.4  5.45725e-020
205.422  5.42698e-020
206.444  5.39618e-020
207.466  5.36485e-020
208.488  5.33299e-020
209.51  5.30059e-020
210.532  5.26764e-020
211.554  5.23416e-020
212.576  5.20013e-020
213.598  5.16555e-020
214.62  5.13043e-020
215.642  5.09475e-020
216.664  5.05852e-020
217.686  5.02174e-020
218.708  4.9844e-020
219.73  4.9465e-020
220.752  4.90805e-020
221.774  4.86903e-020
222.796  4.82946e-020
223.818  4.78932e-020
224.84  4.74863e-020
225.862  4.70737e-020
226.884  4.66555e-020
227.906  4.62316e-020
228.928  4.58022e-020
229.95  4.53671e-020
230.972  4.49264e-020
231.994  4.44801e-020
233.016  4.40282e-020
234.038  4.35708e-020
235.06  4.31078e-020
236.082  4.26392e-020
237.104  4.21652e-020
238.126  4.16856e-020
239.148  4.12007e-020
240.17  4.07103e-020
241.192  4.02145e-020
242.214  3.97134e-020
243.236  3.9207e-020
244.258  3.86953e-020
245.28  3.81785e-020
246.302  3.76565e-020
247.324  3.71295e-020
248.346  3.65975e-020
249.368  3.60606e-020
250.39  3.55188e-020
251.412  3.49723e-020
252.434  3.4421e-020
253.456  3.38653e-020
254.478  3.3305e-020
255.5  3.27404e-020
256.522  3.21715e-020
257.544  3.15985e-020
258.566  3.10216e-020
259.588  3.04407e-020
260.61  2.98561e-020
261.632  2.9268e-020
262.654  2.86764e-020
263.676  2.80816e-020
264.698  2.74837e-020
265.72  2.68829e-020
266.742  2.62794e-020
267.764  2.56734e-020
268.786  2.50651e-020
269.808  2.44547e-020
270.83  2.38425e-020
271.852  2.32287e-020
272.874  2.26136e-020
273.896  2.19974e-020
274.918  2.13803e-020
275.94  2.07627e-020
276.962  2.01449e-020
277.984  1.95272e-020
279.006  1.89098e-020
280.028  1.82932e-020
281.05  1.76777e-020
282.072  1.70636e-020
283.094  1.64514e-020
284.116  1.58413e-020
285.138  1.52339e-020
286.16  1.46295e-020
287.182  1.40285e-020
288.204  1.34315e-020
289.226  1.28389e-020
290.248  1.22512e-020
291.27  1.16689e-020
292.292  1.10924e-020
293.314  1.05224e-020
294.336  9.95947e-021
295.358  9.40408e-021
296.38  8.85688e-021
297.402  8.31848e-021
298.424  7.78953e-021
299.446  7.27068e-021
300.468  6.76262e-021
301.49  6.26606e-021
302.512  5.78172e-021
303.534  5.31036e-021
304.556  4.85274e-021
305.578  4.40969e-021
306.6  3.98201e-021
307.622  3.57057e-021
308.644  3.17624e-021
309.666  2.79992e-021
310.688  2.44256e-021
311.71  2.10512e-021
312.732  1.78858e-021
313.754  1.49396e-021
314.776  1.22232e-021
315.798  9.74742e-022
316.82  7.52332e-022
317.842  5.56236e-022
318.864  3.87631e-022
319.886  2.47725e-022
320.908  1.3776e-022
321.93  5.90065e-023
322.952  1.27651e-023
