1.022  8.59448e-021
2.044  8.80582e-021
3.066  9.01712e-021
4.088  9.22836e-021
5.11  9.43952e-021
6.132  9.65057e-021
7.154  9.86149e-021
8.176  1.00722e-020
9.198  1.02828e-020
10.22  1.04932e-020
11.242  1.07033e-020
12.264  1.09132e-020
13.286  1.11228e-020
14.308  1.13322e-020
15.33  1.15413e-020
16.352  1.17502e-020
17.374  1.19587e-020
18.396  1.21669e-020
19.418  1.23749e-020
20.44  1.25825e-020
21.462  1.27898e-020
22.484  1.29968e-020
23.506  1.32034e-020
24.528  1.34097e-020
25.55  1.36157e-020
26.572  1.38212e-020
27.594  1.40264e-020
28.616  1.42312e-020
29.638  1.44356e-020
30.66  1.46396e-020
31.682  1.48432e-020
32.704  1.50463e-020
33.726  1.52489e-020
34.748  1.54511e-020
35.77  1.56528e-020
36.792  1.5854e-020
37.814  1.60547e-020
38.836  1.62548e-020
39.858  1.64544e-020
40.88  1.66535e-020
41.902  1.68519e-020
42.924  1.70498e-020
43.946  1.7247e-020
44.968  1.74436e-020
45.99  1.76396e-020
47.012  1.78349e-020
48.034  1.80295e-020
49.056  1.82234e-020
50.078  1.84166e-020
51.1  1.86091e-020
52.122  1.88008e-020
53.144  1.89917e-020
54.166  1.91819e-020
55.188  1.93712e-020
56.21  1.95597e-020
57.232  1.97474e-020
58.254  1.99342e-020
59.276  2.01201e-020
60.298  2.03052e-020
61.32  2.04893e-020
62.342  2.06724e-020
63.364  2.08547e-020
64.386  2.10359e-020
65.408  2.12162e-020
66.43  2.13954e-020
67.452  2.15737e-020
68.474  2.17508e-020
69.496  2.1927e-020
70.518  2.2102e-020
71.54  2.2276e-020
72.562  2.24488e-020
73.584  2.26205e-020
74.606  2.2791e-020
75.628  2.29604e-020
76.65  2.31286e-020
77.672  2.32955e-020
78.694  2.34613e-020
79.716  2.36258e-020
80.738  2.3789e-020
81.76  2.3951e-020
82.782  2.41117e-020
83.804  2.42711e-020
84.826  2.44291e-020
85.848  2.45858e-020
86.87  2.47411e-020
87.892  2.48951e-020
88.914  2.50476e-020
89.936  2.51988e-020
90.958  2.53485e-020
91.98  2.54967e-020
93.002  2.56435e-020
94.024  2.57888e-020
95.046  2.59326e-020
96.068  2.60749e-020
97.09  2.62156e-020
98.112  2.63548e-020
99.134  2.64924e-020
100.156  2.66284e-020
101.178  2.67629e-020
102.2  2.68957e-020
103.222  2.70268e-020
104.244  2.71564e-020
105.266  2.72842e-020
106.288  2.74104e-020
107.31  2.75348e-020
108.332  2.76575e-020
109.354  2.77785e-020
110.376  2.78978e-020
111.398  2.80152e-020
112.42  2.81309e-020
113.442  2.82448e-020
114.464  2.83568e-020
115.486  2.8467e-020
116.508  2.85754e-020
117.53  2.86819e-020
118.552  2.87865e-020
119.574  2.88891e-020
120.596  2.89899e-020
121.618  2.90887e-020
122.64  2.91856e-020
123.662  2.92805e-020
124.684  2.93734e-020
125.706  2.94642e-020
126.728  2.95531e-020
127.75  2.96399e-020
128.772  2.97247e-020
129.794  2.98073e-020
130.816  2.98879e-020
131.838  2.99664e-020
132.86  3.00427e-020
133.882  3.01169e-020
134.904  3.01889e-020
135.926  3.02588e-020
136.948  3.03264e-020
137.97  3.03918e-020
138.992  3.0455e-020
140.014  3.05159e-020
141.036  3.05745e-020
142.058  3.06309e-020
143.08  3.06849e-020
144.102  3.07366e-020
145.124  3.0786e-020
146.146  3.0833e-020
147.168  3.08776e-020
148.19  3.09198e-020
149.212  3.09596e-020
150.234  3.09969e-020
151.256  3.10318e-020
152.278  3.10641e-020
153.3  3.1094e-020
154.322  3.11214e-020
155.344  3.11462e-020
156.366  3.11684e-020
157.388  3.11881e-020
158.41  3.12052e-020
159.432  3.12196e-020
160.454  3.12315e-020
161.476  3.12406e-020
162.498  3.12471e-020
163.52  3.12508e-020
164.542  3.12519e-020
165.564  3.12501e-020
166.586  3.12457e-020
167.608  3.12384e-020
168.63  3.12283e-020
169.652  3.12154e-020
170.674  3.11997e-020
171.696  3.1181e-020
172.718  3.11595e-020
173.74  3.11351e-020
174.762  3.11077e-020
175.784  3.10774e-020
176.806  3.10441e-020
177.828  3.10078e-020
178.85  3.09684e-020
179.872  3.0926e-020
180.894  3.08806e-020
181.916  3.08321e-020
182.938  3.07804e-020
183.96  3.07256e-020
184.982  3.06677e-020
186.004  3.06066e-020
187.026  3.05423e-020
188.048  3.04748e-020
189.07  3.0404e-020
190.092  3.033e-020
191.114  3.02527e-020
192.136  3.0172e-020
193.158  3.00881e-020
194.18  3.00008e-020
195.202  2.99102e-020
196.224  2.98161e-020
197.246  2.97187e-020
198.268  2.96178e-020
199.29  2.95135e-020
200.312  2.94057e-020
201.334  2.92945e-020
202.356  2.91797e-020
203.378  2.90614e-020
204.4  2.89396e-020
205.422  2.88142e-020
206.444  2.86852e-020
207.466  2.85527e-020
208.488  2.84165e-020
209.51  2.82767e-020
210.532  2.81333e-020
211.554  2.79862e-020
212.576  2.78355e-020
213.598  2.76811e-020
214.62  2.75229e-020
215.642  2.73611e-020
216.664  2.71956e-020
217.686  2.70263e-020
218.708  2.68533e-020
219.73  2.66766e-020
220.752  2.64961e-020
221.774  2.63119e-020
222.796  2.61238e-020
223.818  2.59321e-020
224.84  2.57365e-020
225.862  2.55372e-020
226.884  2.53341e-020
227.906  2.51273e-020
228.928  2.49167e-020
229.95  2.47023e-020
230.972  2.44841e-020
231.994  2.42622e-020
233.016  2.40366e-020
234.038  2.38072e-020
235.06  2.35741e-020
236.082  2.33373e-020
237.104  2.30968e-020
238.126  2.28527e-020
239.148  2.26048e-020
240.17  2.23534e-020
241.192  2.20983e-020
242.214  2.18397e-020
243.236  2.15774e-020
244.258  2.13117e-020
245.28  2.10425e-020
246.302  2.07698e-020
247.324  2.04937e-020
248.346  2.02143e-020
249.368  1.99315e-020
250.39  1.96454e-020
251.412  1.93561e-020
252.434  1.90637e-020
253.456  1.87681e-020
254.478  1.84695e-020
255.5  1.81679e-020
256.522  1.78634e-020
257.544  1.7556e-020
258.566  1.72458e-020
259.588  1.6933e-020
260.61  1.66176e-020
261.632  1.62997e-020
262.654  1.59793e-020
263.676  1.56566e-020
264.698  1.53317e-020
265.72  1.50048e-020
266.742  1.46758e-020
267.764  1.43449e-020
268.786  1.40123e-020
269.808  1.36781e-020
270.83  1.33424e-020
271.852  1.30054e-020
272.874  1.26672e-020
273.896  1.23279e-020
274.918  1.19878e-020
275.94  1.16469e-020
276.962  1.13056e-020
277.984  1.09638e-020
279.006  1.0622e-020
280.028  1.02801e-020
281.05  9.9385e-021
282.072  9.59735e-021
283.094  9.25686e-021
284.116  8.91728e-021
285.138  8.57883e-021
286.16  8.24177e-021
287.182  7.90635e-021
288.204  7.57283e-021
289.226  7.24149e-021
290.248  6.91261e-021
291.27  6.58648e-021
292.292  6.26341e-021
293.314  5.94372e-021
294.336  5.62772e-021
295.358  5.31576e-021
296.38  5.00819e-021
297.402  4.70536e-021
298.424  4.40764e-021
299.446  4.11543e-021
300.468  3.82911e-021
301.49  3.54909e-021
302.512  3.27581e-021
303.534  3.0097e-021
304.556  2.7512e-021
305.578  2.50079e-021
306.6  2.25893e-021
307.622  2.02614e-021
308.644  1.80291e-021
309.666  1.58977e-021
310.688  1.38727e-021
311.71  1.19596e-021
312.732  1.01641e-021
313.754  8.49228e-022
314.776  6.95012e-022
315.798  5.5439e-022
316.82  4.2801e-022
317.842  3.16534e-022
318.864  2.20646e-022
319.886  1.41047e-022
320.908  7.84567e-023
321.93  3.36141e-023
322.952  7.27377e-024
