1.022  6.56218e-021
2.044  6.74302e-021
3.066  6.92424e-021
4.088  7.10579e-021
5.11  7.28766e-021
6.132  7.46983e-021
7.154  7.65225e-021
8.176  7.83491e-021
9.198  8.01777e-021
10.22  8.20081e-021
11.242  8.38402e-021
12.264  8.56737e-021
13.286  8.75085e-021
14.308  8.93443e-021
15.33  9.11811e-021
16.352  9.30188e-021
17.374  9.48571e-021
18.396  9.6696e-021
19.418  9.85354e-021
20.44  1.00375e-020
21.462  1.02215e-020
22.484  1.04055e-020
23.506  1.05895e-020
24.528  1.07734e-020
25.55  1.09573e-020
26.572  1.11412e-020
27.594  1.1325e-020
28.616  1.15087e-020
29.638  1.16923e-020
30.66  1.18758e-020
31.682  1.20592e-020
32.704  1.22425e-020
33.726  1.24255e-020
34.748  1.26084e-020
35.77  1.27911e-020
36.792  1.29736e-020
37.814  1.31559e-020
38.836  1.33379e-020
39.858  1.35196e-020
40.88  1.3701e-020
41.902  1.38822e-020
42.924  1.4063e-020
43.946  1.42435e-020
44.968  1.44236e-020
45.99  1.46033e-020
47.012  1.47826e-020
48.034  1.49616e-020
49.056  1.514e-020
50.078  1.53181e-020
51.1  1.54956e-020
52.122  1.56727e-020
53.144  1.58492e-020
54.166  1.60252e-020
55.188  1.62007e-020
56.21  1.63755e-020
57.232  1.65498e-020
58.254  1.67235e-020
59.276  1.68965e-020
60.298  1.70689e-020
61.32  1.72407e-020
62.342  1.74117e-020
63.364  1.7582e-020
64.386  1.77516e-020
65.408  1.79205e-020
66.43  1.80886e-020
67.452  1.82559e-020
68.474  1.84224e-020
69.496  1.85881e-020
70.518  1.8753e-020
71.54  1.89169e-020
72.562  1.908e-020
73.584  1.92423e-020
74.606  1.94035e-020
75.628  1.95639e-020
76.65  1.97233e-020
77.672  1.98817e-020
78.694  2.00392e-020
79.716  2.01956e-020
80.738  2.0351e-020
81.76  2.05054e-020
82.782  2.06586e-020
83.804  2.08108e-020
84.826  2.0962e-020
85.848  2.11119e-020
86.87  2.12608e-020
87.892  2.14085e-020
88.914  2.1555e-020
89.936  2.17003e-020
90.958  2.18445e-020
91.98  2.19873e-020
93.002  2.2129e-020
94.024  2.22694e-020
95.046  2.24085e-020
96.068  2.25463e-020
97.09  2.26828e-020
98.112  2.28179e-020
99.134  2.29517e-020
100.156  2.30842e-020
101.178  2.32152e-020
102.2  2.33449e-020
103.222  2.34731e-020
104.244  2.35999e-020
105.266  2.37252e-020
106.288  2.38491e-020
107.31  2.39715e-020
108.332  2.40923e-020
109.354  2.42117e-020
110.376  2.43295e-020
111.398  2.44457e-020
112.42  2.45604e-020
113.442  2.46734e-020
114.464  2.47849e-020
115.486  2.48947e-020
116.508  2.50029e-020
117.53  2.51094e-020
118.552  2.52143e-020
119.574  2.53174e-020
120.596  2.54188e-020
121.618  2.55185e-020
122.64  2.56165e-020
123.662  2.57127e-020
124.684  2.58071e-020
125.706  2.58996e-020
126.728  2.59904e-020
127.75  2.60793e-020
128.772  2.61664e-020
129.794  2.62516e-020
130.816  2.63349e-020
131.838  2.64163e-020
132.86  2.64958e-020
133.882  2.65734e-020
134.904  2.66489e-020
135.926  2.67225e-020
136.948  2.67941e-020
137.97  2.68637e-020
138.992  2.69312e-020
140.014  2.69967e-020
141.036  2.70601e-020
142.058  2.71215e-020
143.08  2.71807e-020
144.102  2.72378e-020
145.124  2.72927e-020
146.146  2.73455e-020
147.168  2.73961e-020
148.19  2.74445e-020
149.212  2.74907e-020
150.234  2.75346e-020
151.256  2.75763e-020
152.278  2.76156e-020
153.3  2.76527e-020
154.322  2.76875e-020
155.344  2.77199e-020
156.366  2.775e-020
157.388  2.77777e-020
158.41  2.7803e-020
159.432  2.78259e-020
160.454  2.78464e-020
161.476  2.78643e-020
162.498  2.78799e-020
163.52  2.78929e-020
164.542  2.79034e-020
165.564  2.79113e-020
166.586  2.79167e-020
167.608  2.79195e-020
168.63  2.79198e-020
169.652  2.79174e-020
170.674  2.79123e-020
171.696  2.79046e-020
172.718  2.78942e-020
173.74  2.78811e-020
174.762  2.78653e-020
175.784  2.78467e-020
176.806  2.78254e-020
177.828  2.78012e-020
178.85  2.77743e-020
179.872  2.77445e-020
180.894  2.77119e-020
181.916  2.76764e-020
182.938  2.7638e-020
183.96  2.75967e-020
184.982  2.75525e-020
186.004  2.75053e-020
187.026  2.74551e-020
188.048  2.74019e-020
189.07  2.73457e-020
190.092  2.72865e-020
191.114  2.72242e-020
192.136  2.71588e-020
193.158  2.70904e-020
194.18  2.70188e-020
195.202  2.6944e-020
196.224  2.68662e-020
197.246  2.67851e-020
198.268  2.67008e-020
199.29  2.66133e-020
200.312  2.65226e-020
201.334  2.64286e-020
202.356  2.63314e-020
203.378  2.62308e-020
204.4  2.6127e-020
205.422  2.60198e-020
206.444  2.59093e-020
207.466  2.57954e-020
208.488  2.56782e-020
209.51  2.55575e-020
210.532  2.54335e-020
211.554  2.53061e-020
212.576  2.51752e-020
213.598  2.50409e-020
214.62  2.49031e-020
215.642  2.47619e-020
216.664  2.46172e-020
217.686  2.4469e-020
218.708  2.43173e-020
219.73  2.41621e-020
220.752  2.40034e-020
221.774  2.38412e-020
222.796  2.36755e-020
223.818  2.35062e-020
224.84  2.33335e-020
225.862  2.31571e-020
226.884  2.29773e-020
227.906  2.27939e-020
228.928  2.2607e-020
229.95  2.24166e-020
230.972  2.22226e-020
231.994  2.20252e-020
233.016  2.18242e-020
234.038  2.16197e-020
235.06  2.14117e-020
236.082  2.12003e-020
237.104  2.09854e-020
238.126  2.0767e-020
239.148  2.05453e-020
240.17  2.03201e-020
241.192  2.00915e-020
242.214  1.98596e-020
243.236  1.96243e-020
244.258  1.93857e-020
245.28  1.91438e-020
246.302  1.88987e-020
247.324  1.86504e-020
248.346  1.83989e-020
249.368  1.81443e-020
250.39  1.78866e-020
251.412  1.76258e-020
252.434  1.73621e-020
253.456  1.70954e-020
254.478  1.68258e-020
255.5  1.65535e-020
256.522  1.62783e-020
257.544  1.60005e-020
258.566  1.57201e-020
259.588  1.54371e-020
260.61  1.51516e-020
261.632  1.48638e-020
262.654  1.45737e-020
263.676  1.42813e-020
264.698  1.39869e-020
265.72  1.36904e-020
266.742  1.3392e-020
267.764  1.30918e-020
268.786  1.279e-020
269.808  1.24865e-020
270.83  1.21817e-020
271.852  1.18755e-020
272.874  1.15681e-020
273.896  1.12597e-020
274.918  1.09505e-020
275.94  1.06405e-020
276.962  1.03299e-020
277.984  1.00189e-020
279.006  9.70768e-021
280.028  9.39642e-021
281.05  9.08529e-021
282.072  8.7745e-021
283.094  8.46423e-021
284.116  8.15471e-021
285.138  7.84616e-021
286.16  7.53879e-021
287.182  7.23284e-021
288.204  6.92856e-021
289.226  6.6262e-021
290.248  6.32601e-021
291.27  6.02827e-021
292.292  5.73326e-021
293.314  5.44126e-021
294.336  5.15258e-021
295.358  4.86753e-021
296.38  4.58643e-021
297.402  4.3096e-021
298.424  4.03739e-021
299.446  3.77016e-021
300.468  3.50827e-021
301.49  3.2521e-021
302.512  3.00203e-021
303.534  2.75847e-021
304.556  2.52185e-021
305.578  2.29257e-021
306.6  2.07109e-021
307.622  1.85787e-021
308.644  1.65337e-021
309.666  1.45808e-021
310.688  1.2725e-021
311.71  1.09714e-021
312.732  9.3254e-022
313.754  7.79241e-022
314.776  6.37808e-022
315.798  5.08819e-022
316.82  3.92873e-022
317.842  2.90583e-022
318.864  2.0258e-022
319.886  1.29513e-022
320.908  7.20495e-023
321.93  3.08726e-023
322.952  6.68132e-024
