1.022  5.33841e-021
2.044  5.48383e-021
3.066  5.63007e-021
4.088  5.7771e-021
5.11  5.92489e-021
6.132  6.07342e-021
7.154  6.22264e-021
8.176  6.37254e-021
9.198  6.52307e-021
10.22  6.67422e-021
11.242  6.82595e-021
12.264  6.97825e-021
13.286  7.1311e-021
14.308  7.28447e-021
15.33  7.43834e-021
16.352  7.59269e-021
17.374  7.74752e-021
18.396  7.90279e-021
19.418  8.0585e-021
20.44  8.21461e-021
21.462  8.37113e-021
22.484  8.52802e-021
23.506  8.68527e-021
24.528  8.84287e-021
25.55  9.00079e-021
26.572  9.15901e-021
27.594  9.31752e-021
28.616  9.47629e-021
29.638  9.63531e-021
30.66  9.79456e-021
31.682  9.95401e-021
32.704  1.01137e-020
33.726  1.02735e-020
34.748  1.04334e-020
35.77  1.05935e-020
36.792  1.07537e-020
37.814  1.0914e-020
38.836  1.10743e-020
39.858  1.12347e-020
40.88  1.13951e-020
41.902  1.15555e-020
42.924  1.17159e-020
43.946  1.18763e-020
44.968  1.20366e-020
45.99  1.21968e-020
47.012  1.23569e-020
48.034  1.25169e-020
49.056  1.26767e-020
50.078  1.28364e-020
51.1  1.29959e-020
52.122  1.31552e-020
53.144  1.33142e-020
54.166  1.3473e-020
55.188  1.36315e-020
56.21  1.37898e-020
57.232  1.39477e-020
58.254  1.41053e-020
59.276  1.42625e-020
60.298  1.44193e-020
61.32  1.45758e-020
62.342  1.47318e-020
63.364  1.48874e-020
64.386  1.50425e-020
65.408  1.51971e-020
66.43  1.53513e-020
67.452  1.55049e-020
68.474  1.5658e-020
69.496  1.58105e-020
70.518  1.59624e-020
71.54  1.61137e-020
72.562  1.62644e-020
73.584  1.64145e-020
74.606  1.65639e-020
75.628  1.67126e-020
76.65  1.68606e-020
77.672  1.70079e-020
78.694  1.71544e-020
79.716  1.73002e-020
80.738  1.74452e-020
81.76  1.75894e-020
82.782  1.77328e-020
83.804  1.78753e-020
84.826  1.8017e-020
85.848  1.81578e-020
86.87  1.82977e-020
87.892  1.84366e-020
88.914  1.85747e-020
89.936  1.87118e-020
90.958  1.88479e-020
91.98  1.8983e-020
93.002  1.91171e-020
94.024  1.92502e-020
95.046  1.93822e-020
96.068  1.95132e-020
97.09  1.96431e-020
98.112  1.97719e-020
99.134  1.98996e-020
100.156  2.00261e-020
101.178  2.01514e-020
102.2  2.02756e-020
103.222  2.03986e-020
104.244  2.05204e-020
105.266  2.06409e-020
106.288  2.07602e-020
107.31  2.08783e-020
108.332  2.0995e-020
109.354  2.11105e-020
110.376  2.12246e-020
111.398  2.13374e-020
112.42  2.14488e-020
113.442  2.15588e-020
114.464  2.16675e-020
115.486  2.17747e-020
116.508  2.18806e-020
117.53  2.19849e-020
118.552  2.20878e-020
119.574  2.21893e-020
120.596  2.22892e-020
121.618  2.23876e-020
122.64  2.24844e-020
123.662  2.25798e-020
124.684  2.26735e-020
125.706  2.27656e-020
126.728  2.28562e-020
127.75  2.29451e-020
128.772  2.30324e-020
129.794  2.3118e-020
130.816  2.32019e-020
131.838  2.32841e-020
132.86  2.33646e-020
133.882  2.34434e-020
134.904  2.35204e-020
135.926  2.35956e-020
136.948  2.36691e-020
137.97  2.37407e-020
138.992  2.38105e-020
140.014  2.38785e-020
141.036  2.39446e-020
142.058  2.40088e-020
143.08  2.40711e-020
144.102  2.41315e-020
145.124  2.419e-020
146.146  2.42465e-020
147.168  2.4301e-020
148.19  2.43535e-020
149.212  2.4404e-020
150.234  2.44525e-020
151.256  2.44989e-020
152.278  2.45432e-020
153.3  2.45854e-020
154.322  2.46256e-020
155.344  2.46635e-020
156.366  2.46994e-020
157.388  2.4733e-020
158.41  2.47645e-020
159.432  2.47938e-020
160.454  2.48208e-020
161.476  2.48456e-020
162.498  2.48681e-020
163.52  2.48883e-020
164.542  2.49062e-020
165.564  2.49217e-020
166.586  2.4935e-020
167.608  2.49458e-020
168.63  2.49542e-020
169.652  2.49603e-020
170.674  2.49639e-020
171.696  2.4965e-020
172.718  2.49637e-020
173.74  2.49598e-020
174.762  2.49535e-020
175.784  2.49446e-020
176.806  2.49332e-020
177.828  2.49191e-020
178.85  2.49025e-020
179.872  2.48833e-020
180.894  2.48614e-020
181.916  2.48369e-020
182.938  2.48097e-020
183.96  2.47797e-020
184.982  2.47471e-020
186.004  2.47117e-020
187.026  2.46736e-020
188.048  2.46327e-020
189.07  2.45889e-020
190.092  2.45424e-020
191.114  2.4493e-020
192.136  2.44407e-020
193.158  2.43856e-020
194.18  2.43276e-020
195.202  2.42666e-020
196.224  2.42027e-020
197.246  2.41359e-020
198.268  2.40661e-020
199.29  2.39932e-020
200.312  2.39174e-020
201.334  2.38386e-020
202.356  2.37567e-020
203.378  2.36717e-020
204.4  2.35837e-020
205.422  2.34925e-020
206.444  2.33983e-020
207.466  2.33009e-020
208.488  2.32004e-020
209.51  2.30967e-020
210.532  2.29898e-020
211.554  2.28798e-020
212.576  2.27666e-020
213.598  2.26501e-020
214.62  2.25305e-020
215.642  2.24076e-020
216.664  2.22814e-020
217.686  2.2152e-020
218.708  2.20194e-020
219.73  2.18834e-020
220.752  2.17442e-020
221.774  2.16018e-020
222.796  2.1456e-020
223.818  2.13069e-020
224.84  2.11546e-020
225.862  2.09989e-020
226.884  2.08399e-020
227.906  2.06777e-020
228.928  2.05121e-020
229.95  2.03432e-020
230.972  2.01711e-020
231.994  1.99956e-020
233.016  1.98169e-020
234.038  1.96349e-020
235.06  1.94496e-020
236.082  1.92611e-020
237.104  1.90693e-020
238.126  1.88743e-020
239.148  1.86761e-020
240.17  1.84747e-020
241.192  1.82701e-020
242.214  1.80623e-020
243.236  1.78514e-020
244.258  1.76374e-020
245.28  1.74204e-020
246.302  1.72003e-020
247.324  1.69771e-020
248.346  1.6751e-020
249.368  1.65219e-020
250.39  1.629e-020
251.412  1.60551e-020
252.434  1.58175e-020
253.456  1.55771e-020
254.478  1.53339e-020
255.5  1.50881e-020
256.522  1.48397e-020
257.544  1.45888e-020
258.566  1.43353e-020
259.588  1.40795e-020
260.61  1.38213e-020
261.632  1.35608e-020
262.654  1.32982e-020
263.676  1.30334e-020
264.698  1.27667e-020
265.72  1.24979e-020
266.742  1.22274e-020
267.764  1.19551e-020
268.786  1.16812e-020
269.808  1.14058e-020
270.83  1.1129e-020
271.852  1.08509e-020
272.874  1.05716e-020
273.896  1.02913e-020
274.918  1.00101e-020
275.94  9.72813e-021
276.962  9.44556e-021
277.984  9.16254e-021
279.006  8.87921e-021
280.028  8.59576e-021
281.05  8.31234e-021
282.072  8.02915e-021
283.094  7.74636e-021
284.116  7.46416e-021
285.138  7.18276e-021
286.16  6.90237e-021
287.182  6.6232e-021
288.204  6.34547e-021
289.226  6.06942e-021
290.248  5.79528e-021
291.27  5.52331e-021
292.292  5.25376e-021
293.314  4.9869e-021
294.336  4.72299e-021
295.358  4.46234e-021
296.38  4.20524e-021
297.402  3.95198e-021
298.424  3.70289e-021
299.446  3.45829e-021
300.468  3.21852e-021
301.49  2.98393e-021
302.512  2.75488e-021
303.534  2.53174e-021
304.556  2.31489e-021
305.578  2.10474e-021
306.6  1.90168e-021
307.622  1.70614e-021
308.644  1.51856e-021
309.666  1.33939e-021
310.688  1.16908e-021
311.71  1.00812e-021
312.732  8.57002e-022
313.754  7.16225e-022
314.776  5.86315e-022
315.798  4.67809e-022
316.82  3.61261e-022
317.842  2.6724e-022
318.864  1.86334e-022
319.886  1.19145e-022
320.908  6.62913e-023
321.93  2.84095e-023
322.952  6.1492e-024
