1.022  4.97175e-021
2.044  5.09081e-021
3.066  5.21102e-021
4.088  5.33235e-021
5.11  5.45476e-021
6.132  5.57822e-021
7.154  5.7027e-021
8.176  5.82816e-021
9.198  5.95457e-021
10.22  6.08191e-021
11.242  6.21014e-021
12.264  6.33924e-021
13.286  6.46918e-021
14.308  6.59995e-021
15.33  6.73151e-021
16.352  6.86385e-021
17.374  6.99694e-021
18.396  7.13077e-021
19.418  7.26531e-021
20.44  7.40054e-021
21.462  7.53644e-021
22.484  7.67299e-021
23.506  7.81017e-021
24.528  7.94795e-021
25.55  8.08632e-021
26.572  8.22525e-021
27.594  8.36473e-021
28.616  8.50473e-021
29.638  8.64522e-021
30.66  8.78619e-021
31.682  8.92761e-021
32.704  9.06946e-021
33.726  9.21172e-021
34.748  9.35437e-021
35.77  9.49738e-021
36.792  9.64072e-021
37.814  9.78439e-021
38.836  9.92835e-021
39.858  1.00726e-020
40.88  1.02171e-020
41.902  1.03618e-020
42.924  1.05067e-020
43.946  1.06518e-020
44.968  1.0797e-020
45.99  1.09424e-020
47.012  1.10879e-020
48.034  1.12334e-020
49.056  1.13791e-020
50.078  1.15247e-020
51.1  1.16704e-020
52.122  1.18161e-020
53.144  1.19618e-020
54.166  1.21074e-020
55.188  1.22529e-020
56.21  1.23984e-020
57.232  1.25437e-020
58.254  1.26889e-020
59.276  1.2834e-020
60.298  1.29788e-020
61.32  1.31234e-020
62.342  1.32679e-020
63.364  1.3412e-020
64.386  1.35559e-020
65.408  1.36995e-020
66.43  1.38428e-020
67.452  1.39857e-020
68.474  1.41283e-020
69.496  1.42705e-020
70.518  1.44123e-020
71.54  1.45537e-020
72.562  1.46946e-020
73.584  1.48351e-020
74.606  1.49751e-020
75.628  1.51146e-020
76.65  1.52535e-020
77.672  1.53919e-020
78.694  1.55298e-020
79.716  1.5667e-020
80.738  1.58037e-020
81.76  1.59397e-020
82.782  1.6075e-020
83.804  1.62097e-020
84.826  1.63437e-020
85.848  1.6477e-020
86.87  1.66096e-020
87.892  1.67414e-020
88.914  1.68724e-020
89.936  1.70027e-020
90.958  1.71321e-020
91.98  1.72607e-020
93.002  1.73885e-020
94.024  1.75154e-020
95.046  1.76414e-020
96.068  1.77665e-020
97.09  1.78906e-020
98.112  1.80139e-020
99.134  1.81361e-020
100.156  1.82574e-020
101.178  1.83777e-020
102.2  1.8497e-020
103.222  1.86152e-020
104.244  1.87324e-020
105.266  1.88484e-020
106.288  1.89634e-020
107.31  1.90773e-020
108.332  1.91901e-020
109.354  1.93017e-020
110.376  1.94121e-020
111.398  1.95213e-020
112.42  1.96294e-020
113.442  1.97362e-020
114.464  1.98417e-020
115.486  1.9946e-020
116.508  2.0049e-020
117.53  2.01508e-020
118.552  2.02512e-020
119.574  2.03502e-020
120.596  2.04479e-020
121.618  2.05443e-020
122.64  2.06392e-020
123.662  2.07328e-020
124.684  2.08249e-020
125.706  2.09155e-020
126.728  2.10047e-020
127.75  2.10924e-020
128.772  2.11786e-020
129.794  2.12633e-020
130.816  2.13465e-020
131.838  2.14281e-020
132.86  2.15081e-020
133.882  2.15865e-020
134.904  2.16633e-020
135.926  2.17385e-020
136.948  2.1812e-020
137.97  2.18839e-020
138.992  2.1954e-020
140.014  2.20225e-020
141.036  2.20892e-020
142.058  2.21542e-020
143.08  2.22174e-020
144.102  2.22788e-020
145.124  2.23385e-020
146.146  2.23963e-020
147.168  2.24522e-020
148.19  2.25064e-020
149.212  2.25586e-020
150.234  2.26089e-020
151.256  2.26573e-020
152.278  2.27038e-020
153.3  2.27483e-020
154.322  2.27909e-020
155.344  2.28314e-020
156.366  2.28699e-020
157.388  2.29064e-020
158.41  2.29409e-020
159.432  2.29732e-020
160.454  2.30035e-020
161.476  2.30316e-020
162.498  2.30577e-020
163.52  2.30815e-020
164.542  2.31032e-020
165.564  2.31227e-020
166.586  2.314e-020
167.608  2.3155e-020
168.63  2.31678e-020
169.652  2.31783e-020
170.674  2.31865e-020
171.696  2.31924e-020
172.718  2.3196e-020
173.74  2.31972e-020
174.762  2.3196e-020
175.784  2.31924e-020
176.806  2.31864e-020
177.828  2.3178e-020
178.85  2.31671e-020
179.872  2.31537e-020
180.894  2.31379e-020
181.916  2.31195e-020
182.938  2.30985e-020
183.96  2.3075e-020
184.982  2.3049e-020
186.004  2.30203e-020
187.026  2.2989e-020
188.048  2.29551e-020
189.07  2.29185e-020
190.092  2.28792e-020
191.114  2.28373e-020
192.136  2.27926e-020
193.158  2.27452e-020
194.18  2.2695e-020
195.202  2.26421e-020
196.224  2.25863e-020
197.246  2.25278e-020
198.268  2.24664e-020
199.29  2.24022e-020
200.312  2.23351e-020
201.334  2.22651e-020
202.356  2.21922e-020
203.378  2.21164e-020
204.4  2.20377e-020
205.422  2.19561e-020
206.444  2.18714e-020
207.466  2.17838e-020
208.488  2.16932e-020
209.51  2.15996e-020
210.532  2.1503e-020
211.554  2.14033e-020
212.576  2.13006e-020
213.598  2.11948e-020
214.62  2.1086e-020
215.642  2.0974e-020
216.664  2.0859e-020
217.686  2.07409e-020
218.708  2.06197e-020
219.73  2.04953e-020
220.752  2.03678e-020
221.774  2.02372e-020
222.796  2.01035e-020
223.818  1.99666e-020
224.84  1.98265e-020
225.862  1.96833e-020
226.884  1.9537e-020
227.906  1.93874e-020
228.928  1.92348e-020
229.95  1.9079e-020
230.972  1.892e-020
231.994  1.87579e-020
233.016  1.85927e-020
234.038  1.84243e-020
235.06  1.82528e-020
236.082  1.80782e-020
237.104  1.79004e-020
238.126  1.77196e-020
239.148  1.75357e-020
240.17  1.73488e-020
241.192  1.71588e-020
242.214  1.69658e-020
243.236  1.67697e-020
244.258  1.65707e-020
245.28  1.63688e-020
246.302  1.61639e-020
247.324  1.59561e-020
248.346  1.57455e-020
249.368  1.5532e-020
250.39  1.53157e-020
251.412  1.50967e-020
252.434  1.4875e-020
253.456  1.46506e-020
254.478  1.44236e-020
255.5  1.41941e-020
256.522  1.3962e-020
257.544  1.37274e-020
258.566  1.34905e-020
259.588  1.32513e-020
260.61  1.30097e-020
261.632  1.2766e-020
262.654  1.25202e-020
263.676  1.22723e-020
264.698  1.20224e-020
265.72  1.17707e-020
266.742  1.15172e-020
267.764  1.1262e-020
268.786  1.10052e-020
269.808  1.07469e-020
270.83  1.04872e-020
271.852  1.02263e-020
272.874  9.9642e-021
273.896  9.70107e-021
274.918  9.43703e-021
275.94  9.17222e-021
276.962  8.90677e-021
277.984  8.64084e-021
279.006  8.37457e-021
280.028  8.10811e-021
281.05  7.84164e-021
282.072  7.57531e-021
283.094  7.3093e-021
284.116  7.0438e-021
285.138  6.77899e-021
286.16  6.51508e-021
287.182  6.25225e-021
288.204  5.99074e-021
289.226  5.73075e-021
290.248  5.47251e-021
291.27  5.21626e-021
292.292  4.96224e-021
293.314  4.7107e-021
294.336  4.46191e-021
295.358  4.21613e-021
296.38  3.97365e-021
297.402  3.73476e-021
298.424  3.49975e-021
299.446  3.26893e-021
300.468  3.04263e-021
301.49  2.82118e-021
302.512  2.60491e-021
303.534  2.39419e-021
304.556  2.18937e-021
305.578  1.99083e-021
306.6  1.79897e-021
307.622  1.61418e-021
308.644  1.43687e-021
309.666  1.26748e-021
310.688  1.10645e-021
311.71  9.54221e-022
312.732  8.11274e-022
313.754  6.78087e-022
314.776  5.55159e-022
315.798  4.43002e-022
316.82  3.42144e-022
317.842  2.53129e-022
318.864  1.76516e-022
319.886  1.1288e-022
320.908  6.28132e-023
321.93  2.69222e-023
322.952  5.82796e-024
