1.022  1.81935e-019
2.044  1.82419e-019
3.066  1.82899e-019
4.088  1.83377e-019
5.11  1.83851e-019
6.132  1.84321e-019
7.154  1.84787e-019
8.176  1.8525e-019
9.198  1.85708e-019
10.22  1.86162e-019
11.242  1.86612e-019
12.264  1.87058e-019
13.286  1.875e-019
14.308  1.87938e-019
15.33  1.88372e-019
16.352  1.88802e-019
17.374  1.89229e-019
18.396  1.89653e-019
19.418  1.90073e-019
20.44  1.9049e-019
21.462  1.90904e-019
22.484  1.91316e-019
23.506  1.91724e-019
24.528  1.92129e-019
25.55  1.92531e-019
26.572  1.92931e-019
27.594  1.93328e-019
28.616  1.93722e-019
29.638  1.94113e-019
30.66  1.94501e-019
31.682  1.94887e-019
32.704  1.9527e-019
33.726  1.95649e-019
34.748  1.96026e-019
35.77  1.964e-019
36.792  1.96771e-019
37.814  1.97139e-019
38.836  1.97504e-019
39.858  1.97866e-019
40.88  1.98224e-019
41.902  1.98579e-019
42.924  1.98931e-019
43.946  1.99279e-019
44.968  1.99624e-019
45.99  1.99966e-019
47.012  2.00303e-019
48.034  2.00637e-019
49.056  2.00968e-019
50.078  2.01294e-019
51.1  2.01616e-019
52.122  2.01935e-019
53.144  2.02249e-019
54.166  2.02559e-019
55.188  2.02865e-019
56.21  2.03167e-019
57.232  2.03464e-019
58.254  2.03757e-019
59.276  2.04045e-019
60.298  2.04329e-019
61.32  2.04608e-019
62.342  2.04883e-019
63.364  2.05152e-019
64.386  2.05417e-019
65.408  2.05676e-019
66.43  2.05931e-019
67.452  2.0618e-019
68.474  2.06424e-019
69.496  2.06663e-019
70.518  2.06897e-019
71.54  2.07125e-019
72.562  2.07348e-019
73.584  2.07565e-019
74.606  2.07777e-019
75.628  2.07983e-019
76.65  2.08183e-019
77.672  2.08377e-019
78.694  2.08566e-019
79.716  2.08748e-019
80.738  2.08925e-019
81.76  2.09095e-019
82.782  2.0926e-019
83.804  2.09418e-019
84.826  2.0957e-019
85.848  2.09715e-019
86.87  2.09855e-019
87.892  2.09987e-019
88.914  2.10114e-019
89.936  2.10233e-019
90.958  2.10346e-019
91.98  2.10453e-019
93.002  2.10552e-019
94.024  2.10645e-019
95.046  2.10731e-019
96.068  2.1081e-019
97.09  2.10883e-019
98.112  2.10948e-019
99.134  2.11006e-019
100.156  2.11057e-019
101.178  2.11101e-019
102.2  2.11137e-019
103.222  2.11166e-019
104.244  2.11188e-019
105.266  2.11203e-019
106.288  2.1121e-019
107.31  2.11209e-019
108.332  2.11201e-019
109.354  2.11186e-019
110.376  2.11162e-019
111.398  2.11131e-019
112.42  2.11093e-019
113.442  2.11046e-019
114.464  2.10992e-019
115.486  2.1093e-019
116.508  2.10859e-019
117.53  2.10781e-019
118.552  2.10695e-019
119.574  2.106e-019
120.596  2.10498e-019
121.618  2.10387e-019
122.64  2.10268e-019
123.662  2.10141e-019
124.684  2.10005e-019
125.706  2.09861e-019
126.728  2.09708e-019
127.75  2.09547e-019
128.772  2.09377e-019
129.794  2.09199e-019
130.816  2.09012e-019
131.838  2.08816e-019
132.86  2.08612e-019
133.882  2.08398e-019
134.904  2.08176e-019
135.926  2.07945e-019
136.948  2.07705e-019
137.97  2.07456e-019
138.992  2.07198e-019
140.014  2.0693e-019
141.036  2.06654e-019
142.058  2.06368e-019
143.08  2.06073e-019
144.102  2.05768e-019
145.124  2.05454e-019
146.146  2.05131e-019
147.168  2.04798e-019
148.19  2.04455e-019
149.212  2.04103e-019
150.234  2.0374e-019
151.256  2.03369e-019
152.278  2.02987e-019
153.3  2.02595e-019
154.322  2.02193e-019
155.344  2.01782e-019
156.366  2.0136e-019
157.388  2.00928e-019
158.41  2.00485e-019
159.432  2.00033e-019
160.454  1.9957e-019
161.476  1.99096e-019
162.498  1.98612e-019
163.52  1.98118e-019
164.542  1.97612e-019
165.564  1.97096e-019
166.586  1.96569e-019
167.608  1.96031e-019
168.63  1.95482e-019
169.652  1.94922e-019
170.674  1.94351e-019
171.696  1.93769e-019
172.718  1.93175e-019
173.74  1.9257e-019
174.762  1.91953e-019
175.784  1.91325e-019
176.806  1.90685e-019
177.828  1.90034e-019
178.85  1.8937e-019
179.872  1.88695e-019
180.894  1.88008e-019
181.916  1.87308e-019
182.938  1.86597e-019
183.96  1.85873e-019
184.982  1.85136e-019
186.004  1.84388e-019
187.026  1.83626e-019
188.048  1.82853e-019
189.07  1.82066e-019
190.092  1.81266e-019
191.114  1.80454e-019
192.136  1.79628e-019
193.158  1.7879e-019
194.18  1.77938e-019
195.202  1.77073e-019
196.224  1.76194e-019
197.246  1.75302e-019
198.268  1.74397e-019
199.29  1.73478e-019
200.312  1.72544e-019
201.334  1.71598e-019
202.356  1.70637e-019
203.378  1.69662e-019
204.4  1.68672e-019
205.422  1.67669e-019
206.444  1.66651e-019
207.466  1.65619e-019
208.488  1.64573e-019
209.51  1.63511e-019
210.532  1.62435e-019
211.554  1.61345e-019
212.576  1.60239e-019
213.598  1.59119e-019
214.62  1.57983e-019
215.642  1.56833e-019
216.664  1.55667e-019
217.686  1.54487e-019
218.708  1.53291e-019
219.73  1.52079e-019
220.752  1.50853e-019
221.774  1.49611e-019
222.796  1.48353e-019
223.818  1.4708e-019
224.84  1.45792e-019
225.862  1.44488e-019
226.884  1.43168e-019
227.906  1.41833e-019
228.928  1.40482e-019
229.95  1.39115e-019
230.972  1.37733e-019
231.994  1.36335e-019
233.016  1.34922e-019
234.038  1.33493e-019
235.06  1.32049e-019
236.082  1.30589e-019
237.104  1.29113e-019
238.126  1.27622e-019
239.148  1.26116e-019
240.17  1.24595e-019
241.192  1.23058e-019
242.214  1.21507e-019
243.236  1.1994e-019
244.258  1.18359e-019
245.28  1.16763e-019
246.302  1.15152e-019
247.324  1.13527e-019
248.346  1.11888e-019
249.368  1.10235e-019
250.39  1.08568e-019
251.412  1.06887e-019
252.434  1.05193e-019
253.456  1.03486e-019
254.478  1.01767e-019
255.5  1.00034e-019
256.522  9.829e-020
257.544  9.65339e-020
258.566  9.47662e-020
259.588  9.29874e-020
260.61  9.1198e-020
261.632  8.93983e-020
262.654  8.75887e-020
263.676  8.57698e-020
264.698  8.39421e-020
265.72  8.2106e-020
266.742  8.02621e-020
267.764  7.8411e-020
268.786  7.65534e-020
269.808  7.46898e-020
270.83  7.28209e-020
271.852  7.09474e-020
272.874  6.90701e-020
273.896  6.71897e-020
274.918  6.53071e-020
275.94  6.3423e-020
276.962  6.15383e-020
277.984  5.9654e-020
279.006  5.7771e-020
280.028  5.58903e-020
281.05  5.40129e-020
282.072  5.214e-020
283.094  5.02726e-020
284.116  4.84119e-020
285.138  4.65591e-020
286.16  4.47155e-020
287.182  4.28824e-020
288.204  4.10611e-020
289.226  3.92531e-020
290.248  3.74598e-020
291.27  3.56828e-020
292.292  3.39237e-020
293.314  3.2184e-020
294.336  3.04655e-020
295.358  2.87699e-020
296.38  2.70991e-020
297.402  2.54549e-020
298.424  2.38392e-020
299.446  2.22542e-020
300.468  2.07019e-020
301.49  1.91844e-020
302.512  1.7704e-020
303.534  1.62629e-020
304.556  1.48636e-020
305.578  1.35086e-020
306.6  1.22003e-020
307.622  1.09413e-020
308.644  9.73451e-021
309.666  8.58255e-021
310.688  7.48835e-021
311.71  6.45487e-021
312.732  5.48518e-021
313.754  4.58244e-021
314.776  3.74988e-021
315.798  2.99086e-021
316.82  2.30883e-021
317.842  1.70734e-021
318.864  1.19003e-021
319.886  7.60655e-022
320.908  4.23077e-022
321.93  1.8125e-022
322.952  3.92181e-023
