1.022  1.3068e-019
2.044  1.3126e-019
3.066  1.31836e-019
4.088  1.32409e-019
5.11  1.32977e-019
6.132  1.33542e-019
7.154  1.34103e-019
8.176  1.3466e-019
9.198  1.35212e-019
10.22  1.35761e-019
11.242  1.36305e-019
12.264  1.36844e-019
13.286  1.3738e-019
14.308  1.37911e-019
15.33  1.38439e-019
16.352  1.38963e-019
17.374  1.39482e-019
18.396  1.39999e-019
19.418  1.40511e-019
20.44  1.4102e-019
21.462  1.41526e-019
22.484  1.42028e-019
23.506  1.42527e-019
24.528  1.43022e-019
25.55  1.43514e-019
26.572  1.44003e-019
27.594  1.44489e-019
28.616  1.44972e-019
29.638  1.45451e-019
30.66  1.45927e-019
31.682  1.464e-019
32.704  1.4687e-019
33.726  1.47336e-019
34.748  1.478e-019
35.77  1.48259e-019
36.792  1.48716e-019
37.814  1.49169e-019
38.836  1.49619e-019
39.858  1.50065e-019
40.88  1.50508e-019
41.902  1.50947e-019
42.924  1.51382e-019
43.946  1.51814e-019
44.968  1.52243e-019
45.99  1.52667e-019
47.012  1.53088e-019
48.034  1.53505e-019
49.056  1.53918e-019
50.078  1.54327e-019
51.1  1.54732e-019
52.122  1.55133e-019
53.144  1.5553e-019
54.166  1.55922e-019
55.188  1.56311e-019
56.21  1.56695e-019
57.232  1.57075e-019
58.254  1.5745e-019
59.276  1.57821e-019
60.298  1.58188e-019
61.32  1.58549e-019
62.342  1.58907e-019
63.364  1.59259e-019
64.386  1.59607e-019
65.408  1.5995e-019
66.43  1.60288e-019
67.452  1.60621e-019
68.474  1.60949e-019
69.496  1.61273e-019
70.518  1.61591e-019
71.54  1.61904e-019
72.562  1.62211e-019
73.584  1.62514e-019
74.606  1.62811e-019
75.628  1.63103e-019
76.65  1.63389e-019
77.672  1.6367e-019
78.694  1.63946e-019
79.716  1.64216e-019
80.738  1.6448e-019
81.76  1.64739e-019
82.782  1.64992e-019
83.804  1.65239e-019
84.826  1.6548e-019
85.848  1.65716e-019
86.87  1.65945e-019
87.892  1.66169e-019
88.914  1.66386e-019
89.936  1.66598e-019
90.958  1.66803e-019
91.98  1.67002e-019
93.002  1.67195e-019
94.024  1.67382e-019
95.046  1.67563e-019
96.068  1.67737e-019
97.09  1.67904e-019
98.112  1.68066e-019
99.134  1.68221e-019
100.156  1.68369e-019
101.178  1.68511e-019
102.2  1.68646e-019
103.222  1.68774e-019
104.244  1.68896e-019
105.266  1.69011e-019
106.288  1.69119e-019
107.31  1.6922e-019
108.332  1.69315e-019
109.354  1.69402e-019
110.376  1.69483e-019
111.398  1.69556e-019
112.42  1.69623e-019
113.442  1.69682e-019
114.464  1.69734e-019
115.486  1.69779e-019
116.508  1.69817e-019
117.53  1.69848e-019
118.552  1.69871e-019
119.574  1.69887e-019
120.596  1.69895e-019
121.618  1.69896e-019
122.64  1.6989e-019
123.662  1.69876e-019
124.684  1.69854e-019
125.706  1.69825e-019
126.728  1.69788e-019
127.75  1.69743e-019
128.772  1.69691e-019
129.794  1.69631e-019
130.816  1.69563e-019
131.838  1.69487e-019
132.86  1.69403e-019
133.882  1.69311e-019
134.904  1.69211e-019
135.926  1.69103e-019
136.948  1.68987e-019
137.97  1.68863e-019
138.992  1.6873e-019
140.014  1.6859e-019
141.036  1.68441e-019
142.058  1.68283e-019
143.08  1.68117e-019
144.102  1.67943e-019
145.124  1.6776e-019
146.146  1.67569e-019
147.168  1.67369e-019
148.19  1.6716e-019
149.212  1.66943e-019
150.234  1.66716e-019
151.256  1.66481e-019
152.278  1.66237e-019
153.3  1.65984e-019
154.322  1.65722e-019
155.344  1.65451e-019
156.366  1.65171e-019
157.388  1.64882e-019
158.41  1.64583e-019
159.432  1.64275e-019
160.454  1.63958e-019
161.476  1.63631e-019
162.498  1.63295e-019
163.52  1.62949e-019
164.542  1.62594e-019
165.564  1.62228e-019
166.586  1.61854e-019
167.608  1.61469e-019
168.63  1.61074e-019
169.652  1.60669e-019
170.674  1.60255e-019
171.696  1.5983e-019
172.718  1.59395e-019
173.74  1.5895e-019
174.762  1.58494e-019
175.784  1.58028e-019
176.806  1.57552e-019
177.828  1.57065e-019
178.85  1.56567e-019
179.872  1.56059e-019
180.894  1.5554e-019
181.916  1.5501e-019
182.938  1.54469e-019
183.96  1.53917e-019
184.982  1.53354e-019
186.004  1.5278e-019
187.026  1.52195e-019
188.048  1.51598e-019
189.07  1.5099e-019
190.092  1.5037e-019
191.114  1.49739e-019
192.136  1.49096e-019
193.158  1.48441e-019
194.18  1.47774e-019
195.202  1.47096e-019
196.224  1.46405e-019
197.246  1.45703e-019
198.268  1.44988e-019
199.29  1.44261e-019
200.312  1.43522e-019
201.334  1.42771e-019
202.356  1.42007e-019
203.378  1.4123e-019
204.4  1.40441e-019
205.422  1.39639e-019
206.444  1.38824e-019
207.466  1.37997e-019
208.488  1.37156e-019
209.51  1.36303e-019
210.532  1.35436e-019
211.554  1.34557e-019
212.576  1.33664e-019
213.598  1.32758e-019
214.62  1.31838e-019
215.642  1.30906e-019
216.664  1.29959e-019
217.686  1.29e-019
218.708  1.28027e-019
219.73  1.2704e-019
220.752  1.26039e-019
221.774  1.25025e-019
222.796  1.23997e-019
223.818  1.22956e-019
224.84  1.21901e-019
225.862  1.20832e-019
226.884  1.19749e-019
227.906  1.18652e-019
228.928  1.17542e-019
229.95  1.16418e-019
230.972  1.1528e-019
231.994  1.14128e-019
233.016  1.12962e-019
234.038  1.11783e-019
235.06  1.1059e-019
236.082  1.09383e-019
237.104  1.08163e-019
238.126  1.06929e-019
239.148  1.05681e-019
240.17  1.0442e-019
241.192  1.03146e-019
242.214  1.01859e-019
243.236  1.00558e-019
244.258  9.92441e-020
245.28  9.79174e-020
246.302  9.65779e-020
247.324  9.52258e-020
248.346  9.38611e-020
249.368  9.24842e-020
250.39  9.10951e-020
251.412  8.96941e-020
252.434  8.82814e-020
253.456  8.68571e-020
254.478  8.54217e-020
255.5  8.39752e-020
256.522  8.2518e-020
257.544  8.10505e-020
258.566  7.95728e-020
259.588  7.80853e-020
260.61  7.65884e-020
261.632  7.50824e-020
262.654  7.35678e-020
263.676  7.20449e-020
264.698  7.05141e-020
265.72  6.8976e-020
266.742  6.7431e-020
267.764  6.58796e-020
268.786  6.43222e-020
269.808  6.27596e-020
270.83  6.11922e-020
271.852  5.96206e-020
272.874  5.80455e-020
273.896  5.64676e-020
274.918  5.48874e-020
275.94  5.33058e-020
276.962  5.17235e-020
277.984  5.01412e-020
279.006  4.85599e-020
280.028  4.69802e-020
281.05  4.54032e-020
282.072  4.38297e-020
283.094  4.22607e-020
284.116  4.06972e-020
285.138  3.91401e-020
286.16  3.75907e-020
287.182  3.605e-020
288.204  3.45191e-020
289.226  3.29993e-020
290.248  3.14918e-020
291.27  2.99979e-020
292.292  2.8519e-020
293.314  2.70563e-020
294.336  2.56114e-020
295.358  2.41858e-020
296.38  2.27809e-020
297.402  2.13984e-020
298.424  2.004e-020
299.446  1.87072e-020
300.468  1.7402e-020
301.49  1.6126e-020
302.512  1.48812e-020
303.534  1.36696e-020
304.556  1.24931e-020
305.578  1.13538e-020
306.6  1.02539e-020
307.622  9.19551e-021
308.644  8.18096e-021
309.666  7.21258e-021
310.688  6.29279e-021
311.71  5.4241e-021
312.732  4.60906e-021
313.754  3.85034e-021
314.776  3.15065e-021
315.798  2.5128e-021
316.82  1.93969e-021
317.842  1.43429e-021
318.864  9.99662e-022
319.886  6.38941e-022
320.908  3.5536e-022
321.93  1.52231e-022
322.952  3.29371e-023
