1.022  1.1927e-019
2.044  1.19865e-019
3.066  1.20457e-019
4.088  1.21045e-019
5.11  1.21629e-019
6.132  1.22209e-019
7.154  1.22786e-019
8.176  1.23358e-019
9.198  1.23926e-019
10.22  1.2449e-019
11.242  1.25049e-019
12.264  1.25605e-019
13.286  1.26156e-019
14.308  1.26703e-019
15.33  1.27246e-019
16.352  1.27786e-019
17.374  1.28321e-019
18.396  1.28853e-019
19.418  1.29382e-019
20.44  1.29906e-019
21.462  1.30428e-019
22.484  1.30945e-019
23.506  1.3146e-019
24.528  1.31971e-019
25.55  1.32479e-019
26.572  1.32983e-019
27.594  1.33484e-019
28.616  1.33982e-019
29.638  1.34477e-019
30.66  1.34969e-019
31.682  1.35457e-019
32.704  1.35942e-019
33.726  1.36424e-019
34.748  1.36902e-019
35.77  1.37377e-019
36.792  1.37849e-019
37.814  1.38317e-019
38.836  1.38782e-019
39.858  1.39243e-019
40.88  1.39701e-019
41.902  1.40155e-019
42.924  1.40606e-019
43.946  1.41053e-019
44.968  1.41496e-019
45.99  1.41936e-019
47.012  1.42372e-019
48.034  1.42804e-019
49.056  1.43232e-019
50.078  1.43656e-019
51.1  1.44076e-019
52.122  1.44493e-019
53.144  1.44905e-019
54.166  1.45313e-019
55.188  1.45717e-019
56.21  1.46116e-019
57.232  1.46511e-019
58.254  1.46902e-019
59.276  1.47289e-019
60.298  1.47671e-019
61.32  1.48048e-019
62.342  1.48421e-019
63.364  1.48789e-019
64.386  1.49153e-019
65.408  1.49512e-019
66.43  1.49866e-019
67.452  1.50215e-019
68.474  1.5056e-019
69.496  1.50899e-019
70.518  1.51234e-019
71.54  1.51563e-019
72.562  1.51888e-019
73.584  1.52207e-019
74.606  1.52521e-019
75.628  1.52829e-019
76.65  1.53133e-019
77.672  1.53431e-019
78.694  1.53724e-019
79.716  1.54011e-019
80.738  1.54293e-019
81.76  1.54569e-019
82.782  1.5484e-019
83.804  1.55105e-019
84.826  1.55364e-019
85.848  1.55618e-019
86.87  1.55866e-019
87.892  1.56108e-019
88.914  1.56344e-019
89.936  1.56574e-019
90.958  1.56798e-019
91.98  1.57017e-019
93.002  1.57229e-019
94.024  1.57435e-019
95.046  1.57635e-019
96.068  1.57829e-019
97.09  1.58016e-019
98.112  1.58197e-019
99.134  1.58372e-019
100.156  1.58541e-019
101.178  1.58703e-019
102.2  1.58859e-019
103.222  1.59008e-019
104.244  1.59151e-019
105.266  1.59287e-019
106.288  1.59416e-019
107.31  1.59539e-019
108.332  1.59655e-019
109.354  1.59765e-019
110.376  1.59867e-019
111.398  1.59963e-019
112.42  1.60052e-019
113.442  1.60134e-019
114.464  1.60209e-019
115.486  1.60277e-019
116.508  1.60338e-019
117.53  1.60392e-019
118.552  1.60439e-019
119.574  1.60478e-019
120.596  1.60511e-019
121.618  1.60536e-019
122.64  1.60554e-019
123.662  1.60564e-019
124.684  1.60567e-019
125.706  1.60563e-019
126.728  1.60552e-019
127.75  1.60532e-019
128.772  1.60506e-019
129.794  1.60471e-019
130.816  1.60429e-019
131.838  1.6038e-019
132.86  1.60322e-019
133.882  1.60257e-019
134.904  1.60184e-019
135.926  1.60103e-019
136.948  1.60015e-019
137.97  1.59918e-019
138.992  1.59813e-019
140.014  1.59701e-019
141.036  1.5958e-019
142.058  1.59451e-019
143.08  1.59314e-019
144.102  1.59168e-019
145.124  1.59015e-019
146.146  1.58853e-019
147.168  1.58682e-019
148.19  1.58504e-019
149.212  1.58316e-019
150.234  1.5812e-019
151.256  1.57916e-019
152.278  1.57703e-019
153.3  1.57481e-019
154.322  1.5725e-019
155.344  1.57011e-019
156.366  1.56762e-019
157.388  1.56505e-019
158.41  1.56239e-019
159.432  1.55964e-019
160.454  1.55679e-019
161.476  1.55385e-019
162.498  1.55083e-019
163.52  1.5477e-019
164.542  1.54449e-019
165.564  1.54118e-019
166.586  1.53777e-019
167.608  1.53427e-019
168.63  1.53068e-019
169.652  1.52698e-019
170.674  1.52319e-019
171.696  1.5193e-019
172.718  1.51531e-019
173.74  1.51122e-019
174.762  1.50704e-019
175.784  1.50275e-019
176.806  1.49835e-019
177.828  1.49386e-019
178.85  1.48926e-019
179.872  1.48456e-019
180.894  1.47975e-019
181.916  1.47484e-019
182.938  1.46982e-019
183.96  1.4647e-019
184.982  1.45946e-019
186.004  1.45412e-019
187.026  1.44867e-019
188.048  1.44311e-019
189.07  1.43744e-019
190.092  1.43165e-019
191.114  1.42576e-019
192.136  1.41975e-019
193.158  1.41362e-019
194.18  1.40738e-019
195.202  1.40103e-019
196.224  1.39456e-019
197.246  1.38797e-019
198.268  1.38126e-019
199.29  1.37444e-019
200.312  1.36749e-019
201.334  1.36043e-019
202.356  1.35324e-019
203.378  1.34594e-019
204.4  1.3385e-019
205.422  1.33095e-019
206.444  1.32327e-019
207.466  1.31547e-019
208.488  1.30754e-019
209.51  1.29949e-019
210.532  1.29131e-019
211.554  1.283e-019
212.576  1.27457e-019
213.598  1.266e-019
214.62  1.25731e-019
215.642  1.24849e-019
216.664  1.23954e-019
217.686  1.23045e-019
218.708  1.22124e-019
219.73  1.21189e-019
220.752  1.20241e-019
221.774  1.1928e-019
222.796  1.18306e-019
223.818  1.17318e-019
224.84  1.16317e-019
225.862  1.15303e-019
226.884  1.14275e-019
227.906  1.13234e-019
228.928  1.1218e-019
229.95  1.11112e-019
230.972  1.10031e-019
231.994  1.08936e-019
233.016  1.07829e-019
234.038  1.06707e-019
235.06  1.05573e-019
236.082  1.04425e-019
237.104  1.03264e-019
238.126  1.0209e-019
239.148  1.00903e-019
240.17  9.9703e-020
241.192  9.84899e-020
242.214  9.7264e-020
243.236  9.60254e-020
244.258  9.47741e-020
245.28  9.35103e-020
246.302  9.22342e-020
247.324  9.09458e-020
248.346  8.96453e-020
249.368  8.83329e-020
250.39  8.70087e-020
251.412  8.56731e-020
252.434  8.4326e-020
253.456  8.29679e-020
254.478  8.15989e-020
255.5  8.02192e-020
256.522  7.88292e-020
257.544  7.74291e-020
258.566  7.60192e-020
259.588  7.45999e-020
260.61  7.31714e-020
261.632  7.17342e-020
262.654  7.02885e-020
263.676  6.88349e-020
264.698  6.73736e-020
265.72  6.59052e-020
266.742  6.44301e-020
267.764  6.29488e-020
268.786  6.14617e-020
269.808  5.99695e-020
270.83  5.84726e-020
271.852  5.69717e-020
272.874  5.54673e-020
273.896  5.39601e-020
274.918  5.24508e-020
275.94  5.094e-020
276.962  4.94284e-020
277.984  4.79168e-020
279.006  4.6406e-020
280.028  4.48968e-020
281.05  4.33901e-020
282.072  4.18867e-020
283.094  4.03875e-020
284.116  3.88935e-020
285.138  3.74057e-020
286.16  3.59251e-020
287.182  3.44528e-020
288.204  3.29899e-020
289.226  3.15375e-020
290.248  3.00968e-020
291.27  2.86692e-020
292.292  2.72557e-020
293.314  2.58579e-020
294.336  2.4477e-020
295.358  2.31145e-020
296.38  2.17718e-020
297.402  2.04505e-020
298.424  1.91522e-020
299.446  1.78784e-020
300.468  1.6631e-020
301.49  1.54115e-020
302.512  1.42218e-020
303.534  1.30638e-020
304.556  1.19394e-020
305.578  1.08505e-020
306.6  9.79929e-021
307.622  8.78777e-021
308.644  7.81814e-021
309.666  6.89265e-021
310.688  6.01362e-021
311.71  5.18342e-021
312.732  4.40451e-021
313.754  3.67942e-021
314.776  3.01076e-021
315.798  2.40121e-021
316.82  1.85353e-021
317.842  1.37056e-021
318.864  9.55232e-022
319.886  6.10536e-022
320.908  3.39558e-022
321.93  1.45459e-022
322.952  3.14716e-023
