1.022  5.09032e-020
2.044  5.15038e-020
3.066  5.21017e-020
4.088  5.2697e-020
5.11  5.32896e-020
6.132  5.38794e-020
7.154  5.44664e-020
8.176  5.50504e-020
9.198  5.56315e-020
10.22  5.62096e-020
11.242  5.67847e-020
12.264  5.73568e-020
13.286  5.7926e-020
14.308  5.84922e-020
15.33  5.90554e-020
16.352  5.96158e-020
17.374  6.01733e-020
18.396  6.0728e-020
19.418  6.12799e-020
20.44  6.18291e-020
21.462  6.23755e-020
22.484  6.29191e-020
23.506  6.34601e-020
24.528  6.39983e-020
25.55  6.45339e-020
26.572  6.50668e-020
27.594  6.5597e-020
28.616  6.61246e-020
29.638  6.66494e-020
30.66  6.71716e-020
31.682  6.76911e-020
32.704  6.82079e-020
33.726  6.8722e-020
34.748  6.92333e-020
35.77  6.97419e-020
36.792  7.02477e-020
37.814  7.07508e-020
38.836  7.1251e-020
39.858  7.17483e-020
40.88  7.22429e-020
41.902  7.27345e-020
42.924  7.32232e-020
43.946  7.37089e-020
44.968  7.41917e-020
45.99  7.46715e-020
47.012  7.51482e-020
48.034  7.56219e-020
49.056  7.60925e-020
50.078  7.65599e-020
51.1  7.70242e-020
52.122  7.74852e-020
53.144  7.7943e-020
54.166  7.83976e-020
55.188  7.88488e-020
56.21  7.92967e-020
57.232  7.97413e-020
58.254  8.01824e-020
59.276  8.062e-020
60.298  8.10542e-020
61.32  8.14849e-020
62.342  8.1912e-020
63.364  8.23355e-020
64.386  8.27553e-020
65.408  8.31715e-020
66.43  8.3584e-020
67.452  8.39928e-020
68.474  8.43978e-020
69.496  8.47989e-020
70.518  8.51962e-020
71.54  8.55896e-020
72.562  8.59791e-020
73.584  8.63647e-020
74.606  8.67462e-020
75.628  8.71237e-020
76.65  8.74972e-020
77.672  8.78665e-020
78.694  8.82317e-020
79.716  8.85927e-020
80.738  8.89495e-020
81.76  8.9302e-020
82.782  8.96503e-020
83.804  8.99943e-020
84.826  9.03338e-020
85.848  9.0669e-020
86.87  9.09998e-020
87.892  9.13261e-020
88.914  9.16479e-020
89.936  9.19652e-020
90.958  9.22779e-020
91.98  9.2586e-020
93.002  9.28895e-020
94.024  9.31883e-020
95.046  9.34824e-020
96.068  9.37718e-020
97.09  9.40564e-020
98.112  9.43362e-020
99.134  9.46111e-020
100.156  9.48812e-020
101.178  9.51464e-020
102.2  9.54066e-020
103.222  9.56618e-020
104.244  9.5912e-020
105.266  9.61572e-020
106.288  9.63973e-020
107.31  9.66323e-020
108.332  9.68621e-020
109.354  9.70868e-020
110.376  9.73062e-020
111.398  9.75204e-020
112.42  9.77293e-020
113.442  9.79329e-020
114.464  9.81311e-020
115.486  9.8324e-020
116.508  9.85114e-020
117.53  9.86934e-020
118.552  9.88698e-020
119.574  9.90408e-020
120.596  9.92062e-020
121.618  9.9366e-020
122.64  9.95202e-020
123.662  9.96687e-020
124.684  9.98115e-020
125.706  9.99485e-020
126.728  1.0008e-019
127.75  1.00205e-019
128.772  1.00325e-019
129.794  1.00439e-019
130.816  1.00546e-019
131.838  1.00648e-019
132.86  1.00744e-019
133.882  1.00834e-019
134.904  1.00918e-019
135.926  1.00996e-019
136.948  1.01067e-019
137.97  1.01132e-019
138.992  1.01191e-019
140.014  1.01244e-019
141.036  1.01291e-019
142.058  1.01331e-019
143.08  1.01365e-019
144.102  1.01392e-019
145.124  1.01413e-019
146.146  1.01427e-019
147.168  1.01435e-019
148.19  1.01436e-019
149.212  1.01431e-019
150.234  1.01419e-019
151.256  1.014e-019
152.278  1.01374e-019
153.3  1.01342e-019
154.322  1.01303e-019
155.344  1.01256e-019
156.366  1.01203e-019
157.388  1.01143e-019
158.41  1.01076e-019
159.432  1.01001e-019
160.454  1.0092e-019
161.476  1.00831e-019
162.498  1.00735e-019
163.52  1.00632e-019
164.542  1.00521e-019
165.564  1.00403e-019
166.586  1.00277e-019
167.608  1.00144e-019
168.63  1.00004e-019
169.652  9.98554e-020
170.674  9.96995e-020
171.696  9.95358e-020
172.718  9.93644e-020
173.74  9.91851e-020
174.762  9.89979e-020
175.784  9.88028e-020
176.806  9.85997e-020
177.828  9.83884e-020
178.85  9.81691e-020
179.872  9.79416e-020
180.894  9.77059e-020
181.916  9.74618e-020
182.938  9.72094e-020
183.96  9.69486e-020
184.982  9.66794e-020
186.004  9.64015e-020
187.026  9.61151e-020
188.048  9.58201e-020
189.07  9.55163e-020
190.092  9.52038e-020
191.114  9.48825e-020
192.136  9.45522e-020
193.158  9.42131e-020
194.18  9.38649e-020
195.202  9.35077e-020
196.224  9.31413e-020
197.246  9.27658e-020
198.268  9.2381e-020
199.29  9.19869e-020
200.312  9.15835e-020
201.334  9.11707e-020
202.356  9.07485e-020
203.378  9.03167e-020
204.4  8.98754e-020
205.422  8.94244e-020
206.444  8.89638e-020
207.466  8.84935e-020
208.488  8.80134e-020
209.51  8.75235e-020
210.532  8.70237e-020
211.554  8.6514e-020
212.576  8.59944e-020
213.598  8.54648e-020
214.62  8.49252e-020
215.642  8.43755e-020
216.664  8.38157e-020
217.686  8.32458e-020
218.708  8.26657e-020
219.73  8.20754e-020
220.752  8.14749e-020
221.774  8.08641e-020
222.796  8.02431e-020
223.818  7.96118e-020
224.84  7.89703e-020
225.862  7.83184e-020
226.884  7.76562e-020
227.906  7.69837e-020
228.928  7.63009e-020
229.95  7.56078e-020
230.972  7.49044e-020
231.994  7.41907e-020
233.016  7.34668e-020
234.038  7.27326e-020
235.06  7.19882e-020
236.082  7.12337e-020
237.104  7.0469e-020
238.126  6.96942e-020
239.148  6.89094e-020
240.17  6.81146e-020
241.192  6.73099e-020
242.214  6.64953e-020
243.236  6.5671e-020
244.258  6.4837e-020
245.28  6.39934e-020
246.302  6.31403e-020
247.324  6.22779e-020
248.346  6.14062e-020
249.368  6.05254e-020
250.39  5.96355e-020
251.412  5.87369e-020
252.434  5.78295e-020
253.456  5.69136e-020
254.478  5.59894e-020
255.5  5.5057e-020
256.522  5.41167e-020
257.544  5.31685e-020
258.566  5.22129e-020
259.588  5.125e-020
260.61  5.028e-020
261.632  4.93032e-020
262.654  4.83199e-020
263.676  4.73303e-020
264.698  4.63349e-020
265.72  4.53338e-020
266.742  4.43275e-020
267.764  4.33162e-020
268.786  4.23004e-020
269.808  4.12804e-020
270.83  4.02566e-020
271.852  3.92294e-020
272.874  3.81993e-020
273.896  3.71668e-020
274.918  3.61322e-020
275.94  3.50962e-020
276.962  3.40591e-020
277.984  3.30216e-020
279.006  3.19842e-020
280.028  3.09475e-020
281.05  2.99121e-020
282.072  2.88785e-020
283.094  2.78476e-020
284.116  2.68199e-020
285.138  2.57961e-020
286.16  2.4777e-020
287.182  2.37634e-020
288.204  2.27559e-020
289.226  2.17555e-020
290.248  2.07629e-020
291.27  1.97791e-020
292.292  1.88049e-020
293.314  1.78413e-020
294.336  1.68891e-020
295.358  1.59496e-020
296.38  1.50236e-020
297.402  1.41122e-020
298.424  1.32165e-020
299.446  1.23377e-020
300.468  1.1477e-020
301.49  1.06355e-020
302.512  9.81458e-021
303.534  9.01543e-021
304.556  8.23942e-021
305.578  7.48793e-021
306.6  6.76239e-021
307.622  6.06424e-021
308.644  5.39501e-021
309.666  4.75625e-021
310.688  4.14956e-021
311.71  3.57658e-021
312.732  3.03902e-021
313.754  2.53862e-021
314.776  2.07719e-021
315.798  1.65657e-021
316.82  1.27867e-021
317.842  9.4544e-022
318.864  6.58899e-022
319.886  4.21109e-022
320.908  2.34191e-022
321.93  1.00316e-022
322.952  2.17027e-023
