1.022  4.90668e-021
2.044  5.04351e-021
3.066  5.18042e-021
4.088  5.31741e-021
5.11  5.45446e-021
6.132  5.59156e-021
7.154  5.72871e-021
8.176  5.86589e-021
9.198  6.00309e-021
10.22  6.1403e-021
11.242  6.27752e-021
12.264  6.41473e-021
13.286  6.55195e-021
14.308  6.68915e-021
15.33  6.82635e-021
16.352  6.96353e-021
17.374  7.1007e-021
18.396  7.23786e-021
19.418  7.37501e-021
20.44  7.51213e-021
21.462  7.64925e-021
22.484  7.78634e-021
23.506  7.92341e-021
24.528  8.06045e-021
25.55  8.19747e-021
26.572  8.33445e-021
27.594  8.4714e-021
28.616  8.60832e-021
29.638  8.74519e-021
30.66  8.88201e-021
31.682  9.01878e-021
32.704  9.15549e-021
33.726  9.29214e-021
34.748  9.42872e-021
35.77  9.56522e-021
36.792  9.70164e-021
37.814  9.83797e-021
38.836  9.97421e-021
39.858  1.01103e-020
40.88  1.02464e-020
41.902  1.03823e-020
42.924  1.05181e-020
43.946  1.06537e-020
44.968  1.07892e-020
45.99  1.09246e-020
47.012  1.10598e-020
48.034  1.11948e-020
49.056  1.13296e-020
50.078  1.14643e-020
51.1  1.15988e-020
52.122  1.17331e-020
53.144  1.18672e-020
54.166  1.2001e-020
55.188  1.21347e-020
56.21  1.2268e-020
57.232  1.24012e-020
58.254  1.25341e-020
59.276  1.26667e-020
60.298  1.27991e-020
61.32  1.29312e-020
62.342  1.3063e-020
63.364  1.31944e-020
64.386  1.33256e-020
65.408  1.34565e-020
66.43  1.3587e-020
67.452  1.37172e-020
68.474  1.38471e-020
69.496  1.39766e-020
70.518  1.41057e-020
71.54  1.42344e-020
72.562  1.43628e-020
73.584  1.44908e-020
74.606  1.46184e-020
75.628  1.47455e-020
76.65  1.48723e-020
77.672  1.49986e-020
78.694  1.51245e-020
79.716  1.52499e-020
80.738  1.53749e-020
81.76  1.54994e-020
82.782  1.56235e-020
83.804  1.5747e-020
84.826  1.58701e-020
85.848  1.59927e-020
86.87  1.61147e-020
87.892  1.62362e-020
88.914  1.63572e-020
89.936  1.64777e-020
90.958  1.65976e-020
91.98  1.6717e-020
93.002  1.68358e-020
94.024  1.6954e-020
95.046  1.70717e-020
96.068  1.71887e-020
97.09  1.73052e-020
98.112  1.7421e-020
99.134  1.75363e-020
100.156  1.76509e-020
101.178  1.77648e-020
102.2  1.78781e-020
103.222  1.79908e-020
104.244  1.81028e-020
105.266  1.82141e-020
106.288  1.83248e-020
107.31  1.84347e-020
108.332  1.8544e-020
109.354  1.86525e-020
110.376  1.87604e-020
111.398  1.88675e-020
112.42  1.89738e-020
113.442  1.90794e-020
114.464  1.91843e-020
115.486  1.92884e-020
116.508  1.93917e-020
117.53  1.94942e-020
118.552  1.9596e-020
119.574  1.96969e-020
120.596  1.9797e-020
121.618  1.98962e-020
122.64  1.99947e-020
123.662  2.00922e-020
124.684  2.0189e-020
125.706  2.02848e-020
126.728  2.03798e-020
127.75  2.04738e-020
128.772  2.0567e-020
129.794  2.06592e-020
130.816  2.07505e-020
131.838  2.08408e-020
132.86  2.09302e-020
133.882  2.10187e-020
134.904  2.11061e-020
135.926  2.11925e-020
136.948  2.1278e-020
137.97  2.13624e-020
138.992  2.14457e-020
140.014  2.1528e-020
141.036  2.16093e-020
142.058  2.16894e-020
143.08  2.17685e-020
144.102  2.18464e-020
145.124  2.19232e-020
146.146  2.19989e-020
147.168  2.20733e-020
148.19  2.21466e-020
149.212  2.22187e-020
150.234  2.22896e-020
151.256  2.23592e-020
152.278  2.24276e-020
153.3  2.24947e-020
154.322  2.25605e-020
155.344  2.2625e-020
156.366  2.26881e-020
157.388  2.27499e-020
158.41  2.28103e-020
159.432  2.28693e-020
160.454  2.29268e-020
161.476  2.29829e-020
162.498  2.30376e-020
163.52  2.30907e-020
164.542  2.31423e-020
165.564  2.31924e-020
166.586  2.32408e-020
167.608  2.32877e-020
168.63  2.3333e-020
169.652  2.33766e-020
170.674  2.34185e-020
171.696  2.34587e-020
172.718  2.34971e-020
173.74  2.35338e-020
174.762  2.35687e-020
175.784  2.36017e-020
176.806  2.36329e-020
177.828  2.36621e-020
178.85  2.36895e-020
179.872  2.37149e-020
180.894  2.37382e-020
181.916  2.37596e-020
182.938  2.37789e-020
183.96  2.3796e-020
184.982  2.38111e-020
186.004  2.38239e-020
187.026  2.38346e-020
188.048  2.3843e-020
189.07  2.38491e-020
190.092  2.38529e-020
191.114  2.38543e-020
192.136  2.38533e-020
193.158  2.38498e-020
194.18  2.38439e-020
195.202  2.38354e-020
196.224  2.38243e-020
197.246  2.38107e-020
198.268  2.37943e-020
199.29  2.37753e-020
200.312  2.37535e-020
201.334  2.37289e-020
202.356  2.37015e-020
203.378  2.36712e-020
204.4  2.3638e-020
205.422  2.36018e-020
206.444  2.35626e-020
207.466  2.35203e-020
208.488  2.3475e-020
209.51  2.34264e-020
210.532  2.33747e-020
211.554  2.33197e-020
212.576  2.32614e-020
213.598  2.31998e-020
214.62  2.31347e-020
215.642  2.30663e-020
216.664  2.29943e-020
217.686  2.29189e-020
218.708  2.28398e-020
219.73  2.27571e-020
220.752  2.26708e-020
221.774  2.25807e-020
222.796  2.24869e-020
223.818  2.23893e-020
224.84  2.22878e-020
225.862  2.21825e-020
226.884  2.20732e-020
227.906  2.19599e-020
228.928  2.18427e-020
229.95  2.17214e-020
230.972  2.15959e-020
231.994  2.14664e-020
233.016  2.13327e-020
234.038  2.11948e-020
235.06  2.10526e-020
236.082  2.09062e-020
237.104  2.07555e-020
238.126  2.06004e-020
239.148  2.0441e-020
240.17  2.02773e-020
241.192  2.01091e-020
242.214  1.99365e-020
243.236  1.97594e-020
244.258  1.95779e-020
245.28  1.93919e-020
246.302  1.92015e-020
247.324  1.90065e-020
248.346  1.88071e-020
249.368  1.86031e-020
250.39  1.83947e-020
251.412  1.81817e-020
252.434  1.79643e-020
253.456  1.77424e-020
254.478  1.7516e-020
255.5  1.72853e-020
256.522  1.705e-020
257.544  1.68105e-020
258.566  1.65665e-020
259.588  1.63183e-020
260.61  1.60658e-020
261.632  1.5809e-020
262.654  1.55482e-020
263.676  1.52832e-020
264.698  1.50142e-020
265.72  1.47412e-020
266.742  1.44643e-020
267.764  1.41837e-020
268.786  1.38993e-020
269.808  1.36114e-020
270.83  1.33199e-020
271.852  1.30251e-020
272.874  1.27271e-020
273.896  1.24259e-020
274.918  1.21217e-020
275.94  1.18148e-020
276.962  1.15051e-020
277.984  1.1193e-020
279.006  1.08786e-020
280.028  1.0562e-020
281.05  1.02435e-020
282.072  9.92335e-021
283.094  9.60169e-021
284.116  9.27878e-021
285.138  8.95488e-021
286.16  8.63024e-021
287.182  8.30513e-021
288.204  7.97986e-021
289.226  7.65471e-021
290.248  7.33001e-021
291.27  7.00608e-021
292.292  6.68328e-021
293.314  6.36196e-021
294.336  6.0425e-021
295.358  5.7253e-021
296.38  5.41076e-021
297.402  5.09933e-021
298.424  4.79144e-021
299.446  4.48757e-021
300.468  4.1882e-021
301.49  3.89384e-021
302.512  3.60501e-021
303.534  3.32226e-021
304.556  3.04616e-021
305.578  2.7773e-021
306.6  2.51631e-021
307.622  2.2638e-021
308.644  2.02045e-021
309.666  1.78695e-021
310.688  1.56399e-021
311.71  1.35234e-021
312.732  1.15274e-021
313.754  9.65984e-022
314.776  7.92902e-022
315.798  6.34339e-022
316.82  4.91172e-022
317.842  3.64309e-022
318.864  2.54689e-022
319.886  1.63282e-022
320.908  9.10883e-023
321.93  3.91387e-023
322.952  8.49361e-024
