1.022  1.69361e-020
2.044  1.71523e-020
3.066  1.73675e-020
4.088  1.75817e-020
5.11  1.77949e-020
6.132  1.80072e-020
7.154  1.82185e-020
8.176  1.84288e-020
9.198  1.86381e-020
10.22  1.88463e-020
11.242  1.90535e-020
12.264  1.92598e-020
13.286  1.9465e-020
14.308  1.96692e-020
15.33  1.98725e-020
16.352  2.00749e-020
17.374  2.02763e-020
18.396  2.04768e-020
19.418  2.06763e-020
20.44  2.08751e-020
21.462  2.10729e-020
22.484  2.12699e-020
23.506  2.14661e-020
24.528  2.16614e-020
25.55  2.18559e-020
26.572  2.20496e-020
27.594  2.22424e-020
28.616  2.24345e-020
29.638  2.26258e-020
30.66  2.28163e-020
31.682  2.3006e-020
32.704  2.31949e-020
33.726  2.3383e-020
34.748  2.35703e-020
35.77  2.37569e-020
36.792  2.39427e-020
37.814  2.41276e-020
38.836  2.43118e-020
39.858  2.44952e-020
40.88  2.46778e-020
41.902  2.48595e-020
42.924  2.50405e-020
43.946  2.52207e-020
44.968  2.54e-020
45.99  2.55785e-020
47.012  2.57562e-020
48.034  2.5933e-020
49.056  2.61091e-020
50.078  2.62842e-020
51.1  2.64585e-020
52.122  2.66319e-020
53.144  2.68045e-020
54.166  2.69762e-020
55.188  2.7147e-020
56.21  2.73169e-020
57.232  2.74859e-020
58.254  2.7654e-020
59.276  2.78212e-020
60.298  2.79875e-020
61.32  2.81528e-020
62.342  2.83172e-020
63.364  2.84806e-020
64.386  2.86431e-020
65.408  2.88046e-020
66.43  2.89651e-020
67.452  2.91247e-020
68.474  2.92832e-020
69.496  2.94407e-020
70.518  2.95973e-020
71.54  2.97528e-020
72.562  2.99073e-020
73.584  3.00607e-020
74.606  3.02131e-020
75.628  3.03644e-020
76.65  3.05147e-020
77.672  3.06639e-020
78.694  3.0812e-020
79.716  3.09591e-020
80.738  3.1105e-020
81.76  3.12498e-020
82.782  3.13935e-020
83.804  3.15361e-020
84.826  3.16775e-020
85.848  3.18178e-020
86.87  3.1957e-020
87.892  3.20949e-020
88.914  3.22317e-020
89.936  3.23674e-020
90.958  3.25018e-020
91.98  3.2635e-020
93.002  3.27671e-020
94.024  3.28979e-020
95.046  3.30275e-020
96.068  3.31559e-020
97.09  3.3283e-020
98.112  3.34088e-020
99.134  3.35335e-020
100.156  3.36568e-020
101.178  3.37789e-020
102.2  3.38997e-020
103.222  3.40191e-020
104.244  3.41373e-020
105.266  3.42542e-020
106.288  3.43697e-020
107.31  3.4484e-020
108.332  3.45968e-020
109.354  3.47083e-020
110.376  3.48185e-020
111.398  3.49273e-020
112.42  3.50347e-020
113.442  3.51407e-020
114.464  3.52454e-020
115.486  3.53486e-020
116.508  3.54504e-020
117.53  3.55507e-020
118.552  3.56497e-020
119.574  3.57471e-020
120.596  3.58432e-020
121.618  3.59377e-020
122.64  3.60308e-020
123.662  3.61223e-020
124.684  3.62124e-020
125.706  3.63009e-020
126.728  3.63879e-020
127.75  3.64734e-020
128.772  3.65573e-020
129.794  3.66396e-020
130.816  3.67204e-020
131.838  3.67995e-020
132.86  3.68771e-020
133.882  3.6953e-020
134.904  3.70273e-020
135.926  3.70999e-020
136.948  3.71709e-020
137.97  3.72402e-020
138.992  3.73078e-020
140.014  3.73736e-020
141.036  3.74378e-020
142.058  3.75002e-020
143.08  3.75608e-020
144.102  3.76196e-020
145.124  3.76767e-020
146.146  3.77319e-020
147.168  3.77853e-020
148.19  3.78368e-020
149.212  3.78864e-020
150.234  3.79341e-020
151.256  3.798e-020
152.278  3.80238e-020
153.3  3.80657e-020
154.322  3.81056e-020
155.344  3.81435e-020
156.366  3.81794e-020
157.388  3.82131e-020
158.41  3.82448e-020
159.432  3.82744e-020
160.454  3.83018e-020
161.476  3.83271e-020
162.498  3.83502e-020
163.52  3.8371e-020
164.542  3.83896e-020
165.564  3.84059e-020
166.586  3.84199e-020
167.608  3.84315e-020
168.63  3.84407e-020
169.652  3.84476e-020
170.674  3.84519e-020
171.696  3.84538e-020
172.718  3.84532e-020
173.74  3.845e-020
174.762  3.84443e-020
175.784  3.84359e-020
176.806  3.84248e-020
177.828  3.8411e-020
178.85  3.83945e-020
179.872  3.83751e-020
180.894  3.8353e-020
181.916  3.8328e-020
182.938  3.83e-020
183.96  3.82691e-020
184.982  3.82352e-020
186.004  3.81983e-020
187.026  3.81582e-020
188.048  3.8115e-020
189.07  3.80686e-020
190.092  3.8019e-020
191.114  3.79661e-020
192.136  3.79098e-020
193.158  3.78502e-020
194.18  3.77871e-020
195.202  3.77205e-020
196.224  3.76504e-020
197.246  3.75767e-020
198.268  3.74993e-020
199.29  3.74182e-020
200.312  3.73334e-020
201.334  3.72447e-020
202.356  3.71522e-020
203.378  3.70557e-020
204.4  3.69553e-020
205.422  3.68508e-020
206.444  3.67422e-020
207.466  3.66294e-020
208.488  3.65124e-020
209.51  3.63912e-020
210.532  3.62656e-020
211.554  3.61356e-020
212.576  3.60012e-020
213.598  3.58622e-020
214.62  3.57187e-020
215.642  3.55706e-020
216.664  3.54177e-020
217.686  3.52601e-020
218.708  3.50978e-020
219.73  3.49305e-020
220.752  3.47583e-020
221.774  3.45812e-020
222.796  3.4399e-020
223.818  3.42117e-020
224.84  3.40193e-020
225.862  3.38217e-020
226.884  3.36189e-020
227.906  3.34107e-020
228.928  3.31972e-020
229.95  3.29783e-020
230.972  3.27539e-020
231.994  3.25241e-020
233.016  3.22887e-020
234.038  3.20477e-020
235.06  3.18011e-020
236.082  3.15489e-020
237.104  3.12909e-020
238.126  3.10272e-020
239.148  3.07577e-020
240.17  3.04825e-020
241.192  3.02014e-020
242.214  2.99145e-020
243.236  2.96217e-020
244.258  2.93231e-020
245.28  2.90185e-020
246.302  2.87081e-020
247.324  2.83917e-020
248.346  2.80695e-020
249.368  2.77413e-020
250.39  2.74072e-020
251.412  2.70673e-020
252.434  2.67215e-020
253.456  2.63698e-020
254.478  2.60123e-020
255.5  2.5649e-020
256.522  2.528e-020
257.544  2.49053e-020
258.566  2.4525e-020
259.588  2.41391e-020
260.61  2.37476e-020
261.632  2.33507e-020
262.654  2.29485e-020
263.676  2.2541e-020
264.698  2.21283e-020
265.72  2.17106e-020
266.742  2.12879e-020
267.764  2.08604e-020
268.786  2.04282e-020
269.808  1.99915e-020
270.83  1.95504e-020
271.852  1.91051e-020
272.874  1.86558e-020
273.896  1.82027e-020
274.918  1.77459e-020
275.94  1.72857e-020
276.962  1.68223e-020
277.984  1.63559e-020
279.006  1.58869e-020
280.028  1.54155e-020
281.05  1.49419e-020
282.072  1.44665e-020
283.094  1.39896e-020
284.116  1.35115e-020
285.138  1.30326e-020
286.16  1.25533e-020
287.182  1.20739e-020
288.204  1.15948e-020
289.226  1.11165e-020
290.248  1.06395e-020
291.27  1.01641e-020
292.292  9.69091e-021
293.314  9.22041e-021
294.336  8.75312e-021
295.358  8.28962e-021
296.38  7.83048e-021
297.402  7.37631e-021
298.424  6.92774e-021
299.446  6.48543e-021
300.468  6.05006e-021
301.49  5.62234e-021
302.512  5.20303e-021
303.534  4.79288e-021
304.556  4.3927e-021
305.578  4.00332e-021
306.6  3.62562e-021
307.622  3.26047e-021
308.644  2.90882e-021
309.666  2.57163e-021
310.688  2.24991e-021
311.71  1.94468e-021
312.732  1.65702e-021
313.754  1.38806e-021
314.776  1.13894e-021
315.798  9.10845e-022
316.82  7.05022e-022
317.842  5.22742e-022
318.864  3.65325e-022
319.886  2.34132e-022
320.908  1.30569e-022
321.93  5.60842e-023
322.952  1.21671e-023
