1.022  9.74495e-020
2.044  9.75669e-020
3.066  9.76836e-020
4.088  9.77994e-020
5.11  9.79143e-020
6.132  9.80281e-020
7.154  9.81409e-020
8.176  9.82524e-020
9.198  9.83627e-020
10.22  9.84717e-020
11.242  9.85794e-020
12.264  9.86859e-020
13.286  9.87912e-020
14.308  9.88954e-020
15.33  9.89986e-020
16.352  9.91008e-020
17.374  9.92022e-020
18.396  9.93027e-020
19.418  9.94024e-020
20.44  9.95015e-020
21.462  9.95999e-020
22.484  9.96978e-020
23.506  9.97951e-020
24.528  9.98918e-020
25.55  9.99881e-020
26.572  1.00084e-019
27.594  1.00179e-019
28.616  1.00274e-019
29.638  1.00369e-019
30.66  1.00463e-019
31.682  1.00556e-019
32.704  1.00649e-019
33.726  1.00742e-019
34.748  1.00834e-019
35.77  1.00926e-019
36.792  1.01017e-019
37.814  1.01107e-019
38.836  1.01197e-019
39.858  1.01287e-019
40.88  1.01376e-019
41.902  1.01464e-019
42.924  1.01551e-019
43.946  1.01638e-019
44.968  1.01724e-019
45.99  1.01809e-019
47.012  1.01894e-019
48.034  1.01978e-019
49.056  1.0206e-019
50.078  1.02142e-019
51.1  1.02223e-019
52.122  1.02303e-019
53.144  1.02382e-019
54.166  1.0246e-019
55.188  1.02537e-019
56.21  1.02613e-019
57.232  1.02687e-019
58.254  1.02761e-019
59.276  1.02833e-019
60.298  1.02904e-019
61.32  1.02974e-019
62.342  1.03043e-019
63.364  1.0311e-019
64.386  1.03176e-019
65.408  1.0324e-019
66.43  1.03303e-019
67.452  1.03365e-019
68.474  1.03425e-019
69.496  1.03483e-019
70.518  1.0354e-019
71.54  1.03596e-019
72.562  1.0365e-019
73.584  1.03702e-019
74.606  1.03752e-019
75.628  1.03801e-019
76.65  1.03848e-019
77.672  1.03893e-019
78.694  1.03937e-019
79.716  1.03979e-019
80.738  1.04018e-019
81.76  1.04056e-019
82.782  1.04093e-019
83.804  1.04127e-019
84.826  1.04159e-019
85.848  1.04189e-019
86.87  1.04218e-019
87.892  1.04244e-019
88.914  1.04268e-019
89.936  1.0429e-019
90.958  1.0431e-019
91.98  1.04328e-019
93.002  1.04344e-019
94.024  1.04357e-019
95.046  1.04369e-019
96.068  1.04378e-019
97.09  1.04385e-019
98.112  1.0439e-019
99.134  1.04392e-019
100.156  1.04392e-019
101.178  1.0439e-019
102.2  1.04385e-019
103.222  1.04378e-019
104.244  1.04369e-019
105.266  1.04357e-019
106.288  1.04343e-019
107.31  1.04326e-019
108.332  1.04307e-019
109.354  1.04285e-019
110.376  1.04261e-019
111.398  1.04234e-019
112.42  1.04205e-019
113.442  1.04173e-019
114.464  1.04138e-019
115.486  1.04101e-019
116.508  1.04061e-019
117.53  1.04019e-019
118.552  1.03974e-019
119.574  1.03926e-019
120.596  1.03875e-019
121.618  1.03822e-019
122.64  1.03765e-019
123.662  1.03706e-019
124.684  1.03645e-019
125.706  1.0358e-019
126.728  1.03512e-019
127.75  1.03442e-019
128.772  1.03368e-019
129.794  1.03292e-019
130.816  1.03213e-019
131.838  1.03131e-019
132.86  1.03045e-019
133.882  1.02957e-019
134.904  1.02865e-019
135.926  1.02771e-019
136.948  1.02673e-019
137.97  1.02573e-019
138.992  1.02469e-019
140.014  1.02361e-019
141.036  1.02251e-019
142.058  1.02137e-019
143.08  1.0202e-019
144.102  1.019e-019
145.124  1.01777e-019
146.146  1.0165e-019
147.168  1.01519e-019
148.19  1.01385e-019
149.212  1.01248e-019
150.234  1.01107e-019
151.256  1.00963e-019
152.278  1.00815e-019
153.3  1.00663e-019
154.322  1.00508e-019
155.344  1.00349e-019
156.366  1.00186e-019
157.388  1.00019e-019
158.41  9.98488e-020
159.432  9.96745e-020
160.454  9.94964e-020
161.476  9.93142e-020
162.498  9.9128e-020
163.52  9.89378e-020
164.542  9.87435e-020
165.564  9.8545e-020
166.586  9.83423e-020
167.608  9.81353e-020
168.63  9.7924e-020
169.652  9.77083e-020
170.674  9.74882e-020
171.696  9.72637e-020
172.718  9.70345e-020
173.74  9.68008e-020
174.762  9.65624e-020
175.784  9.63193e-020
176.806  9.60714e-020
177.828  9.58186e-020
178.85  9.55609e-020
179.872  9.52981e-020
180.894  9.50304e-020
181.916  9.47575e-020
182.938  9.44793e-020
183.96  9.41959e-020
184.982  9.39071e-020
186.004  9.36129e-020
187.026  9.33132e-020
188.048  9.30079e-020
189.07  9.26969e-020
190.092  9.23802e-020
191.114  9.20576e-020
192.136  9.17291e-020
193.158  9.13946e-020
194.18  9.1054e-020
195.202  9.07072e-020
196.224  9.03541e-020
197.246  8.99946e-020
198.268  8.96287e-020
199.29  8.92563e-020
200.312  8.88772e-020
201.334  8.84914e-020
202.356  8.80987e-020
203.378  8.76991e-020
204.4  8.72925e-020
205.422  8.68787e-020
206.444  8.64578e-020
207.466  8.60295e-020
208.488  8.55938e-020
209.51  8.51505e-020
210.532  8.46997e-020
211.554  8.42411e-020
212.576  8.37747e-020
213.598  8.33003e-020
214.62  8.2818e-020
215.642  8.23275e-020
216.664  8.18288e-020
217.686  8.13218e-020
218.708  8.08063e-020
219.73  8.02823e-020
220.752  7.97497e-020
221.774  7.92084e-020
222.796  7.86583e-020
223.818  7.80993e-020
224.84  7.75313e-020
225.862  7.69542e-020
226.884  7.63679e-020
227.906  7.57724e-020
228.928  7.51675e-020
229.95  7.45532e-020
230.972  7.39293e-020
231.994  7.32959e-020
233.016  7.26529e-020
234.038  7.20001e-020
235.06  7.13376e-020
236.082  7.06652e-020
237.104  6.99829e-020
238.126  6.92906e-020
239.148  6.85883e-020
240.17  6.7876e-020
241.192  6.71536e-020
242.214  6.64211e-020
243.236  6.56784e-020
244.258  6.49256e-020
245.28  6.41627e-020
246.302  6.33895e-020
247.324  6.26062e-020
248.346  6.18127e-020
249.368  6.10091e-020
250.39  6.01954e-020
251.412  5.93717e-020
252.434  5.85379e-020
253.456  5.76942e-020
254.478  5.68406e-020
255.5  5.59771e-020
256.522  5.5104e-020
257.544  5.42213e-020
258.566  5.3329e-020
259.588  5.24275e-020
260.61  5.15167e-020
261.632  5.05969e-020
262.654  4.96682e-020
263.676  4.87308e-020
264.698  4.7785e-020
265.72  4.6831e-020
266.742  4.58689e-020
267.764  4.48991e-020
268.786  4.39219e-020
269.808  4.29375e-020
270.83  4.19463e-020
271.852  4.09487e-020
272.874  3.99449e-020
273.896  3.89354e-020
274.918  3.79207e-020
275.94  3.6901e-020
276.962  3.5877e-020
277.984  3.48491e-020
279.006  3.38178e-020
280.028  3.27837e-020
281.05  3.17474e-020
282.072  3.07094e-020
283.094  2.96705e-020
284.116  2.86312e-020
285.138  2.75924e-020
286.16  2.65547e-020
287.182  2.55189e-020
288.204  2.44859e-020
289.226  2.34565e-020
290.248  2.24316e-020
291.27  2.14122e-020
292.292  2.03992e-020
293.314  1.93936e-020
294.336  1.83966e-020
295.358  1.74093e-020
296.38  1.64327e-020
297.402  1.54682e-020
298.424  1.4517e-020
299.446  1.35804e-020
300.468  1.26598e-020
301.49  1.17567e-020
302.512  1.08724e-020
303.534  1.00086e-020
304.556  9.16686e-021
305.578  8.34883e-021
306.6  7.55626e-021
307.622  6.79094e-021
308.644  6.05474e-021
309.666  5.34959e-021
310.688  4.67749e-021
311.71  4.04052e-021
312.732  3.44083e-021
313.754  2.88066e-021
314.776  2.36231e-021
315.798  1.88816e-021
316.82  1.46069e-021
317.842  1.08245e-021
318.864  7.5608e-022
319.886  4.84308e-022
320.908  2.69945e-022
321.93  1.15893e-022
322.952  2.51296e-023
