1.022  1.82808e-019
2.044  1.82642e-019
3.066  1.82477e-019
4.088  1.82313e-019
5.11  1.8215e-019
6.132  1.81988e-019
7.154  1.81827e-019
8.176  1.81667e-019
9.198  1.81507e-019
10.22  1.81347e-019
11.242  1.81188e-019
12.264  1.81028e-019
13.286  1.8087e-019
14.308  1.80712e-019
15.33  1.80554e-019
16.352  1.80398e-019
17.374  1.80242e-019
18.396  1.80088e-019
19.418  1.79934e-019
20.44  1.79782e-019
21.462  1.79631e-019
22.484  1.79481e-019
23.506  1.79333e-019
24.528  1.79186e-019
25.55  1.79041e-019
26.572  1.78897e-019
27.594  1.78755e-019
28.616  1.78614e-019
29.638  1.78474e-019
30.66  1.78336e-019
31.682  1.782e-019
32.704  1.78065e-019
33.726  1.77931e-019
34.748  1.77798e-019
35.77  1.77667e-019
36.792  1.77537e-019
37.814  1.77408e-019
38.836  1.7728e-019
39.858  1.77153e-019
40.88  1.77027e-019
41.902  1.76902e-019
42.924  1.76777e-019
43.946  1.76654e-019
44.968  1.76531e-019
45.99  1.76408e-019
47.012  1.76287e-019
48.034  1.76165e-019
49.056  1.76044e-019
50.078  1.75924e-019
51.1  1.75803e-019
52.122  1.75683e-019
53.144  1.75563e-019
54.166  1.75443e-019
55.188  1.75322e-019
56.21  1.75202e-019
57.232  1.75082e-019
58.254  1.74961e-019
59.276  1.7484e-019
60.298  1.74718e-019
61.32  1.74596e-019
62.342  1.74474e-019
63.364  1.74351e-019
64.386  1.74227e-019
65.408  1.74102e-019
66.43  1.73977e-019
67.452  1.73851e-019
68.474  1.73724e-019
69.496  1.73596e-019
70.518  1.73467e-019
71.54  1.73337e-019
72.562  1.73205e-019
73.584  1.73073e-019
74.606  1.72939e-019
75.628  1.72804e-019
76.65  1.72667e-019
77.672  1.72529e-019
78.694  1.7239e-019
79.716  1.72249e-019
80.738  1.72106e-019
81.76  1.71962e-019
82.782  1.71816e-019
83.804  1.71668e-019
84.826  1.71518e-019
85.848  1.71367e-019
86.87  1.71213e-019
87.892  1.71058e-019
88.914  1.70901e-019
89.936  1.70741e-019
90.958  1.7058e-019
91.98  1.70416e-019
93.002  1.7025e-019
94.024  1.70082e-019
95.046  1.69912e-019
96.068  1.69739e-019
97.09  1.69564e-019
98.112  1.69387e-019
99.134  1.69207e-019
100.156  1.69025e-019
101.178  1.6884e-019
102.2  1.68652e-019
103.222  1.68462e-019
104.244  1.6827e-019
105.266  1.68074e-019
106.288  1.67876e-019
107.31  1.67675e-019
108.332  1.67472e-019
109.354  1.67265e-019
110.376  1.67056e-019
111.398  1.66843e-019
112.42  1.66628e-019
113.442  1.6641e-019
114.464  1.66189e-019
115.486  1.65964e-019
116.508  1.65737e-019
117.53  1.65506e-019
118.552  1.65273e-019
119.574  1.65036e-019
120.596  1.64796e-019
121.618  1.64552e-019
122.64  1.64305e-019
123.662  1.64055e-019
124.684  1.63802e-019
125.706  1.63545e-019
126.728  1.63285e-019
127.75  1.63021e-019
128.772  1.62754e-019
129.794  1.62483e-019
130.816  1.62208e-019
131.838  1.6193e-019
132.86  1.61649e-019
133.882  1.61363e-019
134.904  1.61074e-019
135.926  1.60781e-019
136.948  1.60484e-019
137.97  1.60183e-019
138.992  1.59879e-019
140.014  1.5957e-019
141.036  1.59258e-019
142.058  1.58941e-019
143.08  1.5862e-019
144.102  1.58296e-019
145.124  1.57967e-019
146.146  1.57634e-019
147.168  1.57296e-019
148.19  1.56954e-019
149.212  1.56608e-019
150.234  1.56258e-019
151.256  1.55903e-019
152.278  1.55544e-019
153.3  1.5518e-019
154.322  1.54811e-019
155.344  1.54438e-019
156.366  1.5406e-019
157.388  1.53678e-019
158.41  1.5329e-019
159.432  1.52898e-019
160.454  1.525e-019
161.476  1.52098e-019
162.498  1.51691e-019
163.52  1.51278e-019
164.542  1.5086e-019
165.564  1.50437e-019
166.586  1.50009e-019
167.608  1.49575e-019
168.63  1.49136e-019
169.652  1.48691e-019
170.674  1.48241e-019
171.696  1.47784e-019
172.718  1.47322e-019
173.74  1.46855e-019
174.762  1.46381e-019
175.784  1.45901e-019
176.806  1.45415e-019
177.828  1.44923e-019
178.85  1.44424e-019
179.872  1.43919e-019
180.894  1.43408e-019
181.916  1.4289e-019
182.938  1.42365e-019
183.96  1.41834e-019
184.982  1.41296e-019
186.004  1.40751e-019
187.026  1.40198e-019
188.048  1.39639e-019
189.07  1.39072e-019
190.092  1.38498e-019
191.114  1.37916e-019
192.136  1.37326e-019
193.158  1.36729e-019
194.18  1.36124e-019
195.202  1.35511e-019
196.224  1.3489e-019
197.246  1.34261e-019
198.268  1.33623e-019
199.29  1.32977e-019
200.312  1.32323e-019
201.334  1.31659e-019
202.356  1.30987e-019
203.378  1.30306e-019
204.4  1.29616e-019
205.422  1.28916e-019
206.444  1.28207e-019
207.466  1.27489e-019
208.488  1.26761e-019
209.51  1.26023e-019
210.532  1.25276e-019
211.554  1.24518e-019
212.576  1.2375e-019
213.598  1.22972e-019
214.62  1.22184e-019
215.642  1.21385e-019
216.664  1.20575e-019
217.686  1.19754e-019
218.708  1.18923e-019
219.73  1.1808e-019
220.752  1.17227e-019
221.774  1.16361e-019
222.796  1.15485e-019
223.818  1.14597e-019
224.84  1.13697e-019
225.862  1.12785e-019
226.884  1.11861e-019
227.906  1.10926e-019
228.928  1.09978e-019
229.95  1.09018e-019
230.972  1.08045e-019
231.994  1.0706e-019
233.016  1.06063e-019
234.038  1.05053e-019
235.06  1.0403e-019
236.082  1.02994e-019
237.104  1.01945e-019
238.126  1.00883e-019
239.148  9.98088e-020
240.17  9.87211e-020
241.192  9.76202e-020
242.214  9.65062e-020
243.236  9.53791e-020
244.258  9.42387e-020
245.28  9.30851e-020
246.302  9.19183e-020
247.324  9.07383e-020
248.346  8.95452e-020
249.368  8.83389e-020
250.39  8.71195e-020
251.412  8.5887e-020
252.434  8.46417e-020
253.456  8.33834e-020
254.478  8.21124e-020
255.5  8.08287e-020
256.522  7.95326e-020
257.544  7.8224e-020
258.566  7.69033e-020
259.588  7.55706e-020
260.61  7.42261e-020
261.632  7.28701e-020
262.654  7.15027e-020
263.676  7.01243e-020
264.698  6.87352e-020
265.72  6.73357e-020
266.742  6.5926e-020
267.764  6.45067e-020
268.786  6.30781e-020
269.808  6.16407e-020
270.83  6.01948e-020
271.852  5.8741e-020
272.874  5.72798e-020
273.896  5.58117e-020
274.918  5.43373e-020
275.94  5.28573e-020
276.962  5.13723e-020
277.984  4.9883e-020
279.006  4.83901e-020
280.028  4.68944e-020
281.05  4.53967e-020
282.072  4.38979e-020
283.094  4.23989e-020
284.116  4.09005e-020
285.138  3.94039e-020
286.16  3.791e-020
287.182  3.642e-020
288.204  3.4935e-020
289.226  3.34562e-020
290.248  3.19849e-020
291.27  3.05223e-020
292.292  2.90699e-020
293.314  2.7629e-020
294.336  2.62012e-020
295.358  2.47881e-020
296.38  2.33913e-020
297.402  2.20124e-020
298.424  2.06533e-020
299.446  1.93157e-020
300.468  1.80017e-020
301.49  1.67132e-020
302.512  1.54523e-020
303.534  1.42211e-020
304.556  1.30219e-020
305.578  1.1857e-020
306.6  1.07289e-020
307.622  9.63999e-021
308.644  8.59296e-021
309.666  7.59049e-021
310.688  6.63539e-021
311.71  5.73055e-021
312.732  4.87899e-021
313.754  4.08383e-021
314.776  3.34828e-021
315.798  2.67569e-021
316.82  2.06951e-021
317.842  1.53332e-021
318.864  1.0708e-021
319.886  6.8577e-022
320.908  3.82166e-022
321.93  1.64041e-022
322.952  3.55634e-023
