1.022  2.48836e-019
2.044  2.4841e-019
3.066  2.47988e-019
4.088  2.47569e-019
5.11  2.47153e-019
6.132  2.4674e-019
7.154  2.4633e-019
8.176  2.45922e-019
9.198  2.45516e-019
10.22  2.45112e-019
11.242  2.4471e-019
12.264  2.4431e-019
13.286  2.43912e-019
14.308  2.43516e-019
15.33  2.43123e-019
16.352  2.42733e-019
17.374  2.42345e-019
18.396  2.4196e-019
19.418  2.41578e-019
20.44  2.41199e-019
21.462  2.40823e-019
22.484  2.4045e-019
23.506  2.40081e-019
24.528  2.39715e-019
25.55  2.39352e-019
26.572  2.38993e-019
27.594  2.38637e-019
28.616  2.38284e-019
29.638  2.37934e-019
30.66  2.37588e-019
31.682  2.37245e-019
32.704  2.36905e-019
33.726  2.36568e-019
34.748  2.36234e-019
35.77  2.35903e-019
36.792  2.35575e-019
37.814  2.3525e-019
38.836  2.34927e-019
39.858  2.34607e-019
40.88  2.34289e-019
41.902  2.33974e-019
42.924  2.3366e-019
43.946  2.33349e-019
44.968  2.3304e-019
45.99  2.32733e-019
47.012  2.32428e-019
48.034  2.32125e-019
49.056  2.31823e-019
50.078  2.31522e-019
51.1  2.31223e-019
52.122  2.30926e-019
53.144  2.30629e-019
54.166  2.30334e-019
55.188  2.3004e-019
56.21  2.29746e-019
57.232  2.29454e-019
58.254  2.29162e-019
59.276  2.2887e-019
60.298  2.2858e-019
61.32  2.28289e-019
62.342  2.27999e-019
63.364  2.27709e-019
64.386  2.27419e-019
65.408  2.2713e-019
66.43  2.2684e-019
67.452  2.2655e-019
68.474  2.2626e-019
69.496  2.25969e-019
70.518  2.25678e-019
71.54  2.25387e-019
72.562  2.25095e-019
73.584  2.24803e-019
74.606  2.24509e-019
75.628  2.24215e-019
76.65  2.2392e-019
77.672  2.23624e-019
78.694  2.23327e-019
79.716  2.23029e-019
80.738  2.22729e-019
81.76  2.22429e-019
82.782  2.22127e-019
83.804  2.21823e-019
84.826  2.21518e-019
85.848  2.21212e-019
86.87  2.20904e-019
87.892  2.20594e-019
88.914  2.20282e-019
89.936  2.19969e-019
90.958  2.19654e-019
91.98  2.19336e-019
93.002  2.19017e-019
94.024  2.18696e-019
95.046  2.18372e-019
96.068  2.18047e-019
97.09  2.17719e-019
98.112  2.17389e-019
99.134  2.17056e-019
100.156  2.16721e-019
101.178  2.16384e-019
102.2  2.16044e-019
103.222  2.15701e-019
104.244  2.15356e-019
105.266  2.15008e-019
106.288  2.14658e-019
107.31  2.14304e-019
108.332  2.13948e-019
109.354  2.13589e-019
110.376  2.13227e-019
111.398  2.12862e-019
112.42  2.12493e-019
113.442  2.12122e-019
114.464  2.11748e-019
115.486  2.1137e-019
116.508  2.10989e-019
117.53  2.10605e-019
118.552  2.10218e-019
119.574  2.09827e-019
120.596  2.09433e-019
121.618  2.09035e-019
122.64  2.08634e-019
123.662  2.08229e-019
124.684  2.07821e-019
125.706  2.07409e-019
126.728  2.06993e-019
127.75  2.06573e-019
128.772  2.0615e-019
129.794  2.05723e-019
130.816  2.05292e-019
131.838  2.04857e-019
132.86  2.04418e-019
133.882  2.03975e-019
134.904  2.03527e-019
135.926  2.03076e-019
136.948  2.02621e-019
137.97  2.02161e-019
138.992  2.01697e-019
140.014  2.01229e-019
141.036  2.00756e-019
142.058  2.00279e-019
143.08  1.99797e-019
144.102  1.99311e-019
145.124  1.9882e-019
146.146  1.98325e-019
147.168  1.97825e-019
148.19  1.9732e-019
149.212  1.9681e-019
150.234  1.96295e-019
151.256  1.95776e-019
152.278  1.95251e-019
153.3  1.94721e-019
154.322  1.94187e-019
155.344  1.93646e-019
156.366  1.93101e-019
157.388  1.92551e-019
158.41  1.91994e-019
159.432  1.91433e-019
160.454  1.90866e-019
161.476  1.90293e-019
162.498  1.89715e-019
163.52  1.8913e-019
164.542  1.8854e-019
165.564  1.87944e-019
166.586  1.87342e-019
167.608  1.86734e-019
168.63  1.8612e-019
169.652  1.85499e-019
170.674  1.84872e-019
171.696  1.84239e-019
172.718  1.83599e-019
173.74  1.82952e-019
174.762  1.82299e-019
175.784  1.81639e-019
176.806  1.80971e-019
177.828  1.80297e-019
178.85  1.79616e-019
179.872  1.78927e-019
180.894  1.78231e-019
181.916  1.77527e-019
182.938  1.76816e-019
183.96  1.76097e-019
184.982  1.75371e-019
186.004  1.74636e-019
187.026  1.73893e-019
188.048  1.73142e-019
189.07  1.72383e-019
190.092  1.71615e-019
191.114  1.70839e-019
192.136  1.70054e-019
193.158  1.6926e-019
194.18  1.68457e-019
195.202  1.67645e-019
196.224  1.66824e-019
197.246  1.65994e-019
198.268  1.65153e-019
199.29  1.64303e-019
200.312  1.63444e-019
201.334  1.62574e-019
202.356  1.61694e-019
203.378  1.60804e-019
204.4  1.59903e-019
205.422  1.58992e-019
206.444  1.5807e-019
207.466  1.57137e-019
208.488  1.56193e-019
209.51  1.55238e-019
210.532  1.54272e-019
211.554  1.53294e-019
212.576  1.52304e-019
213.598  1.51303e-019
214.62  1.50289e-019
215.642  1.49264e-019
216.664  1.48226e-019
217.686  1.47175e-019
218.708  1.46112e-019
219.73  1.45036e-019
220.752  1.43948e-019
221.774  1.42846e-019
222.796  1.41731e-019
223.818  1.40602e-019
224.84  1.39461e-019
225.862  1.38305e-019
226.884  1.37136e-019
227.906  1.35953e-019
228.928  1.34755e-019
229.95  1.33544e-019
230.972  1.32318e-019
231.994  1.31078e-019
233.016  1.29824e-019
234.038  1.28555e-019
235.06  1.27271e-019
236.082  1.25972e-019
237.104  1.24659e-019
238.126  1.2333e-019
239.148  1.21987e-019
240.17  1.20628e-019
241.192  1.19254e-019
242.214  1.17865e-019
243.236  1.16461e-019
244.258  1.15042e-019
245.28  1.13607e-019
246.302  1.12158e-019
247.324  1.10693e-019
248.346  1.09212e-019
249.368  1.07717e-019
250.39  1.06207e-019
251.412  1.04681e-019
252.434  1.03141e-019
253.456  1.01586e-019
254.478  1.00016e-019
255.5  9.84319e-020
256.522  9.68332e-020
257.544  9.52203e-020
258.566  9.35935e-020
259.588  9.19529e-020
260.61  9.02989e-020
261.632  8.86316e-020
262.654  8.69514e-020
263.676  8.52587e-020
264.698  8.35537e-020
265.72  8.18369e-020
266.742  8.01087e-020
267.764  7.83695e-020
268.786  7.66198e-020
269.808  7.48601e-020
270.83  7.30911e-020
271.852  7.13131e-020
272.874  6.9527e-020
273.896  6.77333e-020
274.918  6.59327e-020
275.94  6.4126e-020
276.962  6.2314e-020
277.984  6.04975e-020
279.006  5.86774e-020
280.028  5.68546e-020
281.05  5.50301e-020
282.072  5.32048e-020
283.094  5.138e-020
284.116  4.95567e-020
285.138  4.77362e-020
286.16  4.59196e-020
287.182  4.41083e-020
288.204  4.23037e-020
289.226  4.05072e-020
290.248  3.87203e-020
291.27  3.69446e-020
292.292  3.51817e-020
293.314  3.34334e-020
294.336  3.17015e-020
295.358  2.99878e-020
296.38  2.82943e-020
297.402  2.6623e-020
298.424  2.4976e-020
299.446  2.33557e-020
300.468  2.17642e-020
301.49  2.02039e-020
302.512  1.86774e-020
303.534  1.71873e-020
304.556  1.57361e-020
305.578  1.43268e-020
306.6  1.29623e-020
307.622  1.16454e-020
308.644  1.03795e-020
309.666  9.16763e-021
310.688  8.01324e-021
311.71  6.9198e-021
312.732  5.89092e-021
313.754  4.93034e-021
314.776  4.04193e-021
315.798  3.22969e-021
316.82  2.49777e-021
317.842  1.85045e-021
318.864  1.29215e-021
319.886  8.27456e-022
320.908  4.61084e-022
321.93  1.97899e-022
322.952  4.29e-023
