1.022  3.67163e-019
2.044  3.66227e-019
3.066  3.65299e-019
4.088  3.64379e-019
5.11  3.63466e-019
6.132  3.6256e-019
7.154  3.6166e-019
8.176  3.60766e-019
9.198  3.59878e-019
10.22  3.58995e-019
11.242  3.58117e-019
12.264  3.57245e-019
13.286  3.56378e-019
14.308  3.55518e-019
15.33  3.54663e-019
16.352  3.53815e-019
17.374  3.52972e-019
18.396  3.52137e-019
19.418  3.51308e-019
20.44  3.50486e-019
21.462  3.4967e-019
22.484  3.48862e-019
23.506  3.48061e-019
24.528  3.47267e-019
25.55  3.4648e-019
26.572  3.457e-019
27.594  3.44927e-019
28.616  3.44161e-019
29.638  3.43403e-019
30.66  3.4265e-019
31.682  3.41905e-019
32.704  3.41166e-019
33.726  3.40434e-019
34.748  3.39708e-019
35.77  3.38989e-019
36.792  3.38275e-019
37.814  3.37568e-019
38.836  3.36866e-019
39.858  3.3617e-019
40.88  3.35479e-019
41.902  3.34794e-019
42.924  3.34114e-019
43.946  3.33439e-019
44.968  3.32769e-019
45.99  3.32103e-019
47.012  3.31442e-019
48.034  3.30785e-019
49.056  3.30133e-019
50.078  3.29484e-019
51.1  3.28839e-019
52.122  3.28198e-019
53.144  3.27561e-019
54.166  3.26927e-019
55.188  3.26296e-019
56.21  3.25668e-019
57.232  3.25043e-019
58.254  3.2442e-019
59.276  3.23801e-019
60.298  3.23183e-019
61.32  3.22568e-019
62.342  3.21955e-019
63.364  3.21344e-019
64.386  3.20735e-019
65.408  3.20127e-019
66.43  3.19522e-019
67.452  3.18917e-019
68.474  3.18314e-019
69.496  3.17711e-019
70.518  3.1711e-019
71.54  3.1651e-019
72.562  3.15911e-019
73.584  3.15312e-019
74.606  3.14713e-019
75.628  3.14115e-019
76.65  3.13517e-019
77.672  3.1292e-019
78.694  3.12322e-019
79.716  3.11724e-019
80.738  3.11126e-019
81.76  3.10528e-019
82.782  3.09929e-019
83.804  3.0933e-019
84.826  3.0873e-019
85.848  3.08129e-019
86.87  3.07527e-019
87.892  3.06925e-019
88.914  3.06321e-019
89.936  3.05716e-019
90.958  3.0511e-019
91.98  3.04503e-019
93.002  3.03894e-019
94.024  3.03284e-019
95.046  3.02672e-019
96.068  3.02058e-019
97.09  3.01443e-019
98.112  3.00825e-019
99.134  3.00206e-019
100.156  2.99584e-019
101.178  2.98961e-019
102.2  2.98335e-019
103.222  2.97707e-019
104.244  2.97076e-019
105.266  2.96443e-019
106.288  2.95807e-019
107.31  2.95169e-019
108.332  2.94528e-019
109.354  2.93885e-019
110.376  2.93238e-019
111.398  2.92589e-019
112.42  2.91936e-019
113.442  2.91281e-019
114.464  2.90622e-019
115.486  2.8996e-019
116.508  2.89295e-019
117.53  2.88626e-019
118.552  2.87954e-019
119.574  2.87279e-019
120.596  2.866e-019
121.618  2.85917e-019
122.64  2.85231e-019
123.662  2.84541e-019
124.684  2.83847e-019
125.706  2.83149e-019
126.728  2.82448e-019
127.75  2.81742e-019
128.772  2.81032e-019
129.794  2.80318e-019
130.816  2.796e-019
131.838  2.78878e-019
132.86  2.78151e-019
133.882  2.7742e-019
134.904  2.76684e-019
135.926  2.75944e-019
136.948  2.75199e-019
137.97  2.74449e-019
138.992  2.73695e-019
140.014  2.72936e-019
141.036  2.72172e-019
142.058  2.71403e-019
143.08  2.70628e-019
144.102  2.69849e-019
145.124  2.69065e-019
146.146  2.68275e-019
147.168  2.6748e-019
148.19  2.6668e-019
149.212  2.65874e-019
150.234  2.65063e-019
151.256  2.64246e-019
152.278  2.63423e-019
153.3  2.62595e-019
154.322  2.6176e-019
155.344  2.6092e-019
156.366  2.60073e-019
157.388  2.59221e-019
158.41  2.58362e-019
159.432  2.57496e-019
160.454  2.56625e-019
161.476  2.55747e-019
162.498  2.54862e-019
163.52  2.5397e-019
164.542  2.53072e-019
165.564  2.52167e-019
166.586  2.51255e-019
167.608  2.50335e-019
168.63  2.49409e-019
169.652  2.48475e-019
170.674  2.47534e-019
171.696  2.46585e-019
172.718  2.45628e-019
173.74  2.44663e-019
174.762  2.43691e-019
175.784  2.4271e-019
176.806  2.41722e-019
177.828  2.40725e-019
178.85  2.39719e-019
179.872  2.38705e-019
180.894  2.37683e-019
181.916  2.36651e-019
182.938  2.3561e-019
183.96  2.3456e-019
184.982  2.33501e-019
186.004  2.32433e-019
187.026  2.31355e-019
188.048  2.30267e-019
189.07  2.29169e-019
190.092  2.28061e-019
191.114  2.26943e-019
192.136  2.25814e-019
193.158  2.24675e-019
194.18  2.23525e-019
195.202  2.22364e-019
196.224  2.21192e-019
197.246  2.20009e-019
198.268  2.18814e-019
199.29  2.17608e-019
200.312  2.1639e-019
201.334  2.1516e-019
202.356  2.13917e-019
203.378  2.12663e-019
204.4  2.11396e-019
205.422  2.10116e-019
206.444  2.08823e-019
207.466  2.07517e-019
208.488  2.06197e-019
209.51  2.04865e-019
210.532  2.03518e-019
211.554  2.02158e-019
212.576  2.00783e-019
213.598  1.99394e-019
214.62  1.97991e-019
215.642  1.96573e-019
216.664  1.9514e-019
217.686  1.93692e-019
218.708  1.92228e-019
219.73  1.9075e-019
220.752  1.89255e-019
221.774  1.87745e-019
222.796  1.86219e-019
223.818  1.84677e-019
224.84  1.83118e-019
225.862  1.81543e-019
226.884  1.79951e-019
227.906  1.78342e-019
228.928  1.76716e-019
229.95  1.75073e-019
230.972  1.73412e-019
231.994  1.71734e-019
233.016  1.70039e-019
234.038  1.68326e-019
235.06  1.66595e-019
236.082  1.64846e-019
237.104  1.63078e-019
238.126  1.61293e-019
239.148  1.5949e-019
240.17  1.57668e-019
241.192  1.55828e-019
242.214  1.53969e-019
243.236  1.52092e-019
244.258  1.50196e-019
245.28  1.48282e-019
246.302  1.4635e-019
247.324  1.44399e-019
248.346  1.4243e-019
249.368  1.40442e-019
250.39  1.38436e-019
251.412  1.36412e-019
252.434  1.3437e-019
253.456  1.32309e-019
254.478  1.30232e-019
255.5  1.28136e-019
256.522  1.26024e-019
257.544  1.23894e-019
258.566  1.21747e-019
259.588  1.19584e-019
260.61  1.17405e-019
261.632  1.1521e-019
262.654  1.12999e-019
263.676  1.10773e-019
264.698  1.08533e-019
265.72  1.06279e-019
266.742  1.04011e-019
267.764  1.0173e-019
268.786  9.94368e-020
269.808  9.71319e-020
270.83  9.48161e-020
271.852  9.249e-020
272.874  9.01544e-020
273.896  8.78102e-020
274.918  8.54584e-020
275.94  8.30997e-020
276.962  8.07354e-020
277.984  7.83663e-020
279.006  7.59937e-020
280.028  7.36187e-020
281.05  7.12426e-020
282.072  6.88666e-020
283.094  6.64923e-020
284.116  6.41209e-020
285.138  6.17541e-020
286.16  5.93934e-020
287.182  5.70406e-020
288.204  5.46973e-020
289.226  5.23655e-020
290.248  5.0047e-020
291.27  4.77439e-020
292.292  4.54582e-020
293.314  4.31922e-020
294.336  4.09482e-020
295.358  3.87285e-020
296.38  3.65356e-020
297.402  3.43723e-020
298.424  3.22411e-020
299.446  3.01449e-020
300.468  2.80866e-020
301.49  2.60694e-020
302.512  2.40963e-020
303.534  2.21707e-020
304.556  2.0296e-020
305.578  1.84758e-020
306.6  1.67138e-020
307.622  1.50139e-020
308.644  1.338e-020
309.666  1.18163e-020
310.688  1.03271e-020
311.71  8.91685e-021
312.732  7.59012e-021
313.754  6.35171e-021
314.776  5.20657e-021
315.798  4.15981e-021
316.82  3.21674e-021
317.842  2.38282e-021
318.864  1.66372e-021
319.886  1.06528e-021
320.908  5.93546e-022
321.93  2.54726e-022
322.952  5.52131e-023
