1.022  1.8936e-019
2.044  1.90299e-019
3.066  1.91233e-019
4.088  1.92161e-019
5.11  1.93084e-019
6.132  1.94e-019
7.154  1.94911e-019
8.176  1.95815e-019
9.198  1.96712e-019
10.22  1.97603e-019
11.242  1.98488e-019
12.264  1.99366e-019
13.286  2.00237e-019
14.308  2.01103e-019
15.33  2.01962e-019
16.352  2.02814e-019
17.374  2.03661e-019
18.396  2.04503e-019
19.418  2.05338e-019
20.44  2.06168e-019
21.462  2.06993e-019
22.484  2.07812e-019
23.506  2.08626e-019
24.528  2.09434e-019
25.55  2.10237e-019
26.572  2.11035e-019
27.594  2.11828e-019
28.616  2.12616e-019
29.638  2.13399e-019
30.66  2.14176e-019
31.682  2.14948e-019
32.704  2.15715e-019
33.726  2.16477e-019
34.748  2.17233e-019
35.77  2.17984e-019
36.792  2.1873e-019
37.814  2.1947e-019
38.836  2.20205e-019
39.858  2.20934e-019
40.88  2.21657e-019
41.902  2.22375e-019
42.924  2.23087e-019
43.946  2.23793e-019
44.968  2.24493e-019
45.99  2.25187e-019
47.012  2.25875e-019
48.034  2.26557e-019
49.056  2.27232e-019
50.078  2.27901e-019
51.1  2.28564e-019
52.122  2.2922e-019
53.144  2.29869e-019
54.166  2.30511e-019
55.188  2.31147e-019
56.21  2.31776e-019
57.232  2.32398e-019
58.254  2.33013e-019
59.276  2.3362e-019
60.298  2.34221e-019
61.32  2.34814e-019
62.342  2.35399e-019
63.364  2.35977e-019
64.386  2.36547e-019
65.408  2.3711e-019
66.43  2.37665e-019
67.452  2.38212e-019
68.474  2.38751e-019
69.496  2.39282e-019
70.518  2.39804e-019
71.54  2.40319e-019
72.562  2.40825e-019
73.584  2.41323e-019
74.606  2.41812e-019
75.628  2.42292e-019
76.65  2.42764e-019
77.672  2.43227e-019
78.694  2.43682e-019
79.716  2.44127e-019
80.738  2.44564e-019
81.76  2.44991e-019
82.782  2.45409e-019
83.804  2.45818e-019
84.826  2.46217e-019
85.848  2.46608e-019
86.87  2.46988e-019
87.892  2.47359e-019
88.914  2.47721e-019
89.936  2.48073e-019
90.958  2.48415e-019
91.98  2.48747e-019
93.002  2.49069e-019
94.024  2.49381e-019
95.046  2.49683e-019
96.068  2.49975e-019
97.09  2.50257e-019
98.112  2.50528e-019
99.134  2.50789e-019
100.156  2.5104e-019
101.178  2.5128e-019
102.2  2.51509e-019
103.222  2.51728e-019
104.244  2.51936e-019
105.266  2.52133e-019
106.288  2.52319e-019
107.31  2.52494e-019
108.332  2.52659e-019
109.354  2.52812e-019
110.376  2.52954e-019
111.398  2.53085e-019
112.42  2.53204e-019
113.442  2.53312e-019
114.464  2.53409e-019
115.486  2.53494e-019
116.508  2.53568e-019
117.53  2.5363e-019
118.552  2.5368e-019
119.574  2.53718e-019
120.596  2.53745e-019
121.618  2.5376e-019
122.64  2.53762e-019
123.662  2.53753e-019
124.684  2.53731e-019
125.706  2.53698e-019
126.728  2.53652e-019
127.75  2.53594e-019
128.772  2.53523e-019
129.794  2.5344e-019
130.816  2.53344e-019
131.838  2.53236e-019
132.86  2.53115e-019
133.882  2.52981e-019
134.904  2.52834e-019
135.926  2.52675e-019
136.948  2.52502e-019
137.97  2.52317e-019
138.992  2.52118e-019
140.014  2.51907e-019
141.036  2.51681e-019
142.058  2.51443e-019
143.08  2.51191e-019
144.102  2.50926e-019
145.124  2.50647e-019
146.146  2.50354e-019
147.168  2.50048e-019
148.19  2.49728e-019
149.212  2.49394e-019
150.234  2.49046e-019
151.256  2.48684e-019
152.278  2.48308e-019
153.3  2.47917e-019
154.322  2.47513e-019
155.344  2.47094e-019
156.366  2.4666e-019
157.388  2.46212e-019
158.41  2.45749e-019
159.432  2.45272e-019
160.454  2.4478e-019
161.476  2.44273e-019
162.498  2.4375e-019
163.52  2.43213e-019
164.542  2.42661e-019
165.564  2.42093e-019
166.586  2.4151e-019
167.608  2.40912e-019
168.63  2.40298e-019
169.652  2.39668e-019
170.674  2.39022e-019
171.696  2.38361e-019
172.718  2.37684e-019
173.74  2.36991e-019
174.762  2.36281e-019
175.784  2.35556e-019
176.806  2.34814e-019
177.828  2.34055e-019
178.85  2.3328e-019
179.872  2.32489e-019
180.894  2.31681e-019
181.916  2.30856e-019
182.938  2.30013e-019
183.96  2.29154e-019
184.982  2.28278e-019
186.004  2.27385e-019
187.026  2.26474e-019
188.048  2.25546e-019
189.07  2.246e-019
190.092  2.23636e-019
191.114  2.22655e-019
192.136  2.21656e-019
193.158  2.20639e-019
194.18  2.19604e-019
195.202  2.1855e-019
196.224  2.17479e-019
197.246  2.16389e-019
198.268  2.15281e-019
199.29  2.14154e-019
200.312  2.13008e-019
201.334  2.11844e-019
202.356  2.10661e-019
203.378  2.09459e-019
204.4  2.08238e-019
205.422  2.06998e-019
206.444  2.05739e-019
207.466  2.0446e-019
208.488  2.03163e-019
209.51  2.01845e-019
210.532  2.00509e-019
211.554  1.99153e-019
212.576  1.97777e-019
213.598  1.96382e-019
214.62  1.94966e-019
215.642  1.93532e-019
216.664  1.92077e-019
217.686  1.90603e-019
218.708  1.89108e-019
219.73  1.87594e-019
220.752  1.8606e-019
221.774  1.84506e-019
222.796  1.82931e-019
223.818  1.81337e-019
224.84  1.79723e-019
225.862  1.78089e-019
226.884  1.76435e-019
227.906  1.74761e-019
228.928  1.73067e-019
229.95  1.71354e-019
230.972  1.6962e-019
231.994  1.67867e-019
233.016  1.66094e-019
234.038  1.64302e-019
235.06  1.62489e-019
236.082  1.60658e-019
237.104  1.58807e-019
238.126  1.56937e-019
239.148  1.55049e-019
240.17  1.53141e-019
241.192  1.51214e-019
242.214  1.49269e-019
243.236  1.47306e-019
244.258  1.45325e-019
245.28  1.43325e-019
246.302  1.41308e-019
247.324  1.39274e-019
248.346  1.37222e-019
249.368  1.35154e-019
250.39  1.33069e-019
251.412  1.30968e-019
252.434  1.28852e-019
253.456  1.26719e-019
254.478  1.24572e-019
255.5  1.2241e-019
256.522  1.20234e-019
257.544  1.18045e-019
258.566  1.15842e-019
259.588  1.13626e-019
260.61  1.11399e-019
261.632  1.0916e-019
262.654  1.0691e-019
263.676  1.04649e-019
264.698  1.02379e-019
265.72  1.001e-019
266.742  9.78127e-020
267.764  9.5518e-020
268.786  9.32166e-020
269.808  9.09094e-020
270.83  8.85972e-020
271.852  8.62809e-020
272.874  8.39614e-020
273.896  8.16398e-020
274.918  7.9317e-020
275.94  7.69942e-020
276.962  7.46724e-020
277.984  7.23527e-020
279.006  7.00364e-020
280.028  6.77247e-020
281.05  6.54189e-020
282.072  6.31203e-020
283.094  6.08303e-020
284.116  5.85503e-020
285.138  5.62819e-020
286.16  5.40265e-020
287.182  5.17858e-020
288.204  4.95614e-020
289.226  4.7355e-020
290.248  4.51684e-020
291.27  4.30035e-020
292.292  4.08622e-020
293.314  3.87463e-020
294.336  3.6658e-020
295.358  3.45994e-020
296.38  3.25725e-020
297.402  3.05797e-020
298.424  2.86232e-020
299.446  2.67055e-020
300.468  2.48289e-020
301.49  2.29962e-020
302.512  2.12097e-020
303.534  1.94724e-020
304.556  1.77869e-020
305.578  1.61562e-020
306.6  1.45831e-020
307.622  1.30708e-020
308.644  1.16224e-020
309.666  1.0241e-020
310.688  8.93018e-021
311.71  7.6932e-021
312.732  6.53363e-021
313.754  5.4551e-021
314.776  4.46133e-021
315.798  3.55618e-021
316.82  2.74359e-021
317.842  2.02761e-021
318.864  1.4124e-021
319.886  9.02246e-022
320.908  5.01524e-022
321.93  2.14726e-022
322.952  4.64328e-023
