1.022  1.15865e-019
2.044  1.16843e-019
3.066  1.17816e-019
4.088  1.18784e-019
5.11  1.19747e-019
6.132  1.20705e-019
7.154  1.21657e-019
8.176  1.22603e-019
9.198  1.23544e-019
10.22  1.24479e-019
11.242  1.25409e-019
12.264  1.26332e-019
13.286  1.27251e-019
14.308  1.28163e-019
15.33  1.2907e-019
16.352  1.29972e-019
17.374  1.30868e-019
18.396  1.31759e-019
19.418  1.32645e-019
20.44  1.33525e-019
21.462  1.34401e-019
22.484  1.35271e-019
23.506  1.36137e-019
24.528  1.36997e-019
25.55  1.37853e-019
26.572  1.38703e-019
27.594  1.39549e-019
28.616  1.4039e-019
29.638  1.41226e-019
30.66  1.42057e-019
31.682  1.42883e-019
32.704  1.43704e-019
33.726  1.4452e-019
34.748  1.45331e-019
35.77  1.46137e-019
36.792  1.46938e-019
37.814  1.47734e-019
38.836  1.48525e-019
39.858  1.4931e-019
40.88  1.5009e-019
41.902  1.50865e-019
42.924  1.51635e-019
43.946  1.52399e-019
44.968  1.53157e-019
45.99  1.5391e-019
47.012  1.54658e-019
48.034  1.554e-019
49.056  1.56136e-019
50.078  1.56866e-019
51.1  1.5759e-019
52.122  1.58309e-019
53.144  1.59021e-019
54.166  1.59728e-019
55.188  1.60428e-019
56.21  1.61122e-019
57.232  1.6181e-019
58.254  1.62492e-019
59.276  1.63167e-019
60.298  1.63836e-019
61.32  1.64498e-019
62.342  1.65153e-019
63.364  1.65802e-019
64.386  1.66444e-019
65.408  1.6708e-019
66.43  1.67708e-019
67.452  1.6833e-019
68.474  1.68944e-019
69.496  1.69552e-019
70.518  1.70152e-019
71.54  1.70746e-019
72.562  1.71331e-019
73.584  1.7191e-019
74.606  1.72481e-019
75.628  1.73045e-019
76.65  1.73601e-019
77.672  1.74149e-019
78.694  1.7469e-019
79.716  1.75223e-019
80.738  1.75749e-019
81.76  1.76266e-019
82.782  1.76775e-019
83.804  1.77277e-019
84.826  1.7777e-019
85.848  1.78256e-019
86.87  1.78733e-019
87.892  1.79201e-019
88.914  1.79662e-019
89.936  1.80114e-019
90.958  1.80558e-019
91.98  1.80993e-019
93.002  1.8142e-019
94.024  1.81838e-019
95.046  1.82247e-019
96.068  1.82647e-019
97.09  1.83039e-019
98.112  1.83422e-019
99.134  1.83796e-019
100.156  1.84161e-019
101.178  1.84517e-019
102.2  1.84863e-019
103.222  1.85201e-019
104.244  1.85529e-019
105.266  1.85848e-019
106.288  1.86158e-019
107.31  1.86458e-019
108.332  1.86749e-019
109.354  1.8703e-019
110.376  1.87302e-019
111.398  1.87564e-019
112.42  1.87816e-019
113.442  1.88059e-019
114.464  1.88291e-019
115.486  1.88514e-019
116.508  1.88727e-019
117.53  1.8893e-019
118.552  1.89123e-019
119.574  1.89305e-019
120.596  1.89478e-019
121.618  1.8964e-019
122.64  1.89792e-019
123.662  1.89933e-019
124.684  1.90065e-019
125.706  1.90185e-019
126.728  1.90295e-019
127.75  1.90395e-019
128.772  1.90484e-019
129.794  1.90562e-019
130.816  1.90629e-019
131.838  1.90685e-019
132.86  1.90731e-019
133.882  1.90765e-019
134.904  1.90789e-019
135.926  1.90801e-019
136.948  1.90803e-019
137.97  1.90793e-019
138.992  1.90771e-019
140.014  1.90739e-019
141.036  1.90694e-019
142.058  1.90639e-019
143.08  1.90572e-019
144.102  1.90493e-019
145.124  1.90402e-019
146.146  1.903e-019
147.168  1.90186e-019
148.19  1.9006e-019
149.212  1.89922e-019
150.234  1.89772e-019
151.256  1.8961e-019
152.278  1.89435e-019
153.3  1.89249e-019
154.322  1.8905e-019
155.344  1.88839e-019
156.366  1.88615e-019
157.388  1.88378e-019
158.41  1.88129e-019
159.432  1.87868e-019
160.454  1.87593e-019
161.476  1.87306e-019
162.498  1.87006e-019
163.52  1.86692e-019
164.542  1.86366e-019
165.564  1.86026e-019
166.586  1.85674e-019
167.608  1.85307e-019
168.63  1.84928e-019
169.652  1.84535e-019
170.674  1.84128e-019
171.696  1.83708e-019
172.718  1.83274e-019
173.74  1.82826e-019
174.762  1.82364e-019
175.784  1.81888e-019
176.806  1.81398e-019
177.828  1.80894e-019
178.85  1.80376e-019
179.872  1.79844e-019
180.894  1.79297e-019
181.916  1.78735e-019
182.938  1.78159e-019
183.96  1.77568e-019
184.982  1.76963e-019
186.004  1.76342e-019
187.026  1.75707e-019
188.048  1.75057e-019
189.07  1.74391e-019
190.092  1.73711e-019
191.114  1.73015e-019
192.136  1.72304e-019
193.158  1.71577e-019
194.18  1.70835e-019
195.202  1.70077e-019
196.224  1.69304e-019
197.246  1.68515e-019
198.268  1.6771e-019
199.29  1.66889e-019
200.312  1.66053e-019
201.334  1.652e-019
202.356  1.64331e-019
203.378  1.63446e-019
204.4  1.62544e-019
205.422  1.61627e-019
206.444  1.60693e-019
207.466  1.59742e-019
208.488  1.58775e-019
209.51  1.57792e-019
210.532  1.56792e-019
211.554  1.55775e-019
212.576  1.54742e-019
213.598  1.53691e-019
214.62  1.52624e-019
215.642  1.51541e-019
216.664  1.5044e-019
217.686  1.49323e-019
218.708  1.48188e-019
219.73  1.47037e-019
220.752  1.45869e-019
221.774  1.44684e-019
222.796  1.43482e-019
223.818  1.42263e-019
224.84  1.41027e-019
225.862  1.39774e-019
226.884  1.38504e-019
227.906  1.37218e-019
228.928  1.35915e-019
229.95  1.34594e-019
230.972  1.33258e-019
231.994  1.31904e-019
233.016  1.30534e-019
234.038  1.29147e-019
235.06  1.27744e-019
236.082  1.26325e-019
237.104  1.24889e-019
238.126  1.23438e-019
239.148  1.2197e-019
240.17  1.20486e-019
241.192  1.18987e-019
242.214  1.17472e-019
243.236  1.15942e-019
244.258  1.14397e-019
245.28  1.12836e-019
246.302  1.11261e-019
247.324  1.09671e-019
248.346  1.08067e-019
249.368  1.06449e-019
250.39  1.04817e-019
251.412  1.03171e-019
252.434  1.01513e-019
253.456  9.98412e-020
254.478  9.8157e-020
255.5  9.64607e-020
256.522  9.47525e-020
257.544  9.30329e-020
258.566  9.13023e-020
259.588  8.95611e-020
260.61  8.78097e-020
261.632  8.60487e-020
262.654  8.42785e-020
263.676  8.24997e-020
264.698  8.07129e-020
265.72  7.89185e-020
266.742  7.71171e-020
267.764  7.53095e-020
268.786  7.34963e-020
269.808  7.1678e-020
270.83  6.98555e-020
271.852  6.80295e-020
272.874  6.62007e-020
273.896  6.437e-020
274.918  6.25381e-020
275.94  6.07059e-020
276.962  5.88744e-020
277.984  5.70443e-020
279.006  5.52168e-020
280.028  5.33928e-020
281.05  5.15733e-020
282.072  4.97594e-020
283.094  4.79523e-020
284.116  4.6153e-020
285.138  4.43628e-020
286.16  4.25829e-020
287.182  4.08146e-020
288.204  3.90593e-020
289.226  3.73181e-020
290.248  3.55927e-020
291.27  3.38845e-020
292.292  3.21949e-020
293.314  3.05255e-020
294.336  2.8878e-020
295.358  2.7254e-020
296.38  2.56553e-020
297.402  2.40835e-020
298.424  2.25406e-020
299.446  2.10284e-020
300.468  1.95488e-020
301.49  1.8104e-020
302.512  1.66959e-020
303.534  1.53266e-020
304.556  1.39984e-020
305.578  1.27135e-020
306.6  1.14743e-020
307.622  1.02832e-020
308.644  9.14251e-021
309.666  8.05491e-021
310.688  7.02297e-021
311.71  6.04937e-021
312.732  5.13687e-021
313.754  4.28831e-021
314.776  3.50661e-021
315.798  2.79476e-021
316.82  2.15584e-021
317.842  1.593e-021
318.864  1.10949e-021
319.886  7.08639e-022
320.908  3.93844e-022
321.93  1.68596e-022
322.952  3.64516e-023
