1.022  3.43193e-020
2.044  3.37742e-020
3.066  3.32425e-020
4.088  3.2724e-020
5.11  3.22185e-020
6.132  3.17258e-020
7.154  3.12457e-020
8.176  3.0778e-020
9.198  3.03225e-020
10.22  2.98791e-020
11.242  2.94476e-020
12.264  2.90279e-020
13.286  2.86197e-020
14.308  2.8223e-020
15.33  2.78376e-020
16.352  2.74635e-020
17.374  2.71003e-020
18.396  2.67481e-020
19.418  2.64066e-020
20.44  2.60757e-020
21.462  2.57553e-020
22.484  2.54452e-020
23.506  2.51453e-020
24.528  2.48555e-020
25.55  2.45755e-020
26.572  2.43053e-020
27.594  2.40446e-020
28.616  2.37934e-020
29.638  2.35515e-020
30.66  2.33187e-020
31.682  2.30949e-020
32.704  2.288e-020
33.726  2.26737e-020
34.748  2.24761e-020
35.77  2.22868e-020
36.792  2.21058e-020
37.814  2.19329e-020
38.836  2.1768e-020
39.858  2.1611e-020
40.88  2.14616e-020
41.902  2.13199e-020
42.924  2.11855e-020
43.946  2.10585e-020
44.968  2.09386e-020
45.99  2.08258e-020
47.012  2.07198e-020
48.034  2.06206e-020
49.056  2.05281e-020
50.078  2.04421e-020
51.1  2.03624e-020
52.122  2.02891e-020
53.144  2.02218e-020
54.166  2.01606e-020
55.188  2.01053e-020
56.21  2.00558e-020
57.232  2.0012e-020
58.254  1.99737e-020
59.276  1.99408e-020
60.298  1.99132e-020
61.32  1.98909e-020
62.342  1.98736e-020
63.364  1.98613e-020
64.386  1.98539e-020
65.408  1.98513e-020
66.43  1.98533e-020
67.452  1.98599e-020
68.474  1.98709e-020
69.496  1.98863e-020
70.518  1.99059e-020
71.54  1.99296e-020
72.562  1.99574e-020
73.584  1.99891e-020
74.606  2.00247e-020
75.628  2.00639e-020
76.65  2.01069e-020
77.672  2.01534e-020
78.694  2.02033e-020
79.716  2.02566e-020
80.738  2.03131e-020
81.76  2.03728e-020
82.782  2.04356e-020
83.804  2.05014e-020
84.826  2.05701e-020
85.848  2.06416e-020
86.87  2.07158e-020
87.892  2.07926e-020
88.914  2.0872e-020
89.936  2.09538e-020
90.958  2.1038e-020
91.98  2.11245e-020
93.002  2.12132e-020
94.024  2.13039e-020
95.046  2.13968e-020
96.068  2.14915e-020
97.09  2.15882e-020
98.112  2.16866e-020
99.134  2.17867e-020
100.156  2.18884e-020
101.178  2.19917e-020
102.2  2.20964e-020
103.222  2.22026e-020
104.244  2.231e-020
105.266  2.24186e-020
106.288  2.25284e-020
107.31  2.26393e-020
108.332  2.27512e-020
109.354  2.2864e-020
110.376  2.29776e-020
111.398  2.3092e-020
112.42  2.32071e-020
113.442  2.33228e-020
114.464  2.34391e-020
115.486  2.35558e-020
116.508  2.36729e-020
117.53  2.37904e-020
118.552  2.39081e-020
119.574  2.4026e-020
120.596  2.4144e-020
121.618  2.42621e-020
122.64  2.43801e-020
123.662  2.4498e-020
124.684  2.46157e-020
125.706  2.47332e-020
126.728  2.48504e-020
127.75  2.49672e-020
128.772  2.50836e-020
129.794  2.51994e-020
130.816  2.53146e-020
131.838  2.54292e-020
132.86  2.55431e-020
133.882  2.56562e-020
134.904  2.57684e-020
135.926  2.58797e-020
136.948  2.599e-020
137.97  2.60993e-020
138.992  2.62074e-020
140.014  2.63144e-020
141.036  2.642e-020
142.058  2.65244e-020
143.08  2.66274e-020
144.102  2.6729e-020
145.124  2.6829e-020
146.146  2.69274e-020
147.168  2.70243e-020
148.19  2.71194e-020
149.212  2.72127e-020
150.234  2.73042e-020
151.256  2.73939e-020
152.278  2.74816e-020
153.3  2.75672e-020
154.322  2.76508e-020
155.344  2.77323e-020
156.366  2.78115e-020
157.388  2.78885e-020
158.41  2.79632e-020
159.432  2.80355e-020
160.454  2.81054e-020
161.476  2.81728e-020
162.498  2.82376e-020
163.52  2.82998e-020
164.542  2.83594e-020
165.564  2.84162e-020
166.586  2.84702e-020
167.608  2.85214e-020
168.63  2.85697e-020
169.652  2.86151e-020
170.674  2.86574e-020
171.696  2.86967e-020
172.718  2.87329e-020
173.74  2.87659e-020
174.762  2.87957e-020
175.784  2.88222e-020
176.806  2.88454e-020
177.828  2.88652e-020
178.85  2.88816e-020
179.872  2.88945e-020
180.894  2.89039e-020
181.916  2.89097e-020
182.938  2.89118e-020
183.96  2.89104e-020
184.982  2.89052e-020
186.004  2.88962e-020
187.026  2.88834e-020
188.048  2.88668e-020
189.07  2.88463e-020
190.092  2.88218e-020
191.114  2.87934e-020
192.136  2.87609e-020
193.158  2.87244e-020
194.18  2.86838e-020
195.202  2.8639e-020
196.224  2.85901e-020
197.246  2.85369e-020
198.268  2.84796e-020
199.29  2.84179e-020
200.312  2.83519e-020
201.334  2.82816e-020
202.356  2.82068e-020
203.378  2.81277e-020
204.4  2.80442e-020
205.422  2.79562e-020
206.444  2.78637e-020
207.466  2.77666e-020
208.488  2.76651e-020
209.51  2.7559e-020
210.532  2.74483e-020
211.554  2.7333e-020
212.576  2.72131e-020
213.598  2.70886e-020
214.62  2.69595e-020
215.642  2.68256e-020
216.664  2.66872e-020
217.686  2.6544e-020
218.708  2.63961e-020
219.73  2.62436e-020
220.752  2.60864e-020
221.774  2.59245e-020
222.796  2.57578e-020
223.818  2.55865e-020
224.84  2.54105e-020
225.862  2.52298e-020
226.884  2.50445e-020
227.906  2.48545e-020
228.928  2.46598e-020
229.95  2.44605e-020
230.972  2.42565e-020
231.994  2.4048e-020
233.016  2.38349e-020
234.038  2.36172e-020
235.06  2.3395e-020
236.082  2.31683e-020
237.104  2.29372e-020
238.126  2.27016e-020
239.148  2.24616e-020
240.17  2.22173e-020
241.192  2.19686e-020
242.214  2.17157e-020
243.236  2.14586e-020
244.258  2.11973e-020
245.28  2.09319e-020
246.302  2.06625e-020
247.324  2.03891e-020
248.346  2.01118e-020
249.368  1.98306e-020
250.39  1.95456e-020
251.412  1.9257e-020
252.434  1.89647e-020
253.456  1.86689e-020
254.478  1.83697e-020
255.5  1.80671e-020
256.522  1.77612e-020
257.544  1.74522e-020
258.566  1.71401e-020
259.588  1.68251e-020
260.61  1.65073e-020
261.632  1.61867e-020
262.654  1.58636e-020
263.676  1.55379e-020
264.698  1.521e-020
265.72  1.48798e-020
266.742  1.45476e-020
267.764  1.42135e-020
268.786  1.38776e-020
269.808  1.35401e-020
270.83  1.32012e-020
271.852  1.2861e-020
272.874  1.25197e-020
273.896  1.21775e-020
274.918  1.18346e-020
275.94  1.14911e-020
276.962  1.11473e-020
277.984  1.08033e-020
279.006  1.04594e-020
280.028  1.01158e-020
281.05  9.7727e-021
282.072  9.43034e-021
283.094  9.08896e-021
284.116  8.7488e-021
285.138  8.41012e-021
286.16  8.07317e-021
287.182  7.73822e-021
288.204  7.40554e-021
289.226  7.07542e-021
290.248  6.74814e-021
291.27  6.42401e-021
292.292  6.10334e-021
293.314  5.78642e-021
294.336  5.4736e-021
295.358  5.16521e-021
296.38  4.86158e-021
297.402  4.56306e-021
298.424  4.27003e-021
299.446  3.98285e-021
300.468  3.7019e-021
301.49  3.42756e-021
302.512  3.16026e-021
303.534  2.90038e-021
304.556  2.64836e-021
305.578  2.40463e-021
306.6  2.16963e-021
307.622  1.94383e-021
308.644  1.72768e-021
309.666  1.52166e-021
310.688  1.32627e-021
311.71  1.14202e-021
312.732  9.69407e-022
313.754  8.08973e-022
314.776  6.61258e-022
315.798  5.26816e-022
316.82  4.06216e-022
317.842  3.00041e-022
318.864  2.08885e-022
319.886  1.33359e-022
320.908  7.40851e-023
321.93  3.17002e-023
322.952  6.85071e-024
