1.022  6.14105e-019
2.044  6.14496e-019
3.066  6.14885e-019
4.088  6.15272e-019
5.11  6.15655e-019
6.132  6.16035e-019
7.154  6.1641e-019
8.176  6.16779e-019
9.198  6.17143e-019
10.22  6.17501e-019
11.242  6.17853e-019
12.264  6.18199e-019
13.286  6.18539e-019
14.308  6.18875e-019
15.33  6.19205e-019
16.352  6.19532e-019
17.374  6.19854e-019
18.396  6.20172e-019
19.418  6.20487e-019
20.44  6.208e-019
21.462  6.21109e-019
22.484  6.21416e-019
23.506  6.2172e-019
24.528  6.22022e-019
25.55  6.22322e-019
26.572  6.2262e-019
27.594  6.22915e-019
28.616  6.23209e-019
29.638  6.235e-019
30.66  6.23788e-019
31.682  6.24075e-019
32.704  6.24359e-019
33.726  6.2464e-019
34.748  6.24918e-019
35.77  6.25193e-019
36.792  6.25466e-019
37.814  6.25734e-019
38.836  6.25999e-019
39.858  6.26261e-019
40.88  6.26518e-019
41.902  6.2677e-019
42.924  6.27019e-019
43.946  6.27262e-019
44.968  6.275e-019
45.99  6.27733e-019
47.012  6.27961e-019
48.034  6.28182e-019
49.056  6.28398e-019
50.078  6.28607e-019
51.1  6.2881e-019
52.122  6.29005e-019
53.144  6.29194e-019
54.166  6.29375e-019
55.188  6.29548e-019
56.21  6.29713e-019
57.232  6.2987e-019
58.254  6.30019e-019
59.276  6.30159e-019
60.298  6.3029e-019
61.32  6.30412e-019
62.342  6.30524e-019
63.364  6.30627e-019
64.386  6.30719e-019
65.408  6.30802e-019
66.43  6.30874e-019
67.452  6.30935e-019
68.474  6.30985e-019
69.496  6.31024e-019
70.518  6.31052e-019
71.54  6.31068e-019
72.562  6.31072e-019
73.584  6.31064e-019
74.606  6.31044e-019
75.628  6.31011e-019
76.65  6.30966e-019
77.672  6.30907e-019
78.694  6.30835e-019
79.716  6.3075e-019
80.738  6.30652e-019
81.76  6.30539e-019
82.782  6.30413e-019
83.804  6.30272e-019
84.826  6.30117e-019
85.848  6.29947e-019
86.87  6.29763e-019
87.892  6.29564e-019
88.914  6.29349e-019
89.936  6.29119e-019
90.958  6.28874e-019
91.98  6.28612e-019
93.002  6.28335e-019
94.024  6.28042e-019
95.046  6.27732e-019
96.068  6.27407e-019
97.09  6.27064e-019
98.112  6.26705e-019
99.134  6.26329e-019
100.156  6.25935e-019
101.178  6.25525e-019
102.2  6.25097e-019
103.222  6.24651e-019
104.244  6.24188e-019
105.266  6.23706e-019
106.288  6.23207e-019
107.31  6.22689e-019
108.332  6.22153e-019
109.354  6.21599e-019
110.376  6.21025e-019
111.398  6.20433e-019
112.42  6.19822e-019
113.442  6.19192e-019
114.464  6.18542e-019
115.486  6.17873e-019
116.508  6.17185e-019
117.53  6.16477e-019
118.552  6.15748e-019
119.574  6.15e-019
120.596  6.14232e-019
121.618  6.13443e-019
122.64  6.12634e-019
123.662  6.11805e-019
124.684  6.10954e-019
125.706  6.10083e-019
126.728  6.09191e-019
127.75  6.08277e-019
128.772  6.07342e-019
129.794  6.06386e-019
130.816  6.05408e-019
131.838  6.04409e-019
132.86  6.03388e-019
133.882  6.02344e-019
134.904  6.01279e-019
135.926  6.00191e-019
136.948  5.99081e-019
137.97  5.97948e-019
138.992  5.96792e-019
140.014  5.95614e-019
141.036  5.94412e-019
142.058  5.93188e-019
143.08  5.9194e-019
144.102  5.90668e-019
145.124  5.89373e-019
146.146  5.88054e-019
147.168  5.86711e-019
148.19  5.85344e-019
149.212  5.83953e-019
150.234  5.82538e-019
151.256  5.81097e-019
152.278  5.79633e-019
153.3  5.78143e-019
154.322  5.76628e-019
155.344  5.75088e-019
156.366  5.73522e-019
157.388  5.71931e-019
158.41  5.70315e-019
159.432  5.68672e-019
160.454  5.67003e-019
161.476  5.65308e-019
162.498  5.63587e-019
163.52  5.61839e-019
164.542  5.60064e-019
165.564  5.58262e-019
166.586  5.56433e-019
167.608  5.54576e-019
168.63  5.52692e-019
169.652  5.50781e-019
170.674  5.48841e-019
171.696  5.46873e-019
172.718  5.44877e-019
173.74  5.42852e-019
174.762  5.40798e-019
175.784  5.38715e-019
176.806  5.36604e-019
177.828  5.34462e-019
178.85  5.32292e-019
179.872  5.30091e-019
180.894  5.2786e-019
181.916  5.25599e-019
182.938  5.23308e-019
183.96  5.20986e-019
184.982  5.18633e-019
186.004  5.16248e-019
187.026  5.13833e-019
188.048  5.11386e-019
189.07  5.08907e-019
190.092  5.06396e-019
191.114  5.03852e-019
192.136  5.01276e-019
193.158  4.98668e-019
194.18  4.96026e-019
195.202  4.93351e-019
196.224  4.90643e-019
197.246  4.87901e-019
198.268  4.85126e-019
199.29  4.82316e-019
200.312  4.79472e-019
201.334  4.76593e-019
202.356  4.7368e-019
203.378  4.70731e-019
204.4  4.67748e-019
205.422  4.64729e-019
206.444  4.61674e-019
207.466  4.58584e-019
208.488  4.55457e-019
209.51  4.52295e-019
210.532  4.49096e-019
211.554  4.4586e-019
212.576  4.42587e-019
213.598  4.39278e-019
214.62  4.35932e-019
215.642  4.32548e-019
216.664  4.29127e-019
217.686  4.25668e-019
218.708  4.22171e-019
219.73  4.18637e-019
220.752  4.15065e-019
221.774  4.11454e-019
222.796  4.07806e-019
223.818  4.04119e-019
224.84  4.00394e-019
225.862  3.96631e-019
226.884  3.9283e-019
227.906  3.8899e-019
228.928  3.85111e-019
229.95  3.81194e-019
230.972  3.77239e-019
231.994  3.73246e-019
233.016  3.69214e-019
234.038  3.65144e-019
235.06  3.61036e-019
236.082  3.5689e-019
237.104  3.52707e-019
238.126  3.48486e-019
239.148  3.44227e-019
240.17  3.39931e-019
241.192  3.35599e-019
242.214  3.3123e-019
243.236  3.26824e-019
244.258  3.22383e-019
245.28  3.17906e-019
246.302  3.13394e-019
247.324  3.08847e-019
248.346  3.04267e-019
249.368  2.99652e-019
250.39  2.95005e-019
251.412  2.90325e-019
252.434  2.85614e-019
253.456  2.80871e-019
254.478  2.76098e-019
255.5  2.71296e-019
256.522  2.66465e-019
257.544  2.61606e-019
258.566  2.5672e-019
259.588  2.51809e-019
260.61  2.46873e-019
261.632  2.41914e-019
262.654  2.36932e-019
263.676  2.31929e-019
264.698  2.26906e-019
265.72  2.21865e-019
266.742  2.16807e-019
267.764  2.11734e-019
268.786  2.06647e-019
269.808  2.01548e-019
270.83  1.96439e-019
271.852  1.91321e-019
272.874  1.86197e-019
273.896  1.81069e-019
274.918  1.75938e-019
275.94  1.70807e-019
276.962  1.65679e-019
277.984  1.60555e-019
279.006  1.55438e-019
280.028  1.50331e-019
281.05  1.45237e-019
282.072  1.40158e-019
283.094  1.35097e-019
284.116  1.30058e-019
285.138  1.25043e-019
286.16  1.20057e-019
287.182  1.15102e-019
288.204  1.10181e-019
289.226  1.053e-019
290.248  1.00461e-019
291.27  9.56684e-020
292.292  9.09268e-020
293.314  8.62402e-020
294.336  8.16131e-020
295.358  7.70501e-020
296.38  7.25561e-020
297.402  6.81359e-020
298.424  6.37947e-020
299.446  5.95377e-020
300.468  5.53706e-020
301.49  5.12988e-020
302.512  4.73284e-020
303.534  4.34653e-020
304.556  3.97158e-020
305.578  3.60863e-020
306.6  3.25836e-020
307.622  2.92144e-020
308.644  2.5986e-020
309.666  2.29056e-020
310.688  1.99807e-020
311.71  1.72193e-020
312.732  1.46292e-020
313.754  1.22189e-020
314.776  9.9967e-021
315.798  7.97153e-021
316.82  6.15241e-021
317.842  4.54863e-021
318.864  3.16977e-021
319.886  2.02567e-021
320.908  1.12645e-021
321.93  4.82485e-022
322.952  1.04377e-022
