1.022  4.83326e-019
2.044  4.84094e-019
3.066  4.84858e-019
4.088  4.85616e-019
5.11  4.86368e-019
6.132  4.87115e-019
7.154  4.87854e-019
8.176  4.88587e-019
9.198  4.89311e-019
10.22  4.90029e-019
11.242  4.90738e-019
12.264  4.9144e-019
13.286  4.92135e-019
14.308  4.92822e-019
15.33  4.93503e-019
16.352  4.94177e-019
17.374  4.94845e-019
18.396  4.95507e-019
19.418  4.96164e-019
20.44  4.96816e-019
21.462  4.97462e-019
22.484  4.98104e-019
23.506  4.9874e-019
24.528  4.99372e-019
25.55  5e-019
26.572  5.00623e-019
27.594  5.01242e-019
28.616  5.01856e-019
29.638  5.02465e-019
30.66  5.0307e-019
31.682  5.0367e-019
32.704  5.04266e-019
33.726  5.04857e-019
34.748  5.05443e-019
35.77  5.06023e-019
36.792  5.06599e-019
37.814  5.07169e-019
38.836  5.07734e-019
39.858  5.08293e-019
40.88  5.08846e-019
41.902  5.09393e-019
42.924  5.09934e-019
43.946  5.10468e-019
44.968  5.10996e-019
45.99  5.11517e-019
47.012  5.12031e-019
48.034  5.12538e-019
49.056  5.13037e-019
50.078  5.13529e-019
51.1  5.14013e-019
52.122  5.14489e-019
53.144  5.14956e-019
54.166  5.15415e-019
55.188  5.15866e-019
56.21  5.16308e-019
57.232  5.1674e-019
58.254  5.17164e-019
59.276  5.17577e-019
60.298  5.17982e-019
61.32  5.18376e-019
62.342  5.1876e-019
63.364  5.19134e-019
64.386  5.19498e-019
65.408  5.1985e-019
66.43  5.20192e-019
67.452  5.20523e-019
68.474  5.20843e-019
69.496  5.21151e-019
70.518  5.21448e-019
71.54  5.21732e-019
72.562  5.22005e-019
73.584  5.22266e-019
74.606  5.22514e-019
75.628  5.2275e-019
76.65  5.22973e-019
77.672  5.23183e-019
78.694  5.2338e-019
79.716  5.23564e-019
80.738  5.23735e-019
81.76  5.23892e-019
82.782  5.24035e-019
83.804  5.24164e-019
84.826  5.2428e-019
85.848  5.24381e-019
86.87  5.24467e-019
87.892  5.2454e-019
88.914  5.24597e-019
89.936  5.2464e-019
90.958  5.24667e-019
91.98  5.2468e-019
93.002  5.24677e-019
94.024  5.24659e-019
95.046  5.24625e-019
96.068  5.24576e-019
97.09  5.2451e-019
98.112  5.24429e-019
99.134  5.24331e-019
100.156  5.24218e-019
101.178  5.24087e-019
102.2  5.23941e-019
103.222  5.23777e-019
104.244  5.23597e-019
105.266  5.23399e-019
106.288  5.23185e-019
107.31  5.22953e-019
108.332  5.22704e-019
109.354  5.22438e-019
110.376  5.22154e-019
111.398  5.21852e-019
112.42  5.21532e-019
113.442  5.21194e-019
114.464  5.20838e-019
115.486  5.20464e-019
116.508  5.20072e-019
117.53  5.19661e-019
118.552  5.19231e-019
119.574  5.18783e-019
120.596  5.18315e-019
121.618  5.17829e-019
122.64  5.17324e-019
123.662  5.16799e-019
124.684  5.16255e-019
125.706  5.15692e-019
126.728  5.15109e-019
127.75  5.14506e-019
128.772  5.13883e-019
129.794  5.13241e-019
130.816  5.12578e-019
131.838  5.11895e-019
132.86  5.11191e-019
133.882  5.10468e-019
134.904  5.09723e-019
135.926  5.08958e-019
136.948  5.08172e-019
137.97  5.07365e-019
138.992  5.06537e-019
140.014  5.05688e-019
141.036  5.04817e-019
142.058  5.03925e-019
143.08  5.03011e-019
144.102  5.02075e-019
145.124  5.01118e-019
146.146  5.00138e-019
147.168  4.99137e-019
148.19  4.98113e-019
149.212  4.97066e-019
150.234  4.95997e-019
151.256  4.94906e-019
152.278  4.93791e-019
153.3  4.92653e-019
154.322  4.91493e-019
155.344  4.90309e-019
156.366  4.89101e-019
157.388  4.8787e-019
158.41  4.86615e-019
159.432  4.85336e-019
160.454  4.84033e-019
161.476  4.82706e-019
162.498  4.81355e-019
163.52  4.79979e-019
164.542  4.78578e-019
165.564  4.77152e-019
166.586  4.75701e-019
167.608  4.74226e-019
168.63  4.72724e-019
169.652  4.71197e-019
170.674  4.69645e-019
171.696  4.68066e-019
172.718  4.66462e-019
173.74  4.64831e-019
174.762  4.63174e-019
175.784  4.6149e-019
176.806  4.59779e-019
177.828  4.58042e-019
178.85  4.56277e-019
179.872  4.54485e-019
180.894  4.52665e-019
181.916  4.50818e-019
182.938  4.48942e-019
183.96  4.47039e-019
184.982  4.45107e-019
186.004  4.43146e-019
187.026  4.41157e-019
188.048  4.39139e-019
189.07  4.37092e-019
190.092  4.35016e-019
191.114  4.3291e-019
192.136  4.30774e-019
193.158  4.28609e-019
194.18  4.26413e-019
195.202  4.24187e-019
196.224  4.21931e-019
197.246  4.19644e-019
198.268  4.17326e-019
199.29  4.14977e-019
200.312  4.12596e-019
201.334  4.10184e-019
202.356  4.07741e-019
203.378  4.05266e-019
204.4  4.02759e-019
205.422  4.00219e-019
206.444  3.97647e-019
207.466  3.95043e-019
208.488  3.92406e-019
209.51  3.89736e-019
210.532  3.87033e-019
211.554  3.84297e-019
212.576  3.81527e-019
213.598  3.78724e-019
214.62  3.75888e-019
215.642  3.73017e-019
216.664  3.70113e-019
217.686  3.67175e-019
218.708  3.64203e-019
219.73  3.61196e-019
220.752  3.58155e-019
221.774  3.5508e-019
222.796  3.51971e-019
223.818  3.48826e-019
224.84  3.45648e-019
225.862  3.42435e-019
226.884  3.39187e-019
227.906  3.35904e-019
228.928  3.32588e-019
229.95  3.29236e-019
230.972  3.2585e-019
231.994  3.22429e-019
233.016  3.18974e-019
234.038  3.15485e-019
235.06  3.11962e-019
236.082  3.08404e-019
237.104  3.04813e-019
238.126  3.01188e-019
239.148  2.97529e-019
240.17  2.93837e-019
241.192  2.90112e-019
242.214  2.86354e-019
243.236  2.82563e-019
244.258  2.78741e-019
245.28  2.74886e-019
246.302  2.71e-019
247.324  2.67084e-019
248.346  2.63136e-019
249.368  2.59159e-019
250.39  2.55152e-019
251.412  2.51116e-019
252.434  2.47051e-019
253.456  2.42959e-019
254.478  2.3884e-019
255.5  2.34694e-019
256.522  2.30523e-019
257.544  2.26327e-019
258.566  2.22107e-019
259.588  2.17864e-019
260.61  2.13599e-019
261.632  2.09313e-019
262.654  2.05007e-019
263.676  2.00682e-019
264.698  1.9634e-019
265.72  1.91981e-019
266.742  1.87607e-019
267.764  1.83219e-019
268.786  1.78819e-019
269.808  1.74408e-019
270.83  1.69987e-019
271.852  1.65559e-019
272.874  1.61125e-019
273.896  1.56687e-019
274.918  1.52247e-019
275.94  1.47806e-019
276.962  1.43367e-019
277.984  1.38932e-019
279.006  1.34503e-019
280.028  1.30082e-019
281.05  1.25672e-019
282.072  1.21275e-019
283.094  1.16894e-019
284.116  1.12532e-019
285.138  1.0819e-019
286.16  1.03873e-019
287.182  9.95833e-020
288.204  9.53238e-020
289.226  9.10978e-020
290.248  8.69087e-020
291.27  8.276e-020
292.292  7.86554e-020
293.314  7.45985e-020
294.336  7.05933e-020
295.358  6.66438e-020
296.38  6.2754e-020
297.402  5.89284e-020
298.424  5.51713e-020
299.446  5.14873e-020
300.468  4.78813e-020
301.49  4.4358e-020
302.512  4.09227e-020
303.534  3.75804e-020
304.556  3.43366e-020
305.578  3.1197e-020
306.6  2.81672e-020
307.622  2.52532e-020
308.644  2.24611e-020
309.666  1.97973e-020
310.688  1.72682e-020
311.71  1.48807e-020
312.732  1.26415e-020
313.754  1.05579e-020
314.776  8.63723e-021
315.798  6.88698e-021
316.82  5.31496e-021
317.842  3.92919e-021
318.864  2.7379e-021
319.886  1.74955e-021
320.908  9.72826e-022
321.93  4.1665e-022
322.952  9.01276e-023
