1.022  2.35026e-019
2.044  2.36288e-019
3.066  2.37541e-019
4.088  2.38788e-019
5.11  2.40026e-019
6.132  2.41257e-019
7.154  2.42479e-019
8.176  2.43693e-019
9.198  2.44899e-019
10.22  2.46096e-019
11.242  2.47284e-019
12.264  2.48463e-019
13.286  2.49634e-019
14.308  2.50797e-019
15.33  2.51951e-019
16.352  2.53097e-019
17.374  2.54236e-019
18.396  2.55367e-019
19.418  2.5649e-019
20.44  2.57606e-019
21.462  2.58714e-019
22.484  2.59815e-019
23.506  2.60909e-019
24.528  2.61997e-019
25.55  2.63077e-019
26.572  2.6415e-019
27.594  2.65216e-019
28.616  2.66276e-019
29.638  2.67329e-019
30.66  2.68374e-019
31.682  2.69413e-019
32.704  2.70445e-019
33.726  2.7147e-019
34.748  2.72487e-019
35.77  2.73498e-019
36.792  2.74502e-019
37.814  2.75498e-019
38.836  2.76487e-019
39.858  2.77468e-019
40.88  2.78443e-019
41.902  2.79409e-019
42.924  2.80368e-019
43.946  2.81319e-019
44.968  2.82263e-019
45.99  2.83198e-019
47.012  2.84125e-019
48.034  2.85045e-019
49.056  2.85956e-019
50.078  2.86858e-019
51.1  2.87753e-019
52.122  2.88638e-019
53.144  2.89515e-019
54.166  2.90383e-019
55.188  2.91242e-019
56.21  2.92093e-019
57.232  2.92934e-019
58.254  2.93766e-019
59.276  2.94588e-019
60.298  2.95401e-019
61.32  2.96205e-019
62.342  2.96998e-019
63.364  2.97782e-019
64.386  2.98556e-019
65.408  2.9932e-019
66.43  3.00074e-019
67.452  3.00818e-019
68.474  3.01551e-019
69.496  3.02274e-019
70.518  3.02987e-019
71.54  3.03688e-019
72.562  3.04379e-019
73.584  3.05059e-019
74.606  3.05728e-019
75.628  3.06386e-019
76.65  3.07032e-019
77.672  3.07668e-019
78.694  3.08291e-019
79.716  3.08904e-019
80.738  3.09504e-019
81.76  3.10093e-019
82.782  3.10671e-019
83.804  3.11236e-019
84.826  3.11789e-019
85.848  3.1233e-019
86.87  3.12859e-019
87.892  3.13375e-019
88.914  3.13879e-019
89.936  3.14371e-019
90.958  3.1485e-019
91.98  3.15316e-019
93.002  3.1577e-019
94.024  3.1621e-019
95.046  3.16638e-019
96.068  3.17052e-019
97.09  3.17453e-019
98.112  3.17841e-019
99.134  3.18216e-019
100.156  3.18577e-019
101.178  3.18924e-019
102.2  3.19258e-019
103.222  3.19578e-019
104.244  3.19885e-019
105.266  3.20177e-019
106.288  3.20456e-019
107.31  3.2072e-019
108.332  3.2097e-019
109.354  3.21206e-019
110.376  3.21427e-019
111.398  3.21635e-019
112.42  3.21827e-019
113.442  3.22005e-019
114.464  3.22168e-019
115.486  3.22317e-019
116.508  3.2245e-019
117.53  3.22569e-019
118.552  3.22672e-019
119.574  3.22761e-019
120.596  3.22834e-019
121.618  3.22892e-019
122.64  3.22934e-019
123.662  3.22961e-019
124.684  3.22972e-019
125.706  3.22968e-019
126.728  3.22948e-019
127.75  3.22912e-019
128.772  3.2286e-019
129.794  3.22792e-019
130.816  3.22708e-019
131.838  3.22607e-019
132.86  3.22491e-019
133.882  3.22358e-019
134.904  3.22208e-019
135.926  3.22042e-019
136.948  3.21859e-019
137.97  3.2166e-019
138.992  3.21443e-019
140.014  3.2121e-019
141.036  3.20959e-019
142.058  3.20692e-019
143.08  3.20407e-019
144.102  3.20104e-019
145.124  3.19785e-019
146.146  3.19447e-019
147.168  3.19092e-019
148.19  3.1872e-019
149.212  3.18329e-019
150.234  3.17921e-019
151.256  3.17494e-019
152.278  3.17049e-019
153.3  3.16586e-019
154.322  3.16104e-019
155.344  3.15604e-019
156.366  3.15086e-019
157.388  3.14548e-019
158.41  3.13992e-019
159.432  3.13416e-019
160.454  3.12822e-019
161.476  3.12208e-019
162.498  3.11575e-019
163.52  3.10923e-019
164.542  3.10251e-019
165.564  3.09559e-019
166.586  3.08848e-019
167.608  3.08117e-019
168.63  3.07365e-019
169.652  3.06593e-019
170.674  3.05801e-019
171.696  3.04989e-019
172.718  3.04156e-019
173.74  3.03302e-019
174.762  3.02428e-019
175.784  3.01532e-019
176.806  3.00616e-019
177.828  2.99678e-019
178.85  2.98718e-019
179.872  2.97738e-019
180.894  2.96735e-019
181.916  2.95711e-019
182.938  2.94665e-019
183.96  2.93597e-019
184.982  2.92506e-019
186.004  2.91394e-019
187.026  2.90259e-019
188.048  2.89101e-019
189.07  2.8792e-019
190.092  2.86717e-019
191.114  2.85491e-019
192.136  2.84241e-019
193.158  2.82968e-019
194.18  2.81672e-019
195.202  2.80352e-019
196.224  2.79008e-019
197.246  2.77641e-019
198.268  2.7625e-019
199.29  2.74834e-019
200.312  2.73395e-019
201.334  2.71931e-019
202.356  2.70442e-019
203.378  2.68929e-019
204.4  2.67391e-019
205.422  2.65829e-019
206.444  2.64241e-019
207.466  2.62629e-019
208.488  2.60991e-019
209.51  2.59328e-019
210.532  2.57639e-019
211.554  2.55926e-019
212.576  2.54186e-019
213.598  2.52421e-019
214.62  2.5063e-019
215.642  2.48814e-019
216.664  2.46971e-019
217.686  2.45103e-019
218.708  2.43209e-019
219.73  2.41288e-019
220.752  2.39342e-019
221.774  2.3737e-019
222.796  2.35371e-019
223.818  2.33346e-019
224.84  2.31295e-019
225.862  2.29218e-019
226.884  2.27115e-019
227.906  2.24986e-019
228.928  2.2283e-019
229.95  2.20649e-019
230.972  2.18441e-019
231.994  2.16208e-019
233.016  2.13948e-019
234.038  2.11663e-019
235.06  2.09353e-019
236.082  2.07016e-019
237.104  2.04655e-019
238.126  2.02268e-019
239.148  1.99856e-019
240.17  1.97419e-019
241.192  1.94958e-019
242.214  1.92472e-019
243.236  1.89961e-019
244.258  1.87427e-019
245.28  1.8487e-019
246.302  1.82289e-019
247.324  1.79684e-019
248.346  1.77058e-019
249.368  1.74409e-019
250.39  1.71738e-019
251.412  1.69045e-019
252.434  1.66332e-019
253.456  1.63598e-019
254.478  1.60843e-019
255.5  1.5807e-019
256.522  1.55277e-019
257.544  1.52467e-019
258.566  1.49638e-019
259.588  1.46793e-019
260.61  1.43931e-019
261.632  1.41054e-019
262.654  1.38161e-019
263.676  1.35255e-019
264.698  1.32336e-019
265.72  1.29404e-019
266.742  1.26461e-019
267.764  1.23508e-019
268.786  1.20546e-019
269.808  1.17575e-019
270.83  1.14597e-019
271.852  1.11613e-019
272.874  1.08625e-019
273.896  1.05633e-019
274.918  1.02639e-019
275.94  9.96438e-020
276.962  9.66495e-020
277.984  9.36573e-020
279.006  9.06688e-020
280.028  8.76855e-020
281.05  8.47093e-020
282.072  8.17417e-020
283.094  7.87845e-020
284.116  7.58398e-020
285.138  7.29093e-020
286.16  6.99951e-020
287.182  6.70992e-020
288.204  6.42239e-020
289.226  6.13713e-020
290.248  5.85437e-020
291.27  5.57437e-020
292.292  5.29735e-020
293.314  5.02358e-020
294.336  4.75332e-020
295.358  4.48685e-020
296.38  4.22444e-020
297.402  3.9664e-020
298.424  3.71302e-020
299.446  3.46461e-020
300.468  3.22149e-020
301.49  2.984e-020
302.512  2.75247e-020
303.534  2.52727e-020
304.556  2.30875e-020
305.578  2.09729e-020
306.6  1.89328e-020
307.622  1.69711e-020
308.644  1.5092e-020
309.666  1.32996e-020
310.688  1.15984e-020
311.71  9.99284e-021
312.732  8.48749e-021
313.754  7.08713e-021
314.776  5.79663e-021
315.798  4.62102e-021
316.82  3.56546e-021
317.842  2.63525e-021
318.864  1.83586e-021
319.886  1.17286e-021
320.908  6.52013e-022
321.93  2.79184e-022
322.952  6.03771e-023
