1.022  1.65779e-019
2.044  1.67076e-019
3.066  1.68365e-019
4.088  1.69648e-019
5.11  1.70923e-019
6.132  1.72191e-019
7.154  1.73452e-019
8.176  1.74705e-019
9.198  1.7595e-019
10.22  1.77187e-019
11.242  1.78416e-019
12.264  1.79638e-019
13.286  1.80852e-019
14.308  1.82058e-019
15.33  1.83256e-019
16.352  1.84447e-019
17.374  1.85631e-019
18.396  1.86808e-019
19.418  1.87977e-019
20.44  1.8914e-019
21.462  1.90295e-019
22.484  1.91444e-019
23.506  1.92586e-019
24.528  1.93721e-019
25.55  1.94849e-019
26.572  1.95971e-019
27.594  1.97086e-019
28.616  1.98195e-019
29.638  1.99297e-019
30.66  2.00392e-019
31.682  2.0148e-019
32.704  2.02562e-019
33.726  2.03637e-019
34.748  2.04706e-019
35.77  2.05767e-019
36.792  2.06822e-019
37.814  2.0787e-019
38.836  2.08911e-019
39.858  2.09944e-019
40.88  2.10971e-019
41.902  2.11991e-019
42.924  2.13003e-019
43.946  2.14008e-019
44.968  2.15005e-019
45.99  2.15996e-019
47.012  2.16978e-019
48.034  2.17953e-019
49.056  2.1892e-019
50.078  2.1988e-019
51.1  2.20831e-019
52.122  2.21775e-019
53.144  2.2271e-019
54.166  2.23638e-019
55.188  2.24557e-019
56.21  2.25468e-019
57.232  2.2637e-019
58.254  2.27264e-019
59.276  2.28149e-019
60.298  2.29026e-019
61.32  2.29893e-019
62.342  2.30752e-019
63.364  2.31602e-019
64.386  2.32443e-019
65.408  2.33275e-019
66.43  2.34097e-019
67.452  2.3491e-019
68.474  2.35714e-019
69.496  2.36508e-019
70.518  2.37293e-019
71.54  2.38067e-019
72.562  2.38832e-019
73.584  2.39588e-019
74.606  2.40333e-019
75.628  2.41068e-019
76.65  2.41793e-019
77.672  2.42508e-019
78.694  2.43212e-019
79.716  2.43906e-019
80.738  2.4459e-019
81.76  2.45263e-019
82.782  2.45925e-019
83.804  2.46576e-019
84.826  2.47217e-019
85.848  2.47847e-019
86.87  2.48465e-019
87.892  2.49073e-019
88.914  2.49669e-019
89.936  2.50254e-019
90.958  2.50828e-019
91.98  2.5139e-019
93.002  2.51941e-019
94.024  2.52481e-019
95.046  2.53008e-019
96.068  2.53524e-019
97.09  2.54028e-019
98.112  2.5452e-019
99.134  2.55e-019
100.156  2.55468e-019
101.178  2.55923e-019
102.2  2.56367e-019
103.222  2.56798e-019
104.244  2.57217e-019
105.266  2.57623e-019
106.288  2.58017e-019
107.31  2.58398e-019
108.332  2.58766e-019
109.354  2.59121e-019
110.376  2.59464e-019
111.398  2.59794e-019
112.42  2.6011e-019
113.442  2.60414e-019
114.464  2.60704e-019
115.486  2.60981e-019
116.508  2.61245e-019
117.53  2.61495e-019
118.552  2.61732e-019
119.574  2.61955e-019
120.596  2.62164e-019
121.618  2.6236e-019
122.64  2.62542e-019
123.662  2.6271e-019
124.684  2.62864e-019
125.706  2.63004e-019
126.728  2.6313e-019
127.75  2.63241e-019
128.772  2.63338e-019
129.794  2.63421e-019
130.816  2.63489e-019
131.838  2.63543e-019
132.86  2.63582e-019
133.882  2.63607e-019
134.904  2.63616e-019
135.926  2.63611e-019
136.948  2.63591e-019
137.97  2.63555e-019
138.992  2.63505e-019
140.014  2.63439e-019
141.036  2.63358e-019
142.058  2.63261e-019
143.08  2.63149e-019
144.102  2.63022e-019
145.124  2.62878e-019
146.146  2.62719e-019
147.168  2.62544e-019
148.19  2.62353e-019
149.212  2.62146e-019
150.234  2.61923e-019
151.256  2.61683e-019
152.278  2.61427e-019
153.3  2.61155e-019
154.322  2.60866e-019
155.344  2.6056e-019
156.366  2.60238e-019
157.388  2.59899e-019
158.41  2.59542e-019
159.432  2.59169e-019
160.454  2.58779e-019
161.476  2.58371e-019
162.498  2.57946e-019
163.52  2.57503e-019
164.542  2.57043e-019
165.564  2.56565e-019
166.586  2.56069e-019
167.608  2.55556e-019
168.63  2.55024e-019
169.652  2.54474e-019
170.674  2.53906e-019
171.696  2.53319e-019
172.718  2.52714e-019
173.74  2.5209e-019
174.762  2.51448e-019
175.784  2.50787e-019
176.806  2.50106e-019
177.828  2.49407e-019
178.85  2.48688e-019
179.872  2.4795e-019
180.894  2.47193e-019
181.916  2.46416e-019
182.938  2.45619e-019
183.96  2.44803e-019
184.982  2.43966e-019
186.004  2.4311e-019
187.026  2.42233e-019
188.048  2.41336e-019
189.07  2.40419e-019
190.092  2.39481e-019
191.114  2.38522e-019
192.136  2.37543e-019
193.158  2.36543e-019
194.18  2.35522e-019
195.202  2.34479e-019
196.224  2.33416e-019
197.246  2.32331e-019
198.268  2.31224e-019
199.29  2.30096e-019
200.312  2.28947e-019
201.334  2.27775e-019
202.356  2.26582e-019
203.378  2.25366e-019
204.4  2.24129e-019
205.422  2.22869e-019
206.444  2.21587e-019
207.466  2.20283e-019
208.488  2.18956e-019
209.51  2.17607e-019
210.532  2.16235e-019
211.554  2.1484e-019
212.576  2.13422e-019
213.598  2.11982e-019
214.62  2.10519e-019
215.642  2.09032e-019
216.664  2.07523e-019
217.686  2.05991e-019
218.708  2.04435e-019
219.73  2.02856e-019
220.752  2.01255e-019
221.774  1.99629e-019
222.796  1.97981e-019
223.818  1.9631e-019
224.84  1.94615e-019
225.862  1.92897e-019
226.884  1.91155e-019
227.906  1.89391e-019
228.928  1.87604e-019
229.95  1.85793e-019
230.972  1.83959e-019
231.994  1.82102e-019
233.016  1.80223e-019
234.038  1.78321e-019
235.06  1.76395e-019
236.082  1.74448e-019
237.104  1.72478e-019
238.126  1.70485e-019
239.148  1.68471e-019
240.17  1.66434e-019
241.192  1.64376e-019
242.214  1.62296e-019
243.236  1.60195e-019
244.258  1.58072e-019
245.28  1.55929e-019
246.302  1.53765e-019
247.324  1.51581e-019
248.346  1.49377e-019
249.368  1.47153e-019
250.39  1.4491e-019
251.412  1.42648e-019
252.434  1.40367e-019
253.456  1.38069e-019
254.478  1.35753e-019
255.5  1.33419e-019
256.522  1.31069e-019
257.544  1.28703e-019
258.566  1.26321e-019
259.588  1.23925e-019
260.61  1.21514e-019
261.632  1.19089e-019
262.654  1.16651e-019
263.676  1.14201e-019
264.698  1.11739e-019
265.72  1.09267e-019
266.742  1.06784e-019
267.764  1.04293e-019
268.786  1.01793e-019
269.808  9.92856e-020
270.83  9.6772e-020
271.852  9.4253e-020
272.874  9.17298e-020
273.896  8.92033e-020
274.918  8.66747e-020
275.94  8.41453e-020
276.962  8.16161e-020
277.984  7.90886e-020
279.006  7.65641e-020
280.028  7.40438e-020
281.05  7.15293e-020
282.072  6.9022e-020
283.094  6.65235e-020
284.116  6.40353e-020
285.138  6.15592e-020
286.16  5.90968e-020
287.182  5.66499e-020
288.204  5.42204e-020
289.226  5.18101e-020
290.248  4.9421e-020
291.27  4.70552e-020
292.292  4.47147e-020
293.314  4.24018e-020
294.336  4.01186e-020
295.358  3.78675e-020
296.38  3.56509e-020
297.402  3.34712e-020
298.424  3.13311e-020
299.446  2.92331e-020
300.468  2.718e-020
301.49  2.51745e-020
302.512  2.32196e-020
303.534  2.13183e-020
304.556  1.94736e-020
305.578  1.76886e-020
306.6  1.59667e-020
307.622  1.43112e-020
308.644  1.27255e-020
309.666  1.12132e-020
310.688  9.77806e-021
311.71  8.42372e-021
312.732  7.15409e-021
313.754  5.97316e-021
314.776  4.88504e-021
315.798  3.89392e-021
316.82  3.00415e-021
317.842  2.22016e-021
318.864  1.54652e-021
319.886  9.87914e-022
320.908  5.49138e-022
321.93  2.35108e-022
322.952  5.08396e-023
