1.022  5.48266e-020
2.044  5.58875e-020
3.066  5.69457e-020
4.088  5.80011e-020
5.11  5.90535e-020
6.132  6.01029e-020
7.154  6.11491e-020
8.176  6.2192e-020
9.198  6.32316e-020
10.22  6.42678e-020
11.242  6.53006e-020
12.264  6.63298e-020
13.286  6.73555e-020
14.308  6.83777e-020
15.33  6.93963e-020
16.352  7.04114e-020
17.374  7.1423e-020
18.396  7.24311e-020
19.418  7.34357e-020
20.44  7.44367e-020
21.462  7.54342e-020
22.484  7.64282e-020
23.506  7.74187e-020
24.528  7.84057e-020
25.55  7.9389e-020
26.572  8.03688e-020
27.594  8.1345e-020
28.616  8.23176e-020
29.638  8.32865e-020
30.66  8.42517e-020
31.682  8.52132e-020
32.704  8.61709e-020
33.726  8.71249e-020
34.748  8.80749e-020
35.77  8.90211e-020
36.792  8.99633e-020
37.814  9.09015e-020
38.836  9.18356e-020
39.858  9.27656e-020
40.88  9.36914e-020
41.902  9.46131e-020
42.924  9.55304e-020
43.946  9.64434e-020
44.968  9.73519e-020
45.99  9.8256e-020
47.012  9.91555e-020
48.034  1.0005e-019
49.056  1.00941e-019
50.078  1.01826e-019
51.1  1.02707e-019
52.122  1.03583e-019
53.144  1.04454e-019
54.166  1.05319e-019
55.188  1.0618e-019
56.21  1.07036e-019
57.232  1.07886e-019
58.254  1.08731e-019
59.276  1.09571e-019
60.298  1.10405e-019
61.32  1.11234e-019
62.342  1.12057e-019
63.364  1.12874e-019
64.386  1.13686e-019
65.408  1.14492e-019
66.43  1.15292e-019
67.452  1.16086e-019
68.474  1.16874e-019
69.496  1.17656e-019
70.518  1.18432e-019
71.54  1.19201e-019
72.562  1.19965e-019
73.584  1.20721e-019
74.606  1.21472e-019
75.628  1.22216e-019
76.65  1.22953e-019
77.672  1.23683e-019
78.694  1.24407e-019
79.716  1.25124e-019
80.738  1.25834e-019
81.76  1.26537e-019
82.782  1.27233e-019
83.804  1.27922e-019
84.826  1.28604e-019
85.848  1.29279e-019
86.87  1.29946e-019
87.892  1.30606e-019
88.914  1.31258e-019
89.936  1.31903e-019
90.958  1.3254e-019
91.98  1.3317e-019
93.002  1.33792e-019
94.024  1.34406e-019
95.046  1.35012e-019
96.068  1.35611e-019
97.09  1.36201e-019
98.112  1.36783e-019
99.134  1.37357e-019
100.156  1.37923e-019
101.178  1.3848e-019
102.2  1.39029e-019
103.222  1.3957e-019
104.244  1.40102e-019
105.266  1.40626e-019
106.288  1.41141e-019
107.31  1.41647e-019
108.332  1.42145e-019
109.354  1.42634e-019
110.376  1.43113e-019
111.398  1.43584e-019
112.42  1.44046e-019
113.442  1.44499e-019
114.464  1.44942e-019
115.486  1.45377e-019
116.508  1.45801e-019
117.53  1.46217e-019
118.552  1.46623e-019
119.574  1.4702e-019
120.596  1.47407e-019
121.618  1.47784e-019
122.64  1.48151e-019
123.662  1.48509e-019
124.684  1.48857e-019
125.706  1.49195e-019
126.728  1.49523e-019
127.75  1.49841e-019
128.772  1.50148e-019
129.794  1.50446e-019
130.816  1.50733e-019
131.838  1.51009e-019
132.86  1.51276e-019
133.882  1.51531e-019
134.904  1.51776e-019
135.926  1.52011e-019
136.948  1.52234e-019
137.97  1.52447e-019
138.992  1.52649e-019
140.014  1.5284e-019
141.036  1.5302e-019
142.058  1.53189e-019
143.08  1.53346e-019
144.102  1.53493e-019
145.124  1.53627e-019
146.146  1.53751e-019
147.168  1.53863e-019
148.19  1.53963e-019
149.212  1.54052e-019
150.234  1.54128e-019
151.256  1.54193e-019
152.278  1.54247e-019
153.3  1.54288e-019
154.322  1.54316e-019
155.344  1.54333e-019
156.366  1.54338e-019
157.388  1.5433e-019
158.41  1.5431e-019
159.432  1.54277e-019
160.454  1.54231e-019
161.476  1.54173e-019
162.498  1.54102e-019
163.52  1.54018e-019
164.542  1.53922e-019
165.564  1.53812e-019
166.586  1.53689e-019
167.608  1.53553e-019
168.63  1.53403e-019
169.652  1.53241e-019
170.674  1.53064e-019
171.696  1.52874e-019
172.718  1.52671e-019
173.74  1.52453e-019
174.762  1.52222e-019
175.784  1.51977e-019
176.806  1.51718e-019
177.828  1.51445e-019
178.85  1.51157e-019
179.872  1.50855e-019
180.894  1.50539e-019
181.916  1.50208e-019
182.938  1.49863e-019
183.96  1.49503e-019
184.982  1.49129e-019
186.004  1.48739e-019
187.026  1.48335e-019
188.048  1.47915e-019
189.07  1.47481e-019
190.092  1.47031e-019
191.114  1.46566e-019
192.136  1.46085e-019
193.158  1.45589e-019
194.18  1.45078e-019
195.202  1.44551e-019
196.224  1.44008e-019
197.246  1.4345e-019
198.268  1.42876e-019
199.29  1.42285e-019
200.312  1.41679e-019
201.334  1.41057e-019
202.356  1.40419e-019
203.378  1.39764e-019
204.4  1.39093e-019
205.422  1.38406e-019
206.444  1.37702e-019
207.466  1.36982e-019
208.488  1.36245e-019
209.51  1.35492e-019
210.532  1.34722e-019
211.554  1.33936e-019
212.576  1.33133e-019
213.598  1.32313e-019
214.62  1.31476e-019
215.642  1.30623e-019
216.664  1.29753e-019
217.686  1.28865e-019
218.708  1.27961e-019
219.73  1.2704e-019
220.752  1.26103e-019
221.774  1.25148e-019
222.796  1.24176e-019
223.818  1.23188e-019
224.84  1.22182e-019
225.862  1.2116e-019
226.884  1.20121e-019
227.906  1.19065e-019
228.928  1.17992e-019
229.95  1.16903e-019
230.972  1.15797e-019
231.994  1.14674e-019
233.016  1.13535e-019
234.038  1.1238e-019
235.06  1.11208e-019
236.082  1.1002e-019
237.104  1.08815e-019
238.126  1.07595e-019
239.148  1.06359e-019
240.17  1.05107e-019
241.192  1.03839e-019
242.214  1.02556e-019
243.236  1.01257e-019
244.258  9.99439e-020
245.28  9.86154e-020
246.302  9.72723e-020
247.324  9.59146e-020
248.346  9.45428e-020
249.368  9.31569e-020
250.39  9.17572e-020
251.412  9.03441e-020
252.434  8.89178e-020
253.456  8.74786e-020
254.478  8.60269e-020
255.5  8.4563e-020
256.522  8.30872e-020
257.544  8.16e-020
258.566  8.01017e-020
259.588  7.85928e-020
260.61  7.70736e-020
261.632  7.55446e-020
262.654  7.40063e-020
263.676  7.24592e-020
264.698  7.09038e-020
265.72  6.93407e-020
266.742  6.77703e-020
267.764  6.61933e-020
268.786  6.46104e-020
269.808  6.3022e-020
270.83  6.14289e-020
271.852  5.98318e-020
272.874  5.82314e-020
273.896  5.66283e-020
274.918  5.50235e-020
275.94  5.34176e-020
276.962  5.18115e-020
277.984  5.0206e-020
279.006  4.86021e-020
280.028  4.70006e-020
281.05  4.54026e-020
282.072  4.38089e-020
283.094  4.22206e-020
284.116  4.06387e-020
285.138  3.90644e-020
286.16  3.74988e-020
287.182  3.59429e-020
288.204  3.43981e-020
289.226  3.28656e-020
290.248  3.13466e-020
291.27  2.98424e-020
292.292  2.83545e-020
293.314  2.68843e-020
294.336  2.54331e-020
295.358  2.40024e-020
296.38  2.2594e-020
297.402  2.12092e-020
298.424  1.98497e-020
299.446  1.85173e-020
300.468  1.72137e-020
301.49  1.59406e-020
302.512  1.46999e-020
303.534  1.34934e-020
304.556  1.23233e-020
305.578  1.11913e-020
306.6  1.00997e-020
307.622  9.05041e-021
308.644  8.04576e-021
309.666  7.08794e-021
310.688  6.17924e-021
311.71  5.32203e-021
312.732  4.51873e-021
313.754  3.77183e-021
314.776  3.08389e-021
315.798  2.45754e-021
316.82  1.89545e-021
317.842  1.4004e-021
318.864  9.75208e-022
319.886  6.22776e-022
320.908  3.46069e-022
321.93  1.48121e-022
322.952  3.20196e-023
