1.022  2.48656e-019
2.044  2.48346e-019
3.066  2.48038e-019
4.088  2.47732e-019
5.11  2.47429e-019
6.132  2.47128e-019
7.154  2.46829e-019
8.176  2.46532e-019
9.198  2.46236e-019
10.22  2.45941e-019
11.242  2.45647e-019
12.264  2.45354e-019
13.286  2.45063e-019
14.308  2.44772e-019
15.33  2.44484e-019
16.352  2.44197e-019
17.374  2.43912e-019
18.396  2.43629e-019
19.418  2.43348e-019
20.44  2.43069e-019
21.462  2.42792e-019
22.484  2.42517e-019
23.506  2.42245e-019
24.528  2.41975e-019
25.55  2.41707e-019
26.572  2.41441e-019
27.594  2.41178e-019
28.616  2.40917e-019
29.638  2.40658e-019
30.66  2.40401e-019
31.682  2.40146e-019
32.704  2.39893e-019
33.726  2.39642e-019
34.748  2.39393e-019
35.77  2.39146e-019
36.792  2.389e-019
37.814  2.38655e-019
38.836  2.38412e-019
39.858  2.38171e-019
40.88  2.3793e-019
41.902  2.37691e-019
42.924  2.37452e-019
43.946  2.37214e-019
44.968  2.36977e-019
45.99  2.36741e-019
47.012  2.36505e-019
48.034  2.36269e-019
49.056  2.36034e-019
50.078  2.35799e-019
51.1  2.35564e-019
52.122  2.35328e-019
53.144  2.35093e-019
54.166  2.34857e-019
55.188  2.3462e-019
56.21  2.34383e-019
57.232  2.34146e-019
58.254  2.33907e-019
59.276  2.33668e-019
60.298  2.33427e-019
61.32  2.33186e-019
62.342  2.32943e-019
63.364  2.32699e-019
64.386  2.32453e-019
65.408  2.32206e-019
66.43  2.31957e-019
67.452  2.31706e-019
68.474  2.31454e-019
69.496  2.31199e-019
70.518  2.30943e-019
71.54  2.30684e-019
72.562  2.30423e-019
73.584  2.30159e-019
74.606  2.29894e-019
75.628  2.29625e-019
76.65  2.29354e-019
77.672  2.29081e-019
78.694  2.28804e-019
79.716  2.28525e-019
80.738  2.28242e-019
81.76  2.27957e-019
82.782  2.27668e-019
83.804  2.27376e-019
84.826  2.27081e-019
85.848  2.26783e-019
86.87  2.26481e-019
87.892  2.26175e-019
88.914  2.25866e-019
89.936  2.25553e-019
90.958  2.25237e-019
91.98  2.24916e-019
93.002  2.24592e-019
94.024  2.24263e-019
95.046  2.23931e-019
96.068  2.23594e-019
97.09  2.23254e-019
98.112  2.22909e-019
99.134  2.22559e-019
100.156  2.22205e-019
101.178  2.21847e-019
102.2  2.21484e-019
103.222  2.21117e-019
104.244  2.20745e-019
105.266  2.20368e-019
106.288  2.19987e-019
107.31  2.19601e-019
108.332  2.19209e-019
109.354  2.18813e-019
110.376  2.18412e-019
111.398  2.18006e-019
112.42  2.17594e-019
113.442  2.17178e-019
114.464  2.16756e-019
115.486  2.16329e-019
116.508  2.15897e-019
117.53  2.15459e-019
118.552  2.15016e-019
119.574  2.14567e-019
120.596  2.14112e-019
121.618  2.13652e-019
122.64  2.13187e-019
123.662  2.12715e-019
124.684  2.12238e-019
125.706  2.11755e-019
126.728  2.11267e-019
127.75  2.10772e-019
128.772  2.10271e-019
129.794  2.09765e-019
130.816  2.09252e-019
131.838  2.08733e-019
132.86  2.08208e-019
133.882  2.07677e-019
134.904  2.07139e-019
135.926  2.06595e-019
136.948  2.06045e-019
137.97  2.05489e-019
138.992  2.04926e-019
140.014  2.04356e-019
141.036  2.0378e-019
142.058  2.03197e-019
143.08  2.02608e-019
144.102  2.02012e-019
145.124  2.01409e-019
146.146  2.008e-019
147.168  2.00183e-019
148.19  1.9956e-019
149.212  1.9893e-019
150.234  1.98293e-019
151.256  1.97648e-019
152.278  1.96997e-019
153.3  1.96339e-019
154.322  1.95673e-019
155.344  1.95e-019
156.366  1.9432e-019
157.388  1.93633e-019
158.41  1.92938e-019
159.432  1.92235e-019
160.454  1.91526e-019
161.476  1.90808e-019
162.498  1.90083e-019
163.52  1.89351e-019
164.542  1.8861e-019
165.564  1.87862e-019
166.586  1.87107e-019
167.608  1.86343e-019
168.63  1.85571e-019
169.652  1.84792e-019
170.674  1.84004e-019
171.696  1.83208e-019
172.718  1.82405e-019
173.74  1.81593e-019
174.762  1.80772e-019
175.784  1.79944e-019
176.806  1.79107e-019
177.828  1.78262e-019
178.85  1.77408e-019
179.872  1.76545e-019
180.894  1.75675e-019
181.916  1.74795e-019
182.938  1.73907e-019
183.96  1.7301e-019
184.982  1.72104e-019
186.004  1.71189e-019
187.026  1.70266e-019
188.048  1.69333e-019
189.07  1.68391e-019
190.092  1.6744e-019
191.114  1.6648e-019
192.136  1.65511e-019
193.158  1.64533e-019
194.18  1.63545e-019
195.202  1.62548e-019
196.224  1.61541e-019
197.246  1.60525e-019
198.268  1.59499e-019
199.29  1.58463e-019
200.312  1.57418e-019
201.334  1.56363e-019
202.356  1.55299e-019
203.378  1.54224e-019
204.4  1.5314e-019
205.422  1.52046e-019
206.444  1.50941e-019
207.466  1.49827e-019
208.488  1.48703e-019
209.51  1.47568e-019
210.532  1.46423e-019
211.554  1.45269e-019
212.576  1.44103e-019
213.598  1.42928e-019
214.62  1.41742e-019
215.642  1.40546e-019
216.664  1.3934e-019
217.686  1.38123e-019
218.708  1.36895e-019
219.73  1.35658e-019
220.752  1.34409e-019
221.774  1.33151e-019
222.796  1.31881e-019
223.818  1.30602e-019
224.84  1.29312e-019
225.862  1.28011e-019
226.884  1.267e-019
227.906  1.25378e-019
228.928  1.24046e-019
229.95  1.22704e-019
230.972  1.21351e-019
231.994  1.19987e-019
233.016  1.18614e-019
234.038  1.1723e-019
235.06  1.15836e-019
236.082  1.14431e-019
237.104  1.13017e-019
238.126  1.11592e-019
239.148  1.10158e-019
240.17  1.08714e-019
241.192  1.0726e-019
242.214  1.05796e-019
243.236  1.04323e-019
244.258  1.0284e-019
245.28  1.01348e-019
246.302  9.98469e-020
247.324  9.83369e-020
248.346  9.68181e-020
249.368  9.52906e-020
250.39  9.37547e-020
251.412  9.22106e-020
252.434  9.06585e-020
253.456  8.90986e-020
254.478  8.75313e-020
255.5  8.59566e-020
256.522  8.4375e-020
257.544  8.27867e-020
258.566  8.1192e-020
259.588  7.95912e-020
260.61  7.79847e-020
261.632  7.63729e-020
262.654  7.47561e-020
263.676  7.31347e-020
264.698  7.15092e-020
265.72  6.98799e-020
266.742  6.82474e-020
267.764  6.66121e-020
268.786  6.49745e-020
269.808  6.33351e-020
270.83  6.16946e-020
271.852  6.00534e-020
272.874  5.84122e-020
273.896  5.67717e-020
274.918  5.51323e-020
275.94  5.34949e-020
276.962  5.18602e-020
277.984  5.02289e-020
279.006  4.86017e-020
280.028  4.69794e-020
281.05  4.5363e-020
282.072  4.37532e-020
283.094  4.2151e-020
284.116  4.05573e-020
285.138  3.8973e-020
286.16  3.73992e-020
287.182  3.5837e-020
288.204  3.42873e-020
289.226  3.27514e-020
290.248  3.12304e-020
291.27  2.97255e-020
292.292  2.8238e-020
293.314  2.67691e-020
294.336  2.53202e-020
295.358  2.38928e-020
296.38  2.24881e-020
297.402  2.11078e-020
298.424  1.97534e-020
299.446  1.84264e-020
300.468  1.71285e-020
301.49  1.58614e-020
302.512  1.46268e-020
303.534  1.34266e-020
304.556  1.22627e-020
305.578  1.11369e-020
306.6  1.00513e-020
307.622  9.00785e-021
308.644  8.00878e-021
309.666  7.05624e-021
310.688  6.15247e-021
311.71  5.29982e-021
312.732  4.50066e-021
313.754  3.75748e-021
314.776  3.0728e-021
315.798  2.44925e-021
316.82  1.88952e-021
317.842  1.39638e-021
318.864  9.72673e-022
319.886  6.21337e-022
320.908  3.45375e-022
321.93  1.47872e-022
322.952  3.19764e-023
