1.022  2.22782e-019
2.044  2.22572e-019
3.066  2.22363e-019
4.088  2.22157e-019
5.11  2.21953e-019
6.132  2.21749e-019
7.154  2.21547e-019
8.176  2.21346e-019
9.198  2.21145e-019
10.22  2.20945e-019
11.242  2.20745e-019
12.264  2.20546e-019
13.286  2.20348e-019
14.308  2.2015e-019
15.33  2.19954e-019
16.352  2.19758e-019
17.374  2.19563e-019
18.396  2.1937e-019
19.418  2.19178e-019
20.44  2.18987e-019
21.462  2.18798e-019
22.484  2.1861e-019
23.506  2.18424e-019
24.528  2.1824e-019
25.55  2.18057e-019
26.572  2.17875e-019
27.594  2.17695e-019
28.616  2.17517e-019
29.638  2.1734e-019
30.66  2.17165e-019
31.682  2.16991e-019
32.704  2.16818e-019
33.726  2.16646e-019
34.748  2.16476e-019
35.77  2.16307e-019
36.792  2.16138e-019
37.814  2.15971e-019
38.836  2.15805e-019
39.858  2.15639e-019
40.88  2.15474e-019
41.902  2.15309e-019
42.924  2.15145e-019
43.946  2.14981e-019
44.968  2.14817e-019
45.99  2.14653e-019
47.012  2.1449e-019
48.034  2.14326e-019
49.056  2.14162e-019
50.078  2.13998e-019
51.1  2.13833e-019
52.122  2.13668e-019
53.144  2.13502e-019
54.166  2.13336e-019
55.188  2.13168e-019
56.21  2.13e-019
57.232  2.1283e-019
58.254  2.1266e-019
59.276  2.12488e-019
60.298  2.12315e-019
61.32  2.1214e-019
62.342  2.11964e-019
63.364  2.11787e-019
64.386  2.11607e-019
65.408  2.11426e-019
66.43  2.11243e-019
67.452  2.11057e-019
68.474  2.1087e-019
69.496  2.10681e-019
70.518  2.10489e-019
71.54  2.10295e-019
72.562  2.10098e-019
73.584  2.09899e-019
74.606  2.09698e-019
75.628  2.09493e-019
76.65  2.09286e-019
77.672  2.09076e-019
78.694  2.08863e-019
79.716  2.08647e-019
80.738  2.08428e-019
81.76  2.08206e-019
82.782  2.07981e-019
83.804  2.07752e-019
84.826  2.0752e-019
85.848  2.07284e-019
86.87  2.07045e-019
87.892  2.06802e-019
88.914  2.06556e-019
89.936  2.06306e-019
90.958  2.06052e-019
91.98  2.05794e-019
93.002  2.05532e-019
94.024  2.05266e-019
95.046  2.04997e-019
96.068  2.04723e-019
97.09  2.04445e-019
98.112  2.04162e-019
99.134  2.03875e-019
100.156  2.03584e-019
101.178  2.03289e-019
102.2  2.02989e-019
103.222  2.02684e-019
104.244  2.02375e-019
105.266  2.02061e-019
106.288  2.01743e-019
107.31  2.01419e-019
108.332  2.01091e-019
109.354  2.00758e-019
110.376  2.0042e-019
111.398  2.00077e-019
112.42  1.9973e-019
113.442  1.99376e-019
114.464  1.99018e-019
115.486  1.98655e-019
116.508  1.98286e-019
117.53  1.97912e-019
118.552  1.97533e-019
119.574  1.97149e-019
120.596  1.96759e-019
121.618  1.96363e-019
122.64  1.95962e-019
123.662  1.95555e-019
124.684  1.95143e-019
125.706  1.94725e-019
126.728  1.94302e-019
127.75  1.93872e-019
128.772  1.93437e-019
129.794  1.92996e-019
130.816  1.92549e-019
131.838  1.92096e-019
132.86  1.91637e-019
133.882  1.91172e-019
134.904  1.90701e-019
135.926  1.90224e-019
136.948  1.89741e-019
137.97  1.89251e-019
138.992  1.88756e-019
140.014  1.88254e-019
141.036  1.87745e-019
142.058  1.8723e-019
143.08  1.86709e-019
144.102  1.86181e-019
145.124  1.85647e-019
146.146  1.85106e-019
147.168  1.84559e-019
148.19  1.84005e-019
149.212  1.83444e-019
150.234  1.82877e-019
151.256  1.82302e-019
152.278  1.81721e-019
153.3  1.81133e-019
154.322  1.80538e-019
155.344  1.79936e-019
156.366  1.79327e-019
157.388  1.78711e-019
158.41  1.78088e-019
159.432  1.77458e-019
160.454  1.7682e-019
161.476  1.76175e-019
162.498  1.75523e-019
163.52  1.74864e-019
164.542  1.74197e-019
165.564  1.73522e-019
166.586  1.72841e-019
167.608  1.72151e-019
168.63  1.71454e-019
169.652  1.70749e-019
170.674  1.70037e-019
171.696  1.69317e-019
172.718  1.68589e-019
173.74  1.67853e-019
174.762  1.67109e-019
175.784  1.66357e-019
176.806  1.65598e-019
177.828  1.6483e-019
178.85  1.64054e-019
179.872  1.6327e-019
180.894  1.62477e-019
181.916  1.61677e-019
182.938  1.60868e-019
183.96  1.6005e-019
184.982  1.59224e-019
186.004  1.5839e-019
187.026  1.57547e-019
188.048  1.56696e-019
189.07  1.55836e-019
190.092  1.54967e-019
191.114  1.54089e-019
192.136  1.53203e-019
193.158  1.52307e-019
194.18  1.51403e-019
195.202  1.5049e-019
196.224  1.49567e-019
197.246  1.48636e-019
198.268  1.47695e-019
199.29  1.46746e-019
200.312  1.45787e-019
201.334  1.44819e-019
202.356  1.43841e-019
203.378  1.42854e-019
204.4  1.41858e-019
205.422  1.40852e-019
206.444  1.39836e-019
207.466  1.38812e-019
208.488  1.37777e-019
209.51  1.36733e-019
210.532  1.35679e-019
211.554  1.34616e-019
212.576  1.33542e-019
213.598  1.32459e-019
214.62  1.31366e-019
215.642  1.30264e-019
216.664  1.29151e-019
217.686  1.28029e-019
218.708  1.26896e-019
219.73  1.25754e-019
220.752  1.24602e-019
221.774  1.2344e-019
222.796  1.22268e-019
223.818  1.21086e-019
224.84  1.19894e-019
225.862  1.18692e-019
226.884  1.1748e-019
227.906  1.16259e-019
228.928  1.15027e-019
229.95  1.13785e-019
230.972  1.12534e-019
231.994  1.11273e-019
233.016  1.10002e-019
234.038  1.08721e-019
235.06  1.07431e-019
236.082  1.06131e-019
237.104  1.04822e-019
238.126  1.03503e-019
239.148  1.02174e-019
240.17  1.00837e-019
241.192  9.94896e-020
242.214  9.81336e-020
243.236  9.67686e-020
244.258  9.53947e-020
245.28  9.40121e-020
246.302  9.26209e-020
247.324  9.12212e-020
248.346  8.98132e-020
249.368  8.83971e-020
250.39  8.69731e-020
251.412  8.55413e-020
252.434  8.4102e-020
253.456  8.26554e-020
254.478  8.12017e-020
255.5  7.97412e-020
256.522  7.82741e-020
257.544  7.68007e-020
258.566  7.53214e-020
259.588  7.38363e-020
260.61  7.23458e-020
261.632  7.08504e-020
262.654  6.93502e-020
263.676  6.78457e-020
264.698  6.63374e-020
265.72  6.48255e-020
266.742  6.33105e-020
267.764  6.1793e-020
268.786  6.02733e-020
269.808  5.87519e-020
270.83  5.72294e-020
271.852  5.57064e-020
272.874  5.41832e-020
273.896  5.26607e-020
274.918  5.11393e-020
275.94  4.96196e-020
276.962  4.81025e-020
277.984  4.65885e-020
279.006  4.50784e-020
280.028  4.35729e-020
281.05  4.20728e-020
282.072  4.05788e-020
283.094  3.9092e-020
284.116  3.7613e-020
285.138  3.61429e-020
286.16  3.46825e-020
287.182  3.32329e-020
288.204  3.1795e-020
289.226  3.03699e-020
290.248  2.89586e-020
291.27  2.75624e-020
292.292  2.61823e-020
293.314  2.48196e-020
294.336  2.34755e-020
295.358  2.21513e-020
296.38  2.08483e-020
297.402  1.9568e-020
298.424  1.83117e-020
299.446  1.70809e-020
300.468  1.58772e-020
301.49  1.47021e-020
302.512  1.35573e-020
303.534  1.24444e-020
304.556  1.13651e-020
305.578  1.03213e-020
306.6  9.31482e-021
307.622  8.34751e-021
308.644  7.42136e-021
309.666  6.5384e-021
310.688  5.70072e-021
311.71  4.91045e-021
312.732  4.16982e-021
313.754  3.48111e-021
314.776  2.84666e-021
315.798  2.26889e-021
316.82  1.75029e-021
317.842  1.29343e-021
318.864  9.00917e-022
319.886  5.75471e-022
320.908  3.19865e-022
321.93  1.36942e-022
322.952  2.96115e-023
