1.022  3.57061e-020
2.044  3.51907e-020
3.066  3.46832e-020
4.088  3.41836e-020
5.11  3.36918e-020
6.132  3.32075e-020
7.154  3.27308e-020
8.176  3.22613e-020
9.198  3.17992e-020
10.22  3.13442e-020
11.242  3.08963e-020
12.264  3.04555e-020
13.286  3.00216e-020
14.308  2.95946e-020
15.33  2.91744e-020
16.352  2.8761e-020
17.374  2.83544e-020
18.396  2.79544e-020
19.418  2.7561e-020
20.44  2.71741e-020
21.462  2.67937e-020
22.484  2.64197e-020
23.506  2.6052e-020
24.528  2.56905e-020
25.55  2.53352e-020
26.572  2.4986e-020
27.594  2.46428e-020
28.616  2.43056e-020
29.638  2.39742e-020
30.66  2.36486e-020
31.682  2.33287e-020
32.704  2.30145e-020
33.726  2.27058e-020
34.748  2.24025e-020
35.77  2.21047e-020
36.792  2.18121e-020
37.814  2.15248e-020
38.836  2.12427e-020
39.858  2.09656e-020
40.88  2.06936e-020
41.902  2.04265e-020
42.924  2.01642e-020
43.946  1.99068e-020
44.968  1.96541e-020
45.99  1.9406e-020
47.012  1.91625e-020
48.034  1.89234e-020
49.056  1.86889e-020
50.078  1.84587e-020
51.1  1.82328e-020
52.122  1.80112e-020
53.144  1.77937e-020
54.166  1.75803e-020
55.188  1.7371e-020
56.21  1.71656e-020
57.232  1.69642e-020
58.254  1.67667e-020
59.276  1.65729e-020
60.298  1.63829e-020
61.32  1.61966e-020
62.342  1.60139e-020
63.364  1.58347e-020
64.386  1.56591e-020
65.408  1.54869e-020
66.43  1.53181e-020
67.452  1.51527e-020
68.474  1.49906e-020
69.496  1.48317e-020
70.518  1.4676e-020
71.54  1.45234e-020
72.562  1.4374e-020
73.584  1.42275e-020
74.606  1.40841e-020
75.628  1.39436e-020
76.65  1.38059e-020
77.672  1.36712e-020
78.694  1.35392e-020
79.716  1.34099e-020
80.738  1.32834e-020
81.76  1.31595e-020
82.782  1.30383e-020
83.804  1.29196e-020
84.826  1.28034e-020
85.848  1.26897e-020
86.87  1.25784e-020
87.892  1.24696e-020
88.914  1.2363e-020
89.936  1.22588e-020
90.958  1.21569e-020
91.98  1.20572e-020
93.002  1.19597e-020
94.024  1.18643e-020
95.046  1.1771e-020
96.068  1.16798e-020
97.09  1.15907e-020
98.112  1.15035e-020
99.134  1.14183e-020
100.156  1.1335e-020
101.178  1.12536e-020
102.2  1.1174e-020
103.222  1.10962e-020
104.244  1.10202e-020
105.266  1.09459e-020
106.288  1.08733e-020
107.31  1.08024e-020
108.332  1.07332e-020
109.354  1.06655e-020
110.376  1.05993e-020
111.398  1.05347e-020
112.42  1.04716e-020
113.442  1.041e-020
114.464  1.03498e-020
115.486  1.02909e-020
116.508  1.02335e-020
117.53  1.01773e-020
118.552  1.01225e-020
119.574  1.00689e-020
120.596  1.00166e-020
121.618  9.96545e-021
122.64  9.9155e-021
123.662  9.86668e-021
124.684  9.81898e-021
125.706  9.77236e-021
126.728  9.7268e-021
127.75  9.68226e-021
128.772  9.63871e-021
129.794  9.59614e-021
130.816  9.5545e-021
131.838  9.51377e-021
132.86  9.47392e-021
133.882  9.43493e-021
134.904  9.39676e-021
135.926  9.35939e-021
136.948  9.3228e-021
137.97  9.28695e-021
138.992  9.25181e-021
140.014  9.21737e-021
141.036  9.1836e-021
142.058  9.15047e-021
143.08  9.11795e-021
144.102  9.08602e-021
145.124  9.05465e-021
146.146  9.02383e-021
147.168  8.99352e-021
148.19  8.96369e-021
149.212  8.93433e-021
150.234  8.90542e-021
151.256  8.87692e-021
152.278  8.84881e-021
153.3  8.82108e-021
154.322  8.79369e-021
155.344  8.76663e-021
156.366  8.73986e-021
157.388  8.71338e-021
158.41  8.68715e-021
159.432  8.66116e-021
160.454  8.63538e-021
161.476  8.60979e-021
162.498  8.58437e-021
163.52  8.55909e-021
164.542  8.53395e-021
165.564  8.50891e-021
166.586  8.48395e-021
167.608  8.45906e-021
168.63  8.43422e-021
169.652  8.4094e-021
170.674  8.38458e-021
171.696  8.35975e-021
172.718  8.33489e-021
173.74  8.30997e-021
174.762  8.28498e-021
175.784  8.2599e-021
176.806  8.23471e-021
177.828  8.20939e-021
178.85  8.18392e-021
179.872  8.15829e-021
180.894  8.13248e-021
181.916  8.10647e-021
182.938  8.08024e-021
183.96  8.05378e-021
184.982  8.02706e-021
186.004  8.00008e-021
187.026  7.97282e-021
188.048  7.94525e-021
189.07  7.91736e-021
190.092  7.88915e-021
191.114  7.86058e-021
192.136  7.83165e-021
193.158  7.80233e-021
194.18  7.77263e-021
195.202  7.74251e-021
196.224  7.71197e-021
197.246  7.68098e-021
198.268  7.64954e-021
199.29  7.61764e-021
200.312  7.58525e-021
201.334  7.55236e-021
202.356  7.51897e-021
203.378  7.48504e-021
204.4  7.45059e-021
205.422  7.41558e-021
206.444  7.38001e-021
207.466  7.34386e-021
208.488  7.30712e-021
209.51  7.26978e-021
210.532  7.23183e-021
211.554  7.19326e-021
212.576  7.15405e-021
213.598  7.11418e-021
214.62  7.07367e-021
215.642  7.03247e-021
216.664  6.9906e-021
217.686  6.94804e-021
218.708  6.90477e-021
219.73  6.86079e-021
220.752  6.81609e-021
221.774  6.77066e-021
222.796  6.72449e-021
223.818  6.67756e-021
224.84  6.62988e-021
225.862  6.58142e-021
226.884  6.53219e-021
227.906  6.48218e-021
228.928  6.43138e-021
229.95  6.37977e-021
230.972  6.32736e-021
231.994  6.27413e-021
233.016  6.22009e-021
234.038  6.16521e-021
235.06  6.10951e-021
236.082  6.05297e-021
237.104  5.99558e-021
238.126  5.93735e-021
239.148  5.87827e-021
240.17  5.81834e-021
241.192  5.75754e-021
242.214  5.69589e-021
243.236  5.63337e-021
244.258  5.56999e-021
245.28  5.50575e-021
246.302  5.44064e-021
247.324  5.37466e-021
248.346  5.30782e-021
249.368  5.24011e-021
250.39  5.17154e-021
251.412  5.10212e-021
252.434  5.03183e-021
253.456  4.9607e-021
254.478  4.88872e-021
255.5  4.8159e-021
256.522  4.74225e-021
257.544  4.66777e-021
258.566  4.59248e-021
259.588  4.51638e-021
260.61  4.43948e-021
261.632  4.3618e-021
262.654  4.28335e-021
263.676  4.20415e-021
264.698  4.1242e-021
265.72  4.04353e-021
266.742  3.96216e-021
267.764  3.8801e-021
268.786  3.79738e-021
269.808  3.71402e-021
270.83  3.63005e-021
271.852  3.54548e-021
272.874  3.46036e-021
273.896  3.37471e-021
274.918  3.28855e-021
275.94  3.20194e-021
276.962  3.1149e-021
277.984  3.02747e-021
279.006  2.9397e-021
280.028  2.85162e-021
281.05  2.76328e-021
282.072  2.67474e-021
283.094  2.58603e-021
284.116  2.49723e-021
285.138  2.40838e-021
286.16  2.31955e-021
287.182  2.23079e-021
288.204  2.14219e-021
289.226  2.0538e-021
290.248  1.9657e-021
291.27  1.87797e-021
292.292  1.79069e-021
293.314  1.70395e-021
294.336  1.61784e-021
295.358  1.53246e-021
296.38  1.44789e-021
297.402  1.36426e-021
298.424  1.28166e-021
299.446  1.20021e-021
300.468  1.12003e-021
301.49  1.04125e-021
302.512  9.63999e-022
303.534  8.88411e-022
304.556  8.1463e-022
305.578  7.42807e-022
306.6  6.73097e-022
307.622  6.05664e-022
308.644  5.40678e-022
309.666  4.78317e-022
310.688  4.18766e-022
311.71  3.62217e-022
312.732  3.08873e-022
313.754  2.58942e-022
314.776  2.12644e-022
315.798  1.70205e-022
316.82  1.31861e-022
317.842  9.78599e-023
318.864  6.84563e-023
319.886  4.39163e-023
320.908  2.4516e-023
321.93  1.05417e-023
322.952  2.28946e-024
