1.022  8.04889e-020
2.044  7.94668e-020
3.066  7.84579e-020
4.088  7.7462e-020
5.11  7.64789e-020
6.132  7.55083e-020
7.154  7.45501e-020
8.176  7.3604e-020
9.198  7.26699e-020
10.22  7.17477e-020
11.242  7.08371e-020
12.264  6.99382e-020
13.286  6.90509e-020
14.308  6.8175e-020
15.33  6.73106e-020
16.352  6.64575e-020
17.374  6.56156e-020
18.396  6.47849e-020
19.418  6.39653e-020
20.44  6.31567e-020
21.462  6.2359e-020
22.484  6.15721e-020
23.506  6.0796e-020
24.528  6.00304e-020
25.55  5.92754e-020
26.572  5.85307e-020
27.594  5.77962e-020
28.616  5.70719e-020
29.638  5.63577e-020
30.66  5.56533e-020
31.682  5.49587e-020
32.704  5.42738e-020
33.726  5.35984e-020
34.748  5.29324e-020
35.77  5.22757e-020
36.792  5.16281e-020
37.814  5.09895e-020
38.836  5.03599e-020
39.858  4.97391e-020
40.88  4.91269e-020
41.902  4.85233e-020
42.924  4.79281e-020
43.946  4.73412e-020
44.968  4.67625e-020
45.99  4.61919e-020
47.012  4.56292e-020
48.034  4.50744e-020
49.056  4.45274e-020
50.078  4.3988e-020
51.1  4.34561e-020
52.122  4.29317e-020
53.144  4.24145e-020
54.166  4.19046e-020
55.188  4.14018e-020
56.21  4.0906e-020
57.232  4.04172e-020
58.254  3.99351e-020
59.276  3.94598e-020
60.298  3.89911e-020
61.32  3.8529e-020
62.342  3.80733e-020
63.364  3.76239e-020
64.386  3.71808e-020
65.408  3.67439e-020
66.43  3.63131e-020
67.452  3.58883e-020
68.474  3.54695e-020
69.496  3.50565e-020
70.518  3.46492e-020
71.54  3.42476e-020
72.562  3.38517e-020
73.584  3.34612e-020
74.606  3.30762e-020
75.628  3.26966e-020
76.65  3.23223e-020
77.672  3.19532e-020
78.694  3.15893e-020
79.716  3.12305e-020
80.738  3.08766e-020
81.76  3.05277e-020
82.782  3.01837e-020
83.804  2.98445e-020
84.826  2.95101e-020
85.848  2.91803e-020
86.87  2.88551e-020
87.892  2.85345e-020
88.914  2.82183e-020
89.936  2.79066e-020
90.958  2.75993e-020
91.98  2.72962e-020
93.002  2.69974e-020
94.024  2.67027e-020
95.046  2.64122e-020
96.068  2.61257e-020
97.09  2.58433e-020
98.112  2.55648e-020
99.134  2.52902e-020
100.156  2.50194e-020
101.178  2.47524e-020
102.2  2.44892e-020
103.222  2.42296e-020
104.244  2.39737e-020
105.266  2.37213e-020
106.288  2.34725e-020
107.31  2.32271e-020
108.332  2.29851e-020
109.354  2.27466e-020
110.376  2.25113e-020
111.398  2.22793e-020
112.42  2.20506e-020
113.442  2.1825e-020
114.464  2.16026e-020
115.486  2.13833e-020
116.508  2.1167e-020
117.53  2.09537e-020
118.552  2.07433e-020
119.574  2.05359e-020
120.596  2.03313e-020
121.618  2.01296e-020
122.64  1.99306e-020
123.662  1.97344e-020
124.684  1.95409e-020
125.706  1.935e-020
126.728  1.91618e-020
127.75  1.89761e-020
128.772  1.8793e-020
129.794  1.86124e-020
130.816  1.84342e-020
131.838  1.82584e-020
132.86  1.8085e-020
133.882  1.7914e-020
134.904  1.77453e-020
135.926  1.75788e-020
136.948  1.74146e-020
137.97  1.72526e-020
138.992  1.70927e-020
140.014  1.6935e-020
141.036  1.67794e-020
142.058  1.66258e-020
143.08  1.64742e-020
144.102  1.63246e-020
145.124  1.6177e-020
146.146  1.60313e-020
147.168  1.58875e-020
148.19  1.57456e-020
149.212  1.56055e-020
150.234  1.54672e-020
151.256  1.53306e-020
152.278  1.51958e-020
153.3  1.50627e-020
154.322  1.49312e-020
155.344  1.48014e-020
156.366  1.46732e-020
157.388  1.45466e-020
158.41  1.44216e-020
159.432  1.4298e-020
160.454  1.4176e-020
161.476  1.40554e-020
162.498  1.39363e-020
163.52  1.38186e-020
164.542  1.37022e-020
165.564  1.35873e-020
166.586  1.34736e-020
167.608  1.33613e-020
168.63  1.32502e-020
169.652  1.31404e-020
170.674  1.30318e-020
171.696  1.29244e-020
172.718  1.28181e-020
173.74  1.2713e-020
174.762  1.26091e-020
175.784  1.25062e-020
176.806  1.24044e-020
177.828  1.23037e-020
178.85  1.22039e-020
179.872  1.21052e-020
180.894  1.20074e-020
181.916  1.19106e-020
182.938  1.18147e-020
183.96  1.17197e-020
184.982  1.16256e-020
186.004  1.15324e-020
187.026  1.14399e-020
188.048  1.13483e-020
189.07  1.12574e-020
190.092  1.11674e-020
191.114  1.1078e-020
192.136  1.09893e-020
193.158  1.09014e-020
194.18  1.08141e-020
195.202  1.07274e-020
196.224  1.06414e-020
197.246  1.0556e-020
198.268  1.04711e-020
199.29  1.03868e-020
200.312  1.0303e-020
201.334  1.02197e-020
202.356  1.01369e-020
203.378  1.00546e-020
204.4  9.97266e-021
205.422  9.89117e-021
206.444  9.81006e-021
207.466  9.72931e-021
208.488  9.64892e-021
209.51  9.56884e-021
210.532  9.48906e-021
211.554  9.40955e-021
212.576  9.33029e-021
213.598  9.25127e-021
214.62  9.17244e-021
215.642  9.0938e-021
216.664  9.01532e-021
217.686  8.93697e-021
218.708  8.85873e-021
219.73  8.78058e-021
220.752  8.7025e-021
221.774  8.62446e-021
222.796  8.54643e-021
223.818  8.4684e-021
224.84  8.39034e-021
225.862  8.31223e-021
226.884  8.23405e-021
227.906  8.15576e-021
228.928  8.07735e-021
229.95  7.99879e-021
230.972  7.92007e-021
231.994  7.84115e-021
233.016  7.76201e-021
234.038  7.68264e-021
235.06  7.603e-021
236.082  7.52308e-021
237.104  7.44285e-021
238.126  7.36229e-021
239.148  7.28138e-021
240.17  7.20009e-021
241.192  7.11841e-021
242.214  7.03631e-021
243.236  6.95376e-021
244.258  6.87076e-021
245.28  6.78728e-021
246.302  6.70329e-021
247.324  6.61879e-021
248.346  6.53374e-021
249.368  6.44814e-021
250.39  6.36196e-021
251.412  6.27518e-021
252.434  6.1878e-021
253.456  6.09979e-021
254.478  6.01114e-021
255.5  5.92183e-021
256.522  5.83185e-021
257.544  5.7412e-021
258.566  5.64985e-021
259.588  5.5578e-021
260.61  5.46504e-021
261.632  5.37156e-021
262.654  5.27736e-021
263.676  5.18243e-021
264.698  5.08677e-021
265.72  4.99038e-021
266.742  4.89326e-021
267.764  4.79541e-021
268.786  4.69684e-021
269.808  4.59755e-021
270.83  4.49755e-021
271.852  4.39685e-021
272.874  4.29548e-021
273.896  4.19343e-021
274.918  4.09074e-021
275.94  3.98743e-021
276.962  3.88351e-021
277.984  3.77903e-021
279.006  3.67401e-021
280.028  3.56848e-021
281.05  3.4625e-021
282.072  3.35609e-021
283.094  3.24931e-021
284.116  3.14221e-021
285.138  3.03485e-021
286.16  2.92728e-021
287.182  2.81958e-021
288.204  2.71181e-021
289.226  2.60406e-021
290.248  2.49639e-021
291.27  2.38891e-021
292.292  2.28171e-021
293.314  2.17489e-021
294.336  2.06855e-021
295.358  1.96281e-021
296.38  1.85779e-021
297.402  1.75363e-021
298.424  1.65045e-021
299.446  1.54841e-021
300.468  1.44766e-021
301.49  1.34837e-021
302.512  1.2507e-021
303.534  1.15483e-021
304.556  1.06097e-021
305.578  9.69303e-022
306.6  8.80056e-022
307.622  7.93449e-022
308.644  7.09717e-022
309.666  6.2911e-022
310.688  5.51888e-022
311.71  4.78323e-022
312.732  4.08703e-022
313.754  3.43329e-022
314.776  2.82516e-022
315.798  2.26593e-022
316.82  1.75906e-022
317.842  1.30815e-022
318.864  9.16974e-023
319.886  5.8947e-023
320.908  3.29746e-023
321.93  1.42081e-023
322.952  3.09208e-024
