1.022  1.25272e-019
2.044  1.23805e-019
3.066  1.22356e-019
4.088  1.20923e-019
5.11  1.19509e-019
6.132  1.1811e-019
7.154  1.16729e-019
8.176  1.15364e-019
9.198  1.14014e-019
10.22  1.12681e-019
11.242  1.11363e-019
12.264  1.10061e-019
13.286  1.08775e-019
14.308  1.07503e-019
15.33  1.06248e-019
16.352  1.05007e-019
17.374  1.03781e-019
18.396  1.02571e-019
19.418  1.01376e-019
20.44  1.00195e-019
21.462  9.90294e-020
22.484  9.78783e-020
23.506  9.67417e-020
24.528  9.56195e-020
25.55  9.45115e-020
26.572  9.34176e-020
27.594  9.23376e-020
28.616  9.12715e-020
29.638  9.02189e-020
30.66  8.91798e-020
31.682  8.81541e-020
32.704  8.71414e-020
33.726  8.61418e-020
34.748  8.51549e-020
35.77  8.41807e-020
36.792  8.3219e-020
37.814  8.22696e-020
38.836  8.13323e-020
39.858  8.04071e-020
40.88  7.94936e-020
41.902  7.85918e-020
42.924  7.77015e-020
43.946  7.68226e-020
44.968  7.59548e-020
45.99  7.50981e-020
47.012  7.42522e-020
48.034  7.34171e-020
49.056  7.25926e-020
50.078  7.17785e-020
51.1  7.09747e-020
52.122  7.01811e-020
53.144  6.93974e-020
54.166  6.86237e-020
55.188  6.78596e-020
56.21  6.71052e-020
57.232  6.63603e-020
58.254  6.56246e-020
59.276  6.48982e-020
60.298  6.41809e-020
61.32  6.34725e-020
62.342  6.2773e-020
63.364  6.20822e-020
64.386  6.14e-020
65.408  6.07263e-020
66.43  6.00609e-020
67.452  5.94038e-020
68.474  5.87548e-020
69.496  5.81139e-020
70.518  5.74809e-020
71.54  5.68557e-020
72.562  5.62383e-020
73.584  5.56284e-020
74.606  5.50261e-020
75.628  5.44311e-020
76.65  5.38435e-020
77.672  5.32631e-020
78.694  5.26898e-020
79.716  5.21235e-020
80.738  5.15642e-020
81.76  5.10117e-020
82.782  5.0466e-020
83.804  4.99269e-020
84.826  4.93944e-020
85.848  4.88684e-020
86.87  4.83488e-020
87.892  4.78355e-020
88.914  4.73284e-020
89.936  4.68275e-020
90.958  4.63327e-020
91.98  4.58439e-020
93.002  4.53609e-020
94.024  4.48839e-020
95.046  4.44126e-020
96.068  4.39469e-020
97.09  4.34869e-020
98.112  4.30325e-020
99.134  4.25835e-020
100.156  4.21399e-020
101.178  4.17016e-020
102.2  4.12686e-020
103.222  4.08408e-020
104.244  4.04181e-020
105.266  4.00004e-020
106.288  3.95878e-020
107.31  3.91801e-020
108.332  3.87772e-020
109.354  3.83791e-020
110.376  3.79858e-020
111.398  3.75972e-020
112.42  3.72131e-020
113.442  3.68337e-020
114.464  3.64587e-020
115.486  3.60882e-020
116.508  3.5722e-020
117.53  3.53601e-020
118.552  3.50026e-020
119.574  3.46492e-020
120.596  3.43e-020
121.618  3.39549e-020
122.64  3.36138e-020
123.662  3.32768e-020
124.684  3.29437e-020
125.706  3.26144e-020
126.728  3.22891e-020
127.75  3.19675e-020
128.772  3.16496e-020
129.794  3.13354e-020
130.816  3.10249e-020
131.838  3.0718e-020
132.86  3.04146e-020
133.882  3.01147e-020
134.904  2.98183e-020
135.926  2.95253e-020
136.948  2.92357e-020
137.97  2.89493e-020
138.992  2.86663e-020
140.014  2.83865e-020
141.036  2.81098e-020
142.058  2.78363e-020
143.08  2.7566e-020
144.102  2.72986e-020
145.124  2.70343e-020
146.146  2.6773e-020
147.168  2.65146e-020
148.19  2.62592e-020
149.212  2.60065e-020
150.234  2.57568e-020
151.256  2.55097e-020
152.278  2.52655e-020
153.3  2.50239e-020
154.322  2.4785e-020
155.344  2.45488e-020
156.366  2.43151e-020
157.388  2.4084e-020
158.41  2.38555e-020
159.432  2.36294e-020
160.454  2.34057e-020
161.476  2.31845e-020
162.498  2.29657e-020
163.52  2.27492e-020
164.542  2.25351e-020
165.564  2.23232e-020
166.586  2.21136e-020
167.608  2.19061e-020
168.63  2.17009e-020
169.652  2.14978e-020
170.674  2.12969e-020
171.696  2.1098e-020
172.718  2.09011e-020
173.74  2.07063e-020
174.762  2.05135e-020
175.784  2.03226e-020
176.806  2.01337e-020
177.828  1.99466e-020
178.85  1.97614e-020
179.872  1.95781e-020
180.894  1.93965e-020
181.916  1.92167e-020
182.938  1.90386e-020
183.96  1.88623e-020
184.982  1.86876e-020
186.004  1.85145e-020
187.026  1.83431e-020
188.048  1.81733e-020
189.07  1.8005e-020
190.092  1.78382e-020
191.114  1.76729e-020
192.136  1.75091e-020
193.158  1.73467e-020
194.18  1.71857e-020
195.202  1.7026e-020
196.224  1.68677e-020
197.246  1.67107e-020
198.268  1.6555e-020
199.29  1.64005e-020
200.312  1.62472e-020
201.334  1.60951e-020
202.356  1.59441e-020
203.378  1.57942e-020
204.4  1.56454e-020
205.422  1.54977e-020
206.444  1.5351e-020
207.466  1.52052e-020
208.488  1.50604e-020
209.51  1.49165e-020
210.532  1.47735e-020
211.554  1.46314e-020
212.576  1.449e-020
213.598  1.43495e-020
214.62  1.42096e-020
215.642  1.40705e-020
216.664  1.39321e-020
217.686  1.37943e-020
218.708  1.36571e-020
219.73  1.35205e-020
220.752  1.33844e-020
221.774  1.32488e-020
222.796  1.31137e-020
223.818  1.2979e-020
224.84  1.28447e-020
225.862  1.27107e-020
226.884  1.25771e-020
227.906  1.24437e-020
228.928  1.23106e-020
229.95  1.21777e-020
230.972  1.20449e-020
231.994  1.19123e-020
233.016  1.17798e-020
234.038  1.16474e-020
235.06  1.15149e-020
236.082  1.13825e-020
237.104  1.125e-020
238.126  1.11174e-020
239.148  1.09847e-020
240.17  1.08518e-020
241.192  1.07188e-020
242.214  1.05855e-020
243.236  1.04519e-020
244.258  1.0318e-020
245.28  1.01838e-020
246.302  1.00492e-020
247.324  9.91425e-021
248.346  9.77882e-021
249.368  9.64292e-021
250.39  9.50652e-021
251.412  9.3696e-021
252.434  9.2321e-021
253.456  9.09402e-021
254.478  8.95533e-021
255.5  8.81599e-021
256.522  8.67598e-021
257.544  8.53528e-021
258.566  8.39388e-021
259.588  8.25173e-021
260.61  8.10884e-021
261.632  7.96518e-021
262.654  7.82074e-021
263.676  7.67551e-021
264.698  7.52948e-021
265.72  7.38263e-021
266.742  7.23497e-021
267.764  7.0865e-021
268.786  6.9372e-021
269.808  6.7871e-021
270.83  6.63619e-021
271.852  6.48449e-021
272.874  6.33201e-021
273.896  6.17877e-021
274.918  6.02479e-021
275.94  5.8701e-021
276.962  5.71473e-021
277.984  5.55872e-021
279.006  5.4021e-021
280.028  5.24493e-021
281.05  5.08726e-021
282.072  4.92915e-021
283.094  4.77065e-021
284.116  4.61184e-021
285.138  4.45279e-021
286.16  4.2936e-021
287.182  4.13435e-021
288.204  3.97514e-021
289.226  3.81608e-021
290.248  3.65727e-021
291.27  3.49886e-021
292.292  3.34097e-021
293.314  3.18374e-021
294.336  3.02732e-021
295.358  2.87188e-021
296.38  2.7176e-021
297.402  2.56465e-021
298.424  2.41323e-021
299.446  2.26355e-021
300.468  2.11584e-021
301.49  1.97032e-021
302.512  1.82724e-021
303.534  1.68687e-021
304.556  1.54948e-021
305.578  1.41537e-021
306.6  1.28483e-021
307.622  1.1582e-021
308.644  1.03581e-021
309.666  9.18021e-022
310.688  8.05213e-022
311.71  6.97778e-022
312.732  5.96131e-022
313.754  5.00707e-022
314.776  4.11961e-022
315.798  3.30371e-022
316.82  2.56436e-022
317.842  1.90678e-022
318.864  1.33643e-022
319.886  8.5901e-023
320.908  4.80467e-023
321.93  2.06999e-023
322.952  4.50436e-024
