1.022  6.00554e-020
2.044  6.03144e-020
3.066  6.05719e-020
4.088  6.08278e-020
5.11  6.10821e-020
6.132  6.13348e-020
7.154  6.15857e-020
8.176  6.18349e-020
9.198  6.20822e-020
10.22  6.23277e-020
11.242  6.25714e-020
12.264  6.28133e-020
13.286  6.30533e-020
14.308  6.32917e-020
15.33  6.35284e-020
16.352  6.37634e-020
17.374  6.39969e-020
18.396  6.42288e-020
19.418  6.44592e-020
20.44  6.46882e-020
21.462  6.49157e-020
22.484  6.51418e-020
23.506  6.53666e-020
24.528  6.559e-020
25.55  6.58121e-020
26.572  6.60328e-020
27.594  6.62523e-020
28.616  6.64705e-020
29.638  6.66873e-020
30.66  6.69029e-020
31.682  6.71172e-020
32.704  6.73302e-020
33.726  6.75419e-020
34.748  6.77523e-020
35.77  6.79613e-020
36.792  6.81691e-020
37.814  6.83754e-020
38.836  6.85805e-020
39.858  6.87841e-020
40.88  6.89864e-020
41.902  6.91872e-020
42.924  6.93866e-020
43.946  6.95845e-020
44.968  6.9781e-020
45.99  6.9976e-020
47.012  7.01695e-020
48.034  7.03614e-020
49.056  7.05518e-020
50.078  7.07406e-020
51.1  7.09278e-020
52.122  7.11134e-020
53.144  7.12973e-020
54.166  7.14795e-020
55.188  7.16601e-020
56.21  7.18389e-020
57.232  7.2016e-020
58.254  7.21913e-020
59.276  7.23648e-020
60.298  7.25365e-020
61.32  7.27064e-020
62.342  7.28743e-020
63.364  7.30404e-020
64.386  7.32046e-020
65.408  7.33668e-020
66.43  7.35271e-020
67.452  7.36854e-020
68.474  7.38417e-020
69.496  7.39959e-020
70.518  7.41481e-020
71.54  7.42983e-020
72.562  7.44463e-020
73.584  7.45922e-020
74.606  7.47359e-020
75.628  7.48775e-020
76.65  7.50168e-020
77.672  7.5154e-020
78.694  7.52889e-020
79.716  7.54216e-020
80.738  7.5552e-020
81.76  7.56801e-020
82.782  7.58058e-020
83.804  7.59292e-020
84.826  7.60503e-020
85.848  7.61689e-020
86.87  7.62852e-020
87.892  7.6399e-020
88.914  7.65104e-020
89.936  7.66193e-020
90.958  7.67257e-020
91.98  7.68296e-020
93.002  7.69309e-020
94.024  7.70298e-020
95.046  7.7126e-020
96.068  7.72197e-020
97.09  7.73107e-020
98.112  7.73991e-020
99.134  7.74849e-020
100.156  7.7568e-020
101.178  7.76484e-020
102.2  7.77261e-020
103.222  7.78011e-020
104.244  7.78733e-020
105.266  7.79428e-020
106.288  7.80095e-020
107.31  7.80734e-020
108.332  7.81345e-020
109.354  7.81927e-020
110.376  7.82481e-020
111.398  7.83006e-020
112.42  7.83502e-020
113.442  7.83969e-020
114.464  7.84406e-020
115.486  7.84815e-020
116.508  7.85193e-020
117.53  7.85542e-020
118.552  7.8586e-020
119.574  7.86148e-020
120.596  7.86406e-020
121.618  7.86633e-020
122.64  7.86829e-020
123.662  7.86994e-020
124.684  7.87128e-020
125.706  7.87231e-020
126.728  7.87301e-020
127.75  7.8734e-020
128.772  7.87347e-020
129.794  7.87322e-020
130.816  7.87264e-020
131.838  7.87174e-020
132.86  7.8705e-020
133.882  7.86894e-020
134.904  7.86704e-020
135.926  7.8648e-020
136.948  7.86223e-020
137.97  7.85932e-020
138.992  7.85607e-020
140.014  7.85247e-020
141.036  7.84852e-020
142.058  7.84422e-020
143.08  7.83957e-020
144.102  7.83457e-020
145.124  7.82921e-020
146.146  7.82349e-020
147.168  7.81741e-020
148.19  7.81096e-020
149.212  7.80414e-020
150.234  7.79695e-020
151.256  7.78939e-020
152.278  7.78145e-020
153.3  7.77313e-020
154.322  7.76443e-020
155.344  7.75534e-020
156.366  7.74587e-020
157.388  7.736e-020
158.41  7.72574e-020
159.432  7.71507e-020
160.454  7.70401e-020
161.476  7.69254e-020
162.498  7.68065e-020
163.52  7.66836e-020
164.542  7.65565e-020
165.564  7.64252e-020
166.586  7.62896e-020
167.608  7.61498e-020
168.63  7.60056e-020
169.652  7.58571e-020
170.674  7.57042e-020
171.696  7.55468e-020
172.718  7.5385e-020
173.74  7.52186e-020
174.762  7.50476e-020
175.784  7.4872e-020
176.806  7.46918e-020
177.828  7.45068e-020
178.85  7.43171e-020
179.872  7.41226e-020
180.894  7.39232e-020
181.916  7.37189e-020
182.938  7.35097e-020
183.96  7.32954e-020
184.982  7.30761e-020
186.004  7.28517e-020
187.026  7.26221e-020
188.048  7.23873e-020
189.07  7.21473e-020
190.092  7.19019e-020
191.114  7.16511e-020
192.136  7.13949e-020
193.158  7.11332e-020
194.18  7.0866e-020
195.202  7.05931e-020
196.224  7.03146e-020
197.246  7.00304e-020
198.268  6.97404e-020
199.29  6.94445e-020
200.312  6.91428e-020
201.334  6.88351e-020
202.356  6.85214e-020
203.378  6.82016e-020
204.4  6.78756e-020
205.422  6.75435e-020
206.444  6.72051e-020
207.466  6.68604e-020
208.488  6.65093e-020
209.51  6.61518e-020
210.532  6.57878e-020
211.554  6.54172e-020
212.576  6.50401e-020
213.598  6.46562e-020
214.62  6.42656e-020
215.642  6.38683e-020
216.664  6.34641e-020
217.686  6.3053e-020
218.708  6.26349e-020
219.73  6.22099e-020
220.752  6.17778e-020
221.774  6.13385e-020
222.796  6.08922e-020
223.818  6.04386e-020
224.84  5.99778e-020
225.862  5.95097e-020
226.884  5.90342e-020
227.906  5.85514e-020
228.928  5.80611e-020
229.95  5.75635e-020
230.972  5.70583e-020
231.994  5.65456e-020
233.016  5.60254e-020
234.038  5.54976e-020
235.06  5.49622e-020
236.082  5.44193e-020
237.104  5.38687e-020
238.126  5.33105e-020
239.148  5.27446e-020
240.17  5.21712e-020
241.192  5.15901e-020
242.214  5.10013e-020
243.236  5.0405e-020
244.258  4.98011e-020
245.28  4.91896e-020
246.302  4.85706e-020
247.324  4.7944e-020
248.346  4.731e-020
249.368  4.66686e-020
250.39  4.60199e-020
251.412  4.53638e-020
252.434  4.47005e-020
253.456  4.40301e-020
254.478  4.33526e-020
255.5  4.26681e-020
256.522  4.19768e-020
257.544  4.12787e-020
258.566  4.0574e-020
259.588  3.98628e-020
260.61  3.91452e-020
261.632  3.84215e-020
262.654  3.76917e-020
263.676  3.6956e-020
264.698  3.62147e-020
265.72  3.54679e-020
266.742  3.47158e-020
267.764  3.39587e-020
268.786  3.31968e-020
269.808  3.24304e-020
270.83  3.16597e-020
271.852  3.08851e-020
272.874  3.01067e-020
273.896  2.9325e-020
274.918  2.85403e-020
275.94  2.77529e-020
276.962  2.69633e-020
277.984  2.61717e-020
279.006  2.53786e-020
280.028  2.45844e-020
281.05  2.37897e-020
282.072  2.29948e-020
283.094  2.22002e-020
284.116  2.14065e-020
285.138  2.06143e-020
286.16  1.9824e-020
287.182  1.90362e-020
288.204  1.82517e-020
289.226  1.7471e-020
290.248  1.66948e-020
291.27  1.59237e-020
292.292  1.51586e-020
293.314  1.44002e-020
294.336  1.36493e-020
295.358  1.29066e-020
296.38  1.21731e-020
297.402  1.14496e-020
298.424  1.0737e-020
299.446  1.00364e-020
300.468  9.34863e-021
301.49  8.67479e-021
302.512  8.01595e-021
303.534  7.37321e-021
304.556  6.74771e-021
305.578  6.14065e-021
306.6  5.55326e-021
307.622  4.98681e-021
308.644  4.44262e-021
309.666  3.92206e-021
310.688  3.42655e-021
311.71  2.95755e-021
312.732  2.51657e-021
313.754  2.10517e-021
314.776  1.72496e-021
315.798  1.37763e-021
316.82  1.06488e-021
317.842  7.88493e-022
318.864  5.50309e-022
319.886  3.52216e-022
320.908  1.96161e-022
321.93  8.41477e-023
322.952  1.82314e-023
