1.022  8.28099e-020
2.044  8.30314e-020
3.066  8.32516e-020
4.088  8.34704e-020
5.11  8.36878e-020
6.132  8.39036e-020
7.154  8.41179e-020
8.176  8.43305e-020
9.198  8.45414e-020
10.22  8.47505e-020
11.242  8.49578e-020
12.264  8.51635e-020
13.286  8.53674e-020
14.308  8.55698e-020
15.33  8.57706e-020
16.352  8.59698e-020
17.374  8.61677e-020
18.396  8.63641e-020
19.418  8.65592e-020
20.44  8.67531e-020
21.462  8.69457e-020
22.484  8.71371e-020
23.506  8.73273e-020
24.528  8.75164e-020
25.55  8.77044e-020
26.572  8.78913e-020
27.594  8.80771e-020
28.616  8.82618e-020
29.638  8.84454e-020
30.66  8.86279e-020
31.682  8.88094e-020
32.704  8.89897e-020
33.726  8.9169e-020
34.748  8.93471e-020
35.77  8.9524e-020
36.792  8.96998e-020
37.814  8.98744e-020
38.836  9.00479e-020
39.858  9.022e-020
40.88  9.0391e-020
41.902  9.05606e-020
42.924  9.07289e-020
43.946  9.08959e-020
44.968  9.10616e-020
45.99  9.12258e-020
47.012  9.13886e-020
48.034  9.155e-020
49.056  9.17098e-020
50.078  9.18682e-020
51.1  9.20249e-020
52.122  9.21801e-020
53.144  9.23337e-020
54.166  9.24856e-020
55.188  9.26359e-020
56.21  9.27844e-020
57.232  9.29312e-020
58.254  9.30762e-020
59.276  9.32194e-020
60.298  9.33607e-020
61.32  9.35002e-020
62.342  9.36377e-020
63.364  9.37734e-020
64.386  9.3907e-020
65.408  9.40386e-020
66.43  9.41682e-020
67.452  9.42957e-020
68.474  9.44212e-020
69.496  9.45445e-020
70.518  9.46656e-020
71.54  9.47845e-020
72.562  9.49013e-020
73.584  9.50157e-020
74.606  9.51279e-020
75.628  9.52378e-020
76.65  9.53453e-020
77.672  9.54505e-020
78.694  9.55533e-020
79.716  9.56536e-020
80.738  9.57515e-020
81.76  9.5847e-020
82.782  9.59399e-020
83.804  9.60302e-020
84.826  9.6118e-020
85.848  9.62033e-020
86.87  9.62859e-020
87.892  9.63658e-020
88.914  9.64431e-020
89.936  9.65177e-020
90.958  9.65896e-020
91.98  9.66587e-020
93.002  9.67251e-020
94.024  9.67886e-020
95.046  9.68494e-020
96.068  9.69073e-020
97.09  9.69623e-020
98.112  9.70145e-020
99.134  9.70637e-020
100.156  9.71099e-020
101.178  9.71533e-020
102.2  9.71936e-020
103.222  9.72309e-020
104.244  9.72652e-020
105.266  9.72964e-020
106.288  9.73245e-020
107.31  9.73495e-020
108.332  9.73714e-020
109.354  9.73902e-020
110.376  9.74057e-020
111.398  9.74181e-020
112.42  9.74273e-020
113.442  9.74332e-020
114.464  9.74358e-020
115.486  9.74352e-020
116.508  9.74312e-020
117.53  9.7424e-020
118.552  9.74133e-020
119.574  9.73993e-020
120.596  9.73819e-020
121.618  9.73611e-020
122.64  9.73368e-020
123.662  9.7309e-020
124.684  9.72778e-020
125.706  9.7243e-020
126.728  9.72047e-020
127.75  9.71628e-020
128.772  9.71174e-020
129.794  9.70683e-020
130.816  9.70156e-020
131.838  9.69593e-020
132.86  9.68992e-020
133.882  9.68354e-020
134.904  9.67679e-020
135.926  9.66967e-020
136.948  9.66216e-020
137.97  9.65428e-020
138.992  9.646e-020
140.014  9.63735e-020
141.036  9.6283e-020
142.058  9.61886e-020
143.08  9.60902e-020
144.102  9.59879e-020
145.124  9.58815e-020
146.146  9.57711e-020
147.168  9.56567e-020
148.19  9.55381e-020
149.212  9.54154e-020
150.234  9.52885e-020
151.256  9.51574e-020
152.278  9.50221e-020
153.3  9.48825e-020
154.322  9.47386e-020
155.344  9.45904e-020
156.366  9.44378e-020
157.388  9.42808e-020
158.41  9.41193e-020
159.432  9.39534e-020
160.454  9.37829e-020
161.476  9.36079e-020
162.498  9.34282e-020
163.52  9.32439e-020
164.542  9.30549e-020
165.564  9.28612e-020
166.586  9.26627e-020
167.608  9.24594e-020
168.63  9.22513e-020
169.652  9.20382e-020
170.674  9.18201e-020
171.696  9.15971e-020
172.718  9.1369e-020
173.74  9.11358e-020
174.762  9.08974e-020
175.784  9.06539e-020
176.806  9.04051e-020
177.828  9.01509e-020
178.85  8.98914e-020
179.872  8.96265e-020
180.894  8.93562e-020
181.916  8.90802e-020
182.938  8.87987e-020
183.96  8.85116e-020
184.982  8.82188e-020
186.004  8.79202e-020
187.026  8.76157e-020
188.048  8.73054e-020
189.07  8.69892e-020
190.092  8.66669e-020
191.114  8.63386e-020
192.136  8.60041e-020
193.158  8.56634e-020
194.18  8.53165e-020
195.202  8.49632e-020
196.224  8.46036e-020
197.246  8.42374e-020
198.268  8.38648e-020
199.29  8.34855e-020
200.312  8.30996e-020
201.334  8.27069e-020
202.356  8.23075e-020
203.378  8.19011e-020
204.4  8.14878e-020
205.422  8.10676e-020
206.444  8.06402e-020
207.466  8.02057e-020
208.488  7.97639e-020
209.51  7.93149e-020
210.532  7.88585e-020
211.554  7.83947e-020
212.576  7.79234e-020
213.598  7.74445e-020
214.62  7.69581e-020
215.642  7.64639e-020
216.664  7.59619e-020
217.686  7.54522e-020
218.708  7.49345e-020
219.73  7.4409e-020
220.752  7.38754e-020
221.774  7.33337e-020
222.796  7.27839e-020
223.818  7.2226e-020
224.84  7.16598e-020
225.862  7.10853e-020
226.884  7.05025e-020
227.906  6.99113e-020
228.928  6.93117e-020
229.95  6.87036e-020
230.972  6.80871e-020
231.994  6.74619e-020
233.016  6.68282e-020
234.038  6.6186e-020
235.06  6.5535e-020
236.082  6.48755e-020
237.104  6.42072e-020
238.126  6.35303e-020
239.148  6.28448e-020
240.17  6.21505e-020
241.192  6.14475e-020
242.214  6.07359e-020
243.236  6.00156e-020
244.258  5.92867e-020
245.28  5.85491e-020
246.302  5.7803e-020
247.324  5.70483e-020
248.346  5.62852e-020
249.368  5.55136e-020
250.39  5.47336e-020
251.412  5.39453e-020
252.434  5.31488e-020
253.456  5.23442e-020
254.478  5.15315e-020
255.5  5.07109e-020
256.522  4.98825e-020
257.544  4.90465e-020
258.566  4.82029e-020
259.588  4.73519e-020
260.61  4.64937e-020
261.632  4.56284e-020
262.654  4.47564e-020
263.676  4.38776e-020
264.698  4.29925e-020
265.72  4.21011e-020
266.742  4.12039e-020
267.764  4.03009e-020
268.786  3.93926e-020
269.808  3.84791e-020
270.83  3.75609e-020
271.852  3.66382e-020
272.874  3.57115e-020
273.896  3.4781e-020
274.918  3.38472e-020
275.94  3.29105e-020
276.962  3.19712e-020
277.984  3.103e-020
279.006  3.00872e-020
280.028  2.91434e-020
281.05  2.81991e-020
282.072  2.72547e-020
283.094  2.63111e-020
284.116  2.53686e-020
285.138  2.4428e-020
286.16  2.34899e-020
287.182  2.25551e-020
288.204  2.16242e-020
289.226  2.06979e-020
290.248  1.97772e-020
291.27  1.88628e-020
292.292  1.79555e-020
293.314  1.70562e-020
294.336  1.6166e-020
295.358  1.52856e-020
296.38  1.44162e-020
297.402  1.35588e-020
298.424  1.27145e-020
299.446  1.18843e-020
300.468  1.10695e-020
301.49  1.02712e-020
302.512  9.49082e-021
303.534  8.72953e-021
304.556  7.98872e-021
305.578  7.2698e-021
306.6  6.57422e-021
307.622  5.90348e-021
308.644  5.25914e-021
309.666  4.6428e-021
310.688  4.05615e-021
311.71  3.50091e-021
312.732  2.97886e-021
313.754  2.49185e-021
314.776  2.04178e-021
315.798  1.63063e-021
316.82  1.26043e-021
317.842  9.33285e-022
318.864  6.51359e-022
319.886  4.16889e-022
320.908  2.32179e-022
321.93  9.9598e-023
322.952  2.15789e-023
