1.022  2.10776e-020
2.044  2.0743e-020
3.066  2.0413e-020
4.088  2.00875e-020
5.11  1.97664e-020
6.132  1.94497e-020
7.154  1.91373e-020
8.176  1.88292e-020
9.198  1.85253e-020
10.22  1.82255e-020
11.242  1.79298e-020
12.264  1.76382e-020
13.286  1.73506e-020
14.308  1.7067e-020
15.33  1.67874e-020
16.352  1.65118e-020
17.374  1.62401e-020
18.396  1.59722e-020
19.418  1.57083e-020
20.44  1.54481e-020
21.462  1.51918e-020
22.484  1.49392e-020
23.506  1.46903e-020
24.528  1.4445e-020
25.55  1.42034e-020
26.572  1.39654e-020
27.594  1.3731e-020
28.616  1.35001e-020
29.638  1.32726e-020
30.66  1.30486e-020
31.682  1.28279e-020
32.704  1.26106e-020
33.726  1.23966e-020
34.748  1.21859e-020
35.77  1.19783e-020
36.792  1.1774e-020
37.814  1.15727e-020
38.836  1.13746e-020
39.858  1.11795e-020
40.88  1.09875e-020
41.902  1.07984e-020
42.924  1.06122e-020
43.946  1.0429e-020
44.968  1.02486e-020
45.99  1.0071e-020
47.012  9.89621e-021
48.034  9.72416e-021
49.056  9.55482e-021
50.078  9.38815e-021
51.1  9.22412e-021
52.122  9.0627e-021
53.144  8.90384e-021
54.166  8.74752e-021
55.188  8.5937e-021
56.21  8.44236e-021
57.232  8.29345e-021
58.254  8.14695e-021
59.276  8.00282e-021
60.298  7.86104e-021
61.32  7.72158e-021
62.342  7.5844e-021
63.364  7.44947e-021
64.386  7.31678e-021
65.408  7.18628e-021
66.43  7.05795e-021
67.452  6.93177e-021
68.474  6.8077e-021
69.496  6.68572e-021
70.518  6.56581e-021
71.54  6.44793e-021
72.562  6.33207e-021
73.584  6.21819e-021
74.606  6.10627e-021
75.628  5.9963e-021
76.65  5.88823e-021
77.672  5.78206e-021
78.694  5.67776e-021
79.716  5.57529e-021
80.738  5.47466e-021
81.76  5.37582e-021
82.782  5.27875e-021
83.804  5.18345e-021
84.826  5.08987e-021
85.848  4.99801e-021
86.87  4.90785e-021
87.892  4.81935e-021
88.914  4.73251e-021
89.936  4.6473e-021
90.958  4.5637e-021
91.98  4.4817e-021
93.002  4.40126e-021
94.024  4.32239e-021
95.046  4.24505e-021
96.068  4.16922e-021
97.09  4.0949e-021
98.112  4.02206e-021
99.134  3.95068e-021
100.156  3.88075e-021
101.178  3.81225e-021
102.2  3.74515e-021
103.222  3.67946e-021
104.244  3.61514e-021
105.266  3.55218e-021
106.288  3.49057e-021
107.31  3.43029e-021
108.332  3.37132e-021
109.354  3.31365e-021
110.376  3.25726e-021
111.398  3.20213e-021
112.42  3.14826e-021
113.442  3.09562e-021
114.464  3.0442e-021
115.486  2.99399e-021
116.508  2.94496e-021
117.53  2.89712e-021
118.552  2.85043e-021
119.574  2.80489e-021
120.596  2.76048e-021
121.618  2.71719e-021
122.64  2.67501e-021
123.662  2.63391e-021
124.684  2.59389e-021
125.706  2.55494e-021
126.728  2.51703e-021
127.75  2.48016e-021
128.772  2.44431e-021
129.794  2.40946e-021
130.816  2.37561e-021
131.838  2.34275e-021
132.86  2.31085e-021
133.882  2.2799e-021
134.904  2.2499e-021
135.926  2.22083e-021
136.948  2.19267e-021
137.97  2.16541e-021
138.992  2.13905e-021
140.014  2.11356e-021
141.036  2.08893e-021
142.058  2.06516e-021
143.08  2.04222e-021
144.102  2.02011e-021
145.124  1.99881e-021
146.146  1.97832e-021
147.168  1.95861e-021
148.19  1.93967e-021
149.212  1.9215e-021
150.234  1.90407e-021
151.256  1.88738e-021
152.278  1.87142e-021
153.3  1.85617e-021
154.322  1.84162e-021
155.344  1.82775e-021
156.366  1.81455e-021
157.388  1.80202e-021
158.41  1.79013e-021
159.432  1.77888e-021
160.454  1.76825e-021
161.476  1.75824e-021
162.498  1.74881e-021
163.52  1.73997e-021
164.542  1.73171e-021
165.564  1.72399e-021
166.586  1.71683e-021
167.608  1.7102e-021
168.63  1.70408e-021
169.652  1.69847e-021
170.674  1.69336e-021
171.696  1.68872e-021
172.718  1.68455e-021
173.74  1.68083e-021
174.762  1.67756e-021
175.784  1.6747e-021
176.806  1.67227e-021
177.828  1.67023e-021
178.85  1.66857e-021
179.872  1.66729e-021
180.894  1.66637e-021
181.916  1.66579e-021
182.938  1.66554e-021
183.96  1.66561e-021
184.982  1.66599e-021
186.004  1.66665e-021
187.026  1.66759e-021
188.048  1.66879e-021
189.07  1.67023e-021
190.092  1.67191e-021
191.114  1.67381e-021
192.136  1.67591e-021
193.158  1.6782e-021
194.18  1.68066e-021
195.202  1.68329e-021
196.224  1.68606e-021
197.246  1.68896e-021
198.268  1.69198e-021
199.29  1.69511e-021
200.312  1.69832e-021
201.334  1.7016e-021
202.356  1.70494e-021
203.378  1.70832e-021
204.4  1.71173e-021
205.422  1.71515e-021
206.444  1.71857e-021
207.466  1.72197e-021
208.488  1.72534e-021
209.51  1.72866e-021
210.532  1.73192e-021
211.554  1.7351e-021
212.576  1.73819e-021
213.598  1.74117e-021
214.62  1.74402e-021
215.642  1.74674e-021
216.664  1.7493e-021
217.686  1.7517e-021
218.708  1.75391e-021
219.73  1.75592e-021
220.752  1.75772e-021
221.774  1.75929e-021
222.796  1.76061e-021
223.818  1.76168e-021
224.84  1.76247e-021
225.862  1.76298e-021
226.884  1.76318e-021
227.906  1.76307e-021
228.928  1.76262e-021
229.95  1.76183e-021
230.972  1.76068e-021
231.994  1.75916e-021
233.016  1.75725e-021
234.038  1.75494e-021
235.06  1.75221e-021
236.082  1.74906e-021
237.104  1.74547e-021
238.126  1.74142e-021
239.148  1.73691e-021
240.17  1.73192e-021
241.192  1.72644e-021
242.214  1.72046e-021
243.236  1.71397e-021
244.258  1.70695e-021
245.28  1.6994e-021
246.302  1.6913e-021
247.324  1.68265e-021
248.346  1.67344e-021
249.368  1.66365e-021
250.39  1.65328e-021
251.412  1.64232e-021
252.434  1.63077e-021
253.456  1.61861e-021
254.478  1.60584e-021
255.5  1.59245e-021
256.522  1.57844e-021
257.544  1.5638e-021
258.566  1.54853e-021
259.588  1.53263e-021
260.61  1.51609e-021
261.632  1.49891e-021
262.654  1.48109e-021
263.676  1.46264e-021
264.698  1.44354e-021
265.72  1.4238e-021
266.742  1.40343e-021
267.764  1.38243e-021
268.786  1.36079e-021
269.808  1.33854e-021
270.83  1.31567e-021
271.852  1.29219e-021
272.874  1.26811e-021
273.896  1.24344e-021
274.918  1.21819e-021
275.94  1.19237e-021
276.962  1.166e-021
277.984  1.1391e-021
279.006  1.11167e-021
280.028  1.08374e-021
281.05  1.05532e-021
282.072  1.02645e-021
283.094  9.97129e-022
284.116  9.67398e-022
285.138  9.37278e-022
286.16  9.06798e-022
287.182  8.75986e-022
288.204  8.44876e-022
289.226  8.13502e-022
290.248  7.81898e-022
291.27  7.50104e-022
292.292  7.18158e-022
293.314  6.86105e-022
294.336  6.53989e-022
295.358  6.21857e-022
296.38  5.89759e-022
297.402  5.57748e-022
298.424  5.25877e-022
299.446  4.94206e-022
300.468  4.62794e-022
301.49  4.31704e-022
302.512  4.01004e-022
303.534  3.70762e-022
304.556  3.41052e-022
305.578  3.11948e-022
306.6  2.83529e-022
307.622  2.55879e-022
308.644  2.29083e-022
309.666  2.03232e-022
310.688  1.78417e-022
311.71  1.54736e-022
312.732  1.32291e-022
313.754  1.11186e-022
314.776  9.15308e-023
315.798  7.34383e-023
316.82  5.70263e-023
317.842  4.2417e-023
318.864  2.97369e-023
319.886  1.91173e-023
320.908  1.0694e-023
321.93  4.60744e-024
322.952  1.00256e-024
