1.022  3.62562e-020
2.044  3.63871e-020
3.066  3.65172e-020
4.088  3.66464e-020
5.11  3.67746e-020
6.132  3.69019e-020
7.154  3.70282e-020
8.176  3.71534e-020
9.198  3.72776e-020
10.22  3.74007e-020
11.242  3.75228e-020
12.264  3.76439e-020
13.286  3.7764e-020
14.308  3.78832e-020
15.33  3.80013e-020
16.352  3.81186e-020
17.374  3.82351e-020
18.396  3.83507e-020
19.418  3.84655e-020
20.44  3.85795e-020
21.462  3.86928e-020
22.484  3.88053e-020
23.506  3.89171e-020
24.528  3.90283e-020
25.55  3.91388e-020
26.572  3.92486e-020
27.594  3.93577e-020
28.616  3.94663e-020
29.638  3.95741e-020
30.66  3.96814e-020
31.682  3.9788e-020
32.704  3.9894e-020
33.726  3.99994e-020
34.748  4.01041e-020
35.77  4.02083e-020
36.792  4.03117e-020
37.814  4.04146e-020
38.836  4.05168e-020
39.858  4.06184e-020
40.88  4.07193e-020
41.902  4.08195e-020
42.924  4.09191e-020
43.946  4.1018e-020
44.968  4.11162e-020
45.99  4.12137e-020
47.012  4.13105e-020
48.034  4.14066e-020
49.056  4.1502e-020
50.078  4.15966e-020
51.1  4.16905e-020
52.122  4.17836e-020
53.144  4.1876e-020
54.166  4.19676e-020
55.188  4.20584e-020
56.21  4.21485e-020
57.232  4.22377e-020
58.254  4.23261e-020
59.276  4.24136e-020
60.298  4.25004e-020
61.32  4.25862e-020
62.342  4.26712e-020
63.364  4.27554e-020
64.386  4.28386e-020
65.408  4.2921e-020
66.43  4.30024e-020
67.452  4.30829e-020
68.474  4.31626e-020
69.496  4.32412e-020
70.518  4.33189e-020
71.54  4.33957e-020
72.562  4.34715e-020
73.584  4.35463e-020
74.606  4.36201e-020
75.628  4.36929e-020
76.65  4.37647e-020
77.672  4.38355e-020
78.694  4.39052e-020
79.716  4.39739e-020
80.738  4.40415e-020
81.76  4.41081e-020
82.782  4.41736e-020
83.804  4.42381e-020
84.826  4.43014e-020
85.848  4.43636e-020
86.87  4.44248e-020
87.892  4.44848e-020
88.914  4.45437e-020
89.936  4.46014e-020
90.958  4.4658e-020
91.98  4.47134e-020
93.002  4.47677e-020
94.024  4.48208e-020
95.046  4.48727e-020
96.068  4.49234e-020
97.09  4.49729e-020
98.112  4.50212e-020
99.134  4.50683e-020
100.156  4.51142e-020
101.178  4.51588e-020
102.2  4.52022e-020
103.222  4.52443e-020
104.244  4.52852e-020
105.266  4.53248e-020
106.288  4.53631e-020
107.31  4.54001e-020
108.332  4.54358e-020
109.354  4.54702e-020
110.376  4.55033e-020
111.398  4.55351e-020
112.42  4.55655e-020
113.442  4.55947e-020
114.464  4.56224e-020
115.486  4.56488e-020
116.508  4.56738e-020
117.53  4.56975e-020
118.552  4.57197e-020
119.574  4.57406e-020
120.596  4.57601e-020
121.618  4.57781e-020
122.64  4.57947e-020
123.662  4.58099e-020
124.684  4.58237e-020
125.706  4.5836e-020
126.728  4.58468e-020
127.75  4.58561e-020
128.772  4.5864e-020
129.794  4.58703e-020
130.816  4.58752e-020
131.838  4.58785e-020
132.86  4.58803e-020
133.882  4.58806e-020
134.904  4.58793e-020
135.926  4.58764e-020
136.948  4.5872e-020
137.97  4.58659e-020
138.992  4.58583e-020
140.014  4.5849e-020
141.036  4.58381e-020
142.058  4.58256e-020
143.08  4.58113e-020
144.102  4.57954e-020
145.124  4.57778e-020
146.146  4.57585e-020
147.168  4.57375e-020
148.19  4.57147e-020
149.212  4.56901e-020
150.234  4.56638e-020
151.256  4.56357e-020
152.278  4.56057e-020
153.3  4.55739e-020
154.322  4.55403e-020
155.344  4.55048e-020
156.366  4.54674e-020
157.388  4.5428e-020
158.41  4.53867e-020
159.432  4.53435e-020
160.454  4.52982e-020
161.476  4.5251e-020
162.498  4.52017e-020
163.52  4.51503e-020
164.542  4.50969e-020
165.564  4.50413e-020
166.586  4.49836e-020
167.608  4.49238e-020
168.63  4.48617e-020
169.652  4.47974e-020
170.674  4.47308e-020
171.696  4.4662e-020
172.718  4.45908e-020
173.74  4.45173e-020
174.762  4.44414e-020
175.784  4.4363e-020
176.806  4.42823e-020
177.828  4.4199e-020
178.85  4.41132e-020
179.872  4.40248e-020
180.894  4.39339e-020
181.916  4.38403e-020
182.938  4.3744e-020
183.96  4.3645e-020
184.982  4.35433e-020
186.004  4.34387e-020
187.026  4.33313e-020
188.048  4.32211e-020
189.07  4.31079e-020
190.092  4.29917e-020
191.114  4.28725e-020
192.136  4.27503e-020
193.158  4.2625e-020
194.18  4.24965e-020
195.202  4.23648e-020
196.224  4.22298e-020
197.246  4.20916e-020
198.268  4.195e-020
199.29  4.1805e-020
200.312  4.16565e-020
201.334  4.15046e-020
202.356  4.13491e-020
203.378  4.119e-020
204.4  4.10273e-020
205.422  4.08608e-020
206.444  4.06906e-020
207.466  4.05165e-020
208.488  4.03386e-020
209.51  4.01568e-020
210.532  3.9971e-020
211.554  3.97811e-020
212.576  3.95872e-020
213.598  3.93891e-020
214.62  3.91868e-020
215.642  3.89803e-020
216.664  3.87695e-020
217.686  3.85543e-020
218.708  3.83346e-020
219.73  3.81106e-020
220.752  3.78819e-020
221.774  3.76488e-020
222.796  3.74109e-020
223.818  3.71684e-020
224.84  3.69212e-020
225.862  3.66692e-020
226.884  3.64124e-020
227.906  3.61507e-020
228.928  3.5884e-020
229.95  3.56124e-020
230.972  3.53358e-020
231.994  3.50541e-020
233.016  3.47673e-020
234.038  3.44754e-020
235.06  3.41783e-020
236.082  3.3876e-020
237.104  3.35684e-020
238.126  3.32556e-020
239.148  3.29374e-020
240.17  3.2614e-020
241.192  3.22851e-020
242.214  3.19509e-020
243.236  3.16113e-020
244.258  3.12663e-020
245.28  3.09159e-020
246.302  3.05601e-020
247.324  3.01988e-020
248.346  2.98321e-020
249.368  2.946e-020
250.39  2.90825e-020
251.412  2.86996e-020
252.434  2.83114e-020
253.456  2.79177e-020
254.478  2.75188e-020
255.5  2.71146e-020
256.522  2.67051e-020
257.544  2.62905e-020
258.566  2.58707e-020
259.588  2.54459e-020
260.61  2.5016e-020
261.632  2.45812e-020
262.654  2.41416e-020
263.676  2.36972e-020
264.698  2.32482e-020
265.72  2.27947e-020
266.742  2.23367e-020
267.764  2.18745e-020
268.786  2.14081e-020
269.808  2.09377e-020
270.83  2.04634e-020
271.852  1.99855e-020
272.874  1.95041e-020
273.896  1.90194e-020
274.918  1.85316e-020
275.94  1.8041e-020
276.962  1.75477e-020
277.984  1.7052e-020
279.006  1.65541e-020
280.028  1.60544e-020
281.05  1.55532e-020
282.072  1.50506e-020
283.094  1.45471e-020
284.116  1.40431e-020
285.138  1.35387e-020
286.16  1.30345e-020
287.182  1.25308e-020
288.204  1.2028e-020
289.226  1.15266e-020
290.248  1.10269e-020
291.27  1.05296e-020
292.292  1.0035e-020
293.314  9.54364e-021
294.336  9.05614e-021
295.358  8.57302e-021
296.38  8.09487e-021
297.402  7.62228e-021
298.424  7.15592e-021
299.446  6.69642e-021
300.468  6.24449e-021
301.49  5.80084e-021
302.512  5.36621e-021
303.534  4.9414e-021
304.556  4.52719e-021
305.578  4.12444e-021
306.6  3.73401e-021
307.622  3.3568e-021
308.644  2.99376e-021
309.666  2.64585e-021
310.688  2.31409e-021
311.71  1.99952e-021
312.732  1.70322e-021
313.754  1.42632e-021
314.776  1.16997e-021
315.798  9.3539e-022
316.82  7.2381e-022
317.842  5.36519e-022
318.864  3.74848e-022
319.886  2.40168e-022
320.908  1.33899e-022
321.93  5.74993e-023
322.952  1.24708e-023
