1.022  6.1535e-020
2.044  6.16085e-020
3.066  6.16815e-020
4.088  6.17539e-020
5.11  6.18256e-020
6.132  6.18966e-020
7.154  6.19668e-020
8.176  6.20363e-020
9.198  6.21048e-020
10.22  6.21726e-020
11.242  6.22394e-020
12.264  6.23054e-020
13.286  6.23707e-020
14.308  6.24351e-020
15.33  6.24989e-020
16.352  6.25621e-020
17.374  6.26246e-020
18.396  6.26866e-020
19.418  6.2748e-020
20.44  6.2809e-020
21.462  6.28696e-020
22.484  6.29297e-020
23.506  6.29895e-020
24.528  6.30489e-020
25.55  6.31079e-020
26.572  6.31667e-020
27.594  6.32251e-020
28.616  6.32832e-020
29.638  6.3341e-020
30.66  6.33985e-020
31.682  6.34556e-020
32.704  6.35125e-020
33.726  6.35691e-020
34.748  6.36253e-020
35.77  6.36812e-020
36.792  6.37368e-020
37.814  6.3792e-020
38.836  6.38468e-020
39.858  6.39012e-020
40.88  6.39553e-020
41.902  6.40089e-020
42.924  6.40621e-020
43.946  6.41148e-020
44.968  6.41671e-020
45.99  6.42188e-020
47.012  6.42701e-020
48.034  6.43208e-020
49.056  6.4371e-020
50.078  6.44207e-020
51.1  6.44697e-020
52.122  6.45181e-020
53.144  6.45659e-020
54.166  6.46131e-020
55.188  6.46596e-020
56.21  6.47054e-020
57.232  6.47505e-020
58.254  6.47949e-020
59.276  6.48385e-020
60.298  6.48814e-020
61.32  6.49234e-020
62.342  6.49647e-020
63.364  6.50051e-020
64.386  6.50447e-020
65.408  6.50835e-020
66.43  6.51213e-020
67.452  6.51582e-020
68.474  6.51943e-020
69.496  6.52293e-020
70.518  6.52635e-020
71.54  6.52966e-020
72.562  6.53287e-020
73.584  6.53599e-020
74.606  6.539e-020
75.628  6.5419e-020
76.65  6.5447e-020
77.672  6.54739e-020
78.694  6.54997e-020
79.716  6.55244e-020
80.738  6.5548e-020
81.76  6.55704e-020
82.782  6.55916e-020
83.804  6.56117e-020
84.826  6.56306e-020
85.848  6.56482e-020
86.87  6.56646e-020
87.892  6.56798e-020
88.914  6.56937e-020
89.936  6.57064e-020
90.958  6.57178e-020
91.98  6.57278e-020
93.002  6.57366e-020
94.024  6.5744e-020
95.046  6.575e-020
96.068  6.57547e-020
97.09  6.57581e-020
98.112  6.576e-020
99.134  6.57606e-020
100.156  6.57597e-020
101.178  6.57574e-020
102.2  6.57537e-020
103.222  6.57485e-020
104.244  6.57418e-020
105.266  6.57337e-020
106.288  6.57241e-020
107.31  6.57129e-020
108.332  6.57003e-020
109.354  6.56861e-020
110.376  6.56703e-020
111.398  6.56531e-020
112.42  6.56342e-020
113.442  6.56138e-020
114.464  6.55917e-020
115.486  6.55681e-020
116.508  6.55428e-020
117.53  6.55159e-020
118.552  6.54873e-020
119.574  6.54571e-020
120.596  6.54253e-020
121.618  6.53917e-020
122.64  6.53564e-020
123.662  6.53194e-020
124.684  6.52807e-020
125.706  6.52403e-020
126.728  6.51981e-020
127.75  6.51541e-020
128.772  6.51083e-020
129.794  6.50608e-020
130.816  6.50114e-020
131.838  6.49602e-020
132.86  6.49072e-020
133.882  6.48523e-020
134.904  6.47955e-020
135.926  6.47369e-020
136.948  6.46763e-020
137.97  6.46138e-020
138.992  6.45494e-020
140.014  6.4483e-020
141.036  6.44146e-020
142.058  6.43443e-020
143.08  6.42719e-020
144.102  6.41975e-020
145.124  6.4121e-020
146.146  6.40425e-020
147.168  6.39619e-020
148.19  6.38792e-020
149.212  6.37943e-020
150.234  6.37073e-020
151.256  6.36181e-020
152.278  6.35267e-020
153.3  6.34331e-020
154.322  6.33372e-020
155.344  6.3239e-020
156.366  6.31386e-020
157.388  6.30358e-020
158.41  6.29307e-020
159.432  6.28231e-020
160.454  6.27132e-020
161.476  6.26008e-020
162.498  6.2486e-020
163.52  6.23686e-020
164.542  6.22487e-020
165.564  6.21263e-020
166.586  6.20012e-020
167.608  6.18736e-020
168.63  6.17432e-020
169.652  6.16102e-020
170.674  6.14744e-020
171.696  6.13358e-020
172.718  6.11944e-020
173.74  6.10502e-020
174.762  6.09031e-020
175.784  6.0753e-020
176.806  6.06e-020
177.828  6.04439e-020
178.85  6.02848e-020
179.872  6.01225e-020
180.894  5.99572e-020
181.916  5.97886e-020
182.938  5.96167e-020
183.96  5.94416e-020
184.982  5.92632e-020
186.004  5.90813e-020
187.026  5.8896e-020
188.048  5.87072e-020
189.07  5.85149e-020
190.092  5.83189e-020
191.114  5.81193e-020
192.136  5.7916e-020
193.158  5.77089e-020
194.18  5.7498e-020
195.202  5.72832e-020
196.224  5.70645e-020
197.246  5.68418e-020
198.268  5.6615e-020
199.29  5.63841e-020
200.312  5.6149e-020
201.334  5.59096e-020
202.356  5.5666e-020
203.378  5.5418e-020
204.4  5.51655e-020
205.422  5.49086e-020
206.444  5.46471e-020
207.466  5.43809e-020
208.488  5.41101e-020
209.51  5.38345e-020
210.532  5.35541e-020
211.554  5.32688e-020
212.576  5.29785e-020
213.598  5.26832e-020
214.62  5.23828e-020
215.642  5.20773e-020
216.664  5.17665e-020
217.686  5.14505e-020
218.708  5.11291e-020
219.73  5.08022e-020
220.752  5.04699e-020
221.774  5.01321e-020
222.796  4.97886e-020
223.818  4.94394e-020
224.84  4.90846e-020
225.862  4.87239e-020
226.884  4.83573e-020
227.906  4.79849e-020
228.928  4.76065e-020
229.95  4.7222e-020
230.972  4.68315e-020
231.994  4.64349e-020
233.016  4.60321e-020
234.038  4.5623e-020
235.06  4.52077e-020
236.082  4.47861e-020
237.104  4.43581e-020
238.126  4.39238e-020
239.148  4.3483e-020
240.17  4.30358e-020
241.192  4.25821e-020
242.214  4.21219e-020
243.236  4.16552e-020
244.258  4.11819e-020
245.28  4.07021e-020
246.302  4.02158e-020
247.324  3.97229e-020
248.346  3.92235e-020
249.368  3.87176e-020
250.39  3.82051e-020
251.412  3.76862e-020
252.434  3.71607e-020
253.456  3.66289e-020
254.478  3.60907e-020
255.5  3.55461e-020
256.522  3.49952e-020
257.544  3.44382e-020
258.566  3.3875e-020
259.588  3.33057e-020
260.61  3.27305e-020
261.632  3.21493e-020
262.654  3.15625e-020
263.676  3.097e-020
264.698  3.0372e-020
265.72  2.97686e-020
266.742  2.916e-020
267.764  2.85464e-020
268.786  2.79279e-020
269.808  2.73047e-020
270.83  2.66771e-020
271.852  2.60452e-020
272.874  2.54093e-020
273.896  2.47696e-020
274.918  2.41264e-020
275.94  2.348e-020
276.962  2.28306e-020
277.984  2.21787e-020
279.006  2.15244e-020
280.028  2.08683e-020
281.05  2.02106e-020
282.072  1.95517e-020
283.094  1.8892e-020
284.116  1.8232e-020
285.138  1.75721e-020
286.16  1.69129e-020
287.182  1.62547e-020
288.204  1.55981e-020
289.226  1.49438e-020
290.248  1.42921e-020
291.27  1.36439e-020
292.292  1.29996e-020
293.314  1.23599e-020
294.336  1.17255e-020
295.358  1.10972e-020
296.38  1.04756e-020
297.402  9.86165e-021
298.424  9.25602e-021
299.446  8.6596e-021
300.468  8.07328e-021
301.49  7.49796e-021
302.512  6.9346e-021
303.534  6.38418e-021
304.556  5.84774e-021
305.578  5.32634e-021
306.6  4.8211e-021
307.622  4.33315e-021
308.644  3.86371e-021
309.666  3.414e-021
310.688  2.98532e-021
311.71  2.57899e-021
312.732  2.19639e-021
313.754  1.83895e-021
314.776  1.50816e-021
315.798  1.20554e-021
316.82  9.32684e-022
317.842  6.9122e-022
318.864  4.82846e-022
319.886  3.09309e-022
320.908  1.72416e-022
321.93  7.4027e-023
322.952  1.60528e-023
