1.022  2.39389e-019
2.044  2.38767e-019
3.066  2.3815e-019
4.088  2.37539e-019
5.11  2.36931e-019
6.132  2.36329e-019
7.154  2.3573e-019
8.176  2.35135e-019
9.198  2.34544e-019
10.22  2.33956e-019
11.242  2.33372e-019
12.264  2.32791e-019
13.286  2.32214e-019
14.308  2.3164e-019
15.33  2.31071e-019
16.352  2.30505e-019
17.374  2.29944e-019
18.396  2.29387e-019
19.418  2.28834e-019
20.44  2.28285e-019
21.462  2.27741e-019
22.484  2.27202e-019
23.506  2.26667e-019
24.528  2.26137e-019
25.55  2.25612e-019
26.572  2.25091e-019
27.594  2.24574e-019
28.616  2.24063e-019
29.638  2.23555e-019
30.66  2.23052e-019
31.682  2.22554e-019
32.704  2.2206e-019
33.726  2.2157e-019
34.748  2.21085e-019
35.77  2.20603e-019
36.792  2.20125e-019
37.814  2.19652e-019
38.836  2.19182e-019
39.858  2.18716e-019
40.88  2.18253e-019
41.902  2.17794e-019
42.924  2.17338e-019
43.946  2.16886e-019
44.968  2.16437e-019
45.99  2.15991e-019
47.012  2.15548e-019
48.034  2.15107e-019
49.056  2.1467e-019
50.078  2.14235e-019
51.1  2.13803e-019
52.122  2.13373e-019
53.144  2.12945e-019
54.166  2.1252e-019
55.188  2.12097e-019
56.21  2.11676e-019
57.232  2.11256e-019
58.254  2.10839e-019
59.276  2.10423e-019
60.298  2.10009e-019
61.32  2.09597e-019
62.342  2.09186e-019
63.364  2.08776e-019
64.386  2.08367e-019
65.408  2.0796e-019
66.43  2.07554e-019
67.452  2.07149e-019
68.474  2.06744e-019
69.496  2.06341e-019
70.518  2.05938e-019
71.54  2.05536e-019
72.562  2.05134e-019
73.584  2.04733e-019
74.606  2.04332e-019
75.628  2.03932e-019
76.65  2.03531e-019
77.672  2.03131e-019
78.694  2.02731e-019
79.716  2.02331e-019
80.738  2.01931e-019
81.76  2.01531e-019
82.782  2.01131e-019
83.804  2.00731e-019
84.826  2.0033e-019
85.848  1.99928e-019
86.87  1.99527e-019
87.892  1.99124e-019
88.914  1.98721e-019
89.936  1.98318e-019
90.958  1.97914e-019
91.98  1.97509e-019
93.002  1.97103e-019
94.024  1.96696e-019
95.046  1.96288e-019
96.068  1.9588e-019
97.09  1.9547e-019
98.112  1.95059e-019
99.134  1.94647e-019
100.156  1.94233e-019
101.178  1.93819e-019
102.2  1.93403e-019
103.222  1.92985e-019
104.244  1.92567e-019
105.266  1.92146e-019
106.288  1.91725e-019
107.31  1.91301e-019
108.332  1.90876e-019
109.354  1.90449e-019
110.376  1.90021e-019
111.398  1.89591e-019
112.42  1.89159e-019
113.442  1.88725e-019
114.464  1.88289e-019
115.486  1.87851e-019
116.508  1.87411e-019
117.53  1.8697e-019
118.552  1.86526e-019
119.574  1.8608e-019
120.596  1.85631e-019
121.618  1.85181e-019
122.64  1.84728e-019
123.662  1.84273e-019
124.684  1.83816e-019
125.706  1.83356e-019
126.728  1.82894e-019
127.75  1.82429e-019
128.772  1.81962e-019
129.794  1.81492e-019
130.816  1.8102e-019
131.838  1.80545e-019
132.86  1.80067e-019
133.882  1.79587e-019
134.904  1.79104e-019
135.926  1.78618e-019
136.948  1.78129e-019
137.97  1.77637e-019
138.992  1.77143e-019
140.014  1.76645e-019
141.036  1.76144e-019
142.058  1.75641e-019
143.08  1.75134e-019
144.102  1.74624e-019
145.124  1.74111e-019
146.146  1.73594e-019
147.168  1.73074e-019
148.19  1.72551e-019
149.212  1.72025e-019
150.234  1.71495e-019
151.256  1.70961e-019
152.278  1.70424e-019
153.3  1.69883e-019
154.322  1.69339e-019
155.344  1.68791e-019
156.366  1.68239e-019
157.388  1.67683e-019
158.41  1.67124e-019
159.432  1.6656e-019
160.454  1.65992e-019
161.476  1.65421e-019
162.498  1.64845e-019
163.52  1.64265e-019
164.542  1.63681e-019
165.564  1.63092e-019
166.586  1.62499e-019
167.608  1.61902e-019
168.63  1.613e-019
169.652  1.60693e-019
170.674  1.60082e-019
171.696  1.59466e-019
172.718  1.58845e-019
173.74  1.58219e-019
174.762  1.57588e-019
175.784  1.56952e-019
176.806  1.56311e-019
177.828  1.55665e-019
178.85  1.55013e-019
179.872  1.54356e-019
180.894  1.53693e-019
181.916  1.53025e-019
182.938  1.52351e-019
183.96  1.51672e-019
184.982  1.50986e-019
186.004  1.50294e-019
187.026  1.49597e-019
188.048  1.48893e-019
189.07  1.48183e-019
190.092  1.47466e-019
191.114  1.46743e-019
192.136  1.46013e-019
193.158  1.45277e-019
194.18  1.44533e-019
195.202  1.43783e-019
196.224  1.43026e-019
197.246  1.42261e-019
198.268  1.4149e-019
199.29  1.4071e-019
200.312  1.39924e-019
201.334  1.39129e-019
202.356  1.38327e-019
203.378  1.37517e-019
204.4  1.36699e-019
205.422  1.35872e-019
206.444  1.35038e-019
207.466  1.34195e-019
208.488  1.33343e-019
209.51  1.32483e-019
210.532  1.31614e-019
211.554  1.30736e-019
212.576  1.29849e-019
213.598  1.28953e-019
214.62  1.28047e-019
215.642  1.27132e-019
216.664  1.26208e-019
217.686  1.25273e-019
218.708  1.24329e-019
219.73  1.23375e-019
220.752  1.22411e-019
221.774  1.21437e-019
222.796  1.20452e-019
223.818  1.19457e-019
224.84  1.18452e-019
225.862  1.17435e-019
226.884  1.16408e-019
227.906  1.1537e-019
228.928  1.14321e-019
229.95  1.13261e-019
230.972  1.1219e-019
231.994  1.11108e-019
233.016  1.10014e-019
234.038  1.08908e-019
235.06  1.07791e-019
236.082  1.06662e-019
237.104  1.05522e-019
238.126  1.0437e-019
239.148  1.03206e-019
240.17  1.0203e-019
241.192  1.00843e-019
242.214  9.96429e-020
243.236  9.84312e-020
244.258  9.72075e-020
245.28  9.59719e-020
246.302  9.47242e-020
247.324  9.34645e-020
248.346  9.21929e-020
249.368  9.09094e-020
250.39  8.96139e-020
251.412  8.83067e-020
252.434  8.69877e-020
253.456  8.5657e-020
254.478  8.43148e-020
255.5  8.29612e-020
256.522  8.15963e-020
257.544  8.02202e-020
258.566  7.88331e-020
259.588  7.74353e-020
260.61  7.60269e-020
261.632  7.46081e-020
262.654  7.31792e-020
263.676  7.17406e-020
264.698  7.02923e-020
265.72  6.88349e-020
266.742  6.73686e-020
267.764  6.58937e-020
268.786  6.44108e-020
269.808  6.29202e-020
270.83  6.14224e-020
271.852  5.99178e-020
272.874  5.8407e-020
273.896  5.68905e-020
274.918  5.53688e-020
275.94  5.38427e-020
276.962  5.23128e-020
277.984  5.07797e-020
279.006  4.92442e-020
280.028  4.7707e-020
281.05  4.6169e-020
282.072  4.46309e-020
283.094  4.30938e-020
284.116  4.15585e-020
285.138  4.0026e-020
286.16  3.84974e-020
287.182  3.69738e-020
288.204  3.54562e-020
289.226  3.39459e-020
290.248  3.24442e-020
291.27  3.09523e-020
292.292  2.94716e-020
293.314  2.80035e-020
294.336  2.65496e-020
295.358  2.51113e-020
296.38  2.36904e-020
297.402  2.22884e-020
298.424  2.09072e-020
299.446  1.95486e-020
300.468  1.82145e-020
301.49  1.69069e-020
302.512  1.56278e-020
303.534  1.43794e-020
304.556  1.3164e-020
305.578  1.19839e-020
306.6  1.08414e-020
307.622  9.73906e-021
308.644  8.6795e-021
309.666  7.66541e-021
310.688  6.69956e-021
311.71  5.78486e-021
312.732  4.92429e-021
313.754  4.12098e-021
314.776  3.37812e-021
315.798  2.69905e-021
316.82  2.08721e-021
317.842  1.54616e-021
318.864  1.07959e-021
319.886  6.91283e-022
320.908  3.85175e-022
321.93  1.65306e-022
322.952  3.58321e-023
