1.022  2.90895e-019
2.044  2.90038e-019
3.066  2.89187e-019
4.088  2.88344e-019
5.11  2.87507e-019
6.132  2.86676e-019
7.154  2.85851e-019
8.176  2.85032e-019
9.198  2.84217e-019
10.22  2.83408e-019
11.242  2.82604e-019
12.264  2.81805e-019
13.286  2.81012e-019
14.308  2.80224e-019
15.33  2.79441e-019
16.352  2.78664e-019
17.374  2.77893e-019
18.396  2.77128e-019
19.418  2.76369e-019
20.44  2.75616e-019
21.462  2.74869e-019
22.484  2.74129e-019
23.506  2.73395e-019
24.528  2.72668e-019
25.55  2.71946e-019
26.572  2.71231e-019
27.594  2.70523e-019
28.616  2.69821e-019
29.638  2.69124e-019
30.66  2.68434e-019
31.682  2.67751e-019
32.704  2.67073e-019
33.726  2.66401e-019
34.748  2.65734e-019
35.77  2.65073e-019
36.792  2.64418e-019
37.814  2.63769e-019
38.836  2.63124e-019
39.858  2.62485e-019
40.88  2.6185e-019
41.902  2.61221e-019
42.924  2.60596e-019
43.946  2.59976e-019
44.968  2.59361e-019
45.99  2.5875e-019
47.012  2.58143e-019
48.034  2.5754e-019
49.056  2.56941e-019
50.078  2.56346e-019
51.1  2.55755e-019
52.122  2.55167e-019
53.144  2.54583e-019
54.166  2.54002e-019
55.188  2.53424e-019
56.21  2.52849e-019
57.232  2.52277e-019
58.254  2.51708e-019
59.276  2.51141e-019
60.298  2.50577e-019
61.32  2.50016e-019
62.342  2.49457e-019
63.364  2.48899e-019
64.386  2.48345e-019
65.408  2.47792e-019
66.43  2.4724e-019
67.452  2.46691e-019
68.474  2.46143e-019
69.496  2.45597e-019
70.518  2.45052e-019
71.54  2.44509e-019
72.562  2.43966e-019
73.584  2.43425e-019
74.606  2.42885e-019
75.628  2.42346e-019
76.65  2.41807e-019
77.672  2.4127e-019
78.694  2.40733e-019
79.716  2.40196e-019
80.738  2.3966e-019
81.76  2.39124e-019
82.782  2.38589e-019
83.804  2.38054e-019
84.826  2.37519e-019
85.848  2.36984e-019
86.87  2.36449e-019
87.892  2.35913e-019
88.914  2.35378e-019
89.936  2.34842e-019
90.958  2.34306e-019
91.98  2.33769e-019
93.002  2.33232e-019
94.024  2.32694e-019
95.046  2.32156e-019
96.068  2.31617e-019
97.09  2.31077e-019
98.112  2.30536e-019
99.134  2.29995e-019
100.156  2.29452e-019
101.178  2.28908e-019
102.2  2.28363e-019
103.222  2.27817e-019
104.244  2.2727e-019
105.266  2.26721e-019
106.288  2.26171e-019
107.31  2.2562e-019
108.332  2.25067e-019
109.354  2.24512e-019
110.376  2.23956e-019
111.398  2.23398e-019
112.42  2.22838e-019
113.442  2.22277e-019
114.464  2.21714e-019
115.486  2.21149e-019
116.508  2.20582e-019
117.53  2.20013e-019
118.552  2.19442e-019
119.574  2.18869e-019
120.596  2.18293e-019
121.618  2.17716e-019
122.64  2.17136e-019
123.662  2.16554e-019
124.684  2.15969e-019
125.706  2.15382e-019
126.728  2.14793e-019
127.75  2.14201e-019
128.772  2.13607e-019
129.794  2.1301e-019
130.816  2.1241e-019
131.838  2.11807e-019
132.86  2.11202e-019
133.882  2.10594e-019
134.904  2.09983e-019
135.926  2.0937e-019
136.948  2.08753e-019
137.97  2.08133e-019
138.992  2.0751e-019
140.014  2.06884e-019
141.036  2.06255e-019
142.058  2.05623e-019
143.08  2.04987e-019
144.102  2.04348e-019
145.124  2.03705e-019
146.146  2.0306e-019
147.168  2.0241e-019
148.19  2.01757e-019
149.212  2.01101e-019
150.234  2.00441e-019
151.256  1.99777e-019
152.278  1.99109e-019
153.3  1.98437e-019
154.322  1.97762e-019
155.344  1.97082e-019
156.366  1.96399e-019
157.388  1.95711e-019
158.41  1.95019e-019
159.432  1.94323e-019
160.454  1.93623e-019
161.476  1.92918e-019
162.498  1.92209e-019
163.52  1.91495e-019
164.542  1.90777e-019
165.564  1.90053e-019
166.586  1.89326e-019
167.608  1.88593e-019
168.63  1.87855e-019
169.652  1.87113e-019
170.674  1.86365e-019
171.696  1.85612e-019
172.718  1.84854e-019
173.74  1.84091e-019
174.762  1.83322e-019
175.784  1.82548e-019
176.806  1.81768e-019
177.828  1.80982e-019
178.85  1.8019e-019
179.872  1.79393e-019
180.894  1.78589e-019
181.916  1.7778e-019
182.938  1.76964e-019
183.96  1.76142e-019
184.982  1.75313e-019
186.004  1.74478e-019
187.026  1.73636e-019
188.048  1.72788e-019
189.07  1.71932e-019
190.092  1.71069e-019
191.114  1.702e-019
192.136  1.69323e-019
193.158  1.68438e-019
194.18  1.67547e-019
195.202  1.66647e-019
196.224  1.6574e-019
197.246  1.64825e-019
198.268  1.63901e-019
199.29  1.6297e-019
200.312  1.6203e-019
201.334  1.61082e-019
202.356  1.60126e-019
203.378  1.5916e-019
204.4  1.58186e-019
205.422  1.57203e-019
206.444  1.5621e-019
207.466  1.55209e-019
208.488  1.54198e-019
209.51  1.53177e-019
210.532  1.52146e-019
211.554  1.51106e-019
212.576  1.50056e-019
213.598  1.48996e-019
214.62  1.47925e-019
215.642  1.46844e-019
216.664  1.45752e-019
217.686  1.4465e-019
218.708  1.43536e-019
219.73  1.42412e-019
220.752  1.41277e-019
221.774  1.4013e-019
222.796  1.38972e-019
223.818  1.37802e-019
224.84  1.36621e-019
225.862  1.35427e-019
226.884  1.34222e-019
227.906  1.33005e-019
228.928  1.31775e-019
229.95  1.30534e-019
230.972  1.2928e-019
231.994  1.28013e-019
233.016  1.26734e-019
234.038  1.25442e-019
235.06  1.24137e-019
236.082  1.22819e-019
237.104  1.21488e-019
238.126  1.20145e-019
239.148  1.18788e-019
240.17  1.17418e-019
241.192  1.16035e-019
242.214  1.14638e-019
243.236  1.13229e-019
244.258  1.11806e-019
245.28  1.10369e-019
246.302  1.0892e-019
247.324  1.07457e-019
248.346  1.05981e-019
249.368  1.04491e-019
250.39  1.02989e-019
251.412  1.01473e-019
252.434  9.99449e-020
253.456  9.84035e-020
254.478  9.68493e-020
255.5  9.52825e-020
256.522  9.37032e-020
257.544  9.21116e-020
258.566  9.05079e-020
259.588  8.88923e-020
260.61  8.72651e-020
261.632  8.56265e-020
262.654  8.39767e-020
263.676  8.23162e-020
264.698  8.06452e-020
265.72  7.89641e-020
266.742  7.72733e-020
267.764  7.55733e-020
268.786  7.38644e-020
269.808  7.21471e-020
270.83  7.0422e-020
271.852  6.86897e-020
272.874  6.69506e-020
273.896  6.52055e-020
274.918  6.34549e-020
275.94  6.16996e-020
276.962  5.99404e-020
277.984  5.8178e-020
279.006  5.64132e-020
280.028  5.46469e-020
281.05  5.288e-020
282.072  5.11136e-020
283.094  4.93485e-020
284.116  4.7586e-020
285.138  4.58271e-020
286.16  4.40729e-020
287.182  4.23248e-020
288.204  4.05841e-020
289.226  3.8852e-020
290.248  3.713e-020
291.27  3.54196e-020
292.292  3.37224e-020
293.314  3.20399e-020
294.336  3.0374e-020
295.358  2.87262e-020
296.38  2.70986e-020
297.402  2.5493e-020
298.424  2.39113e-020
299.446  2.23558e-020
300.468  2.08286e-020
301.49  1.93319e-020
302.512  1.7868e-020
303.534  1.64396e-020
304.556  1.50489e-020
305.578  1.36989e-020
306.6  1.2392e-020
307.622  1.11313e-020
308.644  9.91961e-021
309.666  8.76005e-021
310.688  7.65579e-021
311.71  6.61011e-021
312.732  5.62643e-021
313.754  4.70828e-021
314.776  3.85932e-021
315.798  3.08334e-021
316.82  2.38425e-021
317.842  1.7661e-021
318.864  1.23309e-021
319.886  7.89529e-022
320.908  4.39892e-022
321.93  1.88779e-022
322.952  4.0918e-023
