1.022  2.97867e-019
2.044  2.97601e-019
3.066  2.97338e-019
4.088  2.97077e-019
5.11  2.96818e-019
6.132  2.96561e-019
7.154  2.96305e-019
8.176  2.9605e-019
9.198  2.95795e-019
10.22  2.95541e-019
11.242  2.95288e-019
12.264  2.95035e-019
13.286  2.94783e-019
14.308  2.94532e-019
15.33  2.94282e-019
16.352  2.94033e-019
17.374  2.93785e-019
18.396  2.93539e-019
19.418  2.93294e-019
20.44  2.93051e-019
21.462  2.9281e-019
22.484  2.9257e-019
23.506  2.92333e-019
24.528  2.92098e-019
25.55  2.91864e-019
26.572  2.91633e-019
27.594  2.91403e-019
28.616  2.91176e-019
29.638  2.9095e-019
30.66  2.90726e-019
31.682  2.90504e-019
32.704  2.90283e-019
33.726  2.90064e-019
34.748  2.89846e-019
35.77  2.8963e-019
36.792  2.89415e-019
37.814  2.89201e-019
38.836  2.88988e-019
39.858  2.88776e-019
40.88  2.88565e-019
41.902  2.88354e-019
42.924  2.88144e-019
43.946  2.87934e-019
44.968  2.87724e-019
45.99  2.87515e-019
47.012  2.87305e-019
48.034  2.87095e-019
49.056  2.86885e-019
50.078  2.86674e-019
51.1  2.86463e-019
52.122  2.86251e-019
53.144  2.86037e-019
54.166  2.85823e-019
55.188  2.85608e-019
56.21  2.85391e-019
57.232  2.85173e-019
58.254  2.84954e-019
59.276  2.84732e-019
60.298  2.84509e-019
61.32  2.84284e-019
62.342  2.84057e-019
63.364  2.83827e-019
64.386  2.83596e-019
65.408  2.83361e-019
66.43  2.83124e-019
67.452  2.82885e-019
68.474  2.82642e-019
69.496  2.82397e-019
70.518  2.82149e-019
71.54  2.81897e-019
72.562  2.81642e-019
73.584  2.81384e-019
74.606  2.81122e-019
75.628  2.80857e-019
76.65  2.80587e-019
77.672  2.80314e-019
78.694  2.80037e-019
79.716  2.79756e-019
80.738  2.79471e-019
81.76  2.79182e-019
82.782  2.78888e-019
83.804  2.7859e-019
84.826  2.78287e-019
85.848  2.7798e-019
86.87  2.77668e-019
87.892  2.77351e-019
88.914  2.77029e-019
89.936  2.76702e-019
90.958  2.76371e-019
91.98  2.76033e-019
93.002  2.75691e-019
94.024  2.75343e-019
95.046  2.7499e-019
96.068  2.74632e-019
97.09  2.74267e-019
98.112  2.73898e-019
99.134  2.73522e-019
100.156  2.7314e-019
101.178  2.72753e-019
102.2  2.7236e-019
103.222  2.7196e-019
104.244  2.71555e-019
105.266  2.71143e-019
106.288  2.70725e-019
107.31  2.703e-019
108.332  2.69869e-019
109.354  2.69432e-019
110.376  2.68988e-019
111.398  2.68537e-019
112.42  2.6808e-019
113.442  2.67616e-019
114.464  2.67145e-019
115.486  2.66667e-019
116.508  2.66182e-019
117.53  2.6569e-019
118.552  2.65191e-019
119.574  2.64685e-019
120.596  2.64172e-019
121.618  2.63651e-019
122.64  2.63123e-019
123.662  2.62588e-019
124.684  2.62045e-019
125.706  2.61494e-019
126.728  2.60936e-019
127.75  2.6037e-019
128.772  2.59797e-019
129.794  2.59215e-019
130.816  2.58626e-019
131.838  2.58029e-019
132.86  2.57424e-019
133.882  2.56811e-019
134.904  2.5619e-019
135.926  2.5556e-019
136.948  2.54923e-019
137.97  2.54277e-019
138.992  2.53623e-019
140.014  2.5296e-019
141.036  2.52289e-019
142.058  2.5161e-019
143.08  2.50921e-019
144.102  2.50225e-019
145.124  2.49519e-019
146.146  2.48805e-019
147.168  2.48082e-019
148.19  2.4735e-019
149.212  2.46609e-019
150.234  2.45859e-019
151.256  2.45101e-019
152.278  2.44333e-019
153.3  2.43555e-019
154.322  2.42769e-019
155.344  2.41973e-019
156.366  2.41168e-019
157.388  2.40353e-019
158.41  2.39529e-019
159.432  2.38696e-019
160.454  2.37852e-019
161.476  2.36999e-019
162.498  2.36136e-019
163.52  2.35264e-019
164.542  2.34381e-019
165.564  2.33489e-019
166.586  2.32586e-019
167.608  2.31673e-019
168.63  2.30751e-019
169.652  2.29817e-019
170.674  2.28874e-019
171.696  2.2792e-019
172.718  2.26956e-019
173.74  2.25981e-019
174.762  2.24996e-019
175.784  2.23999e-019
176.806  2.22992e-019
177.828  2.21975e-019
178.85  2.20946e-019
179.872  2.19906e-019
180.894  2.18856e-019
181.916  2.17794e-019
182.938  2.16721e-019
183.96  2.15636e-019
184.982  2.1454e-019
186.004  2.13433e-019
187.026  2.12315e-019
188.048  2.11184e-019
189.07  2.10042e-019
190.092  2.08888e-019
191.114  2.07723e-019
192.136  2.06545e-019
193.158  2.05356e-019
194.18  2.04154e-019
195.202  2.02941e-019
196.224  2.01715e-019
197.246  2.00476e-019
198.268  1.99226e-019
199.29  1.97963e-019
200.312  1.96687e-019
201.334  1.95399e-019
202.356  1.94098e-019
203.378  1.92785e-019
204.4  1.91459e-019
205.422  1.90119e-019
206.444  1.88767e-019
207.466  1.87402e-019
208.488  1.86024e-019
209.51  1.84633e-019
210.532  1.83228e-019
211.554  1.81811e-019
212.576  1.8038e-019
213.598  1.78935e-019
214.62  1.77477e-019
215.642  1.76006e-019
216.664  1.74522e-019
217.686  1.73024e-019
218.708  1.71512e-019
219.73  1.69987e-019
220.752  1.68448e-019
221.774  1.66895e-019
222.796  1.65329e-019
223.818  1.63749e-019
224.84  1.62156e-019
225.862  1.60548e-019
226.884  1.58928e-019
227.906  1.57293e-019
228.928  1.55645e-019
229.95  1.53983e-019
230.972  1.52308e-019
231.994  1.50619e-019
233.016  1.48916e-019
234.038  1.472e-019
235.06  1.45471e-019
236.082  1.43729e-019
237.104  1.41973e-019
238.126  1.40204e-019
239.148  1.38422e-019
240.17  1.36626e-019
241.192  1.34819e-019
242.214  1.32998e-019
243.236  1.31165e-019
244.258  1.29319e-019
245.28  1.27461e-019
246.302  1.25591e-019
247.324  1.2371e-019
248.346  1.21816e-019
249.368  1.19911e-019
250.39  1.17995e-019
251.412  1.16068e-019
252.434  1.14131e-019
253.456  1.12183e-019
254.478  1.10225e-019
255.5  1.08257e-019
256.522  1.0628e-019
257.544  1.04294e-019
258.566  1.02299e-019
259.588  1.00296e-019
260.61  9.82847e-020
261.632  9.62665e-020
262.654  9.42414e-020
263.676  9.22099e-020
264.698  9.01726e-020
265.72  8.813e-020
266.742  8.60827e-020
267.764  8.40313e-020
268.786  8.19764e-020
269.808  7.99187e-020
270.83  7.78589e-020
271.852  7.57978e-020
272.874  7.3736e-020
273.896  7.16744e-020
274.918  6.96138e-020
275.94  6.75551e-020
276.962  6.54992e-020
277.984  6.34469e-020
279.006  6.13994e-020
280.028  5.93576e-020
281.05  5.73225e-020
282.072  5.52953e-020
283.094  5.32771e-020
284.116  5.12691e-020
285.138  4.92726e-020
286.16  4.72888e-020
287.182  4.5319e-020
288.204  4.33646e-020
289.226  4.14272e-020
290.248  3.9508e-020
291.27  3.76088e-020
292.292  3.57311e-020
293.314  3.38765e-020
294.336  3.20468e-020
295.358  3.02437e-020
296.38  2.8469e-020
297.402  2.67247e-020
298.424  2.50128e-020
299.446  2.33351e-020
300.468  2.1694e-020
301.49  2.00914e-020
302.512  1.85297e-020
303.534  1.70112e-020
304.556  1.55383e-020
305.578  1.41133e-020
306.6  1.2739e-020
307.622  1.14178e-020
308.644  1.01526e-020
309.666  8.94602e-021
310.688  7.80106e-021
311.71  6.72065e-021
312.732  5.70786e-021
313.754  4.76584e-021
314.776  3.89783e-021
315.798  3.10719e-021
316.82  2.39735e-021
317.842  1.77185e-021
318.864  1.23434e-021
319.886  7.88571e-022
320.908  4.38378e-022
321.93  1.87709e-022
322.952  4.05951e-023
