1.022  1.6326e-019
2.044  1.63453e-019
3.066  1.63644e-019
4.088  1.63835e-019
5.11  1.64024e-019
6.132  1.64212e-019
7.154  1.64399e-019
8.176  1.64583e-019
9.198  1.64766e-019
10.22  1.64946e-019
11.242  1.65125e-019
12.264  1.65301e-019
13.286  1.65476e-019
14.308  1.65649e-019
15.33  1.6582e-019
16.352  1.65989e-019
17.374  1.66157e-019
18.396  1.66324e-019
19.418  1.66489e-019
20.44  1.66653e-019
21.462  1.66816e-019
22.484  1.66977e-019
23.506  1.67137e-019
24.528  1.67297e-019
25.55  1.67455e-019
26.572  1.67612e-019
27.594  1.67768e-019
28.616  1.67923e-019
29.638  1.68077e-019
30.66  1.6823e-019
31.682  1.68382e-019
32.704  1.68532e-019
33.726  1.68681e-019
34.748  1.68829e-019
35.77  1.68976e-019
36.792  1.69121e-019
37.814  1.69265e-019
38.836  1.69407e-019
39.858  1.69548e-019
40.88  1.69687e-019
41.902  1.69825e-019
42.924  1.69961e-019
43.946  1.70095e-019
44.968  1.70227e-019
45.99  1.70357e-019
47.012  1.70485e-019
48.034  1.7061e-019
49.056  1.70734e-019
50.078  1.70855e-019
51.1  1.70974e-019
52.122  1.71091e-019
53.144  1.71205e-019
54.166  1.71317e-019
55.188  1.71426e-019
56.21  1.71532e-019
57.232  1.71636e-019
58.254  1.71736e-019
59.276  1.71834e-019
60.298  1.71928e-019
61.32  1.7202e-019
62.342  1.72108e-019
63.364  1.72194e-019
64.386  1.72276e-019
65.408  1.72354e-019
66.43  1.72429e-019
67.452  1.72501e-019
68.474  1.72569e-019
69.496  1.72634e-019
70.518  1.72694e-019
71.54  1.72751e-019
72.562  1.72805e-019
73.584  1.72854e-019
74.606  1.72899e-019
75.628  1.72941e-019
76.65  1.72978e-019
77.672  1.73011e-019
78.694  1.7304e-019
79.716  1.73064e-019
80.738  1.73085e-019
81.76  1.73101e-019
82.782  1.73112e-019
83.804  1.73119e-019
84.826  1.73122e-019
85.848  1.7312e-019
86.87  1.73113e-019
87.892  1.73101e-019
88.914  1.73085e-019
89.936  1.73064e-019
90.958  1.73038e-019
91.98  1.73007e-019
93.002  1.72971e-019
94.024  1.7293e-019
95.046  1.72883e-019
96.068  1.72832e-019
97.09  1.72776e-019
98.112  1.72714e-019
99.134  1.72647e-019
100.156  1.72575e-019
101.178  1.72497e-019
102.2  1.72414e-019
103.222  1.72325e-019
104.244  1.72231e-019
105.266  1.72131e-019
106.288  1.72026e-019
107.31  1.71915e-019
108.332  1.71798e-019
109.354  1.71676e-019
110.376  1.71547e-019
111.398  1.71413e-019
112.42  1.71273e-019
113.442  1.71127e-019
114.464  1.70975e-019
115.486  1.70817e-019
116.508  1.70653e-019
117.53  1.70483e-019
118.552  1.70307e-019
119.574  1.70124e-019
120.596  1.69935e-019
121.618  1.6974e-019
122.64  1.69539e-019
123.662  1.69331e-019
124.684  1.69117e-019
125.706  1.68896e-019
126.728  1.68669e-019
127.75  1.68436e-019
128.772  1.68196e-019
129.794  1.67949e-019
130.816  1.67696e-019
131.838  1.67436e-019
132.86  1.67169e-019
133.882  1.66895e-019
134.904  1.66615e-019
135.926  1.66328e-019
136.948  1.66033e-019
137.97  1.65732e-019
138.992  1.65424e-019
140.014  1.65109e-019
141.036  1.64787e-019
142.058  1.64458e-019
143.08  1.64122e-019
144.102  1.63778e-019
145.124  1.63427e-019
146.146  1.63069e-019
147.168  1.62704e-019
148.19  1.62331e-019
149.212  1.61951e-019
150.234  1.61563e-019
151.256  1.61168e-019
152.278  1.60766e-019
153.3  1.60356e-019
154.322  1.59938e-019
155.344  1.59513e-019
156.366  1.59079e-019
157.388  1.58639e-019
158.41  1.5819e-019
159.432  1.57733e-019
160.454  1.57269e-019
161.476  1.56797e-019
162.498  1.56316e-019
163.52  1.55828e-019
164.542  1.55331e-019
165.564  1.54827e-019
166.586  1.54314e-019
167.608  1.53793e-019
168.63  1.53264e-019
169.652  1.52726e-019
170.674  1.52181e-019
171.696  1.51626e-019
172.718  1.51063e-019
173.74  1.50492e-019
174.762  1.49912e-019
175.784  1.49324e-019
176.806  1.48727e-019
177.828  1.48121e-019
178.85  1.47506e-019
179.872  1.46883e-019
180.894  1.4625e-019
181.916  1.45609e-019
182.938  1.44959e-019
183.96  1.44299e-019
184.982  1.43631e-019
186.004  1.42953e-019
187.026  1.42267e-019
188.048  1.41571e-019
189.07  1.40866e-019
190.092  1.40151e-019
191.114  1.39427e-019
192.136  1.38694e-019
193.158  1.37951e-019
194.18  1.37198e-019
195.202  1.36436e-019
196.224  1.35665e-019
197.246  1.34883e-019
198.268  1.34092e-019
199.29  1.33291e-019
200.312  1.32481e-019
201.334  1.3166e-019
202.356  1.3083e-019
203.378  1.29989e-019
204.4  1.29139e-019
205.422  1.28279e-019
206.444  1.27408e-019
207.466  1.26527e-019
208.488  1.25637e-019
209.51  1.24736e-019
210.532  1.23824e-019
211.554  1.22903e-019
212.576  1.21971e-019
213.598  1.21029e-019
214.62  1.20077e-019
215.642  1.19114e-019
216.664  1.18141e-019
217.686  1.17157e-019
218.708  1.16164e-019
219.73  1.15159e-019
220.752  1.14145e-019
221.774  1.13119e-019
222.796  1.12084e-019
223.818  1.11038e-019
224.84  1.09981e-019
225.862  1.08915e-019
226.884  1.07838e-019
227.906  1.0675e-019
228.928  1.05652e-019
229.95  1.04544e-019
230.972  1.03425e-019
231.994  1.02297e-019
233.016  1.01158e-019
234.038  1.00009e-019
235.06  9.88495e-020
236.082  9.76803e-020
237.104  9.65012e-020
238.126  9.53123e-020
239.148  9.41135e-020
240.17  9.2905e-020
241.192  9.1687e-020
242.214  9.04595e-020
243.236  8.92226e-020
244.258  8.79764e-020
245.28  8.67212e-020
246.302  8.5457e-020
247.324  8.4184e-020
248.346  8.29023e-020
249.368  8.16122e-020
250.39  8.03138e-020
251.412  7.90073e-020
252.434  7.7693e-020
253.456  7.63709e-020
254.478  7.50415e-020
255.5  7.37049e-020
256.522  7.23613e-020
257.544  7.10111e-020
258.566  6.96546e-020
259.588  6.8292e-020
260.61  6.69237e-020
261.632  6.55499e-020
262.654  6.41711e-020
263.676  6.27876e-020
264.698  6.13998e-020
265.72  6.00081e-020
266.742  5.86129e-020
267.764  5.72147e-020
268.786  5.58139e-020
269.808  5.44109e-020
270.83  5.30064e-020
271.852  5.16007e-020
272.874  5.01945e-020
273.896  4.87883e-020
274.918  4.73827e-020
275.94  4.59784e-020
276.962  4.45758e-020
277.984  4.31758e-020
279.006  4.1779e-020
280.028  4.03861e-020
281.05  3.89978e-020
282.072  3.7615e-020
283.094  3.62384e-020
284.116  3.48689e-020
285.138  3.35072e-020
286.16  3.21544e-020
287.182  3.08112e-020
288.204  2.94788e-020
289.226  2.8158e-020
290.248  2.685e-020
291.27  2.55556e-020
292.292  2.42762e-020
293.314  2.30127e-020
294.336  2.17664e-020
295.358  2.05385e-020
296.38  1.93301e-020
297.402  1.81428e-020
298.424  1.69776e-020
299.446  1.58362e-020
300.468  1.47198e-020
301.49  1.36299e-020
302.512  1.25681e-020
303.534  1.15359e-020
304.556  1.0535e-020
305.578  9.56697e-021
306.6  8.63358e-021
307.622  7.73658e-021
308.644  6.87781e-021
309.666  6.05914e-021
310.688  5.2825e-021
311.71  4.54988e-021
312.732  3.86335e-021
313.754  3.225e-021
314.776  2.63701e-021
315.798  2.10162e-021
316.82  1.62111e-021
317.842  1.19785e-021
318.864  8.34267e-022
319.886  5.32845e-022
320.908  2.96141e-022
321.93  1.26772e-022
322.952  2.74094e-023
