1.022  3.84897e-020
2.044  3.88864e-020
3.066  3.92813e-020
4.088  3.96746e-020
5.11  4.0066e-020
6.132  4.04557e-020
7.154  4.08434e-020
8.176  4.12292e-020
9.198  4.1613e-020
10.22  4.19949e-020
11.242  4.23747e-020
12.264  4.27525e-020
13.286  4.31283e-020
14.308  4.35021e-020
15.33  4.38739e-020
16.352  4.42438e-020
17.374  4.46118e-020
18.396  4.49778e-020
19.418  4.5342e-020
20.44  4.57042e-020
21.462  4.60646e-020
22.484  4.64232e-020
23.506  4.67799e-020
24.528  4.71348e-020
25.55  4.74878e-020
26.572  4.7839e-020
27.594  4.81883e-020
28.616  4.85358e-020
29.638  4.88815e-020
30.66  4.92253e-020
31.682  4.95672e-020
32.704  4.99072e-020
33.726  5.02454e-020
34.748  5.05816e-020
35.77  5.0916e-020
36.792  5.12484e-020
37.814  5.15788e-020
38.836  5.19072e-020
39.858  5.22337e-020
40.88  5.25581e-020
41.902  5.28804e-020
42.924  5.32007e-020
43.946  5.35189e-020
44.968  5.3835e-020
45.99  5.4149e-020
47.012  5.44608e-020
48.034  5.47703e-020
49.056  5.50777e-020
50.078  5.53828e-020
51.1  5.56856e-020
52.122  5.59862e-020
53.144  5.62844e-020
54.166  5.65802e-020
55.188  5.68737e-020
56.21  5.71647e-020
57.232  5.74534e-020
58.254  5.77395e-020
59.276  5.80231e-020
60.298  5.83043e-020
61.32  5.85828e-020
62.342  5.88588e-020
63.364  5.91322e-020
64.386  5.94029e-020
65.408  5.96709e-020
66.43  5.99363e-020
67.452  6.01989e-020
68.474  6.04588e-020
69.496  6.07159e-020
70.518  6.09702e-020
71.54  6.12217e-020
72.562  6.14703e-020
73.584  6.1716e-020
74.606  6.19587e-020
75.628  6.21986e-020
76.65  6.24354e-020
77.672  6.26692e-020
78.694  6.29e-020
79.716  6.31278e-020
80.738  6.33524e-020
81.76  6.3574e-020
82.782  6.37924e-020
83.804  6.40076e-020
84.826  6.42197e-020
85.848  6.44285e-020
86.87  6.4634e-020
87.892  6.48363e-020
88.914  6.50353e-020
89.936  6.52309e-020
90.958  6.54232e-020
91.98  6.56122e-020
93.002  6.57977e-020
94.024  6.59797e-020
95.046  6.61584e-020
96.068  6.63335e-020
97.09  6.65051e-020
98.112  6.66732e-020
99.134  6.68377e-020
100.156  6.69986e-020
101.178  6.71559e-020
102.2  6.73096e-020
103.222  6.74596e-020
104.244  6.7606e-020
105.266  6.77486e-020
106.288  6.78874e-020
107.31  6.80225e-020
108.332  6.81538e-020
109.354  6.82813e-020
110.376  6.8405e-020
111.398  6.85248e-020
112.42  6.86407e-020
113.442  6.87527e-020
114.464  6.88607e-020
115.486  6.89648e-020
116.508  6.90649e-020
117.53  6.9161e-020
118.552  6.9253e-020
119.574  6.9341e-020
120.596  6.94249e-020
121.618  6.95047e-020
122.64  6.95803e-020
123.662  6.96518e-020
124.684  6.97191e-020
125.706  6.97821e-020
126.728  6.9841e-020
127.75  6.98956e-020
128.772  6.99458e-020
129.794  6.99918e-020
130.816  7.00334e-020
131.838  7.00707e-020
132.86  7.01036e-020
133.882  7.01321e-020
134.904  7.01561e-020
135.926  7.01757e-020
136.948  7.01907e-020
137.97  7.02013e-020
138.992  7.02073e-020
140.014  7.02087e-020
141.036  7.02056e-020
142.058  7.01978e-020
143.08  7.01854e-020
144.102  7.01683e-020
145.124  7.01465e-020
146.146  7.012e-020
147.168  7.00887e-020
148.19  7.00527e-020
149.212  7.00118e-020
150.234  6.99662e-020
151.256  6.99156e-020
152.278  6.98602e-020
153.3  6.97998e-020
154.322  6.97345e-020
155.344  6.96643e-020
156.366  6.9589e-020
157.388  6.95087e-020
158.41  6.94234e-020
159.432  6.9333e-020
160.454  6.92375e-020
161.476  6.91368e-020
162.498  6.9031e-020
163.52  6.892e-020
164.542  6.88037e-020
165.564  6.86822e-020
166.586  6.85555e-020
167.608  6.84234e-020
168.63  6.8286e-020
169.652  6.81432e-020
170.674  6.79951e-020
171.696  6.78415e-020
172.718  6.76825e-020
173.74  6.7518e-020
174.762  6.7348e-020
175.784  6.71725e-020
176.806  6.69914e-020
177.828  6.68047e-020
178.85  6.66124e-020
179.872  6.64145e-020
180.894  6.62109e-020
181.916  6.60015e-020
182.938  6.57865e-020
183.96  6.55657e-020
184.982  6.53391e-020
186.004  6.51068e-020
187.026  6.48685e-020
188.048  6.46245e-020
189.07  6.43745e-020
190.092  6.41186e-020
191.114  6.38568e-020
192.136  6.35891e-020
193.158  6.33153e-020
194.18  6.30356e-020
195.202  6.27498e-020
196.224  6.2458e-020
197.246  6.21601e-020
198.268  6.18561e-020
199.29  6.15459e-020
200.312  6.12297e-020
201.334  6.09073e-020
202.356  6.05787e-020
203.378  6.02439e-020
204.4  5.9903e-020
205.422  5.95558e-020
206.444  5.92023e-020
207.466  5.88427e-020
208.488  5.84767e-020
209.51  5.81045e-020
210.532  5.77261e-020
211.554  5.73413e-020
212.576  5.69502e-020
213.598  5.65529e-020
214.62  5.61492e-020
215.642  5.57393e-020
216.664  5.5323e-020
217.686  5.49004e-020
218.708  5.44716e-020
219.73  5.40364e-020
220.752  5.35949e-020
221.774  5.31472e-020
222.796  5.26932e-020
223.818  5.2233e-020
224.84  5.17665e-020
225.862  5.12938e-020
226.884  5.08148e-020
227.906  5.03298e-020
228.928  4.98385e-020
229.95  4.93412e-020
230.972  4.88377e-020
231.994  4.83283e-020
233.016  4.78128e-020
234.038  4.72913e-020
235.06  4.67639e-020
236.082  4.62306e-020
237.104  4.56915e-020
238.126  4.51466e-020
239.148  4.4596e-020
240.17  4.40398e-020
241.192  4.3478e-020
242.214  4.29106e-020
243.236  4.23379e-020
244.258  4.17598e-020
245.28  4.11764e-020
246.302  4.05879e-020
247.324  3.99942e-020
248.346  3.93956e-020
249.368  3.87922e-020
250.39  3.8184e-020
251.412  3.75711e-020
252.434  3.69537e-020
253.456  3.6332e-020
254.478  3.57059e-020
255.5  3.50758e-020
256.522  3.44418e-020
257.544  3.38039e-020
258.566  3.31624e-020
259.588  3.25174e-020
260.61  3.18691e-020
261.632  3.12177e-020
262.654  3.05634e-020
263.676  2.99064e-020
264.698  2.92469e-020
265.72  2.85851e-020
266.742  2.79212e-020
267.764  2.72555e-020
268.786  2.65883e-020
269.808  2.59197e-020
270.83  2.525e-020
271.852  2.45796e-020
272.874  2.39087e-020
273.896  2.32375e-020
274.918  2.25665e-020
275.94  2.18959e-020
276.962  2.1226e-020
277.984  2.05572e-020
279.006  1.98898e-020
280.028  1.92243e-020
281.05  1.85609e-020
282.072  1.79001e-020
283.094  1.72422e-020
284.116  1.65877e-020
285.138  1.59371e-020
286.16  1.52907e-020
287.182  1.4649e-020
288.204  1.40125e-020
289.226  1.33817e-020
290.248  1.27571e-020
291.27  1.21391e-020
292.292  1.15284e-020
293.314  1.09255e-020
294.336  1.0331e-020
295.358  9.74542e-021
296.38  9.16939e-021
297.402  8.60354e-021
298.424  8.04851e-021
299.446  7.50496e-021
300.468  6.97357e-021
301.49  6.45504e-021
302.512  5.9501e-021
303.534  5.45948e-021
304.556  4.98395e-021
305.578  4.5243e-021
306.6  4.08132e-021
307.622  3.65585e-021
308.644  3.24874e-021
309.666  2.86087e-021
310.688  2.49313e-021
311.71  2.14645e-021
312.732  1.82178e-021
313.754  1.52009e-021
314.776  1.24239e-021
315.798  9.89694e-022
316.82  7.63059e-022
317.842  5.63564e-022
318.864  3.92317e-022
319.886  2.50451e-022
320.908  1.39125e-022
321.93  5.9527e-023
322.952  1.28638e-023
