1.022  5.78177e-021
2.044  5.82919e-021
3.066  5.87931e-021
4.088  5.93208e-021
5.11  5.98745e-021
6.132  6.04536e-021
7.154  6.10577e-021
8.176  6.16861e-021
9.198  6.23384e-021
10.22  6.30141e-021
11.242  6.37126e-021
12.264  6.44336e-021
13.286  6.51766e-021
14.308  6.59412e-021
15.33  6.67269e-021
16.352  6.75335e-021
17.374  6.83604e-021
18.396  6.92072e-021
19.418  7.00736e-021
20.44  7.09592e-021
21.462  7.18635e-021
22.484  7.27862e-021
23.506  7.37269e-021
24.528  7.46851e-021
25.55  7.56605e-021
26.572  7.66527e-021
27.594  7.76613e-021
28.616  7.86858e-021
29.638  7.97259e-021
30.66  8.07812e-021
31.682  8.18512e-021
32.704  8.29357e-021
33.726  8.40341e-021
34.748  8.51461e-021
35.77  8.62714e-021
36.792  8.74094e-021
37.814  8.85599e-021
38.836  8.97225e-021
39.858  9.08966e-021
40.88  9.20821e-021
41.902  9.32784e-021
42.924  9.44853e-021
43.946  9.57022e-021
44.968  9.69289e-021
45.99  9.8165e-021
47.012  9.94101e-021
48.034  1.00664e-020
49.056  1.01926e-020
50.078  1.03196e-020
51.1  1.04473e-020
52.122  1.05758e-020
53.144  1.07049e-020
54.166  1.08347e-020
55.188  1.09651e-020
56.21  1.1096e-020
57.232  1.12275e-020
58.254  1.13595e-020
59.276  1.1492e-020
60.298  1.16249e-020
61.32  1.17582e-020
62.342  1.18919e-020
63.364  1.20259e-020
64.386  1.21602e-020
65.408  1.22947e-020
66.43  1.24295e-020
67.452  1.25645e-020
68.474  1.26997e-020
69.496  1.28349e-020
70.518  1.29703e-020
71.54  1.31058e-020
72.562  1.32413e-020
73.584  1.33768e-020
74.606  1.35122e-020
75.628  1.36476e-020
76.65  1.37829e-020
77.672  1.39181e-020
78.694  1.40531e-020
79.716  1.4188e-020
80.738  1.43226e-020
81.76  1.4457e-020
82.782  1.45911e-020
83.804  1.47249e-020
84.826  1.48584e-020
85.848  1.49915e-020
86.87  1.51242e-020
87.892  1.52564e-020
88.914  1.53883e-020
89.936  1.55196e-020
90.958  1.56504e-020
91.98  1.57807e-020
93.002  1.59104e-020
94.024  1.60395e-020
95.046  1.6168e-020
96.068  1.62958e-020
97.09  1.6423e-020
98.112  1.65494e-020
99.134  1.66751e-020
100.156  1.68e-020
101.178  1.69241e-020
102.2  1.70474e-020
103.222  1.71699e-020
104.244  1.72915e-020
105.266  1.74121e-020
106.288  1.75318e-020
107.31  1.76506e-020
108.332  1.77684e-020
109.354  1.78852e-020
110.376  1.80009e-020
111.398  1.81155e-020
112.42  1.82291e-020
113.442  1.83415e-020
114.464  1.84528e-020
115.486  1.85629e-020
116.508  1.86719e-020
117.53  1.87795e-020
118.552  1.8886e-020
119.574  1.89911e-020
120.596  1.9095e-020
121.618  1.91975e-020
122.64  1.92987e-020
123.662  1.93985e-020
124.684  1.94968e-020
125.706  1.95938e-020
126.728  1.96892e-020
127.75  1.97832e-020
128.772  1.98757e-020
129.794  1.99667e-020
130.816  2.0056e-020
131.838  2.01438e-020
132.86  2.023e-020
133.882  2.03146e-020
134.904  2.03974e-020
135.926  2.04786e-020
136.948  2.05581e-020
137.97  2.06359e-020
138.992  2.07118e-020
140.014  2.0786e-020
141.036  2.08584e-020
142.058  2.0929e-020
143.08  2.09977e-020
144.102  2.10645e-020
145.124  2.11293e-020
146.146  2.11923e-020
147.168  2.12533e-020
148.19  2.13123e-020
149.212  2.13693e-020
150.234  2.14243e-020
151.256  2.14772e-020
152.278  2.1528e-020
153.3  2.15768e-020
154.322  2.16234e-020
155.344  2.16678e-020
156.366  2.17101e-020
157.388  2.17502e-020
158.41  2.17881e-020
159.432  2.18237e-020
160.454  2.18571e-020
161.476  2.18881e-020
162.498  2.19169e-020
163.52  2.19433e-020
164.542  2.19674e-020
165.564  2.1989e-020
166.586  2.20083e-020
167.608  2.20252e-020
168.63  2.20396e-020
169.652  2.20515e-020
170.674  2.2061e-020
171.696  2.20679e-020
172.718  2.20723e-020
173.74  2.20742e-020
174.762  2.20735e-020
175.784  2.20701e-020
176.806  2.20642e-020
177.828  2.20557e-020
178.85  2.20444e-020
179.872  2.20306e-020
180.894  2.2014e-020
181.916  2.19947e-020
182.938  2.19727e-020
183.96  2.19479e-020
184.982  2.19204e-020
186.004  2.18901e-020
187.026  2.18569e-020
188.048  2.1821e-020
189.07  2.17822e-020
190.092  2.17406e-020
191.114  2.16962e-020
192.136  2.16488e-020
193.158  2.15985e-020
194.18  2.15454e-020
195.202  2.14893e-020
196.224  2.14303e-020
197.246  2.13683e-020
198.268  2.13033e-020
199.29  2.12354e-020
200.312  2.11645e-020
201.334  2.10906e-020
202.356  2.10137e-020
203.378  2.09338e-020
204.4  2.08509e-020
205.422  2.07649e-020
206.444  2.06759e-020
207.466  2.05838e-020
208.488  2.04887e-020
209.51  2.03905e-020
210.532  2.02893e-020
211.554  2.0185e-020
212.576  2.00776e-020
213.598  1.99672e-020
214.62  1.98536e-020
215.642  1.97371e-020
216.664  1.96174e-020
217.686  1.94947e-020
218.708  1.93688e-020
219.73  1.924e-020
220.752  1.9108e-020
221.774  1.89731e-020
222.796  1.8835e-020
223.818  1.86939e-020
224.84  1.85498e-020
225.862  1.84027e-020
226.884  1.82526e-020
227.906  1.80994e-020
228.928  1.79433e-020
229.95  1.77842e-020
230.972  1.76222e-020
231.994  1.74572e-020
233.016  1.72893e-020
234.038  1.71185e-020
235.06  1.69449e-020
236.082  1.67684e-020
237.104  1.6589e-020
238.126  1.64069e-020
239.148  1.6222e-020
240.17  1.60344e-020
241.192  1.58441e-020
242.214  1.56511e-020
243.236  1.54555e-020
244.258  1.52573e-020
245.28  1.50566e-020
246.302  1.48533e-020
247.324  1.46476e-020
248.346  1.44394e-020
249.368  1.42289e-020
250.39  1.40161e-020
251.412  1.38009e-020
252.434  1.35836e-020
253.456  1.33642e-020
254.478  1.31426e-020
255.5  1.2919e-020
256.522  1.26935e-020
257.544  1.2466e-020
258.566  1.22367e-020
259.588  1.20057e-020
260.61  1.1773e-020
261.632  1.15387e-020
262.654  1.13029e-020
263.676  1.10657e-020
264.698  1.08271e-020
265.72  1.05873e-020
266.742  1.03463e-020
267.764  1.01043e-020
268.786  9.86132e-021
269.808  9.61751e-021
270.83  9.37296e-021
271.852  9.1278e-021
272.874  8.88213e-021
273.896  8.63607e-021
274.918  8.38976e-021
275.94  8.14333e-021
276.962  7.89689e-021
277.984  7.6506e-021
279.006  7.40459e-021
280.028  7.15901e-021
281.05  6.91401e-021
282.072  6.66975e-021
283.094  6.42638e-021
284.116  6.18408e-021
285.138  5.94301e-021
286.16  5.70334e-021
287.182  5.46527e-021
288.204  5.22897e-021
289.226  4.99464e-021
290.248  4.76247e-021
291.27  4.53266e-021
292.292  4.30544e-021
293.314  4.081e-021
294.336  3.85958e-021
295.358  3.6414e-021
296.38  3.42668e-021
297.402  3.21569e-021
298.424  3.00865e-021
299.446  2.80583e-021
300.468  2.60749e-021
301.49  2.41389e-021
302.512  2.22531e-021
303.534  2.04204e-021
304.556  1.86435e-021
305.578  1.69257e-021
306.6  1.52698e-021
307.622  1.36791e-021
308.644  1.21567e-021
309.666  1.07061e-021
310.688  9.33055e-022
311.71  8.03361e-022
312.732  6.81886e-022
313.754  5.68997e-022
314.776  4.65071e-022
315.798  3.70496e-022
316.82  2.85667e-022
317.842  2.10991e-022
318.864  1.46884e-022
319.886  9.37724e-023
320.908  5.20923e-023
321.93  2.22893e-023
322.952  4.81686e-024
