1.022  1.8078e-020
2.044  1.78073e-020
3.066  1.75427e-020
4.088  1.72843e-020
5.11  1.70318e-020
6.132  1.67852e-020
7.154  1.65445e-020
8.176  1.63094e-020
9.198  1.608e-020
10.22  1.58561e-020
11.242  1.56377e-020
12.264  1.54247e-020
13.286  1.5217e-020
14.308  1.50146e-020
15.33  1.48174e-020
16.352  1.46254e-020
17.374  1.44384e-020
18.396  1.42565e-020
19.418  1.40796e-020
20.44  1.39075e-020
21.462  1.37403e-020
22.484  1.35779e-020
23.506  1.34202e-020
24.528  1.32671e-020
25.55  1.31185e-020
26.572  1.29745e-020
27.594  1.28349e-020
28.616  1.26997e-020
29.638  1.25688e-020
30.66  1.24421e-020
31.682  1.23196e-020
32.704  1.22012e-020
33.726  1.20868e-020
34.748  1.19764e-020
35.77  1.18699e-020
36.792  1.17672e-020
37.814  1.16683e-020
38.836  1.1573e-020
39.858  1.14815e-020
40.88  1.13935e-020
41.902  1.1309e-020
42.924  1.12279e-020
43.946  1.11503e-020
44.968  1.1076e-020
45.99  1.10049e-020
47.012  1.0937e-020
48.034  1.08723e-020
49.056  1.08107e-020
50.078  1.07521e-020
51.1  1.06965e-020
52.122  1.06438e-020
53.144  1.0594e-020
54.166  1.0547e-020
55.188  1.05027e-020
56.21  1.04611e-020
57.232  1.04222e-020
58.254  1.03858e-020
59.276  1.0352e-020
60.298  1.03207e-020
61.32  1.02918e-020
62.342  1.02653e-020
63.364  1.02411e-020
64.386  1.02192e-020
65.408  1.01995e-020
66.43  1.01821e-020
67.452  1.01667e-020
68.474  1.01535e-020
69.496  1.01422e-020
70.518  1.0133e-020
71.54  1.01257e-020
72.562  1.01203e-020
73.584  1.01168e-020
74.606  1.01151e-020
75.628  1.01151e-020
76.65  1.01169e-020
77.672  1.01204e-020
78.694  1.01255e-020
79.716  1.01321e-020
80.738  1.01404e-020
81.76  1.01501e-020
82.782  1.01613e-020
83.804  1.01739e-020
84.826  1.01879e-020
85.848  1.02032e-020
86.87  1.02199e-020
87.892  1.02378e-020
88.914  1.02569e-020
89.936  1.02772e-020
90.958  1.02987e-020
91.98  1.03212e-020
93.002  1.03449e-020
94.024  1.03695e-020
95.046  1.03951e-020
96.068  1.04217e-020
97.09  1.04492e-020
98.112  1.04776e-020
99.134  1.05069e-020
100.156  1.05369e-020
101.178  1.05677e-020
102.2  1.05992e-020
103.222  1.06315e-020
104.244  1.06644e-020
105.266  1.06979e-020
106.288  1.0732e-020
107.31  1.07667e-020
108.332  1.08019e-020
109.354  1.08375e-020
110.376  1.08737e-020
111.398  1.09102e-020
112.42  1.09472e-020
113.442  1.09845e-020
114.464  1.10221e-020
115.486  1.106e-020
116.508  1.10982e-020
117.53  1.11365e-020
118.552  1.11751e-020
119.574  1.12138e-020
120.596  1.12527e-020
121.618  1.12917e-020
122.64  1.13307e-020
123.662  1.13697e-020
124.684  1.14088e-020
125.706  1.14478e-020
126.728  1.14868e-020
127.75  1.15256e-020
128.772  1.15644e-020
129.794  1.1603e-020
130.816  1.16414e-020
131.838  1.16796e-020
132.86  1.17175e-020
133.882  1.17552e-020
134.904  1.17926e-020
135.926  1.18296e-020
136.948  1.18663e-020
137.97  1.19026e-020
138.992  1.19385e-020
140.014  1.1974e-020
141.036  1.20089e-020
142.058  1.20434e-020
143.08  1.20773e-020
144.102  1.21107e-020
145.124  1.21435e-020
146.146  1.21757e-020
147.168  1.22072e-020
148.19  1.22381e-020
149.212  1.22682e-020
150.234  1.22977e-020
151.256  1.23264e-020
152.278  1.23543e-020
153.3  1.23815e-020
154.322  1.24078e-020
155.344  1.24332e-020
156.366  1.24578e-020
157.388  1.24815e-020
158.41  1.25042e-020
159.432  1.2526e-020
160.454  1.25468e-020
161.476  1.25666e-020
162.498  1.25854e-020
163.52  1.26032e-020
164.542  1.26198e-020
165.564  1.26354e-020
166.586  1.26498e-020
167.608  1.26631e-020
168.63  1.26752e-020
169.652  1.26862e-020
170.674  1.26959e-020
171.696  1.27044e-020
172.718  1.27116e-020
173.74  1.27176e-020
174.762  1.27222e-020
175.784  1.27255e-020
176.806  1.27275e-020
177.828  1.27281e-020
178.85  1.27274e-020
179.872  1.27252e-020
180.894  1.27216e-020
181.916  1.27166e-020
182.938  1.27101e-020
183.96  1.27021e-020
184.982  1.26926e-020
186.004  1.26816e-020
187.026  1.26691e-020
188.048  1.2655e-020
189.07  1.26393e-020
190.092  1.26221e-020
191.114  1.26032e-020
192.136  1.25827e-020
193.158  1.25606e-020
194.18  1.25369e-020
195.202  1.25114e-020
196.224  1.24843e-020
197.246  1.24555e-020
198.268  1.2425e-020
199.29  1.23928e-020
200.312  1.23588e-020
201.334  1.23231e-020
202.356  1.22856e-020
203.378  1.22464e-020
204.4  1.22054e-020
205.422  1.21625e-020
206.444  1.21179e-020
207.466  1.20715e-020
208.488  1.20233e-020
209.51  1.19732e-020
210.532  1.19213e-020
211.554  1.18675e-020
212.576  1.18119e-020
213.598  1.17544e-020
214.62  1.16951e-020
215.642  1.16339e-020
216.664  1.15708e-020
217.686  1.15059e-020
218.708  1.14391e-020
219.73  1.13704e-020
220.752  1.12998e-020
221.774  1.12274e-020
222.796  1.1153e-020
223.818  1.10768e-020
224.84  1.09987e-020
225.862  1.09187e-020
226.884  1.08368e-020
227.906  1.07531e-020
228.928  1.06675e-020
229.95  1.058e-020
230.972  1.04907e-020
231.994  1.03995e-020
233.016  1.03065e-020
234.038  1.02116e-020
235.06  1.0115e-020
236.082  1.00165e-020
237.104  9.91617e-021
238.126  9.81408e-021
239.148  9.71023e-021
240.17  9.60461e-021
241.192  9.49725e-021
242.214  9.38816e-021
243.236  9.27736e-021
244.258  9.16487e-021
245.28  9.05071e-021
246.302  8.93491e-021
247.324  8.81748e-021
248.346  8.69845e-021
249.368  8.57785e-021
250.39  8.4557e-021
251.412  8.33203e-021
252.434  8.20687e-021
253.456  8.08025e-021
254.478  7.95221e-021
255.5  7.82278e-021
256.522  7.69199e-021
257.544  7.55989e-021
258.566  7.42652e-021
259.588  7.2919e-021
260.61  7.1561e-021
261.632  7.01914e-021
262.654  6.88109e-021
263.676  6.74198e-021
264.698  6.60187e-021
265.72  6.46081e-021
266.742  6.31885e-021
267.764  6.17606e-021
268.786  6.03248e-021
269.808  5.88819e-021
270.83  5.74325e-021
271.852  5.59771e-021
272.874  5.45166e-021
273.896  5.30516e-021
274.918  5.15828e-021
275.94  5.0111e-021
276.962  4.8637e-021
277.984  4.71617e-021
279.006  4.56858e-021
280.028  4.42102e-021
281.05  4.27359e-021
282.072  4.12638e-021
283.094  3.97948e-021
284.116  3.833e-021
285.138  3.68704e-021
286.16  3.54171e-021
287.182  3.39712e-021
288.204  3.25338e-021
289.226  3.11062e-021
290.248  2.96895e-021
291.27  2.8285e-021
292.292  2.6894e-021
293.314  2.5518e-021
294.336  2.41582e-021
295.358  2.28161e-021
296.38  2.14932e-021
297.402  2.01911e-021
298.424  1.89113e-021
299.446  1.76554e-021
300.468  1.64252e-021
301.49  1.52224e-021
302.512  1.40488e-021
303.534  1.29062e-021
304.556  1.17965e-021
305.578  1.07218e-021
306.6  9.68406e-022
307.622  8.68536e-022
308.644  7.72787e-022
309.666  6.81383e-022
310.688  5.94552e-022
311.71  5.12532e-022
312.732  4.35567e-022
313.754  3.63908e-022
314.776  2.97814e-022
315.798  2.37552e-022
316.82  1.83396e-022
317.842  1.3563e-022
318.864  9.45434e-023
319.886  6.04371e-023
320.908  3.36186e-023
321.93  1.44041e-023
322.952  3.11704e-024
