1.022  5.80891e-020
2.044  5.72542e-020
3.066  5.64313e-020
4.088  5.56204e-020
5.11  5.48213e-020
6.132  5.40337e-020
7.154  5.32574e-020
8.176  5.24924e-020
9.198  5.17384e-020
10.22  5.09953e-020
11.242  5.02631e-020
12.264  4.95415e-020
13.286  4.88306e-020
14.308  4.81301e-020
15.33  4.74401e-020
16.352  4.67605e-020
17.374  4.60911e-020
18.396  4.54319e-020
19.418  4.47828e-020
20.44  4.41437e-020
21.462  4.35145e-020
22.484  4.28951e-020
23.506  4.22853e-020
24.528  4.16851e-020
25.55  4.10944e-020
26.572  4.05131e-020
27.594  3.9941e-020
28.616  3.9378e-020
29.638  3.8824e-020
30.66  3.82789e-020
31.682  3.77426e-020
32.704  3.7215e-020
33.726  3.66959e-020
34.748  3.61852e-020
35.77  3.56828e-020
36.792  3.51886e-020
37.814  3.47025e-020
38.836  3.42243e-020
39.858  3.37541e-020
40.88  3.32915e-020
41.902  3.28366e-020
42.924  3.23891e-020
43.946  3.19491e-020
44.968  3.15164e-020
45.99  3.10909e-020
47.012  3.06725e-020
48.034  3.0261e-020
49.056  2.98564e-020
50.078  2.94586e-020
51.1  2.90675e-020
52.122  2.8683e-020
53.144  2.8305e-020
54.166  2.79333e-020
55.188  2.7568e-020
56.21  2.72088e-020
57.232  2.68558e-020
58.254  2.65088e-020
59.276  2.61677e-020
60.298  2.58324e-020
61.32  2.55029e-020
62.342  2.51791e-020
63.364  2.48609e-020
64.386  2.45481e-020
65.408  2.42408e-020
66.43  2.39388e-020
67.452  2.36421e-020
68.474  2.33506e-020
69.496  2.30641e-020
70.518  2.27827e-020
71.54  2.25063e-020
72.562  2.22347e-020
73.584  2.19679e-020
74.606  2.17059e-020
75.628  2.14485e-020
76.65  2.11956e-020
77.672  2.09473e-020
78.694  2.07035e-020
79.716  2.0464e-020
80.738  2.02288e-020
81.76  1.99979e-020
82.782  1.97712e-020
83.804  1.95485e-020
84.826  1.93299e-020
85.848  1.91153e-020
86.87  1.89047e-020
87.892  1.86978e-020
88.914  1.84948e-020
89.936  1.82955e-020
90.958  1.80999e-020
91.98  1.79079e-020
93.002  1.77195e-020
94.024  1.75345e-020
95.046  1.7353e-020
96.068  1.71749e-020
97.09  1.70002e-020
98.112  1.68287e-020
99.134  1.66604e-020
100.156  1.64953e-020
101.178  1.63333e-020
102.2  1.61743e-020
103.222  1.60184e-020
104.244  1.58654e-020
105.266  1.57154e-020
106.288  1.55681e-020
107.31  1.54237e-020
108.332  1.52821e-020
109.354  1.51431e-020
110.376  1.50068e-020
111.398  1.48731e-020
112.42  1.47419e-020
113.442  1.46133e-020
114.464  1.44871e-020
115.486  1.43633e-020
116.508  1.42419e-020
117.53  1.41228e-020
118.552  1.4006e-020
119.574  1.38915e-020
120.596  1.37791e-020
121.618  1.36688e-020
122.64  1.35607e-020
123.662  1.34546e-020
124.684  1.33506e-020
125.706  1.32485e-020
126.728  1.31483e-020
127.75  1.30501e-020
128.772  1.29536e-020
129.794  1.2859e-020
130.816  1.27662e-020
131.838  1.2675e-020
132.86  1.25856e-020
133.882  1.24978e-020
134.904  1.24116e-020
135.926  1.2327e-020
136.948  1.22439e-020
137.97  1.21623e-020
138.992  1.20822e-020
140.014  1.20035e-020
141.036  1.19262e-020
142.058  1.18502e-020
143.08  1.17755e-020
144.102  1.17021e-020
145.124  1.16299e-020
146.146  1.15589e-020
147.168  1.14892e-020
148.19  1.14205e-020
149.212  1.13529e-020
150.234  1.12864e-020
151.256  1.1221e-020
152.278  1.11565e-020
153.3  1.1093e-020
154.322  1.10304e-020
155.344  1.09688e-020
156.366  1.0908e-020
157.388  1.0848e-020
158.41  1.07889e-020
159.432  1.07305e-020
160.454  1.06729e-020
161.476  1.0616e-020
162.498  1.05598e-020
163.52  1.05042e-020
164.542  1.04493e-020
165.564  1.03949e-020
166.586  1.03412e-020
167.608  1.0288e-020
168.63  1.02352e-020
169.652  1.0183e-020
170.674  1.01312e-020
171.696  1.00799e-020
172.718  1.0029e-020
173.74  9.97842e-021
174.762  9.92822e-021
175.784  9.87834e-021
176.806  9.82876e-021
177.828  9.77945e-021
178.85  9.7304e-021
179.872  9.68157e-021
180.894  9.63293e-021
181.916  9.58447e-021
182.938  9.53617e-021
183.96  9.48799e-021
184.982  9.43991e-021
186.004  9.39192e-021
187.026  9.34398e-021
188.048  9.29608e-021
189.07  9.24819e-021
190.092  9.20029e-021
191.114  9.15237e-021
192.136  9.10439e-021
193.158  9.05633e-021
194.18  9.00818e-021
195.202  8.95992e-021
196.224  8.91151e-021
197.246  8.86296e-021
198.268  8.81422e-021
199.29  8.76529e-021
200.312  8.71614e-021
201.334  8.66676e-021
202.356  8.61713e-021
203.378  8.56722e-021
204.4  8.51702e-021
205.422  8.46651e-021
206.444  8.41568e-021
207.466  8.36449e-021
208.488  8.31295e-021
209.51  8.26103e-021
210.532  8.20871e-021
211.554  8.15598e-021
212.576  8.10281e-021
213.598  8.0492e-021
214.62  7.99513e-021
215.642  7.94058e-021
216.664  7.88554e-021
217.686  7.82999e-021
218.708  7.77392e-021
219.73  7.71731e-021
220.752  7.66015e-021
221.774  7.60242e-021
222.796  7.54411e-021
223.818  7.48521e-021
224.84  7.42571e-021
225.862  7.36558e-021
226.884  7.30483e-021
227.906  7.24342e-021
228.928  7.18137e-021
229.95  7.11864e-021
230.972  7.05524e-021
231.994  6.99115e-021
233.016  6.92636e-021
234.038  6.86086e-021
235.06  6.79464e-021
236.082  6.72769e-021
237.104  6.66001e-021
238.126  6.59158e-021
239.148  6.52239e-021
240.17  6.45245e-021
241.192  6.38174e-021
242.214  6.31025e-021
243.236  6.23798e-021
244.258  6.16493e-021
245.28  6.09108e-021
246.302  6.01645e-021
247.324  5.94101e-021
248.346  5.86477e-021
249.368  5.78774e-021
250.39  5.70989e-021
251.412  5.63125e-021
252.434  5.5518e-021
253.456  5.47154e-021
254.478  5.39049e-021
255.5  5.30864e-021
256.522  5.22599e-021
257.544  5.14256e-021
258.566  5.05834e-021
259.588  4.97334e-021
260.61  4.88758e-021
261.632  4.80106e-021
262.654  4.71379e-021
263.676  4.62578e-021
264.698  4.53706e-021
265.72  4.44762e-021
266.742  4.3575e-021
267.764  4.2667e-021
268.786  4.17525e-021
269.808  4.08317e-021
270.83  3.99048e-021
271.852  3.89721e-021
272.874  3.80339e-021
273.896  3.70903e-021
274.918  3.61419e-021
275.94  3.51888e-021
276.962  3.42316e-021
277.984  3.32704e-021
279.006  3.23058e-021
280.028  3.13383e-021
281.05  3.03682e-021
282.072  2.93961e-021
283.094  2.84225e-021
284.116  2.74479e-021
285.138  2.64731e-021
286.16  2.54985e-021
287.182  2.45249e-021
288.204  2.3553e-021
289.226  2.25835e-021
290.248  2.16172e-021
291.27  2.0655e-021
292.292  1.96976e-021
293.314  1.87461e-021
294.336  1.78014e-021
295.358  1.68646e-021
296.38  1.59366e-021
297.402  1.50186e-021
298.424  1.41119e-021
299.446  1.32176e-021
300.468  1.23371e-021
301.49  1.14717e-021
302.512  1.06229e-021
303.534  9.79208e-022
304.556  8.98092e-022
305.578  8.19103e-022
306.6  7.42413e-022
307.622  6.68202e-022
308.644  5.96659e-022
309.666  5.2798e-022
310.688  4.62369e-022
311.71  4.00043e-022
312.732  3.41224e-022
313.754  2.86146e-022
314.776  2.35052e-022
315.798  1.88197e-022
316.82  1.45844e-022
317.842  1.08271e-022
318.864  7.5763e-023
319.886  4.86193e-023
320.908  2.71502e-023
321.93  1.16783e-023
322.952  2.53714e-024
