1.022  9.6211e-020
2.044  9.49442e-020
3.066  9.36939e-020
4.088  9.24599e-020
5.11  9.1242e-020
6.132  9.00398e-020
7.154  8.88532e-020
8.176  8.76819e-020
9.198  8.65256e-020
10.22  8.53842e-020
11.242  8.42576e-020
12.264  8.31456e-020
13.286  8.20481e-020
14.308  8.09651e-020
15.33  7.98963e-020
16.352  7.88418e-020
17.374  7.78015e-020
18.396  7.67751e-020
19.418  7.57627e-020
20.44  7.4764e-020
21.462  7.37791e-020
22.484  7.28077e-020
23.506  7.18497e-020
24.528  7.0905e-020
25.55  6.99735e-020
26.572  6.9055e-020
27.594  6.81493e-020
28.616  6.72563e-020
29.638  6.63759e-020
30.66  6.55078e-020
31.682  6.4652e-020
32.704  6.38083e-020
33.726  6.29765e-020
34.748  6.21565e-020
35.77  6.13481e-020
36.792  6.05512e-020
37.814  5.97655e-020
38.836  5.8991e-020
39.858  5.82276e-020
40.88  5.74749e-020
41.902  5.6733e-020
42.924  5.60016e-020
43.946  5.52806e-020
44.968  5.45698e-020
45.99  5.38692e-020
47.012  5.31786e-020
48.034  5.24977e-020
49.056  5.18266e-020
50.078  5.1165e-020
51.1  5.05129e-020
52.122  4.987e-020
53.144  4.92363e-020
54.166  4.86117e-020
55.188  4.79959e-020
56.21  4.73889e-020
57.232  4.67906e-020
58.254  4.62008e-020
59.276  4.56194e-020
60.298  4.50463e-020
61.32  4.44814e-020
62.342  4.39246e-020
63.364  4.33757e-020
64.386  4.28347e-020
65.408  4.23014e-020
66.43  4.17757e-020
67.452  4.12576e-020
68.474  4.07468e-020
69.496  4.02434e-020
70.518  3.97472e-020
71.54  3.92581e-020
72.562  3.8776e-020
73.584  3.83009e-020
74.606  3.78325e-020
75.628  3.73709e-020
76.65  3.69159e-020
77.672  3.64675e-020
78.694  3.60255e-020
79.716  3.55898e-020
80.738  3.51604e-020
81.76  3.47373e-020
82.782  3.43202e-020
83.804  3.39091e-020
84.826  3.35039e-020
85.848  3.31046e-020
86.87  3.27111e-020
87.892  3.23233e-020
88.914  3.1941e-020
89.936  3.15643e-020
90.958  3.1193e-020
91.98  3.08271e-020
93.002  3.04666e-020
94.024  3.01112e-020
95.046  2.9761e-020
96.068  2.94158e-020
97.09  2.90757e-020
98.112  2.87405e-020
99.134  2.84102e-020
100.156  2.80846e-020
101.178  2.77638e-020
102.2  2.74477e-020
103.222  2.71361e-020
104.244  2.68291e-020
105.266  2.65266e-020
106.288  2.62284e-020
107.31  2.59346e-020
108.332  2.5645e-020
109.354  2.53597e-020
110.376  2.50785e-020
111.398  2.48013e-020
112.42  2.45283e-020
113.442  2.42591e-020
114.464  2.39939e-020
115.486  2.37326e-020
116.508  2.3475e-020
117.53  2.32212e-020
118.552  2.2971e-020
119.574  2.27245e-020
120.596  2.24816e-020
121.618  2.22421e-020
122.64  2.20061e-020
123.662  2.17736e-020
124.684  2.15444e-020
125.706  2.13185e-020
126.728  2.10958e-020
127.75  2.08764e-020
128.772  2.06601e-020
129.794  2.04469e-020
130.816  2.02367e-020
131.838  2.00296e-020
132.86  1.98254e-020
133.882  1.96241e-020
134.904  1.94257e-020
135.926  1.92301e-020
136.948  1.90373e-020
137.97  1.88471e-020
138.992  1.86597e-020
140.014  1.84749e-020
141.036  1.82927e-020
142.058  1.8113e-020
143.08  1.79359e-020
144.102  1.77612e-020
145.124  1.75889e-020
146.146  1.7419e-020
147.168  1.72514e-020
148.19  1.70861e-020
149.212  1.69231e-020
150.234  1.67623e-020
151.256  1.66037e-020
152.278  1.64471e-020
153.3  1.62927e-020
154.322  1.61404e-020
155.344  1.599e-020
156.366  1.58417e-020
157.388  1.56953e-020
158.41  1.55508e-020
159.432  1.54081e-020
160.454  1.52673e-020
161.476  1.51283e-020
162.498  1.49911e-020
163.52  1.48556e-020
164.542  1.47218e-020
165.564  1.45896e-020
166.586  1.44591e-020
167.608  1.43301e-020
168.63  1.42028e-020
169.652  1.40769e-020
170.674  1.39526e-020
171.696  1.38297e-020
172.718  1.37082e-020
173.74  1.35882e-020
174.762  1.34695e-020
175.784  1.33521e-020
176.806  1.3236e-020
177.828  1.31213e-020
178.85  1.30077e-020
179.872  1.28954e-020
180.894  1.27843e-020
181.916  1.26743e-020
182.938  1.25654e-020
183.96  1.24577e-020
184.982  1.2351e-020
186.004  1.22453e-020
187.026  1.21407e-020
188.048  1.2037e-020
189.07  1.19343e-020
190.092  1.18325e-020
191.114  1.17316e-020
192.136  1.16316e-020
193.158  1.15325e-020
194.18  1.14341e-020
195.202  1.13366e-020
196.224  1.12398e-020
197.246  1.11438e-020
198.268  1.10484e-020
199.29  1.09538e-020
200.312  1.08598e-020
201.334  1.07664e-020
202.356  1.06737e-020
203.378  1.05815e-020
204.4  1.04899e-020
205.422  1.03988e-020
206.444  1.03082e-020
207.466  1.02181e-020
208.488  1.01284e-020
209.51  1.00392e-020
210.532  9.95038e-021
211.554  9.86193e-021
212.576  9.77383e-021
213.598  9.68606e-021
214.62  9.59859e-021
215.642  9.5114e-021
216.664  9.42446e-021
217.686  9.33775e-021
218.708  9.25124e-021
219.73  9.1649e-021
220.752  9.07872e-021
221.774  8.99267e-021
222.796  8.90672e-021
223.818  8.82085e-021
224.84  8.73503e-021
225.862  8.64925e-021
226.884  8.56347e-021
227.906  8.47767e-021
228.928  8.39183e-021
229.95  8.30593e-021
230.972  8.21993e-021
231.994  8.13382e-021
233.016  8.04758e-021
234.038  7.96117e-021
235.06  7.87459e-021
236.082  7.78779e-021
237.104  7.70077e-021
238.126  7.6135e-021
239.148  7.52595e-021
240.17  7.43811e-021
241.192  7.34995e-021
242.214  7.26145e-021
243.236  7.17259e-021
244.258  7.08335e-021
245.28  6.99371e-021
246.302  6.90366e-021
247.324  6.81316e-021
248.346  6.72221e-021
249.368  6.63078e-021
250.39  6.53886e-021
251.412  6.44643e-021
252.434  6.35347e-021
253.456  6.25998e-021
254.478  6.16593e-021
255.5  6.07131e-021
256.522  5.97611e-021
257.544  5.88032e-021
258.566  5.78392e-021
259.588  5.68692e-021
260.61  5.58929e-021
261.632  5.49104e-021
262.654  5.39216e-021
263.676  5.29264e-021
264.698  5.19249e-021
265.72  5.0917e-021
266.742  4.99027e-021
267.764  4.88821e-021
268.786  4.78552e-021
269.808  4.68222e-021
270.83  4.5783e-021
271.852  4.47378e-021
272.874  4.36868e-021
273.896  4.26301e-021
274.918  4.15679e-021
275.94  4.05005e-021
276.962  3.94281e-021
277.984  3.8351e-021
279.006  3.72695e-021
280.028  3.61839e-021
281.05  3.50948e-021
282.072  3.40024e-021
283.094  3.29073e-021
284.116  3.181e-021
285.138  3.07111e-021
286.16  2.96111e-021
287.182  2.85107e-021
288.204  2.74106e-021
289.226  2.63116e-021
290.248  2.52146e-021
291.27  2.41203e-021
292.292  2.30297e-021
293.314  2.19438e-021
294.336  2.08636e-021
295.358  1.97904e-021
296.38  1.87253e-021
297.402  1.76696e-021
298.424  1.66247e-021
299.446  1.55919e-021
300.468  1.45728e-021
301.49  1.35691e-021
302.512  1.25825e-021
303.534  1.16146e-021
304.556  1.06675e-021
305.578  9.74315e-022
306.6  8.84362e-022
307.622  7.97116e-022
308.644  7.1281e-022
309.666  6.31689e-022
310.688  5.5401e-022
311.71  4.80045e-022
312.732  4.10076e-022
313.754  3.44402e-022
314.776  2.83334e-022
315.798  2.27199e-022
316.82  1.76338e-022
317.842  1.31109e-022
318.864  9.18848e-023
319.886  5.90558e-023
320.908  3.30291e-023
321.93  1.42289e-023
322.952  3.09605e-024
