1.022  3.32289e-019
2.044  3.31848e-019
3.066  3.3141e-019
4.088  3.30976e-019
5.11  3.30546e-019
6.132  3.30118e-019
7.154  3.29693e-019
8.176  3.2927e-019
9.198  3.28848e-019
10.22  3.28429e-019
11.242  3.28011e-019
12.264  3.27595e-019
13.286  3.27181e-019
14.308  3.26769e-019
15.33  3.26359e-019
16.352  3.25951e-019
17.374  3.25546e-019
18.396  3.25144e-019
19.418  3.24744e-019
20.44  3.24347e-019
21.462  3.23954e-019
22.484  3.23563e-019
23.506  3.23176e-019
24.528  3.22792e-019
25.55  3.22411e-019
26.572  3.22033e-019
27.594  3.21658e-019
28.616  3.21287e-019
29.638  3.20918e-019
30.66  3.20553e-019
31.682  3.2019e-019
32.704  3.1983e-019
33.726  3.19473e-019
34.748  3.19118e-019
35.77  3.18766e-019
36.792  3.18416e-019
37.814  3.18069e-019
38.836  3.17723e-019
39.858  3.17379e-019
40.88  3.17037e-019
41.902  3.16697e-019
42.924  3.16358e-019
43.946  3.1602e-019
44.968  3.15683e-019
45.99  3.15348e-019
47.012  3.15013e-019
48.034  3.14679e-019
49.056  3.14345e-019
50.078  3.14012e-019
51.1  3.13679e-019
52.122  3.13346e-019
53.144  3.13012e-019
54.166  3.12679e-019
55.188  3.12345e-019
56.21  3.1201e-019
57.232  3.11675e-019
58.254  3.11339e-019
59.276  3.11002e-019
60.298  3.10663e-019
61.32  3.10324e-019
62.342  3.09983e-019
63.364  3.0964e-019
64.386  3.09295e-019
65.408  3.08949e-019
66.43  3.08601e-019
67.452  3.0825e-019
68.474  3.07897e-019
69.496  3.07542e-019
70.518  3.07184e-019
71.54  3.06824e-019
72.562  3.0646e-019
73.584  3.06094e-019
74.606  3.05725e-019
75.628  3.05352e-019
76.65  3.04977e-019
77.672  3.04597e-019
78.694  3.04215e-019
79.716  3.03828e-019
80.738  3.03438e-019
81.76  3.03044e-019
82.782  3.02647e-019
83.804  3.02245e-019
84.826  3.01838e-019
85.848  3.01428e-019
86.87  3.01013e-019
87.892  3.00594e-019
88.914  3.0017e-019
89.936  2.99741e-019
90.958  2.99308e-019
91.98  2.98869e-019
93.002  2.98426e-019
94.024  2.97978e-019
95.046  2.97524e-019
96.068  2.97065e-019
97.09  2.96601e-019
98.112  2.96131e-019
99.134  2.95656e-019
100.156  2.95175e-019
101.178  2.94689e-019
102.2  2.94197e-019
103.222  2.93699e-019
104.244  2.93194e-019
105.266  2.92684e-019
106.288  2.92168e-019
107.31  2.91646e-019
108.332  2.91117e-019
109.354  2.90582e-019
110.376  2.9004e-019
111.398  2.89492e-019
112.42  2.88938e-019
113.442  2.88377e-019
114.464  2.87809e-019
115.486  2.87234e-019
116.508  2.86652e-019
117.53  2.86064e-019
118.552  2.85468e-019
119.574  2.84866e-019
120.596  2.84256e-019
121.618  2.83639e-019
122.64  2.83015e-019
123.662  2.82383e-019
124.684  2.81744e-019
125.706  2.81097e-019
126.728  2.80443e-019
127.75  2.79782e-019
128.772  2.79112e-019
129.794  2.78435e-019
130.816  2.7775e-019
131.838  2.77057e-019
132.86  2.76357e-019
133.882  2.75648e-019
134.904  2.74931e-019
135.926  2.74206e-019
136.948  2.73473e-019
137.97  2.72732e-019
138.992  2.71982e-019
140.014  2.71224e-019
141.036  2.70457e-019
142.058  2.69682e-019
143.08  2.68898e-019
144.102  2.68106e-019
145.124  2.67305e-019
146.146  2.66495e-019
147.168  2.65676e-019
148.19  2.64849e-019
149.212  2.64012e-019
150.234  2.63167e-019
151.256  2.62312e-019
152.278  2.61448e-019
153.3  2.60575e-019
154.322  2.59693e-019
155.344  2.58801e-019
156.366  2.579e-019
157.388  2.56989e-019
158.41  2.56069e-019
159.432  2.55139e-019
160.454  2.542e-019
161.476  2.5325e-019
162.498  2.52291e-019
163.52  2.51322e-019
164.542  2.50343e-019
165.564  2.49353e-019
166.586  2.48354e-019
167.608  2.47344e-019
168.63  2.46325e-019
169.652  2.45294e-019
170.674  2.44254e-019
171.696  2.43203e-019
172.718  2.42141e-019
173.74  2.41068e-019
174.762  2.39985e-019
175.784  2.38891e-019
176.806  2.37786e-019
177.828  2.3667e-019
178.85  2.35544e-019
179.872  2.34406e-019
180.894  2.33256e-019
181.916  2.32096e-019
182.938  2.30924e-019
183.96  2.2974e-019
184.982  2.28545e-019
186.004  2.27339e-019
187.026  2.26121e-019
188.048  2.24891e-019
189.07  2.23649e-019
190.092  2.22395e-019
191.114  2.21129e-019
192.136  2.19851e-019
193.158  2.18561e-019
194.18  2.17258e-019
195.202  2.15943e-019
196.224  2.14616e-019
197.246  2.13276e-019
198.268  2.11924e-019
199.29  2.10559e-019
200.312  2.09181e-019
201.334  2.0779e-019
202.356  2.06387e-019
203.378  2.0497e-019
204.4  2.0354e-019
205.422  2.02097e-019
206.444  2.00641e-019
207.466  1.99172e-019
208.488  1.97689e-019
209.51  1.96193e-019
210.532  1.94684e-019
211.554  1.93161e-019
212.576  1.91624e-019
213.598  1.90074e-019
214.62  1.8851e-019
215.642  1.86932e-019
216.664  1.8534e-019
217.686  1.83735e-019
218.708  1.82115e-019
219.73  1.80482e-019
220.752  1.78835e-019
221.774  1.77174e-019
222.796  1.75498e-019
223.818  1.73809e-019
224.84  1.72106e-019
225.862  1.70389e-019
226.884  1.68657e-019
227.906  1.66912e-019
228.928  1.65152e-019
229.95  1.63379e-019
230.972  1.61591e-019
231.994  1.5979e-019
233.016  1.57975e-019
234.038  1.56146e-019
235.06  1.54303e-019
236.082  1.52446e-019
237.104  1.50576e-019
238.126  1.48692e-019
239.148  1.46795e-019
240.17  1.44884e-019
241.192  1.4296e-019
242.214  1.41023e-019
243.236  1.39073e-019
244.258  1.3711e-019
245.28  1.35135e-019
246.302  1.33147e-019
247.324  1.31147e-019
248.346  1.29135e-019
249.368  1.27111e-019
250.39  1.25076e-019
251.412  1.23029e-019
252.434  1.20971e-019
253.456  1.18903e-019
254.478  1.16824e-019
255.5  1.14735e-019
256.522  1.12637e-019
257.544  1.10529e-019
258.566  1.08412e-019
259.588  1.06287e-019
260.61  1.04154e-019
261.632  1.02013e-019
262.654  9.9865e-020
263.676  9.77106e-020
264.698  9.55503e-020
265.72  9.33845e-020
266.742  9.12139e-020
267.764  8.90391e-020
268.786  8.68608e-020
269.808  8.46797e-020
270.83  8.24965e-020
271.852  8.0312e-020
272.874  7.8127e-020
273.896  7.59423e-020
274.918  7.37588e-020
275.94  7.15773e-020
276.962  6.93989e-020
277.984  6.72245e-020
279.006  6.50552e-020
280.028  6.2892e-020
281.05  6.0736e-020
282.072  5.85884e-020
283.094  5.64504e-020
284.116  5.43232e-020
285.138  5.22082e-020
286.16  5.01067e-020
287.182  4.80201e-020
288.204  4.59498e-020
289.226  4.38974e-020
290.248  4.18645e-020
291.27  3.98526e-020
292.292  3.78635e-020
293.314  3.58988e-020
294.336  3.39605e-020
295.358  3.20504e-020
296.38  3.01704e-020
297.402  2.83225e-020
298.424  2.65088e-020
299.446  2.47314e-020
300.468  2.29926e-020
301.49  2.12947e-020
302.512  1.964e-020
303.534  1.8031e-020
304.556  1.64703e-020
305.578  1.49603e-020
306.6  1.35039e-020
307.622  1.21038e-020
308.644  1.07629e-020
309.666  9.48416e-021
310.688  8.27061e-021
311.71  7.12543e-021
312.732  6.05187e-021
313.754  5.05326e-021
314.776  4.13307e-021
315.798  3.29484e-021
316.82  2.54223e-021
317.842  1.87901e-021
318.864  1.30905e-021
319.886  8.36335e-022
320.908  4.64951e-022
321.93  1.99097e-022
322.952  4.30598e-023
