1.022  2.64433e-019
2.044  2.64252e-019
3.066  2.64074e-019
4.088  2.63896e-019
5.11  2.63721e-019
6.132  2.63546e-019
7.154  2.63372e-019
8.176  2.63198e-019
9.198  2.63025e-019
10.22  2.62852e-019
11.242  2.62679e-019
12.264  2.62506e-019
13.286  2.62333e-019
14.308  2.6216e-019
15.33  2.61988e-019
16.352  2.61817e-019
17.374  2.61647e-019
18.396  2.61477e-019
19.418  2.61308e-019
20.44  2.61141e-019
21.462  2.60975e-019
22.484  2.6081e-019
23.506  2.60646e-019
24.528  2.60484e-019
25.55  2.60323e-019
26.572  2.60164e-019
27.594  2.60006e-019
28.616  2.59849e-019
29.638  2.59694e-019
30.66  2.59539e-019
31.682  2.59386e-019
32.704  2.59235e-019
33.726  2.59084e-019
34.748  2.58934e-019
35.77  2.58785e-019
36.792  2.58636e-019
37.814  2.58488e-019
38.836  2.58341e-019
39.858  2.58194e-019
40.88  2.58048e-019
41.902  2.57902e-019
42.924  2.57756e-019
43.946  2.57609e-019
44.968  2.57463e-019
45.99  2.57316e-019
47.012  2.57169e-019
48.034  2.57021e-019
49.056  2.56873e-019
50.078  2.56724e-019
51.1  2.56574e-019
52.122  2.56423e-019
53.144  2.56271e-019
54.166  2.56118e-019
55.188  2.55963e-019
56.21  2.55806e-019
57.232  2.55649e-019
58.254  2.55489e-019
59.276  2.55327e-019
60.298  2.55164e-019
61.32  2.54998e-019
62.342  2.54831e-019
63.364  2.5466e-019
64.386  2.54488e-019
65.408  2.54313e-019
66.43  2.54135e-019
67.452  2.53955e-019
68.474  2.53771e-019
69.496  2.53585e-019
70.518  2.53396e-019
71.54  2.53203e-019
72.562  2.53008e-019
73.584  2.52809e-019
74.606  2.52606e-019
75.628  2.524e-019
76.65  2.5219e-019
77.672  2.51976e-019
78.694  2.51759e-019
79.716  2.51538e-019
80.738  2.51312e-019
81.76  2.51083e-019
82.782  2.50849e-019
83.804  2.50611e-019
84.826  2.50369e-019
85.848  2.50122e-019
86.87  2.49871e-019
87.892  2.49615e-019
88.914  2.49354e-019
89.936  2.49088e-019
90.958  2.48818e-019
91.98  2.48543e-019
93.002  2.48262e-019
94.024  2.47977e-019
95.046  2.47686e-019
96.068  2.4739e-019
97.09  2.47089e-019
98.112  2.46782e-019
99.134  2.4647e-019
100.156  2.46153e-019
101.178  2.45829e-019
102.2  2.455e-019
103.222  2.45166e-019
104.244  2.44825e-019
105.266  2.44479e-019
106.288  2.44126e-019
107.31  2.43768e-019
108.332  2.43404e-019
109.354  2.43033e-019
110.376  2.42656e-019
111.398  2.42273e-019
112.42  2.41884e-019
113.442  2.41488e-019
114.464  2.41086e-019
115.486  2.40677e-019
116.508  2.40262e-019
117.53  2.3984e-019
118.552  2.39411e-019
119.574  2.38976e-019
120.596  2.38534e-019
121.618  2.38085e-019
122.64  2.37629e-019
123.662  2.37166e-019
124.684  2.36696e-019
125.706  2.36219e-019
126.728  2.35735e-019
127.75  2.35243e-019
128.772  2.34744e-019
129.794  2.34239e-019
130.816  2.33725e-019
131.838  2.33204e-019
132.86  2.32676e-019
133.882  2.3214e-019
134.904  2.31597e-019
135.926  2.31046e-019
136.948  2.30488e-019
137.97  2.29921e-019
138.992  2.29347e-019
140.014  2.28765e-019
141.036  2.28175e-019
142.058  2.27577e-019
143.08  2.26971e-019
144.102  2.26357e-019
145.124  2.25735e-019
146.146  2.25105e-019
147.168  2.24466e-019
148.19  2.23819e-019
149.212  2.23164e-019
150.234  2.225e-019
151.256  2.21828e-019
152.278  2.21148e-019
153.3  2.20459e-019
154.322  2.19761e-019
155.344  2.19054e-019
156.366  2.18339e-019
157.388  2.17615e-019
158.41  2.16882e-019
159.432  2.1614e-019
160.454  2.15389e-019
161.476  2.1463e-019
162.498  2.13861e-019
163.52  2.13082e-019
164.542  2.12295e-019
165.564  2.11498e-019
166.586  2.10692e-019
167.608  2.09877e-019
168.63  2.09052e-019
169.652  2.08218e-019
170.674  2.07374e-019
171.696  2.0652e-019
172.718  2.05657e-019
173.74  2.04783e-019
174.762  2.039e-019
175.784  2.03007e-019
176.806  2.02104e-019
177.828  2.01191e-019
178.85  2.00268e-019
179.872  1.99334e-019
180.894  1.98391e-019
181.916  1.97436e-019
182.938  1.96472e-019
183.96  1.95497e-019
184.982  1.94512e-019
186.004  1.93515e-019
187.026  1.92509e-019
188.048  1.91491e-019
189.07  1.90463e-019
190.092  1.89423e-019
191.114  1.88373e-019
192.136  1.87312e-019
193.158  1.8624e-019
194.18  1.85156e-019
195.202  1.84061e-019
196.224  1.82955e-019
197.246  1.81838e-019
198.268  1.80709e-019
199.29  1.79569e-019
200.312  1.78417e-019
201.334  1.77253e-019
202.356  1.76078e-019
203.378  1.74891e-019
204.4  1.73692e-019
205.422  1.72481e-019
206.444  1.71259e-019
207.466  1.70024e-019
208.488  1.68777e-019
209.51  1.67518e-019
210.532  1.66247e-019
211.554  1.64964e-019
212.576  1.63669e-019
213.598  1.62361e-019
214.62  1.61041e-019
215.642  1.59709e-019
216.664  1.58364e-019
217.686  1.57007e-019
218.708  1.55637e-019
219.73  1.54255e-019
220.752  1.5286e-019
221.774  1.51453e-019
222.796  1.50033e-019
223.818  1.48601e-019
224.84  1.47156e-019
225.862  1.45699e-019
226.884  1.44229e-019
227.906  1.42746e-019
228.928  1.41251e-019
229.95  1.39744e-019
230.972  1.38224e-019
231.994  1.36691e-019
233.016  1.35146e-019
234.038  1.33589e-019
235.06  1.3202e-019
236.082  1.30438e-019
237.104  1.28844e-019
238.126  1.27238e-019
239.148  1.25621e-019
240.17  1.23991e-019
241.192  1.2235e-019
242.214  1.20697e-019
243.236  1.19032e-019
244.258  1.17357e-019
245.28  1.1567e-019
246.302  1.13972e-019
247.324  1.12263e-019
248.346  1.10543e-019
249.368  1.08814e-019
250.39  1.07074e-019
251.412  1.05324e-019
252.434  1.03564e-019
253.456  1.01795e-019
254.478  1.00016e-019
255.5  9.82292e-020
256.522  9.64335e-020
257.544  9.46296e-020
258.566  9.28178e-020
259.588  9.09986e-020
260.61  8.91723e-020
261.632  8.73393e-020
262.654  8.55001e-020
263.676  8.36552e-020
264.698  8.1805e-020
265.72  7.995e-020
266.742  7.80908e-020
267.764  7.62279e-020
268.786  7.43619e-020
269.808  7.24934e-020
270.83  7.0623e-020
271.852  6.87514e-020
272.874  6.68794e-020
273.896  6.50076e-020
274.918  6.31367e-020
275.94  6.12677e-020
276.962  5.94012e-020
277.984  5.75381e-020
279.006  5.56794e-020
280.028  5.3826e-020
281.05  5.19788e-020
282.072  5.01388e-020
283.094  4.83071e-020
284.116  4.64847e-020
285.138  4.46729e-020
286.16  4.28726e-020
287.182  4.10852e-020
288.204  3.93119e-020
289.226  3.7554e-020
290.248  3.58129e-020
291.27  3.40899e-020
292.292  3.23866e-020
293.314  3.07043e-020
294.336  2.90447e-020
295.358  2.74093e-020
296.38  2.57998e-020
297.402  2.4218e-020
298.424  2.26656e-020
299.446  2.11445e-020
300.468  1.96565e-020
301.49  1.82036e-020
302.512  1.67879e-020
303.534  1.54114e-020
304.556  1.40763e-020
305.578  1.27848e-020
306.6  1.15393e-020
307.622  1.0342e-020
308.644  9.19553e-021
309.666  8.10232e-021
310.688  7.06498e-021
311.71  6.08621e-021
312.732  5.16876e-021
313.754  4.31549e-021
314.776  3.52932e-021
315.798  2.81328e-021
316.82  2.17047e-021
317.842  1.60408e-021
318.864  1.11741e-021
319.886  7.13828e-022
320.908  3.96806e-022
321.93  1.69899e-022
322.952  3.67414e-023
