1.022  2.29193e-019
2.044  2.2914e-019
3.066  2.29087e-019
4.088  2.29035e-019
5.11  2.28983e-019
6.132  2.28932e-019
7.154  2.2888e-019
8.176  2.28828e-019
9.198  2.28775e-019
10.22  2.28722e-019
11.242  2.28668e-019
12.264  2.28614e-019
13.286  2.28559e-019
14.308  2.28504e-019
15.33  2.28448e-019
16.352  2.28392e-019
17.374  2.28336e-019
18.396  2.2828e-019
19.418  2.28225e-019
20.44  2.28169e-019
21.462  2.28114e-019
22.484  2.2806e-019
23.506  2.28006e-019
24.528  2.27952e-019
25.55  2.27899e-019
26.572  2.27847e-019
27.594  2.27795e-019
28.616  2.27744e-019
29.638  2.27693e-019
30.66  2.27642e-019
31.682  2.27592e-019
32.704  2.27542e-019
33.726  2.27492e-019
34.748  2.27443e-019
35.77  2.27393e-019
36.792  2.27344e-019
37.814  2.27294e-019
38.836  2.27245e-019
39.858  2.27195e-019
40.88  2.27144e-019
41.902  2.27093e-019
42.924  2.27042e-019
43.946  2.2699e-019
44.968  2.26937e-019
45.99  2.26884e-019
47.012  2.26829e-019
48.034  2.26773e-019
49.056  2.26716e-019
50.078  2.26658e-019
51.1  2.26599e-019
52.122  2.26537e-019
53.144  2.26475e-019
54.166  2.2641e-019
55.188  2.26344e-019
56.21  2.26276e-019
57.232  2.26206e-019
58.254  2.26133e-019
59.276  2.26059e-019
60.298  2.25982e-019
61.32  2.25903e-019
62.342  2.25821e-019
63.364  2.25736e-019
64.386  2.25649e-019
65.408  2.25559e-019
66.43  2.25466e-019
67.452  2.25371e-019
68.474  2.25272e-019
69.496  2.2517e-019
70.518  2.25064e-019
71.54  2.24955e-019
72.562  2.24843e-019
73.584  2.24727e-019
74.606  2.24608e-019
75.628  2.24485e-019
76.65  2.24358e-019
77.672  2.24227e-019
78.694  2.24092e-019
79.716  2.23954e-019
80.738  2.23811e-019
81.76  2.23664e-019
82.782  2.23512e-019
83.804  2.23357e-019
84.826  2.23196e-019
85.848  2.23032e-019
86.87  2.22863e-019
87.892  2.22689e-019
88.914  2.2251e-019
89.936  2.22327e-019
90.958  2.22138e-019
91.98  2.21945e-019
93.002  2.21747e-019
94.024  2.21544e-019
95.046  2.21336e-019
96.068  2.21122e-019
97.09  2.20903e-019
98.112  2.20679e-019
99.134  2.2045e-019
100.156  2.20215e-019
101.178  2.19974e-019
102.2  2.19728e-019
103.222  2.19476e-019
104.244  2.19219e-019
105.266  2.18956e-019
106.288  2.18687e-019
107.31  2.18412e-019
108.332  2.18131e-019
109.354  2.17844e-019
110.376  2.17551e-019
111.398  2.17253e-019
112.42  2.16947e-019
113.442  2.16636e-019
114.464  2.16319e-019
115.486  2.15995e-019
116.508  2.15665e-019
117.53  2.15328e-019
118.552  2.14985e-019
119.574  2.14635e-019
120.596  2.14279e-019
121.618  2.13916e-019
122.64  2.13546e-019
123.662  2.1317e-019
124.684  2.12787e-019
125.706  2.12397e-019
126.728  2.12e-019
127.75  2.11597e-019
128.772  2.11186e-019
129.794  2.10768e-019
130.816  2.10343e-019
131.838  2.09911e-019
132.86  2.09472e-019
133.882  2.09026e-019
134.904  2.08572e-019
135.926  2.08111e-019
136.948  2.07643e-019
137.97  2.07167e-019
138.992  2.06684e-019
140.014  2.06193e-019
141.036  2.05694e-019
142.058  2.05188e-019
143.08  2.04675e-019
144.102  2.04153e-019
145.124  2.03624e-019
146.146  2.03087e-019
147.168  2.02542e-019
148.19  2.01989e-019
149.212  2.01428e-019
150.234  2.0086e-019
151.256  2.00283e-019
152.278  1.99697e-019
153.3  1.99104e-019
154.322  1.98503e-019
155.344  1.97893e-019
156.366  1.97275e-019
157.388  1.96648e-019
158.41  1.96013e-019
159.432  1.9537e-019
160.454  1.94718e-019
161.476  1.94057e-019
162.498  1.93388e-019
163.52  1.92709e-019
164.542  1.92023e-019
165.564  1.91327e-019
166.586  1.90622e-019
167.608  1.89909e-019
168.63  1.89186e-019
169.652  1.88454e-019
170.674  1.87714e-019
171.696  1.86964e-019
172.718  1.86204e-019
173.74  1.85436e-019
174.762  1.84658e-019
175.784  1.83871e-019
176.806  1.83074e-019
177.828  1.82267e-019
178.85  1.81451e-019
179.872  1.80626e-019
180.894  1.7979e-019
181.916  1.78945e-019
182.938  1.7809e-019
183.96  1.77225e-019
184.982  1.7635e-019
186.004  1.75465e-019
187.026  1.7457e-019
188.048  1.73665e-019
189.07  1.72749e-019
190.092  1.71824e-019
191.114  1.70887e-019
192.136  1.69941e-019
193.158  1.68984e-019
194.18  1.68016e-019
195.202  1.67038e-019
196.224  1.66049e-019
197.246  1.65049e-019
198.268  1.64039e-019
199.29  1.63018e-019
200.312  1.61986e-019
201.334  1.60943e-019
202.356  1.59888e-019
203.378  1.58823e-019
204.4  1.57747e-019
205.422  1.56659e-019
206.444  1.55561e-019
207.466  1.54451e-019
208.488  1.53329e-019
209.51  1.52197e-019
210.532  1.51053e-019
211.554  1.49897e-019
212.576  1.4873e-019
213.598  1.47551e-019
214.62  1.46361e-019
215.642  1.4516e-019
216.664  1.43946e-019
217.686  1.42721e-019
218.708  1.41484e-019
219.73  1.40236e-019
220.752  1.38976e-019
221.774  1.37704e-019
222.796  1.3642e-019
223.818  1.35125e-019
224.84  1.33818e-019
225.862  1.32499e-019
226.884  1.31168e-019
227.906  1.29826e-019
228.928  1.28472e-019
229.95  1.27106e-019
230.972  1.25729e-019
231.994  1.2434e-019
233.016  1.2294e-019
234.038  1.21528e-019
235.06  1.20105e-019
236.082  1.1867e-019
237.104  1.17224e-019
238.126  1.15766e-019
239.148  1.14298e-019
240.17  1.12819e-019
241.192  1.11328e-019
242.214  1.09827e-019
243.236  1.08315e-019
244.258  1.06793e-019
245.28  1.0526e-019
246.302  1.03717e-019
247.324  1.02164e-019
248.346  1.00601e-019
249.368  9.90284e-020
250.39  9.74463e-020
251.412  9.5855e-020
252.434  9.42547e-020
253.456  9.26456e-020
254.478  9.1028e-020
255.5  8.94022e-020
256.522  8.77684e-020
257.544  8.61271e-020
258.566  8.44785e-020
259.588  8.2823e-020
260.61  8.11609e-020
261.632  7.94926e-020
262.654  7.78186e-020
263.676  7.61393e-020
264.698  7.4455e-020
265.72  7.27663e-020
266.742  7.10737e-020
267.764  6.93777e-020
268.786  6.76788e-020
269.808  6.59776e-020
270.83  6.42746e-020
271.852  6.25705e-020
272.874  6.08659e-020
273.896  5.91615e-020
274.918  5.7458e-020
275.94  5.5756e-020
276.962  5.40564e-020
277.984  5.236e-020
279.006  5.06675e-020
280.028  4.89798e-020
281.05  4.72978e-020
282.072  4.56224e-020
283.094  4.39546e-020
284.116  4.22953e-020
285.138  4.06455e-020
286.16  3.90064e-020
287.182  3.73791e-020
288.204  3.57646e-020
289.226  3.41643e-020
290.248  3.25792e-020
291.27  3.10107e-020
292.292  2.94602e-020
293.314  2.79289e-020
294.336  2.64182e-020
295.358  2.49298e-020
296.38  2.3465e-020
297.402  2.20254e-020
298.424  2.06127e-020
299.446  1.92285e-020
300.468  1.78746e-020
301.49  1.65527e-020
302.512  1.52646e-020
303.534  1.40124e-020
304.556  1.27978e-020
305.578  1.16231e-020
306.6  1.04902e-020
307.622  9.40134e-021
308.644  8.3587e-021
309.666  7.36458e-021
310.688  6.42136e-021
311.71  5.53145e-021
312.732  4.69737e-021
313.754  3.9217e-021
314.776  3.20709e-021
315.798  2.55627e-021
316.82  1.97207e-021
317.842  1.45737e-021
318.864  1.01515e-021
319.886  6.48462e-022
320.908  3.60448e-022
321.93  1.54322e-022
322.952  3.33707e-023
