1.022  1.82232e-020
2.044  1.85522e-020
3.066  1.88804e-020
4.088  1.92078e-020
5.11  1.95343e-020
6.132  1.98599e-020
7.154  2.01845e-020
8.176  2.05082e-020
9.198  2.08308e-020
10.22  2.11524e-020
11.242  2.1473e-020
12.264  2.17924e-020
13.286  2.21108e-020
14.308  2.24282e-020
15.33  2.27444e-020
16.352  2.30595e-020
17.374  2.33736e-020
18.396  2.36865e-020
19.418  2.39984e-020
20.44  2.43092e-020
21.462  2.46188e-020
22.484  2.49274e-020
23.506  2.52349e-020
24.528  2.55413e-020
25.55  2.58465e-020
26.572  2.61506e-020
27.594  2.64536e-020
28.616  2.67554e-020
29.638  2.70561e-020
30.66  2.73556e-020
31.682  2.7654e-020
32.704  2.79511e-020
33.726  2.8247e-020
34.748  2.85417e-020
35.77  2.88351e-020
36.792  2.91273e-020
37.814  2.94181e-020
38.836  2.97077e-020
39.858  2.9996e-020
40.88  3.02829e-020
41.902  3.05684e-020
42.924  3.08526e-020
43.946  3.11353e-020
44.968  3.14167e-020
45.99  3.16966e-020
47.012  3.1975e-020
48.034  3.22519e-020
49.056  3.25273e-020
50.078  3.28011e-020
51.1  3.30734e-020
52.122  3.33441e-020
53.144  3.36132e-020
54.166  3.38806e-020
55.188  3.41464e-020
56.21  3.44105e-020
57.232  3.4673e-020
58.254  3.49336e-020
59.276  3.51925e-020
60.298  3.54497e-020
61.32  3.5705e-020
62.342  3.59585e-020
63.364  3.62102e-020
64.386  3.646e-020
65.408  3.67079e-020
66.43  3.69538e-020
67.452  3.71978e-020
68.474  3.74398e-020
69.496  3.76799e-020
70.518  3.79179e-020
71.54  3.81539e-020
72.562  3.83878e-020
73.584  3.86196e-020
74.606  3.88492e-020
75.628  3.90768e-020
76.65  3.93021e-020
77.672  3.95253e-020
78.694  3.97463e-020
79.716  3.9965e-020
80.738  4.01815e-020
81.76  4.03957e-020
82.782  4.06075e-020
83.804  4.08171e-020
84.826  4.10242e-020
85.848  4.1229e-020
86.87  4.14314e-020
87.892  4.16314e-020
88.914  4.18289e-020
89.936  4.2024e-020
90.958  4.22165e-020
91.98  4.24065e-020
93.002  4.2594e-020
94.024  4.27789e-020
95.046  4.29613e-020
96.068  4.3141e-020
97.09  4.33181e-020
98.112  4.34925e-020
99.134  4.36642e-020
100.156  4.38333e-020
101.178  4.39996e-020
102.2  4.41632e-020
103.222  4.43239e-020
104.244  4.4482e-020
105.266  4.46371e-020
106.288  4.47895e-020
107.31  4.4939e-020
108.332  4.50856e-020
109.354  4.52293e-020
110.376  4.537e-020
111.398  4.55079e-020
112.42  4.56427e-020
113.442  4.57746e-020
114.464  4.59034e-020
115.486  4.60292e-020
116.508  4.61519e-020
117.53  4.62716e-020
118.552  4.63881e-020
119.574  4.65015e-020
120.596  4.66118e-020
121.618  4.67189e-020
122.64  4.68228e-020
123.662  4.69234e-020
124.684  4.70209e-020
125.706  4.7115e-020
126.728  4.72059e-020
127.75  4.72935e-020
128.772  4.73777e-020
129.794  4.74586e-020
130.816  4.75361e-020
131.838  4.76103e-020
132.86  4.76809e-020
133.882  4.77482e-020
134.904  4.7812e-020
135.926  4.78723e-020
136.948  4.7929e-020
137.97  4.79823e-020
138.992  4.8032e-020
140.014  4.80781e-020
141.036  4.81205e-020
142.058  4.81594e-020
143.08  4.81946e-020
144.102  4.82262e-020
145.124  4.8254e-020
146.146  4.82781e-020
147.168  4.82985e-020
148.19  4.83151e-020
149.212  4.83279e-020
150.234  4.83369e-020
151.256  4.83421e-020
152.278  4.83434e-020
153.3  4.83408e-020
154.322  4.83343e-020
155.344  4.83239e-020
156.366  4.83095e-020
157.388  4.82911e-020
158.41  4.82688e-020
159.432  4.82424e-020
160.454  4.82119e-020
161.476  4.81774e-020
162.498  4.81388e-020
163.52  4.8096e-020
164.542  4.80491e-020
165.564  4.7998e-020
166.586  4.79428e-020
167.608  4.78833e-020
168.63  4.78196e-020
169.652  4.77516e-020
170.674  4.76793e-020
171.696  4.76027e-020
172.718  4.75217e-020
173.74  4.74364e-020
174.762  4.73468e-020
175.784  4.72527e-020
176.806  4.71542e-020
177.828  4.70512e-020
178.85  4.69438e-020
179.872  4.68318e-020
180.894  4.67154e-020
181.916  4.65944e-020
182.938  4.64688e-020
183.96  4.63387e-020
184.982  4.62039e-020
186.004  4.60645e-020
187.026  4.59205e-020
188.048  4.57718e-020
189.07  4.56184e-020
190.092  4.54603e-020
191.114  4.52975e-020
192.136  4.513e-020
193.158  4.49577e-020
194.18  4.47806e-020
195.202  4.45987e-020
196.224  4.4412e-020
197.246  4.42204e-020
198.268  4.4024e-020
199.29  4.38228e-020
200.312  4.36167e-020
201.334  4.34056e-020
202.356  4.31897e-020
203.378  4.29689e-020
204.4  4.27432e-020
205.422  4.25125e-020
206.444  4.22769e-020
207.466  4.20363e-020
208.488  4.17908e-020
209.51  4.15402e-020
210.532  4.12848e-020
211.554  4.10243e-020
212.576  4.07589e-020
213.598  4.04885e-020
214.62  4.02131e-020
215.642  3.99327e-020
216.664  3.96474e-020
217.686  3.93571e-020
218.708  3.90618e-020
219.73  3.87615e-020
220.752  3.84563e-020
221.774  3.81462e-020
222.796  3.78311e-020
223.818  3.75111e-020
224.84  3.71862e-020
225.862  3.68564e-020
226.884  3.65217e-020
227.906  3.61822e-020
228.928  3.58379e-020
229.95  3.54888e-020
230.972  3.51349e-020
231.994  3.47762e-020
233.016  3.44128e-020
234.038  3.40448e-020
235.06  3.36722e-020
236.082  3.32949e-020
237.104  3.29131e-020
238.126  3.25268e-020
239.148  3.2136e-020
240.17  3.17408e-020
241.192  3.13413e-020
242.214  3.09374e-020
243.236  3.05294e-020
244.258  3.01171e-020
245.28  2.97008e-020
246.302  2.92805e-020
247.324  2.88562e-020
248.346  2.8428e-020
249.368  2.79961e-020
250.39  2.75604e-020
251.412  2.71212e-020
252.434  2.66784e-020
253.456  2.62322e-020
254.478  2.57828e-020
255.5  2.53301e-020
256.522  2.48744e-020
257.544  2.44157e-020
258.566  2.39541e-020
259.588  2.34899e-020
260.61  2.30231e-020
261.632  2.25539e-020
262.654  2.20824e-020
263.676  2.16088e-020
264.698  2.11333e-020
265.72  2.06559e-020
266.742  2.01769e-020
267.764  1.96965e-020
268.786  1.92148e-020
269.808  1.8732e-020
270.83  1.82483e-020
271.852  1.7764e-020
272.874  1.72793e-020
273.896  1.67943e-020
274.918  1.63093e-020
275.94  1.58245e-020
276.962  1.53402e-020
277.984  1.48566e-020
279.006  1.4374e-020
280.028  1.38927e-020
281.05  1.34129e-020
282.072  1.2935e-020
283.094  1.24592e-020
284.116  1.19858e-020
285.138  1.15151e-020
286.16  1.10475e-020
287.182  1.05834e-020
288.204  1.0123e-020
289.226  9.66666e-021
290.248  9.21486e-021
291.27  8.76792e-021
292.292  8.32624e-021
293.314  7.89022e-021
294.336  7.46027e-021
295.358  7.03683e-021
296.38  6.62034e-021
297.402  6.21124e-021
298.424  5.81001e-021
299.446  5.41712e-021
300.468  5.03307e-021
301.49  4.65836e-021
302.512  4.29351e-021
303.534  3.93907e-021
304.556  3.59557e-021
305.578  3.26359e-021
306.6  2.94371e-021
307.622  2.63652e-021
308.644  2.34263e-021
309.666  2.06268e-021
310.688  1.79732e-021
311.71  1.54719e-021
312.732  1.31299e-021
313.754  1.09541e-021
314.776  8.9517e-022
315.798  7.12997e-022
316.82  5.49646e-022
317.842  4.05888e-022
318.864  2.82511e-022
319.886  1.80325e-022
320.908  1.00155e-022
321.93  4.28466e-023
322.952  9.25771e-024
