1.022  1.12686e-020
2.044  1.15472e-020
3.066  1.18257e-020
4.088  1.21039e-020
5.11  1.2382e-020
6.132  1.26598e-020
7.154  1.29374e-020
8.176  1.32146e-020
9.198  1.34915e-020
10.22  1.3768e-020
11.242  1.40441e-020
12.264  1.43198e-020
13.286  1.45951e-020
14.308  1.48699e-020
15.33  1.51443e-020
16.352  1.54181e-020
17.374  1.56915e-020
18.396  1.59644e-020
19.418  1.62368e-020
20.44  1.65087e-020
21.462  1.678e-020
22.484  1.70508e-020
23.506  1.7321e-020
24.528  1.75907e-020
25.55  1.78597e-020
26.572  1.81282e-020
27.594  1.83961e-020
28.616  1.86633e-020
29.638  1.89299e-020
30.66  1.91958e-020
31.682  1.94611e-020
32.704  1.97256e-020
33.726  1.99895e-020
34.748  2.02525e-020
35.77  2.05149e-020
36.792  2.07764e-020
37.814  2.10371e-020
38.836  2.12971e-020
39.858  2.15561e-020
40.88  2.18144e-020
41.902  2.20717e-020
42.924  2.23281e-020
43.946  2.25836e-020
44.968  2.28381e-020
45.99  2.30916e-020
47.012  2.33442e-020
48.034  2.35957e-020
49.056  2.38462e-020
50.078  2.40956e-020
51.1  2.43439e-020
52.122  2.4591e-020
53.144  2.4837e-020
54.166  2.50819e-020
55.188  2.53256e-020
56.21  2.5568e-020
57.232  2.58092e-020
58.254  2.60491e-020
59.276  2.62878e-020
60.298  2.65251e-020
61.32  2.67611e-020
62.342  2.69957e-020
63.364  2.72289e-020
64.386  2.74607e-020
65.408  2.76911e-020
66.43  2.792e-020
67.452  2.81474e-020
68.474  2.83733e-020
69.496  2.85976e-020
70.518  2.88204e-020
71.54  2.90417e-020
72.562  2.92613e-020
73.584  2.94792e-020
74.606  2.96956e-020
75.628  2.99102e-020
76.65  3.01231e-020
77.672  3.03343e-020
78.694  3.05437e-020
79.716  3.07514e-020
80.738  3.09573e-020
81.76  3.11613e-020
82.782  3.13635e-020
83.804  3.15638e-020
84.826  3.17622e-020
85.848  3.19587e-020
86.87  3.21533e-020
87.892  3.23459e-020
88.914  3.25364e-020
89.936  3.2725e-020
90.958  3.29116e-020
91.98  3.30961e-020
93.002  3.32785e-020
94.024  3.34588e-020
95.046  3.36369e-020
96.068  3.3813e-020
97.09  3.39868e-020
98.112  3.41585e-020
99.134  3.43279e-020
100.156  3.44951e-020
101.178  3.466e-020
102.2  3.48226e-020
103.222  3.49829e-020
104.244  3.51409e-020
105.266  3.52966e-020
106.288  3.54498e-020
107.31  3.56007e-020
108.332  3.57491e-020
109.354  3.58951e-020
110.376  3.60386e-020
111.398  3.61797e-020
112.42  3.63182e-020
113.442  3.64542e-020
114.464  3.65876e-020
115.486  3.67185e-020
116.508  3.68467e-020
117.53  3.69723e-020
118.552  3.70953e-020
119.574  3.72156e-020
120.596  3.73332e-020
121.618  3.74481e-020
122.64  3.75603e-020
123.662  3.76697e-020
124.684  3.77764e-020
125.706  3.78802e-020
126.728  3.79812e-020
127.75  3.80794e-020
128.772  3.81747e-020
129.794  3.82671e-020
130.816  3.83566e-020
131.838  3.84431e-020
132.86  3.85267e-020
133.882  3.86073e-020
134.904  3.86849e-020
135.926  3.87595e-020
136.948  3.8831e-020
137.97  3.88995e-020
138.992  3.89649e-020
140.014  3.90271e-020
141.036  3.90862e-020
142.058  3.91422e-020
143.08  3.9195e-020
144.102  3.92445e-020
145.124  3.92908e-020
146.146  3.93339e-020
147.168  3.93737e-020
148.19  3.94102e-020
149.212  3.94434e-020
150.234  3.94732e-020
151.256  3.94997e-020
152.278  3.95228e-020
153.3  3.95425e-020
154.322  3.95587e-020
155.344  3.95715e-020
156.366  3.95808e-020
157.388  3.95865e-020
158.41  3.95888e-020
159.432  3.95875e-020
160.454  3.95827e-020
161.476  3.95742e-020
162.498  3.95621e-020
163.52  3.95464e-020
164.542  3.9527e-020
165.564  3.95039e-020
166.586  3.94772e-020
167.608  3.94467e-020
168.63  3.94124e-020
169.652  3.93744e-020
170.674  3.93325e-020
171.696  3.92869e-020
172.718  3.92374e-020
173.74  3.9184e-020
174.762  3.91268e-020
175.784  3.90656e-020
176.806  3.90005e-020
177.828  3.89315e-020
178.85  3.88585e-020
179.872  3.87815e-020
180.894  3.87005e-020
181.916  3.86154e-020
182.938  3.85263e-020
183.96  3.84332e-020
184.982  3.83359e-020
186.004  3.82345e-020
187.026  3.8129e-020
188.048  3.80194e-020
189.07  3.79056e-020
190.092  3.77876e-020
191.114  3.76654e-020
192.136  3.75389e-020
193.158  3.74083e-020
194.18  3.72734e-020
195.202  3.71342e-020
196.224  3.69908e-020
197.246  3.6843e-020
198.268  3.66909e-020
199.29  3.65346e-020
200.312  3.63739e-020
201.334  3.62088e-020
202.356  3.60394e-020
203.378  3.58656e-020
204.4  3.56874e-020
205.422  3.55049e-020
206.444  3.53179e-020
207.466  3.51266e-020
208.488  3.49308e-020
209.51  3.47306e-020
210.532  3.4526e-020
211.554  3.4317e-020
212.576  3.41036e-020
213.598  3.38857e-020
214.62  3.36634e-020
215.642  3.34367e-020
216.664  3.32056e-020
217.686  3.29701e-020
218.708  3.27301e-020
219.73  3.24857e-020
220.752  3.2237e-020
221.774  3.19838e-020
222.796  3.17263e-020
223.818  3.14644e-020
224.84  3.11982e-020
225.862  3.09276e-020
226.884  3.06527e-020
227.906  3.03735e-020
228.928  3.009e-020
229.95  2.98023e-020
230.972  2.95104e-020
231.994  2.92142e-020
233.016  2.89139e-020
234.038  2.86094e-020
235.06  2.83009e-020
236.082  2.79882e-020
237.104  2.76715e-020
238.126  2.73509e-020
239.148  2.70263e-020
240.17  2.66978e-020
241.192  2.63654e-020
242.214  2.60293e-020
243.236  2.56893e-020
244.258  2.53458e-020
245.28  2.49985e-020
246.302  2.46478e-020
247.324  2.42935e-020
248.346  2.39358e-020
249.368  2.35748e-020
250.39  2.32104e-020
251.412  2.28429e-020
252.434  2.24723e-020
253.456  2.20987e-020
254.478  2.17221e-020
255.5  2.13427e-020
256.522  2.09606e-020
257.544  2.05758e-020
258.566  2.01886e-020
259.588  1.97989e-020
260.61  1.9407e-020
261.632  1.90129e-020
262.654  1.86167e-020
263.676  1.82187e-020
264.698  1.78189e-020
265.72  1.74175e-020
266.742  1.70146e-020
267.764  1.66104e-020
268.786  1.6205e-020
269.808  1.57987e-020
270.83  1.53915e-020
271.852  1.49837e-020
272.874  1.45754e-020
273.896  1.41669e-020
274.918  1.37583e-020
275.94  1.33498e-020
276.962  1.29417e-020
277.984  1.25341e-020
279.006  1.21273e-020
280.028  1.17215e-020
281.05  1.1317e-020
282.072  1.09139e-020
283.094  1.05126e-020
284.116  1.01133e-020
285.138  9.71635e-021
286.16  9.32192e-021
287.182  8.93033e-021
288.204  8.5419e-021
289.226  8.15692e-021
290.248  7.7757e-021
291.27  7.39857e-021
292.292  7.02586e-021
293.314  6.65792e-021
294.336  6.29509e-021
295.358  5.93775e-021
296.38  5.58626e-021
297.402  5.24101e-021
298.424  4.90239e-021
299.446  4.57081e-021
300.468  4.24669e-021
301.49  3.93046e-021
302.512  3.62255e-021
303.534  3.32343e-021
304.556  3.03355e-021
305.578  2.7534e-021
306.6  2.48346e-021
307.622  2.22424e-021
308.644  1.97626e-021
309.666  1.74004e-021
310.688  1.51613e-021
311.71  1.3051e-021
312.732  1.10751e-021
313.754  9.23948e-022
314.776  7.55022e-022
315.798  6.01348e-022
316.82  4.63559e-022
317.842  3.42303e-022
318.864  2.38245e-022
319.886  1.52064e-022
320.908  8.44551e-023
321.93  3.61284e-023
322.952  7.80579e-024
