1.022  4.45554e-020
2.044  4.38966e-020
3.066  4.32478e-020
4.088  4.2609e-020
5.11  4.19801e-020
6.132  4.13609e-020
7.154  4.07511e-020
8.176  4.01508e-020
9.198  3.95597e-020
10.22  3.89777e-020
11.242  3.84048e-020
12.264  3.78408e-020
13.286  3.72857e-020
14.308  3.67393e-020
15.33  3.62017e-020
16.352  3.56727e-020
17.374  3.51523e-020
18.396  3.46404e-020
19.418  3.41368e-020
20.44  3.36416e-020
21.462  3.31546e-020
22.484  3.26757e-020
23.506  3.22048e-020
24.528  3.1742e-020
25.55  3.12869e-020
26.572  3.08397e-020
27.594  3.04001e-020
28.616  2.9968e-020
29.638  2.95434e-020
30.66  2.91262e-020
31.682  2.87163e-020
32.704  2.83135e-020
33.726  2.79178e-020
34.748  2.7529e-020
35.77  2.71471e-020
36.792  2.6772e-020
37.814  2.64036e-020
38.836  2.60417e-020
39.858  2.56863e-020
40.88  2.53373e-020
41.902  2.49946e-020
42.924  2.46581e-020
43.946  2.43277e-020
44.968  2.40033e-020
45.99  2.36848e-020
47.012  2.33721e-020
48.034  2.30652e-020
49.056  2.2764e-020
50.078  2.24683e-020
51.1  2.21781e-020
52.122  2.18934e-020
53.144  2.16139e-020
54.166  2.13397e-020
55.188  2.10707e-020
56.21  2.08067e-020
57.232  2.05477e-020
58.254  2.02937e-020
59.276  2.00445e-020
60.298  1.98001e-020
61.32  1.95604e-020
62.342  1.93253e-020
63.364  1.90948e-020
64.386  1.88688e-020
65.408  1.86472e-020
66.43  1.84299e-020
67.452  1.82169e-020
68.474  1.80081e-020
69.496  1.78035e-020
70.518  1.76029e-020
71.54  1.74063e-020
72.562  1.72137e-020
73.584  1.7025e-020
74.606  1.68401e-020
75.628  1.6659e-020
76.65  1.64816e-020
77.672  1.63078e-020
78.694  1.61375e-020
79.716  1.59708e-020
80.738  1.58076e-020
81.76  1.56478e-020
82.782  1.54913e-020
83.804  1.53381e-020
84.826  1.51882e-020
85.848  1.50414e-020
86.87  1.48977e-020
87.892  1.47572e-020
88.914  1.46196e-020
89.936  1.4485e-020
90.958  1.43534e-020
91.98  1.42245e-020
93.002  1.40986e-020
94.024  1.39753e-020
95.046  1.38548e-020
96.068  1.37369e-020
97.09  1.36217e-020
98.112  1.3509e-020
99.134  1.33989e-020
100.156  1.32912e-020
101.178  1.31859e-020
102.2  1.3083e-020
103.222  1.29825e-020
104.244  1.28842e-020
105.266  1.27882e-020
106.288  1.26943e-020
107.31  1.26027e-020
108.332  1.25131e-020
109.354  1.24256e-020
110.376  1.23401e-020
111.398  1.22566e-020
112.42  1.2175e-020
113.442  1.20953e-020
114.464  1.20175e-020
115.486  1.19415e-020
116.508  1.18672e-020
117.53  1.17947e-020
118.552  1.17239e-020
119.574  1.16547e-020
120.596  1.15872e-020
121.618  1.15212e-020
122.64  1.14567e-020
123.662  1.13937e-020
124.684  1.13322e-020
125.706  1.12722e-020
126.728  1.12134e-020
127.75  1.11561e-020
128.772  1.11e-020
129.794  1.10453e-020
130.816  1.09917e-020
131.838  1.09394e-020
132.86  1.08882e-020
133.882  1.08382e-020
134.904  1.07892e-020
135.926  1.07413e-020
136.948  1.06945e-020
137.97  1.06486e-020
138.992  1.06037e-020
140.014  1.05597e-020
141.036  1.05166e-020
142.058  1.04744e-020
143.08  1.0433e-020
144.102  1.03924e-020
145.124  1.03526e-020
146.146  1.03135e-020
147.168  1.0275e-020
148.19  1.02373e-020
149.212  1.02002e-020
150.234  1.01637e-020
151.256  1.01278e-020
152.278  1.00924e-020
153.3  1.00576e-020
154.322  1.00233e-020
155.344  9.98936e-021
156.366  9.95591e-021
157.388  9.92285e-021
158.41  9.89017e-021
159.432  9.85784e-021
160.454  9.82583e-021
161.476  9.79412e-021
162.498  9.76266e-021
163.52  9.73145e-021
164.542  9.70045e-021
165.564  9.66964e-021
166.586  9.63899e-021
167.608  9.60847e-021
168.63  9.57806e-021
169.652  9.54773e-021
170.674  9.51747e-021
171.696  9.48724e-021
172.718  9.45702e-021
173.74  9.42678e-021
174.762  9.39651e-021
175.784  9.36618e-021
176.806  9.33576e-021
177.828  9.30524e-021
178.85  9.27459e-021
179.872  9.24378e-021
180.894  9.2128e-021
181.916  9.18163e-021
182.938  9.15023e-021
183.96  9.1186e-021
184.982  9.08671e-021
186.004  9.05454e-021
187.026  9.02206e-021
188.048  8.98927e-021
189.07  8.95613e-021
190.092  8.92263e-021
191.114  8.88875e-021
192.136  8.85447e-021
193.158  8.81978e-021
194.18  8.78464e-021
195.202  8.74906e-021
196.224  8.713e-021
197.246  8.67644e-021
198.268  8.63938e-021
199.29  8.6018e-021
200.312  8.56367e-021
201.334  8.52498e-021
202.356  8.48572e-021
203.378  8.44587e-021
204.4  8.40541e-021
205.422  8.36432e-021
206.444  8.3226e-021
207.466  8.28023e-021
208.488  8.23719e-021
209.51  8.19347e-021
210.532  8.14906e-021
211.554  8.10393e-021
212.576  8.05809e-021
213.598  8.01151e-021
214.62  7.96418e-021
215.642  7.91609e-021
216.664  7.86723e-021
217.686  7.81758e-021
218.708  7.76714e-021
219.73  7.7159e-021
220.752  7.66383e-021
221.774  7.61094e-021
222.796  7.55721e-021
223.818  7.50264e-021
224.84  7.4472e-021
225.862  7.39091e-021
226.884  7.33373e-021
227.906  7.27568e-021
228.928  7.21673e-021
229.95  7.15689e-021
230.972  7.09615e-021
231.994  7.03449e-021
233.016  6.97192e-021
234.038  6.90843e-021
235.06  6.84401e-021
236.082  6.77865e-021
237.104  6.71237e-021
238.126  6.64514e-021
239.148  6.57697e-021
240.17  6.50786e-021
241.192  6.4378e-021
242.214  6.36679e-021
243.236  6.29484e-021
244.258  6.22193e-021
245.28  6.14809e-021
246.302  6.07329e-021
247.324  5.99755e-021
248.346  5.92087e-021
249.368  5.84325e-021
250.39  5.76471e-021
251.412  5.68523e-021
252.434  5.60483e-021
253.456  5.52352e-021
254.478  5.4413e-021
255.5  5.35819e-021
256.522  5.27419e-021
257.544  5.18931e-021
258.566  5.10357e-021
259.588  5.01698e-021
260.61  4.92955e-021
261.632  4.8413e-021
262.654  4.75225e-021
263.676  4.66242e-021
264.698  4.57182e-021
265.72  4.48048e-021
266.742  4.38842e-021
267.764  4.29566e-021
268.786  4.20223e-021
269.808  4.10816e-021
270.83  4.01348e-021
271.852  3.91822e-021
272.874  3.82241e-021
273.896  3.72609e-021
274.918  3.6293e-021
275.94  3.53207e-021
276.962  3.43445e-021
277.984  3.33648e-021
279.006  3.23821e-021
280.028  3.1397e-021
281.05  3.04098e-021
282.072  2.94212e-021
283.094  2.84317e-021
284.116  2.7442e-021
285.138  2.64527e-021
286.16  2.54645e-021
287.182  2.44781e-021
288.204  2.34942e-021
289.226  2.25135e-021
290.248  2.1537e-021
291.27  2.05655e-021
292.292  1.95999e-021
293.314  1.86411e-021
294.336  1.76901e-021
295.358  1.6748e-021
296.38  1.58158e-021
297.402  1.48946e-021
298.424  1.39857e-021
299.446  1.30902e-021
300.468  1.22095e-021
301.49  1.13449e-021
302.512  1.04978e-021
303.534  9.66968e-022
304.556  8.86208e-022
305.578  8.07658e-022
306.6  7.31487e-022
307.622  6.57866e-022
308.644  5.86977e-022
309.666  5.1901e-022
310.688  4.54159e-022
311.71  3.9263e-022
312.732  3.34635e-022
313.754  2.80396e-022
314.776  2.30144e-022
315.798  1.84119e-022
316.82  1.42568e-022
317.842  1.05752e-022
318.864  7.39398e-023
319.886  4.74102e-023
320.908  2.64531e-023
321.93  1.1369e-023
322.952  2.46788e-024
