1.022  1.22162e-019
2.044  1.20641e-019
3.066  1.19138e-019
4.088  1.17654e-019
5.11  1.16189e-019
6.132  1.14741e-019
7.154  1.13311e-019
8.176  1.11899e-019
9.198  1.10504e-019
10.22  1.09127e-019
11.242  1.07766e-019
12.264  1.06421e-019
13.286  1.05094e-019
14.308  1.03783e-019
15.33  1.02488e-019
16.352  1.0121e-019
17.374  9.99482e-020
18.396  9.87024e-020
19.418  9.74727e-020
20.44  9.62588e-020
21.462  9.50608e-020
22.484  9.38784e-020
23.506  9.27115e-020
24.528  9.15599e-020
25.55  9.04236e-020
26.572  8.93023e-020
27.594  8.81958e-020
28.616  8.7104e-020
29.638  8.60268e-020
30.66  8.49639e-020
31.682  8.39152e-020
32.704  8.28805e-020
33.726  8.18596e-020
34.748  8.08524e-020
35.77  7.98586e-020
36.792  7.88781e-020
37.814  7.79107e-020
38.836  7.69562e-020
39.858  7.60145e-020
40.88  7.50854e-020
41.902  7.41687e-020
42.924  7.32642e-020
43.946  7.23718e-020
44.968  7.14914e-020
45.99  7.06226e-020
47.012  6.97655e-020
48.034  6.89197e-020
49.056  6.80852e-020
50.078  6.72619e-020
51.1  6.64494e-020
52.122  6.56478e-020
53.144  6.48568e-020
54.166  6.40763e-020
55.188  6.33062e-020
56.21  6.25463e-020
57.232  6.17965e-020
58.254  6.10566e-020
59.276  6.03265e-020
60.298  5.9606e-020
61.32  5.88951e-020
62.342  5.81936e-020
63.364  5.75013e-020
64.386  5.68182e-020
65.408  5.61441e-020
66.43  5.54789e-020
67.452  5.48225e-020
68.474  5.41748e-020
69.496  5.35355e-020
70.518  5.29047e-020
71.54  5.22822e-020
72.562  5.16679e-020
73.584  5.10617e-020
74.606  5.04635e-020
75.628  4.98731e-020
76.65  4.92905e-020
77.672  4.87155e-020
78.694  4.81481e-020
79.716  4.75882e-020
80.738  4.70356e-020
81.76  4.64903e-020
82.782  4.59521e-020
83.804  4.5421e-020
84.826  4.48969e-020
85.848  4.43796e-020
86.87  4.38691e-020
87.892  4.33653e-020
88.914  4.28681e-020
89.936  4.23775e-020
90.958  4.18932e-020
91.98  4.14153e-020
93.002  4.09437e-020
94.024  4.04782e-020
95.046  4.00189e-020
96.068  3.95655e-020
97.09  3.91181e-020
98.112  3.86765e-020
99.134  3.82407e-020
100.156  3.78106e-020
101.178  3.73861e-020
102.2  3.69671e-020
103.222  3.65537e-020
104.244  3.61456e-020
105.266  3.57428e-020
106.288  3.53453e-020
107.31  3.4953e-020
108.332  3.45658e-020
109.354  3.41836e-020
110.376  3.38064e-020
111.398  3.34341e-020
112.42  3.30667e-020
113.442  3.2704e-020
114.464  3.23461e-020
115.486  3.19927e-020
116.508  3.1644e-020
117.53  3.12998e-020
118.552  3.096e-020
119.574  3.06247e-020
120.596  3.02937e-020
121.618  2.99669e-020
122.64  2.96444e-020
123.662  2.9326e-020
124.684  2.90118e-020
125.706  2.87015e-020
126.728  2.83953e-020
127.75  2.8093e-020
128.772  2.77946e-020
129.794  2.75e-020
130.816  2.72092e-020
131.838  2.69221e-020
132.86  2.66386e-020
133.882  2.63588e-020
134.904  2.60825e-020
135.926  2.58098e-020
136.948  2.55405e-020
137.97  2.52746e-020
138.992  2.50121e-020
140.014  2.47529e-020
141.036  2.44969e-020
142.058  2.42442e-020
143.08  2.39947e-020
144.102  2.37482e-020
145.124  2.35049e-020
146.146  2.32646e-020
147.168  2.30273e-020
148.19  2.27929e-020
149.212  2.25614e-020
150.234  2.23328e-020
151.256  2.2107e-020
152.278  2.1884e-020
153.3  2.16637e-020
154.322  2.14462e-020
155.344  2.12312e-020
156.366  2.10189e-020
157.388  2.08091e-020
158.41  2.06019e-020
159.432  2.03971e-020
160.454  2.01949e-020
161.476  1.9995e-020
162.498  1.97975e-020
163.52  1.96023e-020
164.542  1.94095e-020
165.564  1.92189e-020
166.586  1.90305e-020
167.608  1.88443e-020
168.63  1.86603e-020
169.652  1.84784e-020
170.674  1.82985e-020
171.696  1.81208e-020
172.718  1.7945e-020
173.74  1.77712e-020
174.762  1.75994e-020
175.784  1.74294e-020
176.806  1.72614e-020
177.828  1.70952e-020
178.85  1.69308e-020
179.872  1.67681e-020
180.894  1.66073e-020
181.916  1.64481e-020
182.938  1.62906e-020
183.96  1.61348e-020
184.982  1.59805e-020
186.004  1.58279e-020
187.026  1.56768e-020
188.048  1.55272e-020
189.07  1.53791e-020
190.092  1.52325e-020
191.114  1.50873e-020
192.136  1.49434e-020
193.158  1.4801e-020
194.18  1.46599e-020
195.202  1.452e-020
196.224  1.43815e-020
197.246  1.42442e-020
198.268  1.41081e-020
199.29  1.39731e-020
200.312  1.38393e-020
201.334  1.37067e-020
202.356  1.35751e-020
203.378  1.34446e-020
204.4  1.3315e-020
205.422  1.31865e-020
206.444  1.3059e-020
207.466  1.29323e-020
208.488  1.28066e-020
209.51  1.26817e-020
210.532  1.25577e-020
211.554  1.24345e-020
212.576  1.2312e-020
213.598  1.21903e-020
214.62  1.20693e-020
215.642  1.1949e-020
216.664  1.18293e-020
217.686  1.17103e-020
218.708  1.15918e-020
219.73  1.14739e-020
220.752  1.13565e-020
221.774  1.12396e-020
222.796  1.11231e-020
223.818  1.10071e-020
224.84  1.08914e-020
225.862  1.07762e-020
226.884  1.06612e-020
227.906  1.05466e-020
228.928  1.04322e-020
229.95  1.0318e-020
230.972  1.02041e-020
231.994  1.00903e-020
233.016  9.97663e-021
234.038  9.86308e-021
235.06  9.74959e-021
236.082  9.63615e-021
237.104  9.52271e-021
238.126  9.40925e-021
239.148  9.29573e-021
240.17  9.18213e-021
241.192  9.0684e-021
242.214  8.95453e-021
243.236  8.84047e-021
244.258  8.72621e-021
245.28  8.6117e-021
246.302  8.49693e-021
247.324  8.38186e-021
248.346  8.26646e-021
249.368  8.15071e-021
250.39  8.03459e-021
251.412  7.91805e-021
252.434  7.80109e-021
253.456  7.68367e-021
254.478  7.56577e-021
255.5  7.44737e-021
256.522  7.32844e-021
257.544  7.20898e-021
258.566  7.08895e-021
259.588  6.96835e-021
260.61  6.84715e-021
261.632  6.72534e-021
262.654  6.60292e-021
263.676  6.47985e-021
264.698  6.35615e-021
265.72  6.2318e-021
266.742  6.1068e-021
267.764  5.98114e-021
268.786  5.85483e-021
269.808  5.72786e-021
270.83  5.60025e-021
271.852  5.472e-021
272.874  5.34312e-021
273.896  5.21362e-021
274.918  5.08354e-021
275.94  4.95287e-021
276.962  4.82166e-021
277.984  4.68994e-021
279.006  4.55772e-021
280.028  4.42506e-021
281.05  4.292e-021
282.072  4.15858e-021
283.094  4.02485e-021
284.116  3.89088e-021
285.138  3.75672e-021
286.16  3.62245e-021
287.182  3.48814e-021
288.204  3.35388e-021
289.226  3.21975e-021
290.248  3.08584e-021
291.27  2.95227e-021
292.292  2.81914e-021
293.314  2.68657e-021
294.336  2.55469e-021
295.358  2.42364e-021
296.38  2.29355e-021
297.402  2.16459e-021
298.424  2.03691e-021
299.446  1.91069e-021
300.468  1.78613e-021
301.49  1.6634e-021
302.512  1.54273e-021
303.534  1.42433e-021
304.556  1.30844e-021
305.578  1.19529e-021
306.6  1.08515e-021
307.622  9.78293e-022
308.644  8.75003e-022
309.666  7.75583e-022
310.688  6.80352e-022
311.71  5.89643e-022
312.732  5.03807e-022
313.754  4.23213e-022
314.776  3.48246e-022
315.798  2.79311e-022
316.82  2.16831e-022
317.842  1.61251e-022
318.864  1.13034e-022
319.886  7.26647e-023
320.908  4.06493e-023
321.93  1.75155e-023
322.952  3.81202e-024
