1.022  2.28993e-020
2.044  2.32181e-020
3.066  2.35359e-020
4.088  2.38524e-020
5.11  2.41678e-020
6.132  2.44819e-020
7.154  2.47947e-020
8.176  2.51062e-020
9.198  2.54164e-020
10.22  2.57252e-020
11.242  2.60327e-020
12.264  2.63388e-020
13.286  2.66435e-020
14.308  2.69469e-020
15.33  2.72489e-020
16.352  2.75496e-020
17.374  2.7849e-020
18.396  2.81471e-020
19.418  2.84438e-020
20.44  2.87392e-020
21.462  2.90334e-020
22.484  2.93262e-020
23.506  2.96178e-020
24.528  2.99081e-020
25.55  3.01971e-020
26.572  3.04849e-020
27.594  3.07714e-020
28.616  3.10565e-020
29.638  3.13404e-020
30.66  3.1623e-020
31.682  3.19043e-020
32.704  3.21843e-020
33.726  3.24629e-020
34.748  3.27403e-020
35.77  3.30162e-020
36.792  3.32909e-020
37.814  3.35641e-020
38.836  3.3836e-020
39.858  3.41065e-020
40.88  3.43756e-020
41.902  3.46432e-020
42.924  3.49094e-020
43.946  3.51741e-020
44.968  3.54374e-020
45.99  3.56992e-020
47.012  3.59594e-020
48.034  3.62182e-020
49.056  3.64753e-020
50.078  3.6731e-020
51.1  3.6985e-020
52.122  3.72374e-020
53.144  3.74882e-020
54.166  3.77373e-020
55.188  3.79848e-020
56.21  3.82306e-020
57.232  3.84747e-020
58.254  3.87171e-020
59.276  3.89577e-020
60.298  3.91966e-020
61.32  3.94337e-020
62.342  3.9669e-020
63.364  3.99024e-020
64.386  4.0134e-020
65.408  4.03638e-020
66.43  4.05916e-020
67.452  4.08176e-020
68.474  4.10416e-020
69.496  4.12637e-020
70.518  4.14838e-020
71.54  4.17019e-020
72.562  4.1918e-020
73.584  4.21321e-020
74.606  4.23442e-020
75.628  4.25541e-020
76.65  4.2762e-020
77.672  4.29678e-020
78.694  4.31714e-020
79.716  4.33729e-020
80.738  4.35723e-020
81.76  4.37694e-020
82.782  4.39643e-020
83.804  4.4157e-020
84.826  4.43475e-020
85.848  4.45356e-020
86.87  4.47215e-020
87.892  4.49051e-020
88.914  4.50864e-020
89.936  4.52653e-020
90.958  4.54418e-020
91.98  4.5616e-020
93.002  4.57877e-020
94.024  4.59571e-020
95.046  4.6124e-020
96.068  4.62884e-020
97.09  4.64503e-020
98.112  4.66098e-020
99.134  4.67667e-020
100.156  4.6921e-020
101.178  4.70729e-020
102.2  4.72221e-020
103.222  4.73688e-020
104.244  4.75128e-020
105.266  4.76542e-020
106.288  4.77929e-020
107.31  4.7929e-020
108.332  4.80624e-020
109.354  4.8193e-020
110.376  4.8321e-020
111.398  4.84461e-020
112.42  4.85686e-020
113.442  4.86882e-020
114.464  4.8805e-020
115.486  4.8919e-020
116.508  4.90302e-020
117.53  4.91384e-020
118.552  4.92439e-020
119.574  4.93464e-020
120.596  4.94459e-020
121.618  4.95426e-020
122.64  4.96363e-020
123.662  4.9727e-020
124.684  4.98147e-020
125.706  4.98993e-020
126.728  4.9981e-020
127.75  5.00595e-020
128.772  5.0135e-020
129.794  5.02074e-020
130.816  5.02767e-020
131.838  5.03428e-020
132.86  5.04058e-020
133.882  5.04656e-020
134.904  5.05222e-020
135.926  5.05755e-020
136.948  5.06257e-020
137.97  5.06725e-020
138.992  5.07161e-020
140.014  5.07563e-020
141.036  5.07932e-020
142.058  5.08268e-020
143.08  5.0857e-020
144.102  5.08838e-020
145.124  5.09071e-020
146.146  5.09271e-020
147.168  5.09435e-020
148.19  5.09565e-020
149.212  5.09659e-020
150.234  5.09719e-020
151.256  5.09742e-020
152.278  5.0973e-020
153.3  5.09682e-020
154.322  5.09597e-020
155.344  5.09476e-020
156.366  5.09318e-020
157.388  5.09123e-020
158.41  5.0889e-020
159.432  5.0862e-020
160.454  5.08312e-020
161.476  5.07966e-020
162.498  5.07582e-020
163.52  5.07159e-020
164.542  5.06697e-020
165.564  5.06196e-020
166.586  5.05656e-020
167.608  5.05076e-020
168.63  5.04456e-020
169.652  5.03795e-020
170.674  5.03094e-020
171.696  5.02353e-020
172.718  5.0157e-020
173.74  5.00746e-020
174.762  4.9988e-020
175.784  4.98973e-020
176.806  4.98023e-020
177.828  4.9703e-020
178.85  4.95995e-020
179.872  4.94917e-020
180.894  4.93795e-020
181.916  4.9263e-020
182.938  4.91421e-020
183.96  4.90167e-020
184.982  4.88869e-020
186.004  4.87526e-020
187.026  4.86138e-020
188.048  4.84705e-020
189.07  4.83225e-020
190.092  4.817e-020
191.114  4.80129e-020
192.136  4.7851e-020
193.158  4.76845e-020
194.18  4.75133e-020
195.202  4.73373e-020
196.224  4.71566e-020
197.246  4.6971e-020
198.268  4.67807e-020
199.29  4.65854e-020
200.312  4.63853e-020
201.334  4.61802e-020
202.356  4.59703e-020
203.378  4.57553e-020
204.4  4.55354e-020
205.422  4.53104e-020
206.444  4.50804e-020
207.466  4.48454e-020
208.488  4.46052e-020
209.51  4.436e-020
210.532  4.41096e-020
211.554  4.3854e-020
212.576  4.35933e-020
213.598  4.33274e-020
214.62  4.30563e-020
215.642  4.278e-020
216.664  4.24984e-020
217.686  4.22116e-020
218.708  4.19194e-020
219.73  4.16221e-020
220.752  4.13194e-020
221.774  4.10114e-020
222.796  4.06981e-020
223.818  4.03795e-020
224.84  4.00555e-020
225.862  3.97263e-020
226.884  3.93917e-020
227.906  3.90518e-020
228.928  3.87066e-020
229.95  3.8356e-020
230.972  3.80002e-020
231.994  3.7639e-020
233.016  3.72726e-020
234.038  3.69009e-020
235.06  3.65239e-020
236.082  3.61417e-020
237.104  3.57543e-020
238.126  3.53617e-020
239.148  3.4964e-020
240.17  3.45611e-020
241.192  3.41532e-020
242.214  3.37402e-020
243.236  3.33221e-020
244.258  3.28992e-020
245.28  3.24713e-020
246.302  3.20385e-020
247.324  3.1601e-020
248.346  3.11587e-020
249.368  3.07117e-020
250.39  3.02602e-020
251.412  2.98041e-020
252.434  2.93436e-020
253.456  2.88788e-020
254.478  2.84096e-020
255.5  2.79363e-020
256.522  2.7459e-020
257.544  2.69777e-020
258.566  2.64925e-020
259.588  2.60037e-020
260.61  2.55113e-020
261.632  2.50154e-020
262.654  2.45161e-020
263.676  2.40138e-020
264.698  2.35084e-020
265.72  2.30002e-020
266.742  2.24892e-020
267.764  2.19758e-020
268.786  2.14601e-020
269.808  2.09423e-020
270.83  2.04226e-020
271.852  1.99011e-020
272.874  1.93782e-020
273.896  1.8854e-020
274.918  1.83289e-020
275.94  1.7803e-020
276.962  1.72766e-020
277.984  1.675e-020
279.006  1.62234e-020
280.028  1.56973e-020
281.05  1.51718e-020
282.072  1.46473e-020
283.094  1.41241e-020
284.116  1.36025e-020
285.138  1.3083e-020
286.16  1.25659e-020
287.182  1.20516e-020
288.204  1.15404e-020
289.226  1.10328e-020
290.248  1.05293e-020
291.27  1.00301e-020
292.292  9.53592e-021
293.314  9.04708e-021
294.336  8.56411e-021
295.358  8.08752e-021
296.38  7.61782e-021
297.402  7.15556e-021
298.424  6.7013e-021
299.446  6.25561e-021
300.468  5.81909e-021
301.49  5.39235e-021
302.512  4.97603e-021
303.534  4.57078e-021
304.556  4.17729e-021
305.578  3.79623e-021
306.6  3.42835e-021
307.622  3.07436e-021
308.644  2.73505e-021
309.666  2.41119e-021
310.688  2.1036e-021
311.71  1.81311e-021
312.732  1.54058e-021
313.754  1.2869e-021
314.776  1.05298e-021
315.798  8.3975e-022
316.82  6.48178e-022
317.842  4.79256e-022
318.864  3.34003e-022
319.886  2.13464e-022
320.908  1.18713e-022
321.93  5.08504e-023
322.952  1.10012e-023
