1.022  5.61709e-021
2.044  5.71388e-021
3.066  5.81249e-021
4.088  5.91287e-021
5.11  6.01498e-021
6.132  6.11877e-021
7.154  6.22421e-021
8.176  6.33125e-021
9.198  6.43985e-021
10.22  6.54998e-021
11.242  6.66159e-021
12.264  6.77466e-021
13.286  6.88914e-021
14.308  7.00502e-021
15.33  7.12226e-021
16.352  7.24083e-021
17.374  7.3607e-021
18.396  7.48184e-021
19.418  7.60423e-021
20.44  7.72783e-021
21.462  7.85261e-021
22.484  7.97856e-021
23.506  8.10563e-021
24.528  8.2338e-021
25.55  8.36304e-021
26.572  8.49332e-021
27.594  8.62461e-021
28.616  8.75689e-021
29.638  8.89012e-021
30.66  9.02427e-021
31.682  9.15932e-021
32.704  9.29523e-021
33.726  9.43197e-021
34.748  9.56952e-021
35.77  9.70784e-021
36.792  9.84691e-021
37.814  9.98669e-021
38.836  1.01272e-020
39.858  1.02683e-020
40.88  1.041e-020
41.902  1.05524e-020
42.924  1.06953e-020
43.946  1.08387e-020
44.968  1.09827e-020
45.99  1.11271e-020
47.012  1.1272e-020
48.034  1.14173e-020
49.056  1.15631e-020
50.078  1.17091e-020
51.1  1.18555e-020
52.122  1.20022e-020
53.144  1.21492e-020
54.166  1.22964e-020
55.188  1.24439e-020
56.21  1.25915e-020
57.232  1.27393e-020
58.254  1.28873e-020
59.276  1.30353e-020
60.298  1.31834e-020
61.32  1.33316e-020
62.342  1.34798e-020
63.364  1.3628e-020
64.386  1.37762e-020
65.408  1.39243e-020
66.43  1.40724e-020
67.452  1.42203e-020
68.474  1.43681e-020
69.496  1.45157e-020
70.518  1.46632e-020
71.54  1.48104e-020
72.562  1.49574e-020
73.584  1.51041e-020
74.606  1.52506e-020
75.628  1.53967e-020
76.65  1.55425e-020
77.672  1.56879e-020
78.694  1.58329e-020
79.716  1.59774e-020
80.738  1.61216e-020
81.76  1.62653e-020
82.782  1.64085e-020
83.804  1.65511e-020
84.826  1.66932e-020
85.848  1.68348e-020
86.87  1.69758e-020
87.892  1.71161e-020
88.914  1.72558e-020
89.936  1.73949e-020
90.958  1.75332e-020
91.98  1.76709e-020
93.002  1.78078e-020
94.024  1.7944e-020
95.046  1.80794e-020
96.068  1.82139e-020
97.09  1.83477e-020
98.112  1.84806e-020
99.134  1.86126e-020
100.156  1.87437e-020
101.178  1.88739e-020
102.2  1.90032e-020
103.222  1.91315e-020
104.244  1.92588e-020
105.266  1.93851e-020
106.288  1.95104e-020
107.31  1.96346e-020
108.332  1.97578e-020
109.354  1.98798e-020
110.376  2.00007e-020
111.398  2.01205e-020
112.42  2.02391e-020
113.442  2.03566e-020
114.464  2.04728e-020
115.486  2.05877e-020
116.508  2.07015e-020
117.53  2.08139e-020
118.552  2.09251e-020
119.574  2.10349e-020
120.596  2.11434e-020
121.618  2.12505e-020
122.64  2.13562e-020
123.662  2.14605e-020
124.684  2.15634e-020
125.706  2.16649e-020
126.728  2.17648e-020
127.75  2.18633e-020
128.772  2.19602e-020
129.794  2.20556e-020
130.816  2.21495e-020
131.838  2.22417e-020
132.86  2.23324e-020
133.882  2.24214e-020
134.904  2.25088e-020
135.926  2.25945e-020
136.948  2.26785e-020
137.97  2.27607e-020
138.992  2.28413e-020
140.014  2.29201e-020
141.036  2.29971e-020
142.058  2.30722e-020
143.08  2.31456e-020
144.102  2.32171e-020
145.124  2.32867e-020
146.146  2.33545e-020
147.168  2.34203e-020
148.19  2.34841e-020
149.212  2.35461e-020
150.234  2.3606e-020
151.256  2.36639e-020
152.278  2.37198e-020
153.3  2.37736e-020
154.322  2.38253e-020
155.344  2.3875e-020
156.366  2.39225e-020
157.388  2.39679e-020
158.41  2.40111e-020
159.432  2.40521e-020
160.454  2.40909e-020
161.476  2.41274e-020
162.498  2.41617e-020
163.52  2.41937e-020
164.542  2.42234e-020
165.564  2.42507e-020
166.586  2.42757e-020
167.608  2.42984e-020
168.63  2.43186e-020
169.652  2.43364e-020
170.674  2.43517e-020
171.696  2.43646e-020
172.718  2.43749e-020
173.74  2.43828e-020
174.762  2.43881e-020
175.784  2.43908e-020
176.806  2.4391e-020
177.828  2.43885e-020
178.85  2.43834e-020
179.872  2.43756e-020
180.894  2.43652e-020
181.916  2.4352e-020
182.938  2.43361e-020
183.96  2.43175e-020
184.982  2.4296e-020
186.004  2.42718e-020
187.026  2.42448e-020
188.048  2.42149e-020
189.07  2.41821e-020
190.092  2.41465e-020
191.114  2.41079e-020
192.136  2.40664e-020
193.158  2.40219e-020
194.18  2.39745e-020
195.202  2.39241e-020
196.224  2.38706e-020
197.246  2.38141e-020
198.268  2.37545e-020
199.29  2.36919e-020
200.312  2.36261e-020
201.334  2.35573e-020
202.356  2.34853e-020
203.378  2.34101e-020
204.4  2.33317e-020
205.422  2.32502e-020
206.444  2.31654e-020
207.466  2.30774e-020
208.488  2.29861e-020
209.51  2.28916e-020
210.532  2.27937e-020
211.554  2.26926e-020
212.576  2.25882e-020
213.598  2.24804e-020
214.62  2.23693e-020
215.642  2.22549e-020
216.664  2.2137e-020
217.686  2.20158e-020
218.708  2.18912e-020
219.73  2.17632e-020
220.752  2.16318e-020
221.774  2.1497e-020
222.796  2.13588e-020
223.818  2.12171e-020
224.84  2.1072e-020
225.862  2.09235e-020
226.884  2.07715e-020
227.906  2.06161e-020
228.928  2.04572e-020
229.95  2.02949e-020
230.972  2.01291e-020
231.994  1.996e-020
233.016  1.97873e-020
234.038  1.96113e-020
235.06  1.94319e-020
236.082  1.9249e-020
237.104  1.90627e-020
238.126  1.88731e-020
239.148  1.86801e-020
240.17  1.84837e-020
241.192  1.8284e-020
242.214  1.8081e-020
243.236  1.78748e-020
244.258  1.76652e-020
245.28  1.74524e-020
246.302  1.72364e-020
247.324  1.70172e-020
248.346  1.67949e-020
249.368  1.65695e-020
250.39  1.6341e-020
251.412  1.61095e-020
252.434  1.5875e-020
253.456  1.56376e-020
254.478  1.53973e-020
255.5  1.51542e-020
256.522  1.49084e-020
257.544  1.46598e-020
258.566  1.44085e-020
259.588  1.41547e-020
260.61  1.38985e-020
261.632  1.36397e-020
262.654  1.33787e-020
263.676  1.31153e-020
264.698  1.28498e-020
265.72  1.25822e-020
266.742  1.23126e-020
267.764  1.20412e-020
268.786  1.17679e-020
269.808  1.1493e-020
270.83  1.12165e-020
271.852  1.09386e-020
272.874  1.06594e-020
273.896  1.0379e-020
274.918  1.00976e-020
275.94  9.81523e-021
276.962  9.53215e-021
277.984  9.24848e-021
279.006  8.96438e-021
280.028  8.68002e-021
281.05  8.39557e-021
282.072  8.11121e-021
283.094  7.82714e-021
284.116  7.54354e-021
285.138  7.26063e-021
286.16  6.97861e-021
287.182  6.6977e-021
288.204  6.41814e-021
289.226  6.14015e-021
290.248  5.86398e-021
291.27  5.58989e-021
292.292  5.31814e-021
293.314  5.049e-021
294.336  4.78275e-021
295.358  4.51968e-021
296.38  4.2601e-021
297.402  4.00431e-021
298.424  3.75265e-021
299.446  3.50544e-021
300.468  3.26303e-021
301.49  3.02578e-021
302.512  2.79405e-021
303.534  2.56822e-021
304.556  2.3487e-021
305.578  2.13587e-021
306.6  1.93018e-021
307.622  1.73204e-021
308.644  1.5419e-021
309.666  1.36023e-021
310.688  1.1875e-021
311.71  1.0242e-021
312.732  8.70829e-022
313.754  7.27917e-022
314.776  5.95998e-022
315.798  4.75624e-022
316.82  3.67364e-022
317.842  2.71806e-022
318.864  1.89553e-022
319.886  1.21226e-022
320.908  6.74617e-023
321.93  2.89165e-023
322.952  6.2601e-024
