1.022  2.79805e-020
2.044  2.85314e-020
3.066  2.9081e-020
4.088  2.96291e-020
5.11  3.01758e-020
6.132  3.0721e-020
7.154  3.12646e-020
8.176  3.18066e-020
9.198  3.23468e-020
10.22  3.28854e-020
11.242  3.34222e-020
12.264  3.39572e-020
13.286  3.44904e-020
14.308  3.50219e-020
15.33  3.55515e-020
16.352  3.60794e-020
17.374  3.66055e-020
18.396  3.71297e-020
19.418  3.76522e-020
20.44  3.81729e-020
21.462  3.86918e-020
22.484  3.92089e-020
23.506  3.97242e-020
24.528  4.02377e-020
25.55  4.07494e-020
26.572  4.12592e-020
27.594  4.17671e-020
28.616  4.22732e-020
29.638  4.27774e-020
30.66  4.32797e-020
31.682  4.37801e-020
32.704  4.42786e-020
33.726  4.4775e-020
34.748  4.52695e-020
35.77  4.5762e-020
36.792  4.62524e-020
37.814  4.67407e-020
38.836  4.7227e-020
39.858  4.77111e-020
40.88  4.8193e-020
41.902  4.86727e-020
42.924  4.91503e-020
43.946  4.96255e-020
44.968  5.00984e-020
45.99  5.05691e-020
47.012  5.10373e-020
48.034  5.15032e-020
49.056  5.19666e-020
50.078  5.24275e-020
51.1  5.2886e-020
52.122  5.33419e-020
53.144  5.37952e-020
54.166  5.42459e-020
55.188  5.46939e-020
56.21  5.51392e-020
57.232  5.55818e-020
58.254  5.60217e-020
59.276  5.64587e-020
60.298  5.68928e-020
61.32  5.73241e-020
62.342  5.77525e-020
63.364  5.81779e-020
64.386  5.86003e-020
65.408  5.90196e-020
66.43  5.94359e-020
67.452  5.98491e-020
68.474  6.02591e-020
69.496  6.06659e-020
70.518  6.10694e-020
71.54  6.14697e-020
72.562  6.18667e-020
73.584  6.22604e-020
74.606  6.26506e-020
75.628  6.30374e-020
76.65  6.34208e-020
77.672  6.38007e-020
78.694  6.4177e-020
79.716  6.45497e-020
80.738  6.49188e-020
81.76  6.52843e-020
82.782  6.56461e-020
83.804  6.60041e-020
84.826  6.63584e-020
85.848  6.67089e-020
86.87  6.70555e-020
87.892  6.73983e-020
88.914  6.77371e-020
89.936  6.8072e-020
90.958  6.84029e-020
91.98  6.87297e-020
93.002  6.90525e-020
94.024  6.93712e-020
95.046  6.96858e-020
96.068  6.99961e-020
97.09  7.03023e-020
98.112  7.06042e-020
99.134  7.09018e-020
100.156  7.11951e-020
101.178  7.14841e-020
102.2  7.17686e-020
103.222  7.20488e-020
104.244  7.23244e-020
105.266  7.25955e-020
106.288  7.28621e-020
107.31  7.31242e-020
108.332  7.33816e-020
109.354  7.36343e-020
110.376  7.38824e-020
111.398  7.41257e-020
112.42  7.43643e-020
113.442  7.45981e-020
114.464  7.48271e-020
115.486  7.50512e-020
116.508  7.52704e-020
117.53  7.54846e-020
118.552  7.56938e-020
119.574  7.58981e-020
120.596  7.60973e-020
121.618  7.62914e-020
122.64  7.64804e-020
123.662  7.66642e-020
124.684  7.68428e-020
125.706  7.70161e-020
126.728  7.71842e-020
127.75  7.7347e-020
128.772  7.75044e-020
129.794  7.76565e-020
130.816  7.78031e-020
131.838  7.79442e-020
132.86  7.80799e-020
133.882  7.821e-020
134.904  7.83345e-020
135.926  7.84534e-020
136.948  7.85666e-020
137.97  7.86741e-020
138.992  7.87759e-020
140.014  7.88719e-020
141.036  7.89621e-020
142.058  7.90465e-020
143.08  7.91249e-020
144.102  7.91974e-020
145.124  7.92639e-020
146.146  7.93244e-020
147.168  7.93789e-020
148.19  7.94272e-020
149.212  7.94694e-020
150.234  7.95054e-020
151.256  7.95352e-020
152.278  7.95587e-020
153.3  7.95759e-020
154.322  7.95868e-020
155.344  7.95912e-020
156.366  7.95892e-020
157.388  7.95808e-020
158.41  7.95657e-020
159.432  7.95442e-020
160.454  7.9516e-020
161.476  7.94811e-020
162.498  7.94396e-020
163.52  7.93913e-020
164.542  7.93362e-020
165.564  7.92743e-020
166.586  7.92055e-020
167.608  7.91298e-020
168.63  7.90471e-020
169.652  7.89574e-020
170.674  7.88606e-020
171.696  7.87567e-020
172.718  7.86457e-020
173.74  7.85275e-020
174.762  7.84021e-020
175.784  7.82693e-020
176.806  7.81293e-020
177.828  7.79819e-020
178.85  7.7827e-020
179.872  7.76647e-020
180.894  7.74949e-020
181.916  7.73175e-020
182.938  7.71326e-020
183.96  7.694e-020
184.982  7.67397e-020
186.004  7.65317e-020
187.026  7.63159e-020
188.048  7.60924e-020
189.07  7.58609e-020
190.092  7.56216e-020
191.114  7.53744e-020
192.136  7.51191e-020
193.158  7.48559e-020
194.18  7.45846e-020
195.202  7.43053e-020
196.224  7.40178e-020
197.246  7.37221e-020
198.268  7.34182e-020
199.29  7.31061e-020
200.312  7.27858e-020
201.334  7.24571e-020
202.356  7.21201e-020
203.378  7.17747e-020
204.4  7.1421e-020
205.422  7.10588e-020
206.444  7.06882e-020
207.466  7.03091e-020
208.488  6.99215e-020
209.51  6.95254e-020
210.532  6.91208e-020
211.554  6.87076e-020
212.576  6.82858e-020
213.598  6.78555e-020
214.62  6.74165e-020
215.642  6.6969e-020
216.664  6.65128e-020
217.686  6.6048e-020
218.708  6.55746e-020
219.73  6.50926e-020
220.752  6.46019e-020
221.774  6.41027e-020
222.796  6.35948e-020
223.818  6.30783e-020
224.84  6.25532e-020
225.862  6.20196e-020
226.884  6.14774e-020
227.906  6.09267e-020
228.928  6.03675e-020
229.95  5.97998e-020
230.972  5.92237e-020
231.994  5.86393e-020
233.016  5.80465e-020
234.038  5.74453e-020
235.06  5.6836e-020
236.082  5.62184e-020
237.104  5.55928e-020
238.126  5.4959e-020
239.148  5.43173e-020
240.17  5.36677e-020
241.192  5.30103e-020
242.214  5.23451e-020
243.236  5.16723e-020
244.258  5.0992e-020
245.28  5.03042e-020
246.302  4.96092e-020
247.324  4.89069e-020
248.346  4.81975e-020
249.368  4.74813e-020
250.39  4.67582e-020
251.412  4.60285e-020
252.434  4.52923e-020
253.456  4.45498e-020
254.478  4.38011e-020
255.5  4.30465e-020
256.522  4.22861e-020
257.544  4.15201e-020
258.566  4.07488e-020
259.588  3.99723e-020
260.61  3.91908e-020
261.632  3.84047e-020
262.654  3.76142e-020
263.676  3.68195e-020
264.698  3.60208e-020
265.72  3.52185e-020
266.742  3.44129e-020
267.764  3.36043e-020
268.786  3.27929e-020
269.808  3.19791e-020
270.83  3.11633e-020
271.852  3.03458e-020
272.874  2.95269e-020
273.896  2.8707e-020
274.918  2.78866e-020
275.94  2.7066e-020
276.962  2.62457e-020
277.984  2.54261e-020
279.006  2.46076e-020
280.028  2.37908e-020
281.05  2.2976e-020
282.072  2.21639e-020
283.094  2.13548e-020
284.116  2.05494e-020
285.138  1.97482e-020
286.16  1.89517e-020
287.182  1.81607e-020
288.204  1.73755e-020
289.226  1.6597e-020
290.248  1.58257e-020
291.27  1.50622e-020
292.292  1.43074e-020
293.314  1.35618e-020
294.336  1.28263e-020
295.358  1.21015e-020
296.38  1.13882e-020
297.402  1.06872e-020
298.424  9.99944e-021
299.446  9.32562e-021
300.468  8.66664e-021
301.49  8.02341e-021
302.512  7.39682e-021
303.534  6.78783e-021
304.556  6.1974e-021
305.578  5.62652e-021
306.6  5.07622e-021
307.622  4.54754e-021
308.644  4.04156e-021
309.666  3.55938e-021
310.688  3.10215e-021
311.71  2.67102e-021
312.732  2.26719e-021
313.754  1.89188e-021
314.776  1.54636e-021
315.798  1.23192e-021
316.82  9.49871e-022
317.842  7.01573e-022
318.864  4.88412e-022
319.886  3.11809e-022
320.908  1.73216e-022
321.93  7.41154e-023
322.952  1.60167e-023
