1.022  2.3448e-020
2.044  2.3967e-020
3.066  2.44852e-020
4.088  2.50023e-020
5.11  2.55183e-020
6.132  2.60333e-020
7.154  2.6547e-020
8.176  2.70596e-020
9.198  2.75709e-020
10.22  2.80809e-020
11.242  2.85895e-020
12.264  2.90968e-020
13.286  2.96027e-020
14.308  3.01073e-020
15.33  3.06104e-020
16.352  3.11121e-020
17.374  3.16124e-020
18.396  3.21112e-020
19.418  3.26087e-020
20.44  3.31047e-020
21.462  3.35992e-020
22.484  3.40923e-020
23.506  3.4584e-020
24.528  3.50741e-020
25.55  3.55628e-020
26.572  3.60499e-020
27.594  3.65356e-020
28.616  3.70196e-020
29.638  3.75022e-020
30.66  3.79831e-020
31.682  3.84624e-020
32.704  3.89401e-020
33.726  3.94161e-020
34.748  3.98904e-020
35.77  4.0363e-020
36.792  4.08339e-020
37.814  4.1303e-020
38.836  4.17703e-020
39.858  4.22357e-020
40.88  4.26993e-020
41.902  4.3161e-020
42.924  4.36207e-020
43.946  4.40785e-020
44.968  4.45343e-020
45.99  4.4988e-020
47.012  4.54396e-020
48.034  4.58892e-020
49.056  4.63366e-020
50.078  4.67818e-020
51.1  4.72248e-020
52.122  4.76655e-020
53.144  4.8104e-020
54.166  4.85401e-020
55.188  4.89739e-020
56.21  4.94052e-020
57.232  4.98341e-020
58.254  5.02605e-020
59.276  5.06844e-020
60.298  5.11057e-020
61.32  5.15244e-020
62.342  5.19405e-020
63.364  5.23539e-020
64.386  5.27646e-020
65.408  5.31726e-020
66.43  5.35777e-020
67.452  5.398e-020
68.474  5.43795e-020
69.496  5.4776e-020
70.518  5.51696e-020
71.54  5.55602e-020
72.562  5.59478e-020
73.584  5.63323e-020
74.606  5.67137e-020
75.628  5.7092e-020
76.65  5.74671e-020
77.672  5.7839e-020
78.694  5.82076e-020
79.716  5.8573e-020
80.738  5.8935e-020
81.76  5.92936e-020
82.782  5.96489e-020
83.804  6.00006e-020
84.826  6.0349e-020
85.848  6.06938e-020
86.87  6.1035e-020
87.892  6.13726e-020
88.914  6.17067e-020
89.936  6.2037e-020
90.958  6.23637e-020
91.98  6.26866e-020
93.002  6.30057e-020
94.024  6.3321e-020
95.046  6.36325e-020
96.068  6.394e-020
97.09  6.42437e-020
98.112  6.45434e-020
99.134  6.4839e-020
100.156  6.51307e-020
101.178  6.54183e-020
102.2  6.57017e-020
103.222  6.59811e-020
104.244  6.62562e-020
105.266  6.65271e-020
106.288  6.67938e-020
107.31  6.70562e-020
108.332  6.73142e-020
109.354  6.75679e-020
110.376  6.78172e-020
111.398  6.80621e-020
112.42  6.83025e-020
113.442  6.85384e-020
114.464  6.87697e-020
115.486  6.89965e-020
116.508  6.92186e-020
117.53  6.94361e-020
118.552  6.96489e-020
119.574  6.9857e-020
120.596  7.00603e-020
121.618  7.02588e-020
122.64  7.04524e-020
123.662  7.06412e-020
124.684  7.08251e-020
125.706  7.1004e-020
126.728  7.1178e-020
127.75  7.13469e-020
128.772  7.15107e-020
129.794  7.16695e-020
130.816  7.18231e-020
131.838  7.19715e-020
132.86  7.21148e-020
133.882  7.22528e-020
134.904  7.23854e-020
135.926  7.25128e-020
136.948  7.26348e-020
137.97  7.27514e-020
138.992  7.28625e-020
140.014  7.29682e-020
141.036  7.30683e-020
142.058  7.31629e-020
143.08  7.32518e-020
144.102  7.33351e-020
145.124  7.34128e-020
146.146  7.34847e-020
147.168  7.35508e-020
148.19  7.36112e-020
149.212  7.36657e-020
150.234  7.37143e-020
151.256  7.37569e-020
152.278  7.37936e-020
153.3  7.38243e-020
154.322  7.3849e-020
155.344  7.38675e-020
156.366  7.38799e-020
157.388  7.38861e-020
158.41  7.38861e-020
159.432  7.38799e-020
160.454  7.38673e-020
161.476  7.38483e-020
162.498  7.3823e-020
163.52  7.37913e-020
164.542  7.3753e-020
165.564  7.37082e-020
166.586  7.36569e-020
167.608  7.35989e-020
168.63  7.35343e-020
169.652  7.3463e-020
170.674  7.3385e-020
171.696  7.33001e-020
172.718  7.32085e-020
173.74  7.31099e-020
174.762  7.30045e-020
175.784  7.2892e-020
176.806  7.27726e-020
177.828  7.26461e-020
178.85  7.25126e-020
179.872  7.23718e-020
180.894  7.2224e-020
181.916  7.20689e-020
182.938  7.19065e-020
183.96  7.17368e-020
184.982  7.15598e-020
186.004  7.13754e-020
187.026  7.11836e-020
188.048  7.09842e-020
189.07  7.07774e-020
190.092  7.05631e-020
191.114  7.03411e-020
192.136  7.01115e-020
193.158  6.98743e-020
194.18  6.96293e-020
195.202  6.93766e-020
196.224  6.91161e-020
197.246  6.88479e-020
198.268  6.85717e-020
199.29  6.82877e-020
200.312  6.79958e-020
201.334  6.7696e-020
202.356  6.73882e-020
203.378  6.70723e-020
204.4  6.67485e-020
205.422  6.64166e-020
206.444  6.60766e-020
207.466  6.57285e-020
208.488  6.53723e-020
209.51  6.50079e-020
210.532  6.46354e-020
211.554  6.42547e-020
212.576  6.38658e-020
213.598  6.34687e-020
214.62  6.30634e-020
215.642  6.26499e-020
216.664  6.22281e-020
217.686  6.17981e-020
218.708  6.13598e-020
219.73  6.09133e-020
220.752  6.04586e-020
221.774  5.99956e-020
222.796  5.95244e-020
223.818  5.9045e-020
224.84  5.85573e-020
225.862  5.80615e-020
226.884  5.75576e-020
227.906  5.70455e-020
228.928  5.65253e-020
229.95  5.5997e-020
230.972  5.54607e-020
231.994  5.49163e-020
233.016  5.4364e-020
234.038  5.38038e-020
235.06  5.32357e-020
236.082  5.26599e-020
237.104  5.20762e-020
238.126  5.14849e-020
239.148  5.0886e-020
240.17  5.02795e-020
241.192  4.96656e-020
242.214  4.90443e-020
243.236  4.84157e-020
244.258  4.778e-020
245.28  4.71371e-020
246.302  4.64873e-020
247.324  4.58307e-020
248.346  4.51673e-020
249.368  4.44973e-020
250.39  4.38208e-020
251.412  4.3138e-020
252.434  4.2449e-020
253.456  4.17541e-020
254.478  4.10532e-020
255.5  4.03467e-020
256.522  3.96347e-020
257.544  3.89174e-020
258.566  3.81949e-020
259.588  3.74676e-020
260.61  3.67356e-020
261.632  3.59991e-020
262.654  3.52584e-020
263.676  3.45137e-020
264.698  3.37653e-020
265.72  3.30134e-020
266.742  3.22583e-020
267.764  3.15004e-020
268.786  3.07398e-020
269.808  2.9977e-020
270.83  2.92121e-020
271.852  2.84457e-020
272.874  2.7678e-020
273.896  2.69093e-020
274.918  2.61401e-020
275.94  2.53707e-020
276.962  2.46015e-020
277.984  2.3833e-020
279.006  2.30655e-020
280.028  2.22995e-020
281.05  2.15355e-020
282.072  2.07739e-020
283.094  2.00152e-020
284.116  1.926e-020
285.138  1.85087e-020
286.16  1.77619e-020
287.182  1.70201e-020
288.204  1.62839e-020
289.226  1.55538e-020
290.248  1.48306e-020
291.27  1.41148e-020
292.292  1.34071e-020
293.314  1.2708e-020
294.336  1.20184e-020
295.358  1.13389e-020
296.38  1.06702e-020
297.402  1.00132e-020
298.424  9.36841e-021
299.446  8.7368e-021
300.468  8.11913e-021
301.49  7.51625e-021
302.512  6.929e-021
303.534  6.35827e-021
304.556  5.80496e-021
305.578  5.27001e-021
306.6  4.75437e-021
307.622  4.25902e-021
308.644  3.78497e-021
309.666  3.33326e-021
310.688  2.90493e-021
311.71  2.50109e-021
312.732  2.12285e-021
313.754  1.77135e-021
314.776  1.44777e-021
315.798  1.15331e-021
316.82  8.89215e-022
317.842  6.56737e-022
318.864  4.57174e-022
319.886  2.9185e-022
320.908  1.62119e-022
321.93  6.93634e-023
322.952  1.49889e-023
