1.022  4.06719e-020
2.044  3.99692e-020
3.066  3.92791e-020
4.088  3.86014e-020
5.11  3.7936e-020
6.132  3.72826e-020
7.154  3.66411e-020
8.176  3.60113e-020
9.198  3.53931e-020
10.22  3.47862e-020
11.242  3.41906e-020
12.264  3.36062e-020
13.286  3.30327e-020
14.308  3.24702e-020
15.33  3.19184e-020
16.352  3.13774e-020
17.374  3.08469e-020
18.396  3.03268e-020
19.418  2.98171e-020
20.44  2.93177e-020
21.462  2.88283e-020
22.484  2.83488e-020
23.506  2.78793e-020
24.528  2.74194e-020
25.55  2.69692e-020
26.572  2.65284e-020
27.594  2.6097e-020
28.616  2.56748e-020
29.638  2.52616e-020
30.66  2.48574e-020
31.682  2.44621e-020
32.704  2.40754e-020
33.726  2.36973e-020
34.748  2.33276e-020
35.77  2.29663e-020
36.792  2.26131e-020
37.814  2.2268e-020
38.836  2.19308e-020
39.858  2.16015e-020
40.88  2.12798e-020
41.902  2.09657e-020
42.924  2.06591e-020
43.946  2.03599e-020
44.968  2.00678e-020
45.99  1.97829e-020
47.012  1.95049e-020
48.034  1.92338e-020
49.056  1.89696e-020
50.078  1.87119e-020
51.1  1.84609e-020
52.122  1.82162e-020
53.144  1.7978e-020
54.166  1.77459e-020
55.188  1.752e-020
56.21  1.73001e-020
57.232  1.70862e-020
58.254  1.68781e-020
59.276  1.66758e-020
60.298  1.6479e-020
61.32  1.62879e-020
62.342  1.61022e-020
63.364  1.59218e-020
64.386  1.57467e-020
65.408  1.55768e-020
66.43  1.54119e-020
67.452  1.52521e-020
68.474  1.50972e-020
69.496  1.49471e-020
70.518  1.48017e-020
71.54  1.4661e-020
72.562  1.45248e-020
73.584  1.43932e-020
74.606  1.42659e-020
75.628  1.4143e-020
76.65  1.40243e-020
77.672  1.39097e-020
78.694  1.37993e-020
79.716  1.36928e-020
80.738  1.35903e-020
81.76  1.34916e-020
82.782  1.33967e-020
83.804  1.33056e-020
84.826  1.3218e-020
85.848  1.3134e-020
86.87  1.30535e-020
87.892  1.29764e-020
88.914  1.29026e-020
89.936  1.28322e-020
90.958  1.27649e-020
91.98  1.27007e-020
93.002  1.26396e-020
94.024  1.25816e-020
95.046  1.25264e-020
96.068  1.24741e-020
97.09  1.24246e-020
98.112  1.23779e-020
99.134  1.23338e-020
100.156  1.22923e-020
101.178  1.22534e-020
102.2  1.22169e-020
103.222  1.21829e-020
104.244  1.21512e-020
105.266  1.21218e-020
106.288  1.20946e-020
107.31  1.20696e-020
108.332  1.20467e-020
109.354  1.20259e-020
110.376  1.20071e-020
111.398  1.19901e-020
112.42  1.19751e-020
113.442  1.19619e-020
114.464  1.19504e-020
115.486  1.19407e-020
116.508  1.19326e-020
117.53  1.19261e-020
118.552  1.19211e-020
119.574  1.19176e-020
120.596  1.19155e-020
121.618  1.19148e-020
122.64  1.19153e-020
123.662  1.19172e-020
124.684  1.19203e-020
125.706  1.19245e-020
126.728  1.19298e-020
127.75  1.19362e-020
128.772  1.19435e-020
129.794  1.19518e-020
130.816  1.1961e-020
131.838  1.19711e-020
132.86  1.19819e-020
133.882  1.19934e-020
134.904  1.20057e-020
135.926  1.20186e-020
136.948  1.20321e-020
137.97  1.20461e-020
138.992  1.20606e-020
140.014  1.20756e-020
141.036  1.20909e-020
142.058  1.21066e-020
143.08  1.21226e-020
144.102  1.21389e-020
145.124  1.21553e-020
146.146  1.21719e-020
147.168  1.21886e-020
148.19  1.22054e-020
149.212  1.22222e-020
150.234  1.2239e-020
151.256  1.22557e-020
152.278  1.22723e-020
153.3  1.22888e-020
154.322  1.2305e-020
155.344  1.2321e-020
156.366  1.23367e-020
157.388  1.23521e-020
158.41  1.2367e-020
159.432  1.23816e-020
160.454  1.23957e-020
161.476  1.24093e-020
162.498  1.24224e-020
163.52  1.24349e-020
164.542  1.24467e-020
165.564  1.24579e-020
166.586  1.24684e-020
167.608  1.24781e-020
168.63  1.24871e-020
169.652  1.24953e-020
170.674  1.25025e-020
171.696  1.25089e-020
172.718  1.25144e-020
173.74  1.25189e-020
174.762  1.25224e-020
175.784  1.25248e-020
176.806  1.25262e-020
177.828  1.25264e-020
178.85  1.25256e-020
179.872  1.25235e-020
180.894  1.25202e-020
181.916  1.25157e-020
182.938  1.25099e-020
183.96  1.25028e-020
184.982  1.24944e-020
186.004  1.24845e-020
187.026  1.24733e-020
188.048  1.24607e-020
189.07  1.24466e-020
190.092  1.2431e-020
191.114  1.24139e-020
192.136  1.23953e-020
193.158  1.23751e-020
194.18  1.23533e-020
195.202  1.23299e-020
196.224  1.23048e-020
197.246  1.22781e-020
198.268  1.22497e-020
199.29  1.22196e-020
200.312  1.21877e-020
201.334  1.21541e-020
202.356  1.21187e-020
203.378  1.20816e-020
204.4  1.20426e-020
205.422  1.20018e-020
206.444  1.19591e-020
207.466  1.19146e-020
208.488  1.18682e-020
209.51  1.182e-020
210.532  1.17698e-020
211.554  1.17177e-020
212.576  1.16637e-020
213.598  1.16077e-020
214.62  1.15498e-020
215.642  1.149e-020
216.664  1.14281e-020
217.686  1.13643e-020
218.708  1.12986e-020
219.73  1.12308e-020
220.752  1.1161e-020
221.774  1.10893e-020
222.796  1.10156e-020
223.818  1.09399e-020
224.84  1.08621e-020
225.862  1.07824e-020
226.884  1.07008e-020
227.906  1.06171e-020
228.928  1.05314e-020
229.95  1.04438e-020
230.972  1.03542e-020
231.994  1.02627e-020
233.016  1.01692e-020
234.038  1.00737e-020
235.06  9.9764e-021
236.082  9.87713e-021
237.104  9.77597e-021
238.126  9.67294e-021
239.148  9.56804e-021
240.17  9.4613e-021
241.192  9.35274e-021
242.214  9.24237e-021
243.236  9.13024e-021
244.258  9.01635e-021
245.28  8.90073e-021
246.302  8.78342e-021
247.324  8.66443e-021
248.346  8.54382e-021
249.368  8.42159e-021
250.39  8.2978e-021
251.412  8.17247e-021
252.434  8.04564e-021
253.456  7.91735e-021
254.478  7.78765e-021
255.5  7.65657e-021
256.522  7.52416e-021
257.544  7.39046e-021
258.566  7.25553e-021
259.588  7.11941e-021
260.61  6.98216e-021
261.632  6.84382e-021
262.654  6.70446e-021
263.676  6.56412e-021
264.698  6.42288e-021
265.72  6.28078e-021
266.742  6.13791e-021
267.764  5.99431e-021
268.786  5.85006e-021
269.808  5.70523e-021
270.83  5.55989e-021
271.852  5.41411e-021
272.874  5.26798e-021
273.896  5.12156e-021
274.918  4.97495e-021
275.94  4.82822e-021
276.962  4.68145e-021
277.984  4.53475e-021
279.006  4.3882e-021
280.028  4.24189e-021
281.05  4.09592e-021
282.072  3.95039e-021
283.094  3.8054e-021
284.116  3.66105e-021
285.138  3.51745e-021
286.16  3.37471e-021
287.182  3.23294e-021
288.204  3.09226e-021
289.226  2.95278e-021
290.248  2.81464e-021
291.27  2.67794e-021
292.292  2.54283e-021
293.314  2.40942e-021
294.336  2.27786e-021
295.358  2.14828e-021
296.38  2.02082e-021
297.402  1.89563e-021
298.424  1.77285e-021
299.446  1.65264e-021
300.468  1.53515e-021
301.49  1.42053e-021
302.512  1.30896e-021
303.534  1.2006e-021
304.556  1.09561e-021
305.578  9.94172e-022
306.6  8.96466e-022
307.622  8.02671e-022
308.644  7.12975e-022
309.666  6.27568e-022
310.688  5.46646e-022
311.71  4.70408e-022
312.732  3.99059e-022
313.754  3.32808e-022
314.776  2.71868e-022
315.798  2.16458e-022
316.82  1.66801e-022
317.842  1.23125e-022
318.864  8.56641e-023
319.886  5.46561e-023
320.908  3.0344e-023
321.93  1.29756e-023
322.952  2.80239e-024
