1.022  5.77089e-020
2.044  5.67491e-020
3.066  5.58046e-020
4.088  5.48753e-020
5.11  5.39607e-020
6.132  5.30608e-020
7.154  5.21753e-020
8.176  5.1304e-020
9.198  5.04467e-020
10.22  4.96033e-020
11.242  4.87735e-020
12.264  4.79573e-020
13.286  4.71545e-020
14.308  4.6365e-020
15.33  4.55887e-020
16.352  4.48254e-020
17.374  4.4075e-020
18.396  4.33374e-020
19.418  4.26125e-020
20.44  4.19001e-020
21.462  4.12001e-020
22.484  4.05123e-020
23.506  3.98367e-020
24.528  3.9173e-020
25.55  3.85211e-020
26.572  3.78809e-020
27.594  3.72522e-020
28.616  3.66349e-020
29.638  3.60288e-020
30.66  3.54338e-020
31.682  3.48497e-020
32.704  3.42763e-020
33.726  3.37136e-020
34.748  3.31613e-020
35.77  3.26193e-020
36.792  3.20875e-020
37.814  3.15657e-020
38.836  3.10537e-020
39.858  3.05515e-020
40.88  3.00589e-020
41.902  2.95757e-020
42.924  2.91019e-020
43.946  2.86371e-020
44.968  2.81814e-020
45.99  2.77347e-020
47.012  2.72966e-020
48.034  2.68672e-020
49.056  2.64463e-020
50.078  2.60337e-020
51.1  2.56294e-020
52.122  2.52332e-020
53.144  2.4845e-020
54.166  2.44647e-020
55.188  2.40921e-020
56.21  2.37271e-020
57.232  2.33697e-020
58.254  2.30197e-020
59.276  2.26769e-020
60.298  2.23413e-020
61.32  2.20128e-020
62.342  2.16912e-020
63.364  2.13765e-020
64.386  2.10684e-020
65.408  2.07671e-020
66.43  2.04722e-020
67.452  2.01838e-020
68.474  1.99017e-020
69.496  1.96258e-020
70.518  1.9356e-020
71.54  1.90923e-020
72.562  1.88345e-020
73.584  1.85825e-020
74.606  1.83362e-020
75.628  1.80956e-020
76.65  1.78606e-020
77.672  1.7631e-020
78.694  1.74067e-020
79.716  1.71878e-020
80.738  1.69741e-020
81.76  1.67654e-020
82.782  1.65618e-020
83.804  1.63631e-020
84.826  1.61693e-020
85.848  1.59802e-020
86.87  1.57959e-020
87.892  1.56161e-020
88.914  1.54409e-020
89.936  1.52701e-020
90.958  1.51037e-020
91.98  1.49415e-020
93.002  1.47836e-020
94.024  1.46298e-020
95.046  1.44801e-020
96.068  1.43344e-020
97.09  1.41925e-020
98.112  1.40545e-020
99.134  1.39203e-020
100.156  1.37898e-020
101.178  1.36629e-020
102.2  1.35395e-020
103.222  1.34197e-020
104.244  1.33032e-020
105.266  1.31901e-020
106.288  1.30803e-020
107.31  1.29736e-020
108.332  1.28702e-020
109.354  1.27698e-020
110.376  1.26724e-020
111.398  1.25779e-020
112.42  1.24863e-020
113.442  1.23976e-020
114.464  1.23115e-020
115.486  1.22282e-020
116.508  1.21475e-020
117.53  1.20694e-020
118.552  1.19938e-020
119.574  1.19206e-020
120.596  1.18498e-020
121.618  1.17813e-020
122.64  1.17151e-020
123.662  1.16511e-020
124.684  1.15892e-020
125.706  1.15294e-020
126.728  1.14716e-020
127.75  1.14159e-020
128.772  1.1362e-020
129.794  1.131e-020
130.816  1.12598e-020
131.838  1.12113e-020
132.86  1.11645e-020
133.882  1.11194e-020
134.904  1.10758e-020
135.926  1.10338e-020
136.948  1.09932e-020
137.97  1.09541e-020
138.992  1.09163e-020
140.014  1.08799e-020
141.036  1.08447e-020
142.058  1.08107e-020
143.08  1.07779e-020
144.102  1.07462e-020
145.124  1.07156e-020
146.146  1.0686e-020
147.168  1.06573e-020
148.19  1.06296e-020
149.212  1.06027e-020
150.234  1.05767e-020
151.256  1.05514e-020
152.278  1.05268e-020
153.3  1.05029e-020
154.322  1.04797e-020
155.344  1.0457e-020
156.366  1.04349e-020
157.388  1.04133e-020
158.41  1.03921e-020
159.432  1.03713e-020
160.454  1.03509e-020
161.476  1.03307e-020
162.498  1.03109e-020
163.52  1.02913e-020
164.542  1.02719e-020
165.564  1.02526e-020
166.586  1.02335e-020
167.608  1.02144e-020
168.63  1.01953e-020
169.652  1.01762e-020
170.674  1.01571e-020
171.696  1.01378e-020
172.718  1.01185e-020
173.74  1.00989e-020
174.762  1.00792e-020
175.784  1.00592e-020
176.806  1.0039e-020
177.828  1.00184e-020
178.85  9.99746e-021
179.872  9.97615e-021
180.894  9.95442e-021
181.916  9.93224e-021
182.938  9.90956e-021
183.96  9.88637e-021
184.982  9.86263e-021
186.004  9.8383e-021
187.026  9.81336e-021
188.048  9.78778e-021
189.07  9.76152e-021
190.092  9.73456e-021
191.114  9.70687e-021
192.136  9.67841e-021
193.158  9.64917e-021
194.18  9.61911e-021
195.202  9.58822e-021
196.224  9.55646e-021
197.246  9.5238e-021
198.268  9.49024e-021
199.29  9.45573e-021
200.312  9.42027e-021
201.334  9.38382e-021
202.356  9.34636e-021
203.378  9.30788e-021
204.4  9.26835e-021
205.422  9.22776e-021
206.444  9.18609e-021
207.466  9.14331e-021
208.488  9.09941e-021
209.51  9.05438e-021
210.532  9.0082e-021
211.554  8.96085e-021
212.576  8.91232e-021
213.598  8.8626e-021
214.62  8.81167e-021
215.642  8.75953e-021
216.664  8.70616e-021
217.686  8.65154e-021
218.708  8.59568e-021
219.73  8.53856e-021
220.752  8.48018e-021
221.774  8.42053e-021
222.796  8.3596e-021
223.818  8.29739e-021
224.84  8.23389e-021
225.862  8.16911e-021
226.884  8.10303e-021
227.906  8.03566e-021
228.928  7.967e-021
229.95  7.89704e-021
230.972  7.82579e-021
231.994  7.75326e-021
233.016  7.67944e-021
234.038  7.60434e-021
235.06  7.52796e-021
236.082  7.45031e-021
237.104  7.3714e-021
238.126  7.29124e-021
239.148  7.20984e-021
240.17  7.1272e-021
241.192  7.04334e-021
242.214  6.95827e-021
243.236  6.87201e-021
244.258  6.78456e-021
245.28  6.69596e-021
246.302  6.6062e-021
247.324  6.51532e-021
248.346  6.42333e-021
249.368  6.33025e-021
250.39  6.23611e-021
251.412  6.14092e-021
252.434  6.04472e-021
253.456  5.94752e-021
254.478  5.84936e-021
255.5  5.75025e-021
256.522  5.65024e-021
257.544  5.54936e-021
258.566  5.44763e-021
259.588  5.34508e-021
260.61  5.24177e-021
261.632  5.13771e-021
262.654  5.03295e-021
263.676  4.92752e-021
264.698  4.82148e-021
265.72  4.71485e-021
266.742  4.60769e-021
267.764  4.50004e-021
268.786  4.39195e-021
269.808  4.28346e-021
270.83  4.17462e-021
271.852  4.06549e-021
272.874  3.95613e-021
273.896  3.84657e-021
274.918  3.7369e-021
275.94  3.62715e-021
276.962  3.51739e-021
277.984  3.4077e-021
279.006  3.29812e-021
280.028  3.18872e-021
281.05  3.07958e-021
282.072  2.97077e-021
283.094  2.86235e-021
284.116  2.75441e-021
285.138  2.64701e-021
286.16  2.54024e-021
287.182  2.43418e-021
288.204  2.32891e-021
289.226  2.22452e-021
290.248  2.1211e-021
291.27  2.01874e-021
292.292  1.91752e-021
293.314  1.81755e-021
294.336  1.71893e-021
295.358  1.62176e-021
296.38  1.52613e-021
297.402  1.43217e-021
298.424  1.33997e-021
299.446  1.24965e-021
300.468  1.16132e-021
301.49  1.07511e-021
302.512  9.91144e-022
303.534  9.09535e-022
304.556  8.30419e-022
305.578  7.53927e-022
306.6  6.80196e-022
307.622  6.09364e-022
308.644  5.41575e-022
309.666  4.76977e-022
310.688  4.15721e-022
311.71  3.57961e-022
312.732  3.03858e-022
313.754  2.53575e-022
314.776  2.0728e-022
315.798  1.65145e-022
316.82  1.27348e-022
317.842  9.4069e-023
318.864  6.54958e-023
319.886  4.18191e-023
320.908  2.32348e-023
321.93  9.9433e-024
322.952  2.14918e-024
