1.022  4.4539e-021
2.044  4.59593e-021
3.066  4.73842e-021
4.088  4.88135e-021
5.11  5.02471e-021
6.132  5.16847e-021
7.154  5.31262e-021
8.176  5.45713e-021
9.198  5.602e-021
10.22  5.74719e-021
11.242  5.89269e-021
12.264  6.03849e-021
13.286  6.18458e-021
14.308  6.33095e-021
15.33  6.47758e-021
16.352  6.62447e-021
17.374  6.7716e-021
18.396  6.91896e-021
19.418  7.06655e-021
20.44  7.21435e-021
21.462  7.36236e-021
22.484  7.51056e-021
23.506  7.65895e-021
24.528  7.80751e-021
25.55  7.95624e-021
26.572  8.10511e-021
27.594  8.25413e-021
28.616  8.40327e-021
29.638  8.55253e-021
30.66  8.7019e-021
31.682  8.85136e-021
32.704  9.0009e-021
33.726  9.1505e-021
34.748  9.30016e-021
35.77  9.44986e-021
36.792  9.59959e-021
37.814  9.74933e-021
38.836  9.89907e-021
39.858  1.00488e-020
40.88  1.01985e-020
41.902  1.03481e-020
42.924  1.04977e-020
43.946  1.06473e-020
44.968  1.07967e-020
45.99  1.0946e-020
47.012  1.10953e-020
48.034  1.12443e-020
49.056  1.13933e-020
50.078  1.15421e-020
51.1  1.16907e-020
52.122  1.18391e-020
53.144  1.19873e-020
54.166  1.21353e-020
55.188  1.22831e-020
56.21  1.24306e-020
57.232  1.25778e-020
58.254  1.27248e-020
59.276  1.28714e-020
60.298  1.30178e-020
61.32  1.31638e-020
62.342  1.33095e-020
63.364  1.34548e-020
64.386  1.35998e-020
65.408  1.37443e-020
66.43  1.38885e-020
67.452  1.40322e-020
68.474  1.41756e-020
69.496  1.43184e-020
70.518  1.44608e-020
71.54  1.46028e-020
72.562  1.47442e-020
73.584  1.48851e-020
74.606  1.50256e-020
75.628  1.51654e-020
76.65  1.53048e-020
77.672  1.54436e-020
78.694  1.55817e-020
79.716  1.57193e-020
80.738  1.58563e-020
81.76  1.59927e-020
82.782  1.61284e-020
83.804  1.62635e-020
84.826  1.6398e-020
85.848  1.65317e-020
86.87  1.66647e-020
87.892  1.67971e-020
88.914  1.69287e-020
89.936  1.70596e-020
90.958  1.71897e-020
91.98  1.73191e-020
93.002  1.74477e-020
94.024  1.75755e-020
95.046  1.77025e-020
96.068  1.78287e-020
97.09  1.79541e-020
98.112  1.80786e-020
99.134  1.82023e-020
100.156  1.8325e-020
101.178  1.84469e-020
102.2  1.85679e-020
103.222  1.8688e-020
104.244  1.88071e-020
105.266  1.89254e-020
106.288  1.90426e-020
107.31  1.91589e-020
108.332  1.92742e-020
109.354  1.93885e-020
110.376  1.95018e-020
111.398  1.9614e-020
112.42  1.97253e-020
113.442  1.98354e-020
114.464  1.99445e-020
115.486  2.00526e-020
116.508  2.01595e-020
117.53  2.02653e-020
118.552  2.037e-020
119.574  2.04736e-020
120.596  2.0576e-020
121.618  2.06772e-020
122.64  2.07772e-020
123.662  2.08761e-020
124.684  2.09737e-020
125.706  2.10702e-020
126.728  2.11653e-020
127.75  2.12592e-020
128.772  2.13519e-020
129.794  2.14432e-020
130.816  2.15333e-020
131.838  2.1622e-020
132.86  2.17094e-020
133.882  2.17954e-020
134.904  2.18801e-020
135.926  2.19634e-020
136.948  2.20453e-020
137.97  2.21257e-020
138.992  2.22047e-020
140.014  2.22823e-020
141.036  2.23584e-020
142.058  2.2433e-020
143.08  2.25061e-020
144.102  2.25777e-020
145.124  2.26477e-020
146.146  2.27162e-020
147.168  2.27831e-020
148.19  2.28484e-020
149.212  2.29121e-020
150.234  2.29741e-020
151.256  2.30345e-020
152.278  2.30932e-020
153.3  2.31502e-020
154.322  2.32055e-020
155.344  2.3259e-020
156.366  2.33108e-020
157.388  2.33608e-020
158.41  2.3409e-020
159.432  2.34553e-020
160.454  2.34999e-020
161.476  2.35425e-020
162.498  2.35832e-020
163.52  2.36221e-020
164.542  2.3659e-020
165.564  2.36939e-020
166.586  2.37268e-020
167.608  2.37577e-020
168.63  2.37866e-020
169.652  2.38134e-020
170.674  2.38381e-020
171.696  2.38608e-020
172.718  2.38812e-020
173.74  2.38995e-020
174.762  2.39156e-020
175.784  2.39295e-020
176.806  2.39412e-020
177.828  2.39505e-020
178.85  2.39576e-020
179.872  2.39623e-020
180.894  2.39647e-020
181.916  2.39647e-020
182.938  2.39623e-020
183.96  2.39574e-020
184.982  2.395e-020
186.004  2.39402e-020
187.026  2.39278e-020
188.048  2.39129e-020
189.07  2.38953e-020
190.092  2.38752e-020
191.114  2.38524e-020
192.136  2.38269e-020
193.158  2.37987e-020
194.18  2.37677e-020
195.202  2.3734e-020
196.224  2.36975e-020
197.246  2.36581e-020
198.268  2.36159e-020
199.29  2.35707e-020
200.312  2.35227e-020
201.334  2.34716e-020
202.356  2.34176e-020
203.378  2.33606e-020
204.4  2.33005e-020
205.422  2.32373e-020
206.444  2.3171e-020
207.466  2.31016e-020
208.488  2.3029e-020
209.51  2.29532e-020
210.532  2.28741e-020
211.554  2.27918e-020
212.576  2.27062e-020
213.598  2.26172e-020
214.62  2.2525e-020
215.642  2.24293e-020
216.664  2.23302e-020
217.686  2.22277e-020
218.708  2.21218e-020
219.73  2.20123e-020
220.752  2.18994e-020
221.774  2.17829e-020
222.796  2.16629e-020
223.818  2.15393e-020
224.84  2.14121e-020
225.862  2.12813e-020
226.884  2.11468e-020
227.906  2.10087e-020
228.928  2.08669e-020
229.95  2.07214e-020
230.972  2.05722e-020
231.994  2.04193e-020
233.016  2.02627e-020
234.038  2.01023e-020
235.06  1.99382e-020
236.082  1.97703e-020
237.104  1.95986e-020
238.126  1.94232e-020
239.148  1.92441e-020
240.17  1.90611e-020
241.192  1.88744e-020
242.214  1.86839e-020
243.236  1.84897e-020
244.258  1.82918e-020
245.28  1.80901e-020
246.302  1.78847e-020
247.324  1.76756e-020
248.346  1.74628e-020
249.368  1.72463e-020
250.39  1.70263e-020
251.412  1.68026e-020
252.434  1.65753e-020
253.456  1.63445e-020
254.478  1.61102e-020
255.5  1.58725e-020
256.522  1.56314e-020
257.544  1.53869e-020
258.566  1.5139e-020
259.588  1.4888e-020
260.61  1.46338e-020
261.632  1.43764e-020
262.654  1.4116e-020
263.676  1.38527e-020
264.698  1.35865e-020
265.72  1.33174e-020
266.742  1.30457e-020
267.764  1.27714e-020
268.786  1.24946e-020
269.808  1.22154e-020
270.83  1.19339e-020
271.852  1.16502e-020
272.874  1.13646e-020
273.896  1.1077e-020
274.918  1.07877e-020
275.94  1.04968e-020
276.962  1.02045e-020
277.984  9.91088e-021
279.006  9.61617e-021
280.028  9.32053e-021
281.05  9.02415e-021
282.072  8.72723e-021
283.094  8.42998e-021
284.116  8.13261e-021
285.138  7.83534e-021
286.16  7.5384e-021
287.182  7.24204e-021
288.204  6.94651e-021
289.226  6.65207e-021
290.248  6.35899e-021
291.27  6.06756e-021
292.292  5.77808e-021
293.314  5.49084e-021
294.336  5.20617e-021
295.358  4.9244e-021
296.38  4.64588e-021
297.402  4.37094e-021
298.424  4.09998e-021
299.446  3.83336e-021
300.468  3.57148e-021
301.49  3.31475e-021
302.512  3.06359e-021
303.534  2.81845e-021
304.556  2.57978e-021
305.578  2.34804e-021
306.6  2.12372e-021
307.622  1.90733e-021
308.644  1.69937e-021
309.666  1.50039e-021
310.688  1.31094e-021
311.71  1.13158e-021
312.732  9.62905e-022
313.754  8.05523e-022
314.776  6.60058e-022
315.798  5.27155e-022
316.82  4.0748e-022
317.842  3.01716e-022
318.864  2.1057e-022
319.886  1.34766e-022
320.908  7.50519e-023
321.93  3.21931e-023
322.952  6.97442e-024
