1.022  6.37571e-021
2.044  6.55534e-021
3.066  6.735e-021
4.088  6.91468e-021
5.11  7.09435e-021
6.132  7.274e-021
7.154  7.45362e-021
8.176  7.63318e-021
9.198  7.81266e-021
10.22  7.99206e-021
11.242  8.17135e-021
12.264  8.35053e-021
13.286  8.5296e-021
14.308  8.70854e-021
15.33  8.88735e-021
16.352  9.06603e-021
17.374  9.24456e-021
18.396  9.42295e-021
19.418  9.60119e-021
20.44  9.77927e-021
21.462  9.9572e-021
22.484  1.0135e-020
23.506  1.03125e-020
24.528  1.049e-020
25.55  1.06672e-020
26.572  1.08442e-020
27.594  1.10211e-020
28.616  1.11977e-020
29.638  1.13741e-020
30.66  1.15503e-020
31.682  1.17263e-020
32.704  1.1902e-020
33.726  1.20774e-020
34.748  1.22526e-020
35.77  1.24276e-020
36.792  1.26022e-020
37.814  1.27766e-020
38.836  1.29506e-020
39.858  1.31244e-020
40.88  1.32978e-020
41.902  1.34708e-020
42.924  1.36435e-020
43.946  1.38158e-020
44.968  1.39878e-020
45.99  1.41594e-020
47.012  1.43305e-020
48.034  1.45013e-020
49.056  1.46716e-020
50.078  1.48414e-020
51.1  1.50108e-020
52.122  1.51798e-020
53.144  1.53482e-020
54.166  1.55162e-020
55.188  1.56836e-020
56.21  1.58505e-020
57.232  1.60169e-020
58.254  1.61827e-020
59.276  1.63479e-020
60.298  1.65126e-020
61.32  1.66766e-020
62.342  1.68401e-020
63.364  1.70029e-020
64.386  1.71651e-020
65.408  1.73266e-020
66.43  1.74875e-020
67.452  1.76476e-020
68.474  1.78071e-020
69.496  1.79659e-020
70.518  1.8124e-020
71.54  1.82813e-020
72.562  1.84378e-020
73.584  1.85936e-020
74.606  1.87487e-020
75.628  1.89029e-020
76.65  1.90563e-020
77.672  1.92089e-020
78.694  1.93607e-020
79.716  1.95116e-020
80.738  1.96616e-020
81.76  1.98108e-020
82.782  1.99591e-020
83.804  2.01065e-020
84.826  2.0253e-020
85.848  2.03985e-020
86.87  2.05431e-020
87.892  2.06868e-020
88.914  2.08294e-020
89.936  2.09711e-020
90.958  2.11118e-020
91.98  2.12515e-020
93.002  2.13901e-020
94.024  2.15278e-020
95.046  2.16643e-020
96.068  2.17998e-020
97.09  2.19343e-020
98.112  2.20676e-020
99.134  2.21998e-020
100.156  2.23309e-020
101.178  2.24609e-020
102.2  2.25897e-020
103.222  2.27174e-020
104.244  2.28439e-020
105.266  2.29692e-020
106.288  2.30934e-020
107.31  2.32163e-020
108.332  2.3338e-020
109.354  2.34584e-020
110.376  2.35776e-020
111.398  2.36955e-020
112.42  2.38122e-020
113.442  2.39275e-020
114.464  2.40416e-020
115.486  2.41543e-020
116.508  2.42657e-020
117.53  2.43758e-020
118.552  2.44844e-020
119.574  2.45918e-020
120.596  2.46977e-020
121.618  2.48022e-020
122.64  2.49053e-020
123.662  2.50069e-020
124.684  2.51071e-020
125.706  2.52058e-020
126.728  2.53031e-020
127.75  2.53989e-020
128.772  2.54931e-020
129.794  2.55858e-020
130.816  2.5677e-020
131.838  2.57666e-020
132.86  2.58547e-020
133.882  2.59411e-020
134.904  2.6026e-020
135.926  2.61092e-020
136.948  2.61908e-020
137.97  2.62707e-020
138.992  2.6349e-020
140.014  2.64256e-020
141.036  2.65004e-020
142.058  2.65735e-020
143.08  2.66449e-020
144.102  2.67145e-020
145.124  2.67824e-020
146.146  2.68484e-020
147.168  2.69126e-020
148.19  2.6975e-020
149.212  2.70355e-020
150.234  2.70941e-020
151.256  2.71509e-020
152.278  2.72057e-020
153.3  2.72585e-020
154.322  2.73095e-020
155.344  2.73584e-020
156.366  2.74053e-020
157.388  2.74502e-020
158.41  2.7493e-020
159.432  2.75338e-020
160.454  2.75724e-020
161.476  2.76089e-020
162.498  2.76433e-020
163.52  2.76756e-020
164.542  2.77056e-020
165.564  2.77334e-020
166.586  2.7759e-020
167.608  2.77823e-020
168.63  2.78033e-020
169.652  2.78219e-020
170.674  2.78383e-020
171.696  2.78522e-020
172.718  2.78638e-020
173.74  2.78729e-020
174.762  2.78796e-020
175.784  2.78838e-020
176.806  2.78854e-020
177.828  2.78845e-020
178.85  2.78811e-020
179.872  2.7875e-020
180.894  2.78663e-020
181.916  2.7855e-020
182.938  2.7841e-020
183.96  2.78242e-020
184.982  2.78047e-020
186.004  2.77824e-020
187.026  2.77573e-020
188.048  2.77293e-020
189.07  2.76984e-020
190.092  2.76647e-020
191.114  2.7628e-020
192.136  2.75883e-020
193.158  2.75456e-020
194.18  2.74999e-020
195.202  2.7451e-020
196.224  2.73991e-020
197.246  2.7344e-020
198.268  2.72858e-020
199.29  2.72244e-020
200.312  2.71597e-020
201.334  2.70917e-020
202.356  2.70204e-020
203.378  2.69458e-020
204.4  2.68678e-020
205.422  2.67864e-020
206.444  2.67015e-020
207.466  2.66132e-020
208.488  2.65214e-020
209.51  2.6426e-020
210.532  2.6327e-020
211.554  2.62245e-020
212.576  2.61183e-020
213.598  2.60085e-020
214.62  2.58949e-020
215.642  2.57776e-020
216.664  2.56566e-020
217.686  2.55318e-020
218.708  2.54032e-020
219.73  2.52707e-020
220.752  2.51344e-020
221.774  2.49941e-020
222.796  2.485e-020
223.818  2.47019e-020
224.84  2.45499e-020
225.862  2.43938e-020
226.884  2.42338e-020
227.906  2.40697e-020
228.928  2.39015e-020
229.95  2.37293e-020
230.972  2.35531e-020
231.994  2.33727e-020
233.016  2.31882e-020
234.038  2.29996e-020
235.06  2.28069e-020
236.082  2.261e-020
237.104  2.2409e-020
238.126  2.22038e-020
239.148  2.19945e-020
240.17  2.17811e-020
241.192  2.15635e-020
242.214  2.13417e-020
243.236  2.11159e-020
244.258  2.08859e-020
245.28  2.06518e-020
246.302  2.04136e-020
247.324  2.01713e-020
248.346  1.9925e-020
249.368  1.96746e-020
250.39  1.94203e-020
251.412  1.9162e-020
252.434  1.88998e-020
253.456  1.86336e-020
254.478  1.83637e-020
255.5  1.80899e-020
256.522  1.78124e-020
257.544  1.75312e-020
258.566  1.72464e-020
259.588  1.6958e-020
260.61  1.66661e-020
261.632  1.63708e-020
262.654  1.60722e-020
263.676  1.57703e-020
264.698  1.54653e-020
265.72  1.51572e-020
266.742  1.48461e-020
267.764  1.45322e-020
268.786  1.42156e-020
269.808  1.38964e-020
270.83  1.35746e-020
271.852  1.32506e-020
272.874  1.29243e-020
273.896  1.2596e-020
274.918  1.22659e-020
275.94  1.1934e-020
276.962  1.16005e-020
277.984  1.12657e-020
279.006  1.09298e-020
280.028  1.05928e-020
281.05  1.02551e-020
282.072  9.91692e-021
283.094  9.5784e-021
284.116  9.23981e-021
285.138  8.90142e-021
286.16  8.56347e-021
287.182  8.22625e-021
288.204  7.89003e-021
289.226  7.55512e-021
290.248  7.22181e-021
291.27  6.89044e-021
292.292  6.56132e-021
293.314  6.23481e-021
294.336  5.91127e-021
295.358  5.59106e-021
296.38  5.27457e-021
297.402  4.96221e-021
298.424  4.65439e-021
299.446  4.35154e-021
300.468  4.0541e-021
301.49  3.76254e-021
302.512  3.47734e-021
303.534  3.19899e-021
304.556  2.928e-021
305.578  2.6649e-021
306.6  2.41025e-021
307.622  2.16461e-021
308.644  1.92856e-021
309.666  1.70271e-021
310.688  1.48768e-021
311.71  1.28412e-021
312.732  1.09269e-021
313.754  9.14082e-022
314.776  7.49004e-022
315.798  5.98187e-022
316.82  4.62382e-022
317.842  3.42366e-022
318.864  2.38938e-022
319.886  1.52922e-022
320.908  8.51629e-023
321.93  3.65302e-023
322.952  7.91404e-024
