1.022  1.01958e-020
2.044  1.04179e-020
3.066  1.06396e-020
4.088  1.08607e-020
5.11  1.10813e-020
6.132  1.13015e-020
7.154  1.1521e-020
8.176  1.17401e-020
9.198  1.19585e-020
10.22  1.21764e-020
11.242  1.23937e-020
12.264  1.26104e-020
13.286  1.28265e-020
14.308  1.30419e-020
15.33  1.32568e-020
16.352  1.34711e-020
17.374  1.36849e-020
18.396  1.3898e-020
19.418  1.41105e-020
20.44  1.43225e-020
21.462  1.45338e-020
22.484  1.47446e-020
23.506  1.49548e-020
24.528  1.51644e-020
25.55  1.53735e-020
26.572  1.55819e-020
27.594  1.57898e-020
28.616  1.59971e-020
29.638  1.62037e-020
30.66  1.64098e-020
31.682  1.66152e-020
32.704  1.68201e-020
33.726  1.70243e-020
34.748  1.72279e-020
35.77  1.74309e-020
36.792  1.76332e-020
37.814  1.78348e-020
38.836  1.80358e-020
39.858  1.82362e-020
40.88  1.84358e-020
41.902  1.86348e-020
42.924  1.8833e-020
43.946  1.90306e-020
44.968  1.92274e-020
45.99  1.94235e-020
47.012  1.96188e-020
48.034  1.98134e-020
49.056  2.00072e-020
50.078  2.02003e-020
51.1  2.03925e-020
52.122  2.05839e-020
53.144  2.07745e-020
54.166  2.09643e-020
55.188  2.11532e-020
56.21  2.13413e-020
57.232  2.15285e-020
58.254  2.17148e-020
59.276  2.19003e-020
60.298  2.20848e-020
61.32  2.22684e-020
62.342  2.2451e-020
63.364  2.26327e-020
64.386  2.28135e-020
65.408  2.29932e-020
66.43  2.3172e-020
67.452  2.33498e-020
68.474  2.35265e-020
69.496  2.37022e-020
70.518  2.38769e-020
71.54  2.40505e-020
72.562  2.42231e-020
73.584  2.43946e-020
74.606  2.45649e-020
75.628  2.47342e-020
76.65  2.49023e-020
77.672  2.50693e-020
78.694  2.52352e-020
79.716  2.53998e-020
80.738  2.55633e-020
81.76  2.57256e-020
82.782  2.58867e-020
83.804  2.60466e-020
84.826  2.62053e-020
85.848  2.63627e-020
86.87  2.65188e-020
87.892  2.66737e-020
88.914  2.68273e-020
89.936  2.69796e-020
90.958  2.71306e-020
91.98  2.72803e-020
93.002  2.74286e-020
94.024  2.75756e-020
95.046  2.77212e-020
96.068  2.78654e-020
97.09  2.80083e-020
98.112  2.81497e-020
99.134  2.82898e-020
100.156  2.84284e-020
101.178  2.85655e-020
102.2  2.87012e-020
103.222  2.88355e-020
104.244  2.89682e-020
105.266  2.90995e-020
106.288  2.92292e-020
107.31  2.93575e-020
108.332  2.94842e-020
109.354  2.96093e-020
110.376  2.97329e-020
111.398  2.98549e-020
112.42  2.99753e-020
113.442  3.00941e-020
114.464  3.02114e-020
115.486  3.03269e-020
116.508  3.04409e-020
117.53  3.05531e-020
118.552  3.06637e-020
119.574  3.07726e-020
120.596  3.08799e-020
121.618  3.09854e-020
122.64  3.10891e-020
123.662  3.11911e-020
124.684  3.12914e-020
125.706  3.13899e-020
126.728  3.14866e-020
127.75  3.15815e-020
128.772  3.16746e-020
129.794  3.17658e-020
130.816  3.18552e-020
131.838  3.19427e-020
132.86  3.20284e-020
133.882  3.21121e-020
134.904  3.21939e-020
135.926  3.22738e-020
136.948  3.23517e-020
137.97  3.24277e-020
138.992  3.25017e-020
140.014  3.25736e-020
141.036  3.26436e-020
142.058  3.27115e-020
143.08  3.27773e-020
144.102  3.28411e-020
145.124  3.29027e-020
146.146  3.29623e-020
147.168  3.30197e-020
148.19  3.3075e-020
149.212  3.3128e-020
150.234  3.31789e-020
151.256  3.32275e-020
152.278  3.32739e-020
153.3  3.33181e-020
154.322  3.33599e-020
155.344  3.33995e-020
156.366  3.34367e-020
157.388  3.34716e-020
158.41  3.3504e-020
159.432  3.35341e-020
160.454  3.35618e-020
161.476  3.35869e-020
162.498  3.36097e-020
163.52  3.36299e-020
164.542  3.36475e-020
165.564  3.36627e-020
166.586  3.36752e-020
167.608  3.36851e-020
168.63  3.36924e-020
169.652  3.3697e-020
170.674  3.3699e-020
171.696  3.36982e-020
172.718  3.36946e-020
173.74  3.36883e-020
174.762  3.36791e-020
175.784  3.36672e-020
176.806  3.36523e-020
177.828  3.36345e-020
178.85  3.36138e-020
179.872  3.35902e-020
180.894  3.35635e-020
181.916  3.35338e-020
182.938  3.3501e-020
183.96  3.34652e-020
184.982  3.34261e-020
186.004  3.3384e-020
187.026  3.33386e-020
188.048  3.329e-020
189.07  3.32381e-020
190.092  3.31829e-020
191.114  3.31244e-020
192.136  3.30625e-020
193.158  3.29972e-020
194.18  3.29284e-020
195.202  3.28562e-020
196.224  3.27804e-020
197.246  3.27011e-020
198.268  3.26182e-020
199.29  3.25316e-020
200.312  3.24414e-020
201.334  3.23474e-020
202.356  3.22498e-020
203.378  3.21483e-020
204.4  3.20431e-020
205.422  3.1934e-020
206.444  3.18209e-020
207.466  3.1704e-020
208.488  3.15831e-020
209.51  3.14582e-020
210.532  3.13293e-020
211.554  3.11963e-020
212.576  3.10593e-020
213.598  3.0918e-020
214.62  3.07726e-020
215.642  3.0623e-020
216.664  3.04692e-020
217.686  3.03111e-020
218.708  3.01487e-020
219.73  2.9982e-020
220.752  2.98109e-020
221.774  2.96354e-020
222.796  2.94555e-020
223.818  2.92711e-020
224.84  2.90823e-020
225.862  2.8889e-020
226.884  2.86911e-020
227.906  2.84887e-020
228.928  2.82818e-020
229.95  2.80703e-020
230.972  2.78541e-020
231.994  2.76334e-020
233.016  2.7408e-020
234.038  2.7178e-020
235.06  2.69433e-020
236.082  2.6704e-020
237.104  2.646e-020
238.126  2.62113e-020
239.148  2.5958e-020
240.17  2.56999e-020
241.192  2.54372e-020
242.214  2.51699e-020
243.236  2.48979e-020
244.258  2.46212e-020
245.28  2.43399e-020
246.302  2.4054e-020
247.324  2.37635e-020
248.346  2.34685e-020
249.368  2.31689e-020
250.39  2.28648e-020
251.412  2.25563e-020
252.434  2.22433e-020
253.456  2.1926e-020
254.478  2.16043e-020
255.5  2.12784e-020
256.522  2.09482e-020
257.544  2.06139e-020
258.566  2.02756e-020
259.588  1.99332e-020
260.61  1.95869e-020
261.632  1.92367e-020
262.654  1.88829e-020
263.676  1.85253e-020
264.698  1.81643e-020
265.72  1.77998e-020
266.742  1.7432e-020
267.764  1.70611e-020
268.786  1.6687e-020
269.808  1.63101e-020
270.83  1.59305e-020
271.852  1.55482e-020
272.874  1.51635e-020
273.896  1.47765e-020
274.918  1.43875e-020
275.94  1.39966e-020
276.962  1.3604e-020
277.984  1.321e-020
279.006  1.28147e-020
280.028  1.24184e-020
281.05  1.20213e-020
282.072  1.16237e-020
283.094  1.12259e-020
284.116  1.08281e-020
285.138  1.04306e-020
286.16  1.00338e-020
287.182  9.63788e-021
288.204  9.24325e-021
289.226  8.85022e-021
290.248  8.45917e-021
291.27  8.07045e-021
292.292  7.68445e-021
293.314  7.30158e-021
294.336  6.92225e-021
295.358  6.54689e-021
296.38  6.17595e-021
297.402  5.8099e-021
298.424  5.44921e-021
299.446  5.09439e-021
300.468  4.74596e-021
301.49  4.40445e-021
302.512  4.07043e-021
303.534  3.74446e-021
304.556  3.42714e-021
305.578  3.11909e-021
306.6  2.82095e-021
307.622  2.53337e-021
308.644  2.25705e-021
309.666  1.99268e-021
310.688  1.74099e-021
311.71  1.50274e-021
312.732  1.2787e-021
313.754  1.06967e-021
314.776  8.76483e-022
315.798  6.99989e-022
316.82  5.41067e-022
317.842  4.00625e-022
318.864  2.79597e-022
319.886  1.78943e-022
320.908  9.9654e-023
321.93  4.27462e-023
322.952  9.26072e-024
