1.022  2.91853e-020
2.044  2.94807e-020
3.066  2.97746e-020
4.088  3.00671e-020
5.11  3.0358e-020
6.132  3.06475e-020
7.154  3.09354e-020
8.176  3.12217e-020
9.198  3.15064e-020
10.22  3.17895e-020
11.242  3.2071e-020
12.264  3.23509e-020
13.286  3.26293e-020
14.308  3.2906e-020
15.33  3.31812e-020
16.352  3.3455e-020
17.374  3.37272e-020
18.396  3.39979e-020
19.418  3.42673e-020
20.44  3.45352e-020
21.462  3.48017e-020
22.484  3.50668e-020
23.506  3.53305e-020
24.528  3.55929e-020
25.55  3.5854e-020
26.572  3.61137e-020
27.594  3.6372e-020
28.616  3.66291e-020
29.638  3.68848e-020
30.66  3.71392e-020
31.682  3.73923e-020
32.704  3.76441e-020
33.726  3.78946e-020
34.748  3.81437e-020
35.77  3.83915e-020
36.792  3.8638e-020
37.814  3.88831e-020
38.836  3.91268e-020
39.858  3.93692e-020
40.88  3.96103e-020
41.902  3.98499e-020
42.924  4.00882e-020
43.946  4.03251e-020
44.968  4.05605e-020
45.99  4.07946e-020
47.012  4.10272e-020
48.034  4.12583e-020
49.056  4.1488e-020
50.078  4.17162e-020
51.1  4.19429e-020
52.122  4.21681e-020
53.144  4.23918e-020
54.166  4.2614e-020
55.188  4.28346e-020
56.21  4.30536e-020
57.232  4.32711e-020
58.254  4.3487e-020
59.276  4.37013e-020
60.298  4.39139e-020
61.32  4.41249e-020
62.342  4.43342e-020
63.364  4.45419e-020
64.386  4.47479e-020
65.408  4.49522e-020
66.43  4.51547e-020
67.452  4.53556e-020
68.474  4.55547e-020
69.496  4.5752e-020
70.518  4.59475e-020
71.54  4.61412e-020
72.562  4.63331e-020
73.584  4.65232e-020
74.606  4.67115e-020
75.628  4.68979e-020
76.65  4.70824e-020
77.672  4.7265e-020
78.694  4.74457e-020
79.716  4.76245e-020
80.738  4.78013e-020
81.76  4.79762e-020
82.782  4.81491e-020
83.804  4.83201e-020
84.826  4.8489e-020
85.848  4.86559e-020
86.87  4.88208e-020
87.892  4.89837e-020
88.914  4.91445e-020
89.936  4.93032e-020
90.958  4.94598e-020
91.98  4.96143e-020
93.002  4.97667e-020
94.024  4.99169e-020
95.046  5.0065e-020
96.068  5.0211e-020
97.09  5.03547e-020
98.112  5.04963e-020
99.134  5.06356e-020
100.156  5.07727e-020
101.178  5.09076e-020
102.2  5.10402e-020
103.222  5.11706e-020
104.244  5.12987e-020
105.266  5.14244e-020
106.288  5.15479e-020
107.31  5.1669e-020
108.332  5.17878e-020
109.354  5.19042e-020
110.376  5.20182e-020
111.398  5.21299e-020
112.42  5.22391e-020
113.442  5.23459e-020
114.464  5.24503e-020
115.486  5.25522e-020
116.508  5.26517e-020
117.53  5.27487e-020
118.552  5.28432e-020
119.574  5.29351e-020
120.596  5.30245e-020
121.618  5.31114e-020
122.64  5.31958e-020
123.662  5.32775e-020
124.684  5.33566e-020
125.706  5.34332e-020
126.728  5.35071e-020
127.75  5.35783e-020
128.772  5.36469e-020
129.794  5.37128e-020
130.816  5.3776e-020
131.838  5.38365e-020
132.86  5.38942e-020
133.882  5.39492e-020
134.904  5.40014e-020
135.926  5.40508e-020
136.948  5.40974e-020
137.97  5.41412e-020
138.992  5.41821e-020
140.014  5.42201e-020
141.036  5.42552e-020
142.058  5.42874e-020
143.08  5.43167e-020
144.102  5.4343e-020
145.124  5.43663e-020
146.146  5.43867e-020
147.168  5.4404e-020
148.19  5.44182e-020
149.212  5.44293e-020
150.234  5.44374e-020
151.256  5.44423e-020
152.278  5.44441e-020
153.3  5.44427e-020
154.322  5.44381e-020
155.344  5.44302e-020
156.366  5.44191e-020
157.388  5.44047e-020
158.41  5.4387e-020
159.432  5.43659e-020
160.454  5.43415e-020
161.476  5.43136e-020
162.498  5.42824e-020
163.52  5.42476e-020
164.542  5.42094e-020
165.564  5.41676e-020
166.586  5.41223e-020
167.608  5.40733e-020
168.63  5.40208e-020
169.652  5.39645e-020
170.674  5.39046e-020
171.696  5.38409e-020
172.718  5.37735e-020
173.74  5.37023e-020
174.762  5.36272e-020
175.784  5.35482e-020
176.806  5.34653e-020
177.828  5.33784e-020
178.85  5.32875e-020
179.872  5.31926e-020
180.894  5.30936e-020
181.916  5.29905e-020
182.938  5.28832e-020
183.96  5.27717e-020
184.982  5.2656e-020
186.004  5.2536e-020
187.026  5.24116e-020
188.048  5.22828e-020
189.07  5.21496e-020
190.092  5.2012e-020
191.114  5.18698e-020
192.136  5.1723e-020
193.158  5.15717e-020
194.18  5.14157e-020
195.202  5.12549e-020
196.224  5.10895e-020
197.246  5.09192e-020
198.268  5.07441e-020
199.29  5.05641e-020
200.312  5.03791e-020
201.334  5.01891e-020
202.356  4.99942e-020
203.378  4.97941e-020
204.4  4.95889e-020
205.422  4.93784e-020
206.444  4.91628e-020
207.466  4.89419e-020
208.488  4.87156e-020
209.51  4.8484e-020
210.532  4.82469e-020
211.554  4.80044e-020
212.576  4.77564e-020
213.598  4.75027e-020
214.62  4.72435e-020
215.642  4.69786e-020
216.664  4.6708e-020
217.686  4.64317e-020
218.708  4.61496e-020
219.73  4.58616e-020
220.752  4.55678e-020
221.774  4.52681e-020
222.796  4.49624e-020
223.818  4.46508e-020
224.84  4.43331e-020
225.862  4.40094e-020
226.884  4.36796e-020
227.906  4.33436e-020
228.928  4.30016e-020
229.95  4.26533e-020
230.972  4.22989e-020
231.994  4.19382e-020
233.016  4.15713e-020
234.038  4.11982e-020
235.06  4.08188e-020
236.082  4.04331e-020
237.104  4.00411e-020
238.126  3.96428e-020
239.148  3.92382e-020
240.17  3.88273e-020
241.192  3.84101e-020
242.214  3.79866e-020
243.236  3.75569e-020
244.258  3.71209e-020
245.28  3.66787e-020
246.302  3.62302e-020
247.324  3.57756e-020
248.346  3.53148e-020
249.368  3.4848e-020
250.39  3.4375e-020
251.412  3.38961e-020
252.434  3.34112e-020
253.456  3.29204e-020
254.478  3.24238e-020
255.5  3.19215e-020
256.522  3.14135e-020
257.544  3.08999e-020
258.566  3.03809e-020
259.588  2.98566e-020
260.61  2.93269e-020
261.632  2.87922e-020
262.654  2.82524e-020
263.676  2.77078e-020
264.698  2.71585e-020
265.72  2.66047e-020
266.742  2.60465e-020
267.764  2.54841e-020
268.786  2.49177e-020
269.808  2.43474e-020
270.83  2.37736e-020
271.852  2.31965e-020
272.874  2.26162e-020
273.896  2.2033e-020
274.918  2.14472e-020
275.94  2.0859e-020
276.962  2.02688e-020
277.984  1.96769e-020
279.006  1.90835e-020
280.028  1.84891e-020
281.05  1.78939e-020
282.072  1.72983e-020
283.094  1.67027e-020
284.116  1.61075e-020
285.138  1.55132e-020
286.16  1.49201e-020
287.182  1.43288e-020
288.204  1.37396e-020
289.226  1.31531e-020
290.248  1.25699e-020
291.27  1.19904e-020
292.292  1.14151e-020
293.314  1.08448e-020
294.336  1.02799e-020
295.358  9.7212e-021
296.38  9.16923e-021
297.402  8.62471e-021
298.424  8.08833e-021
299.446  7.56084e-021
300.468  7.04298e-021
301.49  6.53553e-021
302.512  6.03932e-021
303.534  5.55519e-021
304.556  5.08401e-021
305.578  4.62668e-021
306.6  4.18413e-021
307.622  3.75735e-021
308.644  3.34732e-021
309.666  2.95508e-021
310.688  2.58171e-021
311.71  2.22831e-021
312.732  1.89602e-021
313.754  1.58602e-021
314.776  1.29954e-021
315.798  1.03783e-021
316.82  8.02193e-022
317.842  5.93963e-022
318.864  4.14523e-022
319.886  2.65295e-022
320.908  1.47744e-022
321.93  6.33743e-023
322.952  1.37298e-023
