1.022  4.94027e-020
2.044  4.97063e-020
3.066  5.00082e-020
4.088  5.03083e-020
5.11  5.06067e-020
6.132  5.09032e-020
7.154  5.11978e-020
8.176  5.14905e-020
9.198  5.17813e-020
10.22  5.207e-020
11.242  5.23568e-020
12.264  5.26417e-020
13.286  5.29246e-020
14.308  5.32056e-020
15.33  5.34848e-020
16.352  5.37622e-020
17.374  5.40379e-020
18.396  5.43118e-020
19.418  5.4584e-020
20.44  5.48546e-020
21.462  5.51235e-020
22.484  5.53909e-020
23.506  5.56567e-020
24.528  5.59209e-020
25.55  5.61836e-020
26.572  5.64448e-020
27.594  5.67045e-020
28.616  5.69627e-020
29.638  5.72193e-020
30.66  5.74745e-020
31.682  5.77282e-020
32.704  5.79805e-020
33.726  5.82312e-020
34.748  5.84804e-020
35.77  5.87281e-020
36.792  5.89743e-020
37.814  5.9219e-020
38.836  5.94621e-020
39.858  5.97036e-020
40.88  5.99437e-020
41.902  6.01821e-020
42.924  6.04189e-020
43.946  6.06541e-020
44.968  6.08877e-020
45.99  6.11196e-020
47.012  6.13499e-020
48.034  6.15785e-020
49.056  6.18054e-020
50.078  6.20306e-020
51.1  6.2254e-020
52.122  6.24757e-020
53.144  6.26956e-020
54.166  6.29137e-020
55.188  6.313e-020
56.21  6.33444e-020
57.232  6.3557e-020
58.254  6.37676e-020
59.276  6.39764e-020
60.298  6.41833e-020
61.32  6.43882e-020
62.342  6.45911e-020
63.364  6.47921e-020
64.386  6.4991e-020
65.408  6.5188e-020
66.43  6.53828e-020
67.452  6.55756e-020
68.474  6.57663e-020
69.496  6.59549e-020
70.518  6.61414e-020
71.54  6.63257e-020
72.562  6.65078e-020
73.584  6.66877e-020
74.606  6.68654e-020
75.628  6.70409e-020
76.65  6.72141e-020
77.672  6.73851e-020
78.694  6.75537e-020
79.716  6.772e-020
80.738  6.7884e-020
81.76  6.80456e-020
82.782  6.82049e-020
83.804  6.83617e-020
84.826  6.85162e-020
85.848  6.86682e-020
86.87  6.88177e-020
87.892  6.89648e-020
88.914  6.91094e-020
89.936  6.92515e-020
90.958  6.9391e-020
91.98  6.9528e-020
93.002  6.96624e-020
94.024  6.97943e-020
95.046  6.99235e-020
96.068  7.00501e-020
97.09  7.01741e-020
98.112  7.02954e-020
99.134  7.0414e-020
100.156  7.053e-020
101.178  7.06432e-020
102.2  7.07537e-020
103.222  7.08614e-020
104.244  7.09664e-020
105.266  7.10686e-020
106.288  7.1168e-020
107.31  7.12645e-020
108.332  7.13583e-020
109.354  7.14491e-020
110.376  7.15371e-020
111.398  7.16222e-020
112.42  7.17044e-020
113.442  7.17837e-020
114.464  7.186e-020
115.486  7.19333e-020
116.508  7.20037e-020
117.53  7.2071e-020
118.552  7.21353e-020
119.574  7.21966e-020
120.596  7.22548e-020
121.618  7.231e-020
122.64  7.23621e-020
123.662  7.2411e-020
124.684  7.24568e-020
125.706  7.24994e-020
126.728  7.25389e-020
127.75  7.25752e-020
128.772  7.26082e-020
129.794  7.26381e-020
130.816  7.26646e-020
131.838  7.26879e-020
132.86  7.27079e-020
133.882  7.27246e-020
134.904  7.27379e-020
135.926  7.27479e-020
136.948  7.27545e-020
137.97  7.27576e-020
138.992  7.27574e-020
140.014  7.27537e-020
141.036  7.27465e-020
142.058  7.27357e-020
143.08  7.27215e-020
144.102  7.27037e-020
145.124  7.26823e-020
146.146  7.26574e-020
147.168  7.26287e-020
148.19  7.25965e-020
149.212  7.25605e-020
150.234  7.25208e-020
151.256  7.24774e-020
152.278  7.24302e-020
153.3  7.23792e-020
154.322  7.23243e-020
155.344  7.22656e-020
156.366  7.2203e-020
157.388  7.21365e-020
158.41  7.20659e-020
159.432  7.19914e-020
160.454  7.19129e-020
161.476  7.18303e-020
162.498  7.17436e-020
163.52  7.16528e-020
164.542  7.15578e-020
165.564  7.14586e-020
166.586  7.13551e-020
167.608  7.12473e-020
168.63  7.11352e-020
169.652  7.10188e-020
170.674  7.08979e-020
171.696  7.07726e-020
172.718  7.06428e-020
173.74  7.05085e-020
174.762  7.03696e-020
175.784  7.0226e-020
176.806  7.00778e-020
177.828  6.99249e-020
178.85  6.97672e-020
179.872  6.96047e-020
180.894  6.94374e-020
181.916  6.92651e-020
182.938  6.90879e-020
183.96  6.89057e-020
184.982  6.87184e-020
186.004  6.8526e-020
187.026  6.83285e-020
188.048  6.81258e-020
189.07  6.79178e-020
190.092  6.77045e-020
191.114  6.74858e-020
192.136  6.72616e-020
193.158  6.7032e-020
194.18  6.67969e-020
195.202  6.65562e-020
196.224  6.63098e-020
197.246  6.60577e-020
198.268  6.57999e-020
199.29  6.55362e-020
200.312  6.52667e-020
201.334  6.49912e-020
202.356  6.47097e-020
203.378  6.44222e-020
204.4  6.41286e-020
205.422  6.38288e-020
206.444  6.35227e-020
207.466  6.32104e-020
208.488  6.28918e-020
209.51  6.25667e-020
210.532  6.22352e-020
211.554  6.18972e-020
212.576  6.15526e-020
213.598  6.12013e-020
214.62  6.08434e-020
215.642  6.04788e-020
216.664  6.01073e-020
217.686  5.97291e-020
218.708  5.93439e-020
219.73  5.89518e-020
220.752  5.85527e-020
221.774  5.81465e-020
222.796  5.77333e-020
223.818  5.73129e-020
224.84  5.68853e-020
225.862  5.64505e-020
226.884  5.60085e-020
227.906  5.55592e-020
228.928  5.51025e-020
229.95  5.46384e-020
230.972  5.4167e-020
231.994  5.36882e-020
233.016  5.32018e-020
234.038  5.27081e-020
235.06  5.22068e-020
236.082  5.1698e-020
237.104  5.11817e-020
238.126  5.06579e-020
239.148  5.01266e-020
240.17  4.95877e-020
241.192  4.90413e-020
242.214  4.84874e-020
243.236  4.7926e-020
244.258  4.73572e-020
245.28  4.67808e-020
246.302  4.61971e-020
247.324  4.56059e-020
248.346  4.50075e-020
249.368  4.44017e-020
250.39  4.37887e-020
251.412  4.31685e-020
252.434  4.25411e-020
253.456  4.19068e-020
254.478  4.12655e-020
255.5  4.06174e-020
256.522  3.99625e-020
257.544  3.9301e-020
258.566  3.8633e-020
259.588  3.79585e-020
260.61  3.72779e-020
261.632  3.65911e-020
262.654  3.58984e-020
263.676  3.51999e-020
264.698  3.44959e-020
265.72  3.37865e-020
266.742  3.30719e-020
267.764  3.23523e-020
268.786  3.16281e-020
269.808  3.08993e-020
270.83  3.01664e-020
271.852  2.94295e-020
272.874  2.8689e-020
273.896  2.79452e-020
274.918  2.71983e-020
275.94  2.64488e-020
276.962  2.5697e-020
277.984  2.49433e-020
279.006  2.41881e-020
280.028  2.34317e-020
281.05  2.26747e-020
282.072  2.19175e-020
283.094  2.11605e-020
284.116  2.04043e-020
285.138  1.96493e-020
286.16  1.88962e-020
287.182  1.81455e-020
288.204  1.73978e-020
289.226  1.66536e-020
290.248  1.59137e-020
291.27  1.51788e-020
292.292  1.44494e-020
293.314  1.37264e-020
294.336  1.30105e-020
295.358  1.23025e-020
296.38  1.16032e-020
297.402  1.09134e-020
298.424  1.02341e-020
299.446  9.56607e-021
300.468  8.91037e-021
301.49  8.26795e-021
302.512  7.63983e-021
303.534  7.02707e-021
304.556  6.43077e-021
305.578  5.85205e-021
306.6  5.29211e-021
307.622  4.75214e-021
308.644  4.23342e-021
309.666  3.73724e-021
310.688  3.26496e-021
311.71  2.81796e-021
312.732  2.39769e-021
313.754  2.00564e-021
314.776  1.64334e-021
315.798  1.31238e-021
316.82  1.01439e-021
317.842  7.51076e-022
318.864  5.24168e-022
319.886  3.35467e-022
320.908  1.86823e-022
321.93  8.01375e-023
322.952  1.73616e-023
