1.022  5.23341e-020
2.044  5.26363e-020
3.066  5.29367e-020
4.088  5.32354e-020
5.11  5.35323e-020
6.132  5.38273e-020
7.154  5.41204e-020
8.176  5.44116e-020
9.198  5.47008e-020
10.22  5.4988e-020
11.242  5.52732e-020
12.264  5.55564e-020
13.286  5.58376e-020
14.308  5.6117e-020
15.33  5.63945e-020
16.352  5.66702e-020
17.374  5.69441e-020
18.396  5.72163e-020
19.418  5.74868e-020
20.44  5.77556e-020
21.462  5.80227e-020
22.484  5.82883e-020
23.506  5.85523e-020
24.528  5.88148e-020
25.55  5.90757e-020
26.572  5.93351e-020
27.594  5.9593e-020
28.616  5.98494e-020
29.638  6.01043e-020
30.66  6.03577e-020
31.682  6.06096e-020
32.704  6.086e-020
33.726  6.11089e-020
34.748  6.13563e-020
35.77  6.16022e-020
36.792  6.18466e-020
37.814  6.20894e-020
38.836  6.23307e-020
39.858  6.25704e-020
40.88  6.28086e-020
41.902  6.30452e-020
42.924  6.32801e-020
43.946  6.35135e-020
44.968  6.37451e-020
45.99  6.39752e-020
47.012  6.42035e-020
48.034  6.44302e-020
49.056  6.46551e-020
50.078  6.48784e-020
51.1  6.50998e-020
52.122  6.53195e-020
53.144  6.55373e-020
54.166  6.57534e-020
55.188  6.59676e-020
56.21  6.61799e-020
57.232  6.63904e-020
58.254  6.6599e-020
59.276  6.68056e-020
60.298  6.70103e-020
61.32  6.7213e-020
62.342  6.74137e-020
63.364  6.76123e-020
64.386  6.7809e-020
65.408  6.80036e-020
66.43  6.81961e-020
67.452  6.83865e-020
68.474  6.85748e-020
69.496  6.87609e-020
70.518  6.89449e-020
71.54  6.91266e-020
72.562  6.93062e-020
73.584  6.94835e-020
74.606  6.96586e-020
75.628  6.98314e-020
76.65  7.00019e-020
77.672  7.017e-020
78.694  7.03359e-020
79.716  7.04994e-020
80.738  7.06605e-020
81.76  7.08192e-020
82.782  7.09754e-020
83.804  7.11293e-020
84.826  7.12807e-020
85.848  7.14296e-020
86.87  7.1576e-020
87.892  7.17198e-020
88.914  7.18612e-020
89.936  7.19999e-020
90.958  7.21361e-020
91.98  7.22697e-020
93.002  7.24007e-020
94.024  7.25291e-020
95.046  7.26548e-020
96.068  7.27778e-020
97.09  7.28981e-020
98.112  7.30157e-020
99.134  7.31306e-020
100.156  7.32427e-020
101.178  7.33521e-020
102.2  7.34586e-020
103.222  7.35624e-020
104.244  7.36634e-020
105.266  7.37615e-020
106.288  7.38567e-020
107.31  7.39491e-020
108.332  7.40385e-020
109.354  7.41251e-020
110.376  7.42087e-020
111.398  7.42893e-020
112.42  7.4367e-020
113.442  7.44417e-020
114.464  7.45134e-020
115.486  7.45821e-020
116.508  7.46477e-020
117.53  7.47103e-020
118.552  7.47697e-020
119.574  7.48261e-020
120.596  7.48793e-020
121.618  7.49294e-020
122.64  7.49764e-020
123.662  7.50201e-020
124.684  7.50607e-020
125.706  7.5098e-020
126.728  7.51321e-020
127.75  7.5163e-020
128.772  7.51905e-020
129.794  7.52148e-020
130.816  7.52357e-020
131.838  7.52533e-020
132.86  7.52675e-020
133.882  7.52783e-020
134.904  7.52857e-020
135.926  7.52897e-020
136.948  7.52902e-020
137.97  7.52873e-020
138.992  7.52808e-020
140.014  7.52708e-020
141.036  7.52573e-020
142.058  7.52402e-020
143.08  7.52195e-020
144.102  7.51951e-020
145.124  7.51671e-020
146.146  7.51354e-020
147.168  7.51e-020
148.19  7.50609e-020
149.212  7.5018e-020
150.234  7.49713e-020
151.256  7.49208e-020
152.278  7.48665e-020
153.3  7.48082e-020
154.322  7.47461e-020
155.344  7.468e-020
156.366  7.46099e-020
157.388  7.45358e-020
158.41  7.44576e-020
159.432  7.43754e-020
160.454  7.42891e-020
161.476  7.41986e-020
162.498  7.4104e-020
163.52  7.40051e-020
164.542  7.3902e-020
165.564  7.37945e-020
166.586  7.36828e-020
167.608  7.35666e-020
168.63  7.34461e-020
169.652  7.33211e-020
170.674  7.31916e-020
171.696  7.30575e-020
172.718  7.29189e-020
173.74  7.27756e-020
174.762  7.26277e-020
175.784  7.2475e-020
176.806  7.23176e-020
177.828  7.21554e-020
178.85  7.19883e-020
179.872  7.18164e-020
180.894  7.16394e-020
181.916  7.14575e-020
182.938  7.12705e-020
183.96  7.10784e-020
184.982  7.08811e-020
186.004  7.06787e-020
187.026  7.0471e-020
188.048  7.02579e-020
189.07  7.00395e-020
190.092  6.98157e-020
191.114  6.95864e-020
192.136  6.93515e-020
193.158  6.91111e-020
194.18  6.8865e-020
195.202  6.86132e-020
196.224  6.83556e-020
197.246  6.80923e-020
198.268  6.7823e-020
199.29  6.75478e-020
200.312  6.72666e-020
201.334  6.69794e-020
202.356  6.6686e-020
203.378  6.63865e-020
204.4  6.60807e-020
205.422  6.57686e-020
206.444  6.54502e-020
207.466  6.51253e-020
208.488  6.4794e-020
209.51  6.44562e-020
210.532  6.41118e-020
211.554  6.37607e-020
212.576  6.34029e-020
213.598  6.30384e-020
214.62  6.2667e-020
215.642  6.22887e-020
216.664  6.19036e-020
217.686  6.15114e-020
218.708  6.11122e-020
219.73  6.07059e-020
220.752  6.02925e-020
221.774  5.98719e-020
222.796  5.9444e-020
223.818  5.90089e-020
224.84  5.85664e-020
225.862  5.81166e-020
226.884  5.76593e-020
227.906  5.71947e-020
228.928  5.67225e-020
229.95  5.62428e-020
230.972  5.57555e-020
231.994  5.52607e-020
233.016  5.47582e-020
234.038  5.42482e-020
235.06  5.37304e-020
236.082  5.32051e-020
237.104  5.2672e-020
238.126  5.21313e-020
239.148  5.15828e-020
240.17  5.10267e-020
241.192  5.04629e-020
242.214  4.98915e-020
243.236  4.93124e-020
244.258  4.87256e-020
245.28  4.81312e-020
246.302  4.75293e-020
247.324  4.69198e-020
248.346  4.63028e-020
249.368  4.56783e-020
250.39  4.50465e-020
251.412  4.44073e-020
252.434  4.37609e-020
253.456  4.31073e-020
254.478  4.24466e-020
255.5  4.17789e-020
256.522  4.11043e-020
257.544  4.0423e-020
258.566  3.9735e-020
259.588  3.90404e-020
260.61  3.83395e-020
261.632  3.76324e-020
262.654  3.69192e-020
263.676  3.62002e-020
264.698  3.54754e-020
265.72  3.47452e-020
266.742  3.40096e-020
267.764  3.32691e-020
268.786  3.25237e-020
269.808  3.17737e-020
270.83  3.10195e-020
271.852  3.02613e-020
272.874  2.94993e-020
273.896  2.8734e-020
274.918  2.79657e-020
275.94  2.71946e-020
276.962  2.64212e-020
277.984  2.56459e-020
279.006  2.48691e-020
280.028  2.40911e-020
281.05  2.33125e-020
282.072  2.25336e-020
283.094  2.17551e-020
284.116  2.09774e-020
285.138  2.0201e-020
286.16  1.94265e-020
287.182  1.86545e-020
288.204  1.78856e-020
289.226  1.71205e-020
290.248  1.63597e-020
291.27  1.5604e-020
292.292  1.4854e-020
293.314  1.41107e-020
294.336  1.33746e-020
295.358  1.26467e-020
296.38  1.19277e-020
297.402  1.12186e-020
298.424  1.05202e-020
299.446  9.83342e-021
300.468  9.15934e-021
301.49  8.49892e-021
302.512  7.85321e-021
303.534  7.2233e-021
304.556  6.61032e-021
305.578  6.01542e-021
306.6  5.43981e-021
307.622  4.88476e-021
308.644  4.35154e-021
309.666  3.84151e-021
310.688  3.35604e-021
311.71  2.89657e-021
312.732  2.46457e-021
313.754  2.06158e-021
314.776  1.68917e-021
315.798  1.34898e-021
316.82  1.04268e-021
317.842  7.7202e-022
318.864  5.38785e-022
319.886  3.44822e-022
320.908  1.92032e-022
321.93  8.23721e-023
322.952  1.78457e-023
