1.022  3.67565e-020
2.044  3.71597e-020
3.066  3.75611e-020
4.088  3.79607e-020
5.11  3.83584e-020
6.132  3.87542e-020
7.154  3.91481e-020
8.176  3.954e-020
9.198  3.99298e-020
10.22  4.03177e-020
11.242  4.07034e-020
12.264  4.10871e-020
13.286  4.14688e-020
14.308  4.18485e-020
15.33  4.22261e-020
16.352  4.26018e-020
17.374  4.29755e-020
18.396  4.33473e-020
19.418  4.37172e-020
20.44  4.40852e-020
21.462  4.44513e-020
22.484  4.48156e-020
23.506  4.5178e-020
24.528  4.55386e-020
25.55  4.58974e-020
26.572  4.62543e-020
27.594  4.66094e-020
28.616  4.69627e-020
29.638  4.73141e-020
30.66  4.76638e-020
31.682  4.80116e-020
32.704  4.83575e-020
33.726  4.87016e-020
34.748  4.90438e-020
35.77  4.93842e-020
36.792  4.97226e-020
37.814  5.00592e-020
38.836  5.03938e-020
39.858  5.07265e-020
40.88  5.10572e-020
41.902  5.1386e-020
42.924  5.17127e-020
43.946  5.20375e-020
44.968  5.23602e-020
45.99  5.26808e-020
47.012  5.29994e-020
48.034  5.33158e-020
49.056  5.36302e-020
50.078  5.39424e-020
51.1  5.42524e-020
52.122  5.45602e-020
53.144  5.48658e-020
54.166  5.51691e-020
55.188  5.54702e-020
56.21  5.5769e-020
57.232  5.60654e-020
58.254  5.63596e-020
59.276  5.66513e-020
60.298  5.69407e-020
61.32  5.72276e-020
62.342  5.75121e-020
63.364  5.77941e-020
64.386  5.80736e-020
65.408  5.83506e-020
66.43  5.8625e-020
67.452  5.88969e-020
68.474  5.91662e-020
69.496  5.94328e-020
70.518  5.96969e-020
71.54  5.99582e-020
72.562  6.02168e-020
73.584  6.04727e-020
74.606  6.07259e-020
75.628  6.09762e-020
76.65  6.12238e-020
77.672  6.14686e-020
78.694  6.17105e-020
79.716  6.19495e-020
80.738  6.21856e-020
81.76  6.24188e-020
82.782  6.2649e-020
83.804  6.28763e-020
84.826  6.31006e-020
85.848  6.33218e-020
86.87  6.354e-020
87.892  6.37552e-020
88.914  6.39672e-020
89.936  6.41761e-020
90.958  6.43819e-020
91.98  6.45845e-020
93.002  6.47839e-020
94.024  6.49801e-020
95.046  6.5173e-020
96.068  6.53627e-020
97.09  6.55491e-020
98.112  6.57322e-020
99.134  6.5912e-020
100.156  6.60884e-020
101.178  6.62614e-020
102.2  6.6431e-020
103.222  6.65972e-020
104.244  6.67599e-020
105.266  6.69192e-020
106.288  6.70749e-020
107.31  6.72272e-020
108.332  6.73759e-020
109.354  6.7521e-020
110.376  6.76625e-020
111.398  6.78004e-020
112.42  6.79347e-020
113.442  6.80653e-020
114.464  6.81923e-020
115.486  6.83155e-020
116.508  6.8435e-020
117.53  6.85508e-020
118.552  6.86627e-020
119.574  6.87709e-020
120.596  6.88752e-020
121.618  6.89757e-020
122.64  6.90723e-020
123.662  6.9165e-020
124.684  6.92538e-020
125.706  6.93387e-020
126.728  6.94196e-020
127.75  6.94964e-020
128.772  6.95693e-020
129.794  6.96381e-020
130.816  6.97029e-020
131.838  6.97635e-020
132.86  6.982e-020
133.882  6.98724e-020
134.904  6.99206e-020
135.926  6.99646e-020
136.948  7.00044e-020
137.97  7.004e-020
138.992  7.00712e-020
140.014  7.00982e-020
141.036  7.01208e-020
142.058  7.01391e-020
143.08  7.0153e-020
144.102  7.01624e-020
145.124  7.01675e-020
146.146  7.0168e-020
147.168  7.01641e-020
148.19  7.01556e-020
149.212  7.01426e-020
150.234  7.01249e-020
151.256  7.01027e-020
152.278  7.00758e-020
153.3  7.00443e-020
154.322  7.0008e-020
155.344  6.9967e-020
156.366  6.99212e-020
157.388  6.98707e-020
158.41  6.98153e-020
159.432  6.9755e-020
160.454  6.96898e-020
161.476  6.96197e-020
162.498  6.95446e-020
163.52  6.94646e-020
164.542  6.93795e-020
165.564  6.92893e-020
166.586  6.9194e-020
167.608  6.90936e-020
168.63  6.8988e-020
169.652  6.88773e-020
170.674  6.87612e-020
171.696  6.86399e-020
172.718  6.85133e-020
173.74  6.83813e-020
174.762  6.8244e-020
175.784  6.81012e-020
176.806  6.7953e-020
177.828  6.77992e-020
178.85  6.76399e-020
179.872  6.74751e-020
180.894  6.73046e-020
181.916  6.71285e-020
182.938  6.69467e-020
183.96  6.67591e-020
184.982  6.65658e-020
186.004  6.63667e-020
187.026  6.61617e-020
188.048  6.59509e-020
189.07  6.57341e-020
190.092  6.55114e-020
191.114  6.52827e-020
192.136  6.50479e-020
193.158  6.48071e-020
194.18  6.45601e-020
195.202  6.4307e-020
196.224  6.40477e-020
197.246  6.37822e-020
198.268  6.35104e-020
199.29  6.32324e-020
200.312  6.29479e-020
201.334  6.26571e-020
202.356  6.23599e-020
203.378  6.20563e-020
204.4  6.17461e-020
205.422  6.14295e-020
206.444  6.11063e-020
207.466  6.07765e-020
208.488  6.04401e-020
209.51  6.00971e-020
210.532  5.97474e-020
211.554  5.9391e-020
212.576  5.90279e-020
213.598  5.8658e-020
214.62  5.82814e-020
215.642  5.78979e-020
216.664  5.75077e-020
217.686  5.71106e-020
218.708  5.67066e-020
219.73  5.62957e-020
220.752  5.5878e-020
221.774  5.54533e-020
222.796  5.50218e-020
223.818  5.45833e-020
224.84  5.41378e-020
225.862  5.36854e-020
226.884  5.32261e-020
227.906  5.27598e-020
228.928  5.22866e-020
229.95  5.18064e-020
230.972  5.13193e-020
231.994  5.08253e-020
233.016  5.03244e-020
234.038  4.98166e-020
235.06  4.9302e-020
236.082  4.87805e-020
237.104  4.82522e-020
238.126  4.77171e-020
239.148  4.71753e-020
240.17  4.66267e-020
241.192  4.60716e-020
242.214  4.55098e-020
243.236  4.49415e-020
244.258  4.43666e-020
245.28  4.37854e-020
246.302  4.31978e-020
247.324  4.26039e-020
248.346  4.20038e-020
249.368  4.13977e-020
250.39  4.07855e-020
251.412  4.01674e-020
252.434  3.95434e-020
253.456  3.89138e-020
254.478  3.82787e-020
255.5  3.7638e-020
256.522  3.69921e-020
257.544  3.6341e-020
258.566  3.56849e-020
259.588  3.50239e-020
260.61  3.43583e-020
261.632  3.36881e-020
262.654  3.30136e-020
263.676  3.2335e-020
264.698  3.16525e-020
265.72  3.09663e-020
266.742  3.02766e-020
267.764  2.95836e-020
268.786  2.88877e-020
269.808  2.81891e-020
270.83  2.7488e-020
271.852  2.67847e-020
272.874  2.60795e-020
273.896  2.53728e-020
274.918  2.46649e-020
275.94  2.3956e-020
276.962  2.32465e-020
277.984  2.25369e-020
279.006  2.18275e-020
280.028  2.11186e-020
281.05  2.04107e-020
282.072  1.97043e-020
283.094  1.89997e-020
284.116  1.82974e-020
285.138  1.75979e-020
286.16  1.69017e-020
287.182  1.62093e-020
288.204  1.55212e-020
289.226  1.4838e-020
290.248  1.41602e-020
291.27  1.34885e-020
292.292  1.28235e-020
293.314  1.21657e-020
294.336  1.15159e-020
295.358  1.08747e-020
296.38  1.02428e-020
297.402  9.62099e-021
298.424  9.00995e-021
299.446  8.41048e-021
300.468  7.82337e-021
301.49  7.24945e-021
302.512  6.68957e-021
303.534  6.14461e-021
304.556  5.61548e-021
305.578  5.10311e-021
306.6  4.60846e-021
307.622  4.13252e-021
308.644  3.67633e-021
309.666  3.24094e-021
310.688  2.82744e-021
311.71  2.43693e-021
312.732  2.07059e-021
313.754  1.7296e-021
314.776  1.41517e-021
315.798  1.12857e-021
316.82  8.71094e-022
317.842  6.44064e-022
318.864  4.48851e-022
319.886  2.86858e-022
320.908  1.59526e-022
321.93  6.83311e-023
322.952  1.47827e-023
