1.022  7.53889e-021
2.044  7.7564e-021
3.066  7.97482e-021
4.088  8.1941e-021
5.11  8.41421e-021
6.132  8.63511e-021
7.154  8.85676e-021
8.176  9.07912e-021
9.198  9.30215e-021
10.22  9.52582e-021
11.242  9.75009e-021
12.264  9.97493e-021
13.286  1.02003e-020
14.308  1.04262e-020
15.33  1.06526e-020
16.352  1.08795e-020
17.374  1.11069e-020
18.396  1.13346e-020
19.418  1.15628e-020
20.44  1.17914e-020
21.462  1.20203e-020
22.484  1.22496e-020
23.506  1.24792e-020
24.528  1.27091e-020
25.55  1.29392e-020
26.572  1.31696e-020
27.594  1.34003e-020
28.616  1.36311e-020
29.638  1.38621e-020
30.66  1.40933e-020
31.682  1.43246e-020
32.704  1.4556e-020
33.726  1.47875e-020
34.748  1.50191e-020
35.77  1.52506e-020
36.792  1.54822e-020
37.814  1.57137e-020
38.836  1.59452e-020
39.858  1.61766e-020
40.88  1.64079e-020
41.902  1.66391e-020
42.924  1.68701e-020
43.946  1.71009e-020
44.968  1.73314e-020
45.99  1.75618e-020
47.012  1.77918e-020
48.034  1.80216e-020
49.056  1.8251e-020
50.078  1.84801e-020
51.1  1.87088e-020
52.122  1.8937e-020
53.144  1.91649e-020
54.166  1.93922e-020
55.188  1.96191e-020
56.21  1.98454e-020
57.232  2.00712e-020
58.254  2.02964e-020
59.276  2.0521e-020
60.298  2.07449e-020
61.32  2.09682e-020
62.342  2.11908e-020
63.364  2.14127e-020
64.386  2.16338e-020
65.408  2.18541e-020
66.43  2.20737e-020
67.452  2.22924e-020
68.474  2.25103e-020
69.496  2.27272e-020
70.518  2.29433e-020
71.54  2.31584e-020
72.562  2.33726e-020
73.584  2.35858e-020
74.606  2.37979e-020
75.628  2.4009e-020
76.65  2.42191e-020
77.672  2.4428e-020
78.694  2.46358e-020
79.716  2.48425e-020
80.738  2.5048e-020
81.76  2.52522e-020
82.782  2.54553e-020
83.804  2.56571e-020
84.826  2.58576e-020
85.848  2.60568e-020
86.87  2.62547e-020
87.892  2.64513e-020
88.914  2.66464e-020
89.936  2.68401e-020
90.958  2.70324e-020
91.98  2.72233e-020
93.002  2.74126e-020
94.024  2.76005e-020
95.046  2.77868e-020
96.068  2.79716e-020
97.09  2.81548e-020
98.112  2.83363e-020
99.134  2.85163e-020
100.156  2.86946e-020
101.178  2.88712e-020
102.2  2.9046e-020
103.222  2.92192e-020
104.244  2.93906e-020
105.266  2.95602e-020
106.288  2.97281e-020
107.31  2.98941e-020
108.332  3.00582e-020
109.354  3.02205e-020
110.376  3.03808e-020
111.398  3.05393e-020
112.42  3.06958e-020
113.442  3.08503e-020
114.464  3.10028e-020
115.486  3.11533e-020
116.508  3.13017e-020
117.53  3.14481e-020
118.552  3.15924e-020
119.574  3.17345e-020
120.596  3.18745e-020
121.618  3.20123e-020
122.64  3.2148e-020
123.662  3.22814e-020
124.684  3.24126e-020
125.706  3.25415e-020
126.728  3.26681e-020
127.75  3.27924e-020
128.772  3.29144e-020
129.794  3.3034e-020
130.816  3.31512e-020
131.838  3.3266e-020
132.86  3.33783e-020
133.882  3.34882e-020
134.904  3.35956e-020
135.926  3.37005e-020
136.948  3.38028e-020
137.97  3.39025e-020
138.992  3.39997e-020
140.014  3.40942e-020
141.036  3.41861e-020
142.058  3.42754e-020
143.08  3.43619e-020
144.102  3.44457e-020
145.124  3.45268e-020
146.146  3.4605e-020
147.168  3.46805e-020
148.19  3.47532e-020
149.212  3.4823e-020
150.234  3.48899e-020
151.256  3.49539e-020
152.278  3.50149e-020
153.3  3.5073e-020
154.322  3.51281e-020
155.344  3.51802e-020
156.366  3.52293e-020
157.388  3.52752e-020
158.41  3.53181e-020
159.432  3.53578e-020
160.454  3.53944e-020
161.476  3.54278e-020
162.498  3.5458e-020
163.52  3.54849e-020
164.542  3.55086e-020
165.564  3.55289e-020
166.586  3.5546e-020
167.608  3.55596e-020
168.63  3.55699e-020
169.652  3.55768e-020
170.674  3.55802e-020
171.696  3.55802e-020
172.718  3.55766e-020
173.74  3.55696e-020
174.762  3.55589e-020
175.784  3.55447e-020
176.806  3.55268e-020
177.828  3.55053e-020
178.85  3.54802e-020
179.872  3.54513e-020
180.894  3.54186e-020
181.916  3.53822e-020
182.938  3.53421e-020
183.96  3.5298e-020
184.982  3.52502e-020
186.004  3.51984e-020
187.026  3.51428e-020
188.048  3.50831e-020
189.07  3.50196e-020
190.092  3.4952e-020
191.114  3.48804e-020
192.136  3.48047e-020
193.158  3.4725e-020
194.18  3.46411e-020
195.202  3.45531e-020
196.224  3.44609e-020
197.246  3.43646e-020
198.268  3.4264e-020
199.29  3.41592e-020
200.312  3.40501e-020
201.334  3.39367e-020
202.356  3.38189e-020
203.378  3.36969e-020
204.4  3.35704e-020
205.422  3.34396e-020
206.444  3.33043e-020
207.466  3.31646e-020
208.488  3.30204e-020
209.51  3.28718e-020
210.532  3.27186e-020
211.554  3.25609e-020
212.576  3.23987e-020
213.598  3.22319e-020
214.62  3.20606e-020
215.642  3.18846e-020
216.664  3.1704e-020
217.686  3.15188e-020
218.708  3.1329e-020
219.73  3.11345e-020
220.752  3.09354e-020
221.774  3.07316e-020
222.796  3.05231e-020
223.818  3.031e-020
224.84  3.00921e-020
225.862  2.98696e-020
226.884  2.96423e-020
227.906  2.94104e-020
228.928  2.91738e-020
229.95  2.89325e-020
230.972  2.86865e-020
231.994  2.84358e-020
233.016  2.81805e-020
234.038  2.79205e-020
235.06  2.76558e-020
236.082  2.73866e-020
237.104  2.71127e-020
238.126  2.68342e-020
239.148  2.65512e-020
240.17  2.62636e-020
241.192  2.59715e-020
242.214  2.5675e-020
243.236  2.53739e-020
244.258  2.50685e-020
245.28  2.47587e-020
246.302  2.44446e-020
247.324  2.41262e-020
248.346  2.38035e-020
249.368  2.34767e-020
250.39  2.31458e-020
251.412  2.28108e-020
252.434  2.24718e-020
253.456  2.21289e-020
254.478  2.17821e-020
255.5  2.14316e-020
256.522  2.10774e-020
257.544  2.07196e-020
258.566  2.03583e-020
259.588  1.99936e-020
260.61  1.96256e-020
261.632  1.92543e-020
262.654  1.888e-020
263.676  1.85028e-020
264.698  1.81227e-020
265.72  1.77398e-020
266.742  1.73545e-020
267.764  1.69667e-020
268.786  1.65766e-020
269.808  1.61844e-020
270.83  1.57902e-020
271.852  1.53943e-020
272.874  1.49967e-020
273.896  1.45977e-020
274.918  1.41975e-020
275.94  1.37963e-020
276.962  1.33943e-020
277.984  1.29917e-020
279.006  1.25887e-020
280.028  1.21856e-020
281.05  1.17826e-020
282.072  1.13799e-020
283.094  1.0978e-020
284.116  1.05769e-020
285.138  1.0177e-020
286.16  9.7786e-021
287.182  9.38201e-021
288.204  8.98754e-021
289.226  8.59552e-021
290.248  8.20628e-021
291.27  7.82019e-021
292.292  7.43761e-021
293.314  7.05891e-021
294.336  6.68449e-021
295.358  6.31475e-021
296.38  5.95011e-021
297.402  5.59101e-021
298.424  5.23788e-021
299.446  4.89119e-021
300.468  4.55143e-021
301.49  4.21907e-021
302.512  3.89463e-021
303.534  3.57863e-021
304.556  3.27161e-021
305.578  2.97414e-021
306.6  2.68678e-021
307.622  2.41013e-021
308.644  2.14481e-021
309.666  1.89143e-021
310.688  1.65066e-021
311.71  1.42316e-021
312.732  1.20961e-021
313.754  1.01074e-021
314.776  8.27262e-022
315.798  6.59938e-022
316.82  5.09538e-022
317.842  3.76859e-022
318.864  2.62717e-022
319.886  1.67953e-022
320.908  9.34303e-023
321.93  4.00323e-023
322.952  8.66325e-024
