1.022  2.0929e-019
2.044  2.07577e-019
3.066  2.05881e-019
4.088  2.04203e-019
5.11  2.02541e-019
6.132  2.00895e-019
7.154  1.99265e-019
8.176  1.97651e-019
9.198  1.96052e-019
10.22  1.94468e-019
11.242  1.92899e-019
12.264  1.91345e-019
13.286  1.89806e-019
14.308  1.88282e-019
15.33  1.86773e-019
16.352  1.85279e-019
17.374  1.83799e-019
18.396  1.82335e-019
19.418  1.80885e-019
20.44  1.79451e-019
21.462  1.7803e-019
22.484  1.76625e-019
23.506  1.75234e-019
24.528  1.73858e-019
25.55  1.72496e-019
26.572  1.71149e-019
27.594  1.69815e-019
28.616  1.68496e-019
29.638  1.6719e-019
30.66  1.65898e-019
31.682  1.6462e-019
32.704  1.63355e-019
33.726  1.62103e-019
34.748  1.60864e-019
35.77  1.59639e-019
36.792  1.58426e-019
37.814  1.57225e-019
38.836  1.56037e-019
39.858  1.54861e-019
40.88  1.53697e-019
41.902  1.52545e-019
42.924  1.51405e-019
43.946  1.50277e-019
44.968  1.49159e-019
45.99  1.48053e-019
47.012  1.46958e-019
48.034  1.45874e-019
49.056  1.448e-019
50.078  1.43737e-019
51.1  1.42685e-019
52.122  1.41643e-019
53.144  1.4061e-019
54.166  1.39588e-019
55.188  1.38576e-019
56.21  1.37573e-019
57.232  1.3658e-019
58.254  1.35596e-019
59.276  1.34621e-019
60.298  1.33655e-019
61.32  1.32699e-019
62.342  1.31751e-019
63.364  1.30812e-019
64.386  1.29881e-019
65.408  1.28959e-019
66.43  1.28045e-019
67.452  1.2714e-019
68.474  1.26242e-019
69.496  1.25353e-019
70.518  1.24471e-019
71.54  1.23597e-019
72.562  1.22731e-019
73.584  1.21872e-019
74.606  1.21021e-019
75.628  1.20176e-019
76.65  1.1934e-019
77.672  1.1851e-019
78.694  1.17687e-019
79.716  1.16871e-019
80.738  1.16062e-019
81.76  1.15259e-019
82.782  1.14464e-019
83.804  1.13674e-019
84.826  1.12892e-019
85.848  1.12115e-019
86.87  1.11345e-019
87.892  1.10581e-019
88.914  1.09823e-019
89.936  1.09071e-019
90.958  1.08324e-019
91.98  1.07584e-019
93.002  1.0685e-019
94.024  1.06121e-019
95.046  1.05398e-019
96.068  1.0468e-019
97.09  1.03968e-019
98.112  1.03261e-019
99.134  1.02559e-019
100.156  1.01863e-019
101.178  1.01172e-019
102.2  1.00486e-019
103.222  9.98045e-020
104.244  9.91284e-020
105.266  9.84572e-020
106.288  9.77909e-020
107.31  9.71294e-020
108.332  9.64725e-020
109.354  9.58203e-020
110.376  9.51727e-020
111.398  9.45297e-020
112.42  9.38911e-020
113.442  9.32569e-020
114.464  9.26271e-020
115.486  9.20016e-020
116.508  9.13804e-020
117.53  9.07634e-020
118.552  9.01505e-020
119.574  8.95417e-020
120.596  8.89369e-020
121.618  8.83362e-020
122.64  8.77394e-020
123.662  8.71465e-020
124.684  8.65574e-020
125.706  8.59721e-020
126.728  8.53906e-020
127.75  8.48128e-020
128.772  8.42386e-020
129.794  8.36681e-020
130.816  8.31011e-020
131.838  8.25377e-020
132.86  8.19777e-020
133.882  8.14212e-020
134.904  8.08681e-020
135.926  8.03184e-020
136.948  7.97719e-020
137.97  7.92287e-020
138.992  7.86888e-020
140.014  7.81521e-020
141.036  7.76185e-020
142.058  7.7088e-020
143.08  7.65606e-020
144.102  7.60363e-020
145.124  7.55149e-020
146.146  7.49965e-020
147.168  7.4481e-020
148.19  7.39684e-020
149.212  7.34587e-020
150.234  7.29517e-020
151.256  7.24476e-020
152.278  7.19462e-020
153.3  7.14474e-020
154.322  7.09514e-020
155.344  7.0458e-020
156.366  6.99671e-020
157.388  6.94788e-020
158.41  6.89931e-020
159.432  6.85098e-020
160.454  6.8029e-020
161.476  6.75505e-020
162.498  6.70745e-020
163.52  6.66008e-020
164.542  6.61293e-020
165.564  6.56602e-020
166.586  6.51932e-020
167.608  6.47285e-020
168.63  6.42659e-020
169.652  6.38054e-020
170.674  6.3347e-020
171.696  6.28906e-020
172.718  6.24363e-020
173.74  6.19838e-020
174.762  6.15333e-020
175.784  6.10847e-020
176.806  6.06379e-020
177.828  6.0193e-020
178.85  5.97497e-020
179.872  5.93082e-020
180.894  5.88684e-020
181.916  5.84302e-020
182.938  5.79936e-020
183.96  5.75585e-020
184.982  5.7125e-020
186.004  5.66929e-020
187.026  5.62622e-020
188.048  5.58328e-020
189.07  5.54048e-020
190.092  5.49781e-020
191.114  5.45526e-020
192.136  5.41282e-020
193.158  5.3705e-020
194.18  5.32829e-020
195.202  5.28618e-020
196.224  5.24417e-020
197.246  5.20225e-020
198.268  5.16042e-020
199.29  5.11867e-020
200.312  5.07699e-020
201.334  5.03539e-020
202.356  4.99385e-020
203.378  4.95237e-020
204.4  4.91095e-020
205.422  4.86957e-020
206.444  4.82824e-020
207.466  4.78694e-020
208.488  4.74568e-020
209.51  4.70444e-020
210.532  4.66321e-020
211.554  4.622e-020
212.576  4.5808e-020
213.598  4.5396e-020
214.62  4.49838e-020
215.642  4.45716e-020
216.664  4.41592e-020
217.686  4.37465e-020
218.708  4.33335e-020
219.73  4.29201e-020
220.752  4.25063e-020
221.774  4.20919e-020
222.796  4.1677e-020
223.818  4.12614e-020
224.84  4.08451e-020
225.862  4.0428e-020
226.884  4.001e-020
227.906  3.95911e-020
228.928  3.91713e-020
229.95  3.87504e-020
230.972  3.83284e-020
231.994  3.79052e-020
233.016  3.74807e-020
234.038  3.70549e-020
235.06  3.66278e-020
236.082  3.61992e-020
237.104  3.57692e-020
238.126  3.53376e-020
239.148  3.49043e-020
240.17  3.44694e-020
241.192  3.40328e-020
242.214  3.35944e-020
243.236  3.31541e-020
244.258  3.2712e-020
245.28  3.22679e-020
246.302  3.18219e-020
247.324  3.13738e-020
248.346  3.09237e-020
249.368  3.04715e-020
250.39  3.00171e-020
251.412  2.95606e-020
252.434  2.91018e-020
253.456  2.86409e-020
254.478  2.81777e-020
255.5  2.77123e-020
256.522  2.72447e-020
257.544  2.67747e-020
258.566  2.63025e-020
259.588  2.58281e-020
260.61  2.53513e-020
261.632  2.48724e-020
262.654  2.43913e-020
263.676  2.3908e-020
264.698  2.34225e-020
265.72  2.2935e-020
266.742  2.24454e-020
267.764  2.19539e-020
268.786  2.14604e-020
269.808  2.09652e-020
270.83  2.04682e-020
271.852  1.99695e-020
272.874  1.94694e-020
273.896  1.89678e-020
274.918  1.8465e-020
275.94  1.79611e-020
276.962  1.74561e-020
277.984  1.69504e-020
279.006  1.64441e-020
280.028  1.59374e-020
281.05  1.54304e-020
282.072  1.49235e-020
283.094  1.44169e-020
284.116  1.39108e-020
285.138  1.34055e-020
286.16  1.29013e-020
287.182  1.23986e-020
288.204  1.18975e-020
289.226  1.13987e-020
290.248  1.09023e-020
291.27  1.04087e-020
292.292  9.91852e-021
293.314  9.43205e-021
294.336  8.9498e-021
295.358  8.47225e-021
296.38  7.99993e-021
297.402  7.53338e-021
298.424  7.07318e-021
299.446  6.61992e-021
300.468  6.17424e-021
301.49  5.73679e-021
302.512  5.30828e-021
303.534  4.88943e-021
304.556  4.481e-021
305.578  4.08379e-021
306.6  3.69863e-021
307.622  3.32638e-021
308.644  2.96796e-021
309.666  2.62431e-021
310.688  2.29643e-021
311.71  1.98533e-021
312.732  1.69211e-021
313.754  1.41786e-021
314.776  1.16377e-021
315.798  9.31048e-022
316.82  7.20946e-022
317.842  5.34779e-022
318.864  3.73909e-022
319.886  2.39752e-022
320.908  1.33773e-022
321.93  5.74923e-023
322.952  1.24799e-023
