1.022  2.40773e-019
2.044  2.39776e-019
3.066  2.38788e-019
4.088  2.37808e-019
5.11  2.36837e-019
6.132  2.35874e-019
7.154  2.34919e-019
8.176  2.33971e-019
9.198  2.33031e-019
10.22  2.32097e-019
11.242  2.31171e-019
12.264  2.30251e-019
13.286  2.29339e-019
14.308  2.28434e-019
15.33  2.27536e-019
16.352  2.26645e-019
17.374  2.25761e-019
18.396  2.24885e-019
19.418  2.24017e-019
20.44  2.23156e-019
21.462  2.22302e-019
22.484  2.21456e-019
23.506  2.20618e-019
24.528  2.19787e-019
25.55  2.18963e-019
26.572  2.18147e-019
27.594  2.17338e-019
28.616  2.16537e-019
29.638  2.15743e-019
30.66  2.14955e-019
31.682  2.14175e-019
32.704  2.13402e-019
33.726  2.12635e-019
34.748  2.11875e-019
35.77  2.11122e-019
36.792  2.10374e-019
37.814  2.09633e-019
38.836  2.08899e-019
39.858  2.0817e-019
40.88  2.07447e-019
41.902  2.06729e-019
42.924  2.06018e-019
43.946  2.05311e-019
44.968  2.0461e-019
45.99  2.03914e-019
47.012  2.03223e-019
48.034  2.02537e-019
49.056  2.01855e-019
50.078  2.01179e-019
51.1  2.00506e-019
52.122  1.99838e-019
53.144  1.99174e-019
54.166  1.98514e-019
55.188  1.97859e-019
56.21  1.97206e-019
57.232  1.96558e-019
58.254  1.95913e-019
59.276  1.95272e-019
60.298  1.94633e-019
61.32  1.93998e-019
62.342  1.93366e-019
63.364  1.92737e-019
64.386  1.92111e-019
65.408  1.91488e-019
66.43  1.90867e-019
67.452  1.90249e-019
68.474  1.89633e-019
69.496  1.89019e-019
70.518  1.88408e-019
71.54  1.87799e-019
72.562  1.87191e-019
73.584  1.86586e-019
74.606  1.85982e-019
75.628  1.8538e-019
76.65  1.8478e-019
77.672  1.84181e-019
78.694  1.83583e-019
79.716  1.82987e-019
80.738  1.82392e-019
81.76  1.81799e-019
82.782  1.81206e-019
83.804  1.80614e-019
84.826  1.80024e-019
85.848  1.79434e-019
86.87  1.78844e-019
87.892  1.78256e-019
88.914  1.77668e-019
89.936  1.77081e-019
90.958  1.76494e-019
91.98  1.75907e-019
93.002  1.7532e-019
94.024  1.74734e-019
95.046  1.74148e-019
96.068  1.73562e-019
97.09  1.72977e-019
98.112  1.72391e-019
99.134  1.71805e-019
100.156  1.71218e-019
101.178  1.70632e-019
102.2  1.70045e-019
103.222  1.69458e-019
104.244  1.6887e-019
105.266  1.68282e-019
106.288  1.67693e-019
107.31  1.67104e-019
108.332  1.66514e-019
109.354  1.65924e-019
110.376  1.65332e-019
111.398  1.6474e-019
112.42  1.64147e-019
113.442  1.63553e-019
114.464  1.62958e-019
115.486  1.62362e-019
116.508  1.61765e-019
117.53  1.61167e-019
118.552  1.60567e-019
119.574  1.59967e-019
120.596  1.59365e-019
121.618  1.58762e-019
122.64  1.58157e-019
123.662  1.57551e-019
124.684  1.56944e-019
125.706  1.56335e-019
126.728  1.55724e-019
127.75  1.55112e-019
128.772  1.54498e-019
129.794  1.53883e-019
130.816  1.53266e-019
131.838  1.52647e-019
132.86  1.52027e-019
133.882  1.51404e-019
134.904  1.5078e-019
135.926  1.50154e-019
136.948  1.49526e-019
137.97  1.48895e-019
138.992  1.48263e-019
140.014  1.47629e-019
141.036  1.46993e-019
142.058  1.46354e-019
143.08  1.45714e-019
144.102  1.45071e-019
145.124  1.44426e-019
146.146  1.43778e-019
147.168  1.43129e-019
148.19  1.42477e-019
149.212  1.41822e-019
150.234  1.41166e-019
151.256  1.40506e-019
152.278  1.39845e-019
153.3  1.3918e-019
154.322  1.38514e-019
155.344  1.37844e-019
156.366  1.37172e-019
157.388  1.36498e-019
158.41  1.3582e-019
159.432  1.3514e-019
160.454  1.34457e-019
161.476  1.33771e-019
162.498  1.33083e-019
163.52  1.32392e-019
164.542  1.31697e-019
165.564  1.31e-019
166.586  1.303e-019
167.608  1.29597e-019
168.63  1.28891e-019
169.652  1.28182e-019
170.674  1.27469e-019
171.696  1.26754e-019
172.718  1.26035e-019
173.74  1.25313e-019
174.762  1.24588e-019
175.784  1.2386e-019
176.806  1.23128e-019
177.828  1.22393e-019
178.85  1.21655e-019
179.872  1.20913e-019
180.894  1.20168e-019
181.916  1.1942e-019
182.938  1.18667e-019
183.96  1.17912e-019
184.982  1.17152e-019
186.004  1.1639e-019
187.026  1.15623e-019
188.048  1.14853e-019
189.07  1.14079e-019
190.092  1.13301e-019
191.114  1.1252e-019
192.136  1.11735e-019
193.158  1.10946e-019
194.18  1.10153e-019
195.202  1.09356e-019
196.224  1.08555e-019
197.246  1.0775e-019
198.268  1.06942e-019
199.29  1.06129e-019
200.312  1.05312e-019
201.334  1.04491e-019
202.356  1.03666e-019
203.378  1.02837e-019
204.4  1.02003e-019
205.422  1.01165e-019
206.444  1.00324e-019
207.466  9.94773e-020
208.488  9.86269e-020
209.51  9.77721e-020
210.532  9.69129e-020
211.554  9.60494e-020
212.576  9.51815e-020
213.598  9.43092e-020
214.62  9.34325e-020
215.642  9.25513e-020
216.664  9.16656e-020
217.686  9.07754e-020
218.708  8.98808e-020
219.73  8.89816e-020
220.752  8.8078e-020
221.774  8.71698e-020
222.796  8.6257e-020
223.818  8.53397e-020
224.84  8.44179e-020
225.862  8.34916e-020
226.884  8.25607e-020
227.906  8.16252e-020
228.928  8.06853e-020
229.95  7.97408e-020
230.972  7.87919e-020
231.994  7.78384e-020
233.016  7.68805e-020
234.038  7.59182e-020
235.06  7.49514e-020
236.082  7.39803e-020
237.104  7.30049e-020
238.126  7.20251e-020
239.148  7.10411e-020
240.17  7.00529e-020
241.192  6.90606e-020
242.214  6.80641e-020
243.236  6.70636e-020
244.258  6.60592e-020
245.28  6.50509e-020
246.302  6.40389e-020
247.324  6.30231e-020
248.346  6.20037e-020
249.368  6.09808e-020
250.39  5.99545e-020
251.412  5.89249e-020
252.434  5.78921e-020
253.456  5.68564e-020
254.478  5.58177e-020
255.5  5.47763e-020
256.522  5.37324e-020
257.544  5.2686e-020
258.566  5.16374e-020
259.588  5.05867e-020
260.61  4.95342e-020
261.632  4.848e-020
262.654  4.74244e-020
263.676  4.63676e-020
264.698  4.53098e-020
265.72  4.42514e-020
266.742  4.31925e-020
267.764  4.21334e-020
268.786  4.10745e-020
269.808  4.0016e-020
270.83  3.89582e-020
271.852  3.79015e-020
272.874  3.68463e-020
273.896  3.57929e-020
274.918  3.47417e-020
275.94  3.3693e-020
276.962  3.26474e-020
277.984  3.16052e-020
279.006  3.05669e-020
280.028  2.95329e-020
281.05  2.85038e-020
282.072  2.748e-020
283.094  2.64622e-020
284.116  2.54507e-020
285.138  2.44463e-020
286.16  2.34496e-020
287.182  2.2461e-020
288.204  2.14813e-020
289.226  2.05112e-020
290.248  1.95513e-020
291.27  1.86024e-020
292.292  1.76652e-020
293.314  1.67404e-020
294.336  1.5829e-020
295.358  1.49317e-020
296.38  1.40493e-020
297.402  1.31829e-020
298.424  1.23332e-020
299.446  1.15012e-020
300.468  1.06881e-020
301.49  9.89463e-021
302.512  9.12202e-021
303.534  8.37132e-021
304.556  7.64367e-021
305.578  6.94023e-021
306.6  6.2622e-021
307.622  5.61084e-021
308.644  4.98744e-021
309.666  4.39331e-021
310.688  3.82983e-021
311.71  3.29841e-021
312.732  2.80052e-021
313.754  2.33765e-021
314.776  1.91136e-021
315.798  1.52324e-021
316.82  1.17495e-021
317.842  8.68171e-022
318.864  6.04656e-022
319.886  3.86198e-022
320.908  2.14644e-022
321.93  9.18884e-023
322.952  1.98681e-023
