1.022  9.2064e-020
2.044  9.18182e-020
3.066  9.15746e-020
4.088  9.13333e-020
5.11  9.10942e-020
6.132  9.08571e-020
7.154  9.06218e-020
8.176  9.03883e-020
9.198  9.01565e-020
10.22  8.99263e-020
11.242  8.96978e-020
12.264  8.94708e-020
13.286  8.92455e-020
14.308  8.90219e-020
15.33  8.88e-020
16.352  8.85798e-020
17.374  8.83614e-020
18.396  8.81448e-020
19.418  8.793e-020
20.44  8.77171e-020
21.462  8.7506e-020
22.484  8.72968e-020
23.506  8.70895e-020
24.528  8.68841e-020
25.55  8.66806e-020
26.572  8.64789e-020
27.594  8.6279e-020
28.616  8.60809e-020
29.638  8.58846e-020
30.66  8.569e-020
31.682  8.54972e-020
32.704  8.5306e-020
33.726  8.51164e-020
34.748  8.49285e-020
35.77  8.47421e-020
36.792  8.45572e-020
37.814  8.43737e-020
38.836  8.41916e-020
39.858  8.40109e-020
40.88  8.38315e-020
41.902  8.36534e-020
42.924  8.34765e-020
43.946  8.33007e-020
44.968  8.31261e-020
45.99  8.29524e-020
47.012  8.27798e-020
48.034  8.26082e-020
49.056  8.24375e-020
50.078  8.22676e-020
51.1  8.20985e-020
52.122  8.19302e-020
53.144  8.17625e-020
54.166  8.15956e-020
55.188  8.14292e-020
56.21  8.12634e-020
57.232  8.10982e-020
58.254  8.09333e-020
59.276  8.0769e-020
60.298  8.0605e-020
61.32  8.04413e-020
62.342  8.02779e-020
63.364  8.01148e-020
64.386  7.99518e-020
65.408  7.9789e-020
66.43  7.96264e-020
67.452  7.94638e-020
68.474  7.93013e-020
69.496  7.91387e-020
70.518  7.89761e-020
71.54  7.88134e-020
72.562  7.86506e-020
73.584  7.84876e-020
74.606  7.83245e-020
75.628  7.81611e-020
76.65  7.79974e-020
77.672  7.78334e-020
78.694  7.76691e-020
79.716  7.75044e-020
80.738  7.73393e-020
81.76  7.71738e-020
82.782  7.70077e-020
83.804  7.68412e-020
84.826  7.66741e-020
85.848  7.65065e-020
86.87  7.63382e-020
87.892  7.61693e-020
88.914  7.59998e-020
89.936  7.58295e-020
90.958  7.56586e-020
91.98  7.54868e-020
93.002  7.53143e-020
94.024  7.5141e-020
95.046  7.49668e-020
96.068  7.47918e-020
97.09  7.46159e-020
98.112  7.4439e-020
99.134  7.42613e-020
100.156  7.40825e-020
101.178  7.39028e-020
102.2  7.3722e-020
103.222  7.35402e-020
104.244  7.33573e-020
105.266  7.31733e-020
106.288  7.29882e-020
107.31  7.2802e-020
108.332  7.26146e-020
109.354  7.2426e-020
110.376  7.22362e-020
111.398  7.20452e-020
112.42  7.1853e-020
113.442  7.16594e-020
114.464  7.14646e-020
115.486  7.12685e-020
116.508  7.1071e-020
117.53  7.08722e-020
118.552  7.0672e-020
119.574  7.04704e-020
120.596  7.02674e-020
121.618  7.00629e-020
122.64  6.9857e-020
123.662  6.96497e-020
124.684  6.94408e-020
125.706  6.92305e-020
126.728  6.90186e-020
127.75  6.88052e-020
128.772  6.85902e-020
129.794  6.83736e-020
130.816  6.81555e-020
131.838  6.79357e-020
132.86  6.77143e-020
133.882  6.74913e-020
134.904  6.72665e-020
135.926  6.70402e-020
136.948  6.68121e-020
137.97  6.65823e-020
138.992  6.63508e-020
140.014  6.61175e-020
141.036  6.58825e-020
142.058  6.56457e-020
143.08  6.54071e-020
144.102  6.51667e-020
145.124  6.49245e-020
146.146  6.46804e-020
147.168  6.44345e-020
148.19  6.41867e-020
149.212  6.39371e-020
150.234  6.36855e-020
151.256  6.3432e-020
152.278  6.31766e-020
153.3  6.29193e-020
154.322  6.266e-020
155.344  6.23987e-020
156.366  6.21355e-020
157.388  6.18702e-020
158.41  6.1603e-020
159.432  6.13337e-020
160.454  6.10623e-020
161.476  6.0789e-020
162.498  6.05135e-020
163.52  6.02359e-020
164.542  5.99563e-020
165.564  5.96745e-020
166.586  5.93906e-020
167.608  5.91046e-020
168.63  5.88164e-020
169.652  5.85261e-020
170.674  5.82335e-020
171.696  5.79388e-020
172.718  5.76418e-020
173.74  5.73427e-020
174.762  5.70412e-020
175.784  5.67376e-020
176.806  5.64317e-020
177.828  5.61234e-020
178.85  5.58129e-020
179.872  5.55001e-020
180.894  5.5185e-020
181.916  5.48676e-020
182.938  5.45478e-020
183.96  5.42256e-020
184.982  5.39011e-020
186.004  5.35742e-020
187.026  5.32449e-020
188.048  5.29132e-020
189.07  5.25791e-020
190.092  5.22425e-020
191.114  5.19035e-020
192.136  5.15621e-020
193.158  5.12182e-020
194.18  5.08718e-020
195.202  5.05229e-020
196.224  5.01715e-020
197.246  4.98176e-020
198.268  4.94612e-020
199.29  4.91023e-020
200.312  4.87408e-020
201.334  4.83768e-020
202.356  4.80102e-020
203.378  4.76411e-020
204.4  4.72694e-020
205.422  4.68951e-020
206.444  4.65183e-020
207.466  4.61388e-020
208.488  4.57568e-020
209.51  4.53721e-020
210.532  4.49849e-020
211.554  4.4595e-020
212.576  4.42026e-020
213.598  4.38075e-020
214.62  4.34098e-020
215.642  4.30094e-020
216.664  4.26065e-020
217.686  4.2201e-020
218.708  4.17928e-020
219.73  4.1382e-020
220.752  4.09687e-020
221.774  4.05527e-020
222.796  4.01341e-020
223.818  3.9713e-020
224.84  3.92892e-020
225.862  3.88629e-020
226.884  3.84341e-020
227.906  3.80027e-020
228.928  3.75687e-020
229.95  3.71323e-020
230.972  3.66934e-020
231.994  3.62519e-020
233.016  3.58081e-020
234.038  3.53618e-020
235.06  3.4913e-020
236.082  3.44619e-020
237.104  3.40085e-020
238.126  3.35527e-020
239.148  3.30947e-020
240.17  3.26344e-020
241.192  3.21718e-020
242.214  3.17071e-020
243.236  3.12403e-020
244.258  3.07714e-020
245.28  3.03004e-020
246.302  2.98275e-020
247.324  2.93526e-020
248.346  2.88759e-020
249.368  2.83973e-020
250.39  2.7917e-020
251.412  2.7435e-020
252.434  2.69515e-020
253.456  2.64663e-020
254.478  2.59797e-020
255.5  2.54918e-020
256.522  2.50025e-020
257.544  2.45121e-020
258.566  2.40206e-020
259.588  2.3528e-020
260.61  2.30346e-020
261.632  2.25404e-020
262.654  2.20455e-020
263.676  2.15501e-020
264.698  2.10542e-020
265.72  2.05581e-020
266.742  2.00618e-020
267.764  1.95655e-020
268.786  1.90693e-020
269.808  1.85734e-020
270.83  1.80779e-020
271.852  1.75831e-020
272.874  1.7089e-020
273.896  1.6596e-020
274.918  1.6104e-020
275.94  1.56135e-020
276.962  1.51245e-020
277.984  1.46373e-020
279.006  1.4152e-020
280.028  1.3669e-020
281.05  1.31884e-020
282.072  1.27105e-020
283.094  1.22356e-020
284.116  1.17639e-020
285.138  1.12957e-020
286.16  1.08313e-020
287.182  1.03709e-020
288.204  9.91487e-021
289.226  9.46353e-021
290.248  9.0172e-021
291.27  8.57621e-021
292.292  8.14091e-021
293.314  7.71165e-021
294.336  7.28881e-021
295.358  6.87277e-021
296.38  6.46393e-021
297.402  6.06269e-021
298.424  5.66948e-021
299.446  5.28474e-021
300.468  4.90891e-021
301.49  4.54246e-021
302.512  4.18586e-021
303.534  3.83962e-021
304.556  3.50425e-021
305.578  3.18026e-021
306.6  2.8682e-021
307.622  2.56864e-021
308.644  2.28214e-021
309.666  2.00929e-021
310.688  1.75072e-021
311.71  1.50704e-021
312.732  1.27891e-021
313.754  1.06699e-021
314.776  8.71968e-022
315.798  6.9455e-022
316.82  5.3546e-022
317.842  3.95444e-022
318.864  2.7527e-022
319.886  1.75723e-022
320.908  9.76124e-023
321.93  4.17649e-023
322.952  9.0255e-024
