1.022  5.40552e-020
2.044  5.39786e-020
3.066  5.3903e-020
4.088  5.38282e-020
5.11  5.37541e-020
6.132  5.36808e-020
7.154  5.36082e-020
8.176  5.35361e-020
9.198  5.34645e-020
10.22  5.33934e-020
11.242  5.33228e-020
12.264  5.32527e-020
13.286  5.31831e-020
14.308  5.3114e-020
15.33  5.30454e-020
16.352  5.29774e-020
17.374  5.291e-020
18.396  5.28432e-020
19.418  5.2777e-020
20.44  5.27114e-020
21.462  5.26465e-020
22.484  5.25823e-020
23.506  5.25187e-020
24.528  5.24557e-020
25.55  5.23934e-020
26.572  5.23318e-020
27.594  5.22707e-020
28.616  5.22104e-020
29.638  5.21506e-020
30.66  5.20914e-020
31.682  5.20327e-020
32.704  5.19747e-020
33.726  5.19171e-020
34.748  5.18601e-020
35.77  5.18035e-020
36.792  5.17474e-020
37.814  5.16917e-020
38.836  5.16364e-020
39.858  5.15815e-020
40.88  5.15269e-020
41.902  5.14727e-020
42.924  5.14187e-020
43.946  5.1365e-020
44.968  5.13115e-020
45.99  5.12582e-020
47.012  5.12051e-020
48.034  5.11521e-020
49.056  5.10993e-020
50.078  5.10465e-020
51.1  5.09938e-020
52.122  5.09411e-020
53.144  5.08884e-020
54.166  5.08356e-020
55.188  5.07828e-020
56.21  5.07299e-020
57.232  5.06769e-020
58.254  5.06238e-020
59.276  5.05705e-020
60.298  5.05169e-020
61.32  5.04632e-020
62.342  5.04092e-020
63.364  5.03549e-020
64.386  5.03003e-020
65.408  5.02454e-020
66.43  5.01901e-020
67.452  5.01345e-020
68.474  5.00784e-020
69.496  5.00219e-020
70.518  4.9965e-020
71.54  4.99076e-020
72.562  4.98496e-020
73.584  4.97912e-020
74.606  4.97322e-020
75.628  4.96726e-020
76.65  4.96125e-020
77.672  4.95517e-020
78.694  4.94903e-020
79.716  4.94283e-020
80.738  4.93656e-020
81.76  4.93021e-020
82.782  4.9238e-020
83.804  4.91731e-020
84.826  4.91075e-020
85.848  4.9041e-020
86.87  4.89738e-020
87.892  4.89058e-020
88.914  4.88369e-020
89.936  4.87672e-020
90.958  4.86966e-020
91.98  4.86252e-020
93.002  4.85528e-020
94.024  4.84795e-020
95.046  4.84052e-020
96.068  4.833e-020
97.09  4.82538e-020
98.112  4.81766e-020
99.134  4.80984e-020
100.156  4.80192e-020
101.178  4.79389e-020
102.2  4.78576e-020
103.222  4.77752e-020
104.244  4.76918e-020
105.266  4.76072e-020
106.288  4.75215e-020
107.31  4.74346e-020
108.332  4.73467e-020
109.354  4.72575e-020
110.376  4.71672e-020
111.398  4.70757e-020
112.42  4.6983e-020
113.442  4.6889e-020
114.464  4.67939e-020
115.486  4.66974e-020
116.508  4.65998e-020
117.53  4.65008e-020
118.552  4.64006e-020
119.574  4.62991e-020
120.596  4.61962e-020
121.618  4.6092e-020
122.64  4.59865e-020
123.662  4.58797e-020
124.684  4.57715e-020
125.706  4.56619e-020
126.728  4.55509e-020
127.75  4.54386e-020
128.772  4.53248e-020
129.794  4.52096e-020
130.816  4.5093e-020
131.838  4.49749e-020
132.86  4.48554e-020
133.882  4.47344e-020
134.904  4.4612e-020
135.926  4.4488e-020
136.948  4.43626e-020
137.97  4.42356e-020
138.992  4.41071e-020
140.014  4.39771e-020
141.036  4.38456e-020
142.058  4.37125e-020
143.08  4.35778e-020
144.102  4.34416e-020
145.124  4.33037e-020
146.146  4.31643e-020
147.168  4.30233e-020
148.19  4.28807e-020
149.212  4.27364e-020
150.234  4.25905e-020
151.256  4.2443e-020
152.278  4.22938e-020
153.3  4.2143e-020
154.322  4.19904e-020
155.344  4.18362e-020
156.366  4.16803e-020
157.388  4.15227e-020
158.41  4.13634e-020
159.432  4.12024e-020
160.454  4.10396e-020
161.476  4.08751e-020
162.498  4.07088e-020
163.52  4.05408e-020
164.542  4.0371e-020
165.564  4.01994e-020
166.586  4.00261e-020
167.608  3.98509e-020
168.63  3.96739e-020
169.652  3.94951e-020
170.674  3.93145e-020
171.696  3.91321e-020
172.718  3.89478e-020
173.74  3.87617e-020
174.762  3.85737e-020
175.784  3.83838e-020
176.806  3.81921e-020
177.828  3.79985e-020
178.85  3.78029e-020
179.872  3.76055e-020
180.894  3.74062e-020
181.916  3.72049e-020
182.938  3.70017e-020
183.96  3.67966e-020
184.982  3.65896e-020
186.004  3.63806e-020
187.026  3.61696e-020
188.048  3.59567e-020
189.07  3.57418e-020
190.092  3.55249e-020
191.114  3.5306e-020
192.136  3.50852e-020
193.158  3.48623e-020
194.18  3.46374e-020
195.202  3.44106e-020
196.224  3.41817e-020
197.246  3.39507e-020
198.268  3.37178e-020
199.29  3.34828e-020
200.312  3.32458e-020
201.334  3.30068e-020
202.356  3.27657e-020
203.378  3.25225e-020
204.4  3.22773e-020
205.422  3.20301e-020
206.444  3.17808e-020
207.466  3.15294e-020
208.488  3.1276e-020
209.51  3.10205e-020
210.532  3.07629e-020
211.554  3.05033e-020
212.576  3.02416e-020
213.598  2.99779e-020
214.62  2.97121e-020
215.642  2.94443e-020
216.664  2.91743e-020
217.686  2.89024e-020
218.708  2.86284e-020
219.73  2.83524e-020
220.752  2.80743e-020
221.774  2.77942e-020
222.796  2.75121e-020
223.818  2.72279e-020
224.84  2.69418e-020
225.862  2.66537e-020
226.884  2.63636e-020
227.906  2.60715e-020
228.928  2.57775e-020
229.95  2.54816e-020
230.972  2.51837e-020
231.994  2.48839e-020
233.016  2.45822e-020
234.038  2.42787e-020
235.06  2.39733e-020
236.082  2.36661e-020
237.104  2.33571e-020
238.126  2.30463e-020
239.148  2.27338e-020
240.17  2.24196e-020
241.192  2.21037e-020
242.214  2.17861e-020
243.236  2.14669e-020
244.258  2.11461e-020
245.28  2.08238e-020
246.302  2.05e-020
247.324  2.01747e-020
248.346  1.9848e-020
249.368  1.95199e-020
250.39  1.91905e-020
251.412  1.88598e-020
252.434  1.85279e-020
253.456  1.81949e-020
254.478  1.78607e-020
255.5  1.75255e-020
256.522  1.71894e-020
257.544  1.68523e-020
258.566  1.65144e-020
259.588  1.61757e-020
260.61  1.58364e-020
261.632  1.54964e-020
262.654  1.5156e-020
263.676  1.48151e-020
264.698  1.44738e-020
265.72  1.41323e-020
266.742  1.37907e-020
267.764  1.3449e-020
268.786  1.31074e-020
269.808  1.27659e-020
270.83  1.24248e-020
271.852  1.2084e-020
272.874  1.17438e-020
273.896  1.14043e-020
274.918  1.10655e-020
275.94  1.07277e-020
276.962  1.03909e-020
277.984  1.00554e-020
279.006  9.72124e-021
280.028  9.38863e-021
281.05  9.05774e-021
282.072  8.72873e-021
283.094  8.40177e-021
284.116  8.07705e-021
285.138  7.75477e-021
286.16  7.43512e-021
287.182  7.1183e-021
288.204  6.80452e-021
289.226  6.49401e-021
290.248  6.18698e-021
291.27  5.88367e-021
292.292  5.58432e-021
293.314  5.28917e-021
294.336  4.99849e-021
295.358  4.71253e-021
296.38  4.43157e-021
297.402  4.15589e-021
298.424  3.88579e-021
299.446  3.62155e-021
300.468  3.36348e-021
301.49  3.11192e-021
302.512  2.86717e-021
303.534  2.62959e-021
304.556  2.39951e-021
305.578  2.1773e-021
306.6  1.96333e-021
307.622  1.75797e-021
308.644  1.56162e-021
309.666  1.37468e-021
310.688  1.19756e-021
311.71  1.03069e-021
312.732  8.74507e-022
313.754  7.29463e-022
314.776  5.96023e-022
315.798  4.74661e-022
316.82  3.65868e-022
317.842  2.70146e-022
318.864  1.88013e-022
319.886  1.19998e-022
320.908  6.66442e-023
321.93  2.8509e-023
322.952  6.15963e-024
