1.022  8.70031e-021
2.044  8.60614e-021
3.066  8.5137e-021
4.088  8.42296e-021
5.11  8.33388e-021
6.132  8.24644e-021
7.154  8.16062e-021
8.176  8.07637e-021
9.198  7.99369e-021
10.22  7.91254e-021
11.242  7.83291e-021
12.264  7.75478e-021
13.286  7.67814e-021
14.308  7.60298e-021
15.33  7.52928e-021
16.352  7.45702e-021
17.374  7.38621e-021
18.396  7.31681e-021
19.418  7.24882e-021
20.44  7.18222e-021
21.462  7.117e-021
22.484  7.05314e-021
23.506  6.99063e-021
24.528  6.92945e-021
25.55  6.86958e-021
26.572  6.81101e-021
27.594  6.75372e-021
28.616  6.69769e-021
29.638  6.64291e-021
30.66  6.58935e-021
31.682  6.537e-021
32.704  6.48585e-021
33.726  6.43587e-021
34.748  6.38705e-021
35.77  6.33937e-021
36.792  6.29281e-021
37.814  6.24735e-021
38.836  6.20298e-021
39.858  6.15969e-021
40.88  6.11744e-021
41.902  6.07623e-021
42.924  6.03604e-021
43.946  5.99685e-021
44.968  5.95864e-021
45.99  5.92141e-021
47.012  5.88513e-021
48.034  5.84978e-021
49.056  5.81536e-021
50.078  5.78184e-021
51.1  5.74921e-021
52.122  5.71746e-021
53.144  5.68656e-021
54.166  5.65652e-021
55.188  5.6273e-021
56.21  5.59889e-021
57.232  5.57129e-021
58.254  5.54448e-021
59.276  5.51843e-021
60.298  5.49315e-021
61.32  5.46861e-021
62.342  5.4448e-021
63.364  5.42171e-021
64.386  5.39932e-021
65.408  5.37762e-021
66.43  5.35661e-021
67.452  5.33625e-021
68.474  5.31655e-021
69.496  5.29749e-021
70.518  5.27906e-021
71.54  5.26125e-021
72.562  5.24403e-021
73.584  5.22741e-021
74.606  5.21137e-021
75.628  5.19589e-021
76.65  5.18097e-021
77.672  5.1666e-021
78.694  5.15275e-021
79.716  5.13943e-021
80.738  5.12662e-021
81.76  5.11431e-021
82.782  5.10249e-021
83.804  5.09114e-021
84.826  5.08026e-021
85.848  5.06984e-021
86.87  5.05987e-021
87.892  5.05032e-021
88.914  5.04121e-021
89.936  5.03251e-021
90.958  5.02421e-021
91.98  5.01631e-021
93.002  5.00879e-021
94.024  5.00165e-021
95.046  4.99487e-021
96.068  4.98844e-021
97.09  4.98237e-021
98.112  4.97662e-021
99.134  4.97121e-021
100.156  4.96611e-021
101.178  4.96132e-021
102.2  4.95683e-021
103.222  4.95263e-021
104.244  4.94871e-021
105.266  4.94506e-021
106.288  4.94168e-021
107.31  4.93855e-021
108.332  4.93566e-021
109.354  4.93301e-021
110.376  4.93059e-021
111.398  4.92839e-021
112.42  4.9264e-021
113.442  4.92461e-021
114.464  4.92302e-021
115.486  4.92162e-021
116.508  4.92039e-021
117.53  4.91933e-021
118.552  4.91843e-021
119.574  4.91769e-021
120.596  4.91709e-021
121.618  4.91663e-021
122.64  4.91631e-021
123.662  4.9161e-021
124.684  4.91601e-021
125.706  4.91603e-021
126.728  4.91614e-021
127.75  4.91635e-021
128.772  4.91664e-021
129.794  4.91701e-021
130.816  4.91745e-021
131.838  4.91795e-021
132.86  4.91851e-021
133.882  4.91911e-021
134.904  4.91976e-021
135.926  4.92044e-021
136.948  4.92114e-021
137.97  4.92187e-021
138.992  4.92261e-021
140.014  4.92335e-021
141.036  4.92409e-021
142.058  4.92483e-021
143.08  4.92555e-021
144.102  4.92625e-021
145.124  4.92691e-021
146.146  4.92755e-021
147.168  4.92814e-021
148.19  4.92868e-021
149.212  4.92917e-021
150.234  4.9296e-021
151.256  4.92995e-021
152.278  4.93024e-021
153.3  4.93044e-021
154.322  4.93055e-021
155.344  4.93057e-021
156.366  4.93049e-021
157.388  4.9303e-021
158.41  4.92999e-021
159.432  4.92957e-021
160.454  4.92902e-021
161.476  4.92834e-021
162.498  4.92751e-021
163.52  4.92654e-021
164.542  4.92542e-021
165.564  4.92414e-021
166.586  4.9227e-021
167.608  4.92108e-021
168.63  4.91929e-021
169.652  4.91731e-021
170.674  4.91515e-021
171.696  4.91278e-021
172.718  4.91021e-021
173.74  4.90744e-021
174.762  4.90444e-021
175.784  4.90123e-021
176.806  4.89778e-021
177.828  4.8941e-021
178.85  4.89018e-021
179.872  4.88601e-021
180.894  4.88158e-021
181.916  4.87689e-021
182.938  4.87193e-021
183.96  4.8667e-021
184.982  4.86119e-021
186.004  4.85538e-021
187.026  4.84928e-021
188.048  4.84288e-021
189.07  4.83617e-021
190.092  4.82914e-021
191.114  4.82179e-021
192.136  4.81411e-021
193.158  4.80609e-021
194.18  4.79772e-021
195.202  4.78901e-021
196.224  4.77993e-021
197.246  4.77049e-021
198.268  4.76067e-021
199.29  4.75048e-021
200.312  4.73989e-021
201.334  4.72891e-021
202.356  4.71752e-021
203.378  4.70572e-021
204.4  4.6935e-021
205.422  4.68085e-021
206.444  4.66777e-021
207.466  4.65424e-021
208.488  4.64026e-021
209.51  4.62582e-021
210.532  4.61092e-021
211.554  4.59553e-021
212.576  4.57967e-021
213.598  4.56331e-021
214.62  4.54645e-021
215.642  4.52908e-021
216.664  4.51119e-021
217.686  4.49277e-021
218.708  4.47382e-021
219.73  4.45433e-021
220.752  4.43428e-021
221.774  4.41368e-021
222.796  4.3925e-021
223.818  4.37075e-021
224.84  4.3484e-021
225.862  4.32547e-021
226.884  4.30193e-021
227.906  4.27777e-021
228.928  4.253e-021
229.95  4.22759e-021
230.972  4.20155e-021
231.994  4.17486e-021
233.016  4.14752e-021
234.038  4.11951e-021
235.06  4.09083e-021
236.082  4.06147e-021
237.104  4.03143e-021
238.126  4.00069e-021
239.148  3.96924e-021
240.17  3.93709e-021
241.192  3.90422e-021
242.214  3.87063e-021
243.236  3.83631e-021
244.258  3.80125e-021
245.28  3.76544e-021
246.302  3.72889e-021
247.324  3.69158e-021
248.346  3.65352e-021
249.368  3.61469e-021
250.39  3.57509e-021
251.412  3.53472e-021
252.434  3.49358e-021
253.456  3.45166e-021
254.478  3.40896e-021
255.5  3.36547e-021
256.522  3.32121e-021
257.544  3.27616e-021
258.566  3.23034e-021
259.588  3.18373e-021
260.61  3.13634e-021
261.632  3.08818e-021
262.654  3.03925e-021
263.676  2.98955e-021
264.698  2.93909e-021
265.72  2.88788e-021
266.742  2.83593e-021
267.764  2.78324e-021
268.786  2.72983e-021
269.808  2.6757e-021
270.83  2.62087e-021
271.852  2.56537e-021
272.874  2.50919e-021
273.896  2.45237e-021
274.918  2.39491e-021
275.94  2.33685e-021
276.962  2.27821e-021
277.984  2.21901e-021
279.006  2.15928e-021
280.028  2.09904e-021
281.05  2.03834e-021
282.072  1.97721e-021
283.094  1.91567e-021
284.116  1.85378e-021
285.138  1.79158e-021
286.16  1.7291e-021
287.182  1.6664e-021
288.204  1.60352e-021
289.226  1.54053e-021
290.248  1.47747e-021
291.27  1.41442e-021
292.292  1.35143e-021
293.314  1.28857e-021
294.336  1.22591e-021
295.358  1.16354e-021
296.38  1.10152e-021
297.402  1.03994e-021
298.424  9.78902e-022
299.446  9.18486e-022
300.468  8.58793e-022
301.49  7.99928e-022
302.512  7.41999e-022
303.534  6.85119e-022
304.556  6.29408e-022
305.578  5.74991e-022
306.6  5.22e-022
307.622  4.70572e-022
308.644  4.2085e-022
309.666  3.72986e-022
310.688  3.27137e-022
311.71  2.83467e-022
312.732  2.42148e-022
313.754  2.0336e-022
314.776  1.6729e-022
315.798  1.34133e-022
316.82  1.04093e-022
317.842  7.73824e-023
318.864  5.42222e-023
319.886  3.48424e-023
320.908  1.94824e-023
321.93  8.39088e-024
322.952  1.82526e-024
