1.022  2.06925e-020
2.044  2.04713e-020
3.066  2.02532e-020
4.088  2.00381e-020
5.11  1.98259e-020
6.132  1.96165e-020
7.154  1.941e-020
8.176  1.92063e-020
9.198  1.90053e-020
10.22  1.8807e-020
11.242  1.86114e-020
12.264  1.84185e-020
13.286  1.82281e-020
14.308  1.80404e-020
15.33  1.78553e-020
16.352  1.76728e-020
17.374  1.74929e-020
18.396  1.73155e-020
19.418  1.71407e-020
20.44  1.69683e-020
21.462  1.67985e-020
22.484  1.66311e-020
23.506  1.64662e-020
24.528  1.63038e-020
25.55  1.61437e-020
26.572  1.5986e-020
27.594  1.58306e-020
28.616  1.56776e-020
29.638  1.55269e-020
30.66  1.53784e-020
31.682  1.52322e-020
32.704  1.50882e-020
33.726  1.49463e-020
34.748  1.48067e-020
35.77  1.46691e-020
36.792  1.45336e-020
37.814  1.44002e-020
38.836  1.42689e-020
39.858  1.41395e-020
40.88  1.40121e-020
41.902  1.38867e-020
42.924  1.37632e-020
43.946  1.36416e-020
44.968  1.35218e-020
45.99  1.34039e-020
47.012  1.32878e-020
48.034  1.31735e-020
49.056  1.30609e-020
50.078  1.29501e-020
51.1  1.2841e-020
52.122  1.27336e-020
53.144  1.26278e-020
54.166  1.25237e-020
55.188  1.24212e-020
56.21  1.23202e-020
57.232  1.22208e-020
58.254  1.2123e-020
59.276  1.20267e-020
60.298  1.19318e-020
61.32  1.18385e-020
62.342  1.17466e-020
63.364  1.16561e-020
64.386  1.1567e-020
65.408  1.14793e-020
66.43  1.13929e-020
67.452  1.13079e-020
68.474  1.12243e-020
69.496  1.11419e-020
70.518  1.10608e-020
71.54  1.0981e-020
72.562  1.09024e-020
73.584  1.0825e-020
74.606  1.07489e-020
75.628  1.06739e-020
76.65  1.06001e-020
77.672  1.05274e-020
78.694  1.04559e-020
79.716  1.03855e-020
80.738  1.03162e-020
81.76  1.0248e-020
82.782  1.01808e-020
83.804  1.01147e-020
84.826  1.00496e-020
85.848  9.98558e-021
86.87  9.92252e-021
87.892  9.86044e-021
88.914  9.79932e-021
89.936  9.73916e-021
90.958  9.67993e-021
91.98  9.62163e-021
93.002  9.56423e-021
94.024  9.50773e-021
95.046  9.4521e-021
96.068  9.39733e-021
97.09  9.34342e-021
98.112  9.29033e-021
99.134  9.23807e-021
100.156  9.18662e-021
101.178  9.13596e-021
102.2  9.08607e-021
103.222  9.03696e-021
104.244  8.9886e-021
105.266  8.94098e-021
106.288  8.89408e-021
107.31  8.8479e-021
108.332  8.80243e-021
109.354  8.75764e-021
110.376  8.71353e-021
111.398  8.67008e-021
112.42  8.62729e-021
113.442  8.58514e-021
114.464  8.54362e-021
115.486  8.50272e-021
116.508  8.46242e-021
117.53  8.42272e-021
118.552  8.3836e-021
119.574  8.34505e-021
120.596  8.30706e-021
121.618  8.26963e-021
122.64  8.23273e-021
123.662  8.19636e-021
124.684  8.16051e-021
125.706  8.12516e-021
126.728  8.09031e-021
127.75  8.05595e-021
128.772  8.02206e-021
129.794  7.98864e-021
130.816  7.95567e-021
131.838  7.92315e-021
132.86  7.89107e-021
133.882  7.85941e-021
134.904  7.82816e-021
135.926  7.79732e-021
136.948  7.76688e-021
137.97  7.73682e-021
138.992  7.70714e-021
140.014  7.67783e-021
141.036  7.64888e-021
142.058  7.62028e-021
143.08  7.59201e-021
144.102  7.56408e-021
145.124  7.53647e-021
146.146  7.50917e-021
147.168  7.48217e-021
148.19  7.45547e-021
149.212  7.42905e-021
150.234  7.40291e-021
151.256  7.37704e-021
152.278  7.35143e-021
153.3  7.32606e-021
154.322  7.30094e-021
155.344  7.27605e-021
156.366  7.25138e-021
157.388  7.22693e-021
158.41  7.20268e-021
159.432  7.17864e-021
160.454  7.15478e-021
161.476  7.13109e-021
162.498  7.10759e-021
163.52  7.08424e-021
164.542  7.06104e-021
165.564  7.038e-021
166.586  7.01508e-021
167.608  6.9923e-021
168.63  6.96963e-021
169.652  6.94707e-021
170.674  6.92462e-021
171.696  6.90225e-021
172.718  6.87997e-021
173.74  6.85776e-021
174.762  6.83561e-021
175.784  6.81352e-021
176.806  6.79147e-021
177.828  6.76947e-021
178.85  6.74748e-021
179.872  6.72552e-021
180.894  6.70356e-021
181.916  6.68161e-021
182.938  6.65964e-021
183.96  6.63765e-021
184.982  6.61562e-021
186.004  6.59356e-021
187.026  6.57145e-021
188.048  6.54927e-021
189.07  6.52703e-021
190.092  6.50469e-021
191.114  6.48227e-021
192.136  6.45974e-021
193.158  6.4371e-021
194.18  6.41434e-021
195.202  6.39143e-021
196.224  6.36838e-021
197.246  6.34517e-021
198.268  6.32178e-021
199.29  6.29822e-021
200.312  6.27445e-021
201.334  6.25049e-021
202.356  6.2263e-021
203.378  6.20188e-021
204.4  6.17722e-021
205.422  6.1523e-021
206.444  6.12711e-021
207.466  6.10163e-021
208.488  6.07587e-021
209.51  6.04979e-021
210.532  6.02339e-021
211.554  5.99666e-021
212.576  5.96957e-021
213.598  5.94213e-021
214.62  5.9143e-021
215.642  5.88608e-021
216.664  5.85746e-021
217.686  5.82841e-021
218.708  5.79893e-021
219.73  5.769e-021
220.752  5.73861e-021
221.774  5.70773e-021
222.796  5.67636e-021
223.818  5.64448e-021
224.84  5.61207e-021
225.862  5.57912e-021
226.884  5.54561e-021
227.906  5.51154e-021
228.928  5.47687e-021
229.95  5.44161e-021
230.972  5.40572e-021
231.994  5.3692e-021
233.016  5.33203e-021
234.038  5.29419e-021
235.06  5.25568e-021
236.082  5.21647e-021
237.104  5.17654e-021
238.126  5.13589e-021
239.148  5.0945e-021
240.17  5.05236e-021
241.192  5.00944e-021
242.214  4.96574e-021
243.236  4.92124e-021
244.258  4.87592e-021
245.28  4.82978e-021
246.302  4.7828e-021
247.324  4.73497e-021
248.346  4.68628e-021
249.368  4.6367e-021
250.39  4.58625e-021
251.412  4.53489e-021
252.434  4.48262e-021
253.456  4.42944e-021
254.478  4.37533e-021
255.5  4.32029e-021
256.522  4.26431e-021
257.544  4.20738e-021
258.566  4.1495e-021
259.588  4.09066e-021
260.61  4.03086e-021
261.632  3.9701e-021
262.654  3.90838e-021
263.676  3.84569e-021
264.698  3.78205e-021
265.72  3.71745e-021
266.742  3.6519e-021
267.764  3.58541e-021
268.786  3.51798e-021
269.808  3.44962e-021
270.83  3.38035e-021
271.852  3.31017e-021
272.874  3.23912e-021
273.896  3.1672e-021
274.918  3.09443e-021
275.94  3.02084e-021
276.962  2.94646e-021
277.984  2.87131e-021
279.006  2.79542e-021
280.028  2.71883e-021
281.05  2.64158e-021
282.072  2.5637e-021
283.094  2.48524e-021
284.116  2.40625e-021
285.138  2.32678e-021
286.16  2.24688e-021
287.182  2.16662e-021
288.204  2.08605e-021
289.226  2.00524e-021
290.248  1.92428e-021
291.27  1.84322e-021
292.292  1.76216e-021
293.314  1.68119e-021
294.336  1.60039e-021
295.358  1.51986e-021
296.38  1.43971e-021
297.402  1.36005e-021
298.424  1.28098e-021
299.446  1.20265e-021
300.468  1.12517e-021
301.49  1.04868e-021
302.512  9.7333e-022
303.534  8.99263e-022
304.556  8.26642e-022
305.578  7.55633e-022
306.6  6.86411e-022
307.622  6.19162e-022
308.644  5.54077e-022
309.666  4.91359e-022
310.688  4.3122e-022
311.71  3.73882e-022
312.732  3.19577e-022
313.754  2.68548e-022
314.776  2.21048e-022
315.798  1.77342e-022
316.82  1.37707e-022
317.842  1.02432e-022
318.864  7.18167e-023
319.886  4.61755e-023
320.908  2.58346e-023
321.93  1.11332e-023
322.952  2.42318e-024
