1.022  1.60215e-019
2.044  1.58868e-019
3.066  1.57536e-019
4.088  1.56218e-019
5.11  1.54913e-019
6.132  1.53622e-019
7.154  1.52343e-019
8.176  1.51078e-019
9.198  1.49825e-019
10.22  1.48584e-019
11.242  1.47356e-019
12.264  1.4614e-019
13.286  1.44936e-019
14.308  1.43744e-019
15.33  1.42564e-019
16.352  1.41397e-019
17.374  1.40242e-019
18.396  1.39099e-019
19.418  1.37968e-019
20.44  1.36849e-019
21.462  1.35742e-019
22.484  1.34647e-019
23.506  1.33564e-019
24.528  1.32493e-019
25.55  1.31433e-019
26.572  1.30385e-019
27.594  1.29349e-019
28.616  1.28324e-019
29.638  1.2731e-019
30.66  1.26307e-019
31.682  1.25315e-019
32.704  1.24334e-019
33.726  1.23364e-019
34.748  1.22405e-019
35.77  1.21456e-019
36.792  1.20517e-019
37.814  1.19588e-019
38.836  1.1867e-019
39.858  1.17761e-019
40.88  1.16862e-019
41.902  1.15973e-019
42.924  1.15093e-019
43.946  1.14223e-019
44.968  1.13362e-019
45.99  1.1251e-019
47.012  1.11667e-019
48.034  1.10832e-019
49.056  1.10007e-019
50.078  1.0919e-019
51.1  1.08381e-019
52.122  1.07581e-019
53.144  1.06789e-019
54.166  1.06005e-019
55.188  1.05229e-019
56.21  1.04461e-019
57.232  1.03701e-019
58.254  1.02948e-019
59.276  1.02202e-019
60.298  1.01464e-019
61.32  1.00734e-019
62.342  1.0001e-019
63.364  9.9294e-020
64.386  9.85845e-020
65.408  9.78819e-020
66.43  9.71861e-020
67.452  9.6497e-020
68.474  9.58144e-020
69.496  9.51383e-020
70.518  9.44685e-020
71.54  9.38051e-020
72.562  9.31478e-020
73.584  9.24967e-020
74.606  9.18516e-020
75.628  9.12124e-020
76.65  9.05791e-020
77.672  8.99515e-020
78.694  8.93296e-020
79.716  8.87133e-020
80.738  8.81026e-020
81.76  8.74973e-020
82.782  8.68973e-020
83.804  8.63027e-020
84.826  8.57133e-020
85.848  8.5129e-020
86.87  8.45498e-020
87.892  8.39757e-020
88.914  8.34064e-020
89.936  8.2842e-020
90.958  8.22825e-020
91.98  8.17276e-020
93.002  8.11774e-020
94.024  8.06319e-020
95.046  8.00909e-020
96.068  7.95543e-020
97.09  7.90222e-020
98.112  7.84945e-020
99.134  7.7971e-020
100.156  7.74518e-020
101.178  7.69368e-020
102.2  7.64259e-020
103.222  7.5919e-020
104.244  7.54162e-020
105.266  7.49174e-020
106.288  7.44225e-020
107.31  7.39314e-020
108.332  7.34441e-020
109.354  7.29606e-020
110.376  7.24808e-020
111.398  7.20047e-020
112.42  7.15322e-020
113.442  7.10632e-020
114.464  7.05978e-020
115.486  7.01358e-020
116.508  6.96773e-020
117.53  6.92221e-020
118.552  6.87703e-020
119.574  6.83217e-020
120.596  6.78764e-020
121.618  6.74343e-020
122.64  6.69954e-020
123.662  6.65596e-020
124.684  6.61269e-020
125.706  6.56972e-020
126.728  6.52705e-020
127.75  6.48468e-020
128.772  6.4426e-020
129.794  6.40081e-020
130.816  6.3593e-020
131.838  6.31808e-020
132.86  6.27713e-020
133.882  6.23645e-020
134.904  6.19605e-020
135.926  6.15591e-020
136.948  6.11604e-020
137.97  6.07642e-020
138.992  6.03706e-020
140.014  5.99796e-020
141.036  5.9591e-020
142.058  5.92049e-020
143.08  5.88212e-020
144.102  5.84399e-020
145.124  5.80609e-020
146.146  5.76843e-020
147.168  5.731e-020
148.19  5.69379e-020
149.212  5.65681e-020
150.234  5.62004e-020
151.256  5.5835e-020
152.278  5.54716e-020
153.3  5.51104e-020
154.322  5.47512e-020
155.344  5.4394e-020
156.366  5.40389e-020
157.388  5.36857e-020
158.41  5.33345e-020
159.432  5.29852e-020
160.454  5.26377e-020
161.476  5.22921e-020
162.498  5.19483e-020
163.52  5.16063e-020
164.542  5.12661e-020
165.564  5.09275e-020
166.586  5.05907e-020
167.608  5.02555e-020
168.63  4.99219e-020
169.652  4.95899e-020
170.674  4.92594e-020
171.696  4.89305e-020
172.718  4.8603e-020
173.74  4.8277e-020
174.762  4.79524e-020
175.784  4.76292e-020
176.806  4.73073e-020
177.828  4.69868e-020
178.85  4.66675e-020
179.872  4.63494e-020
180.894  4.60326e-020
181.916  4.57169e-020
182.938  4.54023e-020
183.96  4.50888e-020
184.982  4.47763e-020
186.004  4.44648e-020
187.026  4.41543e-020
188.048  4.38448e-020
189.07  4.35361e-020
190.092  4.32282e-020
191.114  4.29211e-020
192.136  4.26148e-020
193.158  4.23092e-020
194.18  4.20042e-020
195.202  4.16999e-020
196.224  4.13962e-020
197.246  4.10929e-020
198.268  4.07902e-020
199.29  4.04878e-020
200.312  4.01859e-020
201.334  3.98843e-020
202.356  3.95829e-020
203.378  3.92818e-020
204.4  3.89809e-020
205.422  3.86801e-020
206.444  3.83793e-020
207.466  3.80786e-020
208.488  3.77778e-020
209.51  3.7477e-020
210.532  3.7176e-020
211.554  3.68748e-020
212.576  3.65734e-020
213.598  3.62716e-020
214.62  3.59695e-020
215.642  3.56669e-020
216.664  3.53638e-020
217.686  3.50602e-020
218.708  3.4756e-020
219.73  3.44511e-020
220.752  3.41455e-020
221.774  3.3839e-020
222.796  3.35318e-020
223.818  3.32236e-020
224.84  3.29144e-020
225.862  3.26042e-020
226.884  3.22928e-020
227.906  3.19804e-020
228.928  3.16667e-020
229.95  3.13517e-020
230.972  3.10353e-020
231.994  3.07175e-020
233.016  3.03983e-020
234.038  3.00775e-020
235.06  2.97552e-020
236.082  2.94312e-020
237.104  2.91054e-020
238.126  2.87779e-020
239.148  2.84486e-020
240.17  2.81174e-020
241.192  2.77842e-020
242.214  2.74491e-020
243.236  2.71119e-020
244.258  2.67727e-020
245.28  2.64313e-020
246.302  2.60877e-020
247.324  2.57418e-020
248.346  2.53937e-020
249.368  2.50433e-020
250.39  2.46906e-020
251.412  2.43354e-020
252.434  2.39779e-020
253.456  2.36179e-020
254.478  2.32554e-020
255.5  2.28905e-020
256.522  2.2523e-020
257.544  2.21531e-020
258.566  2.17806e-020
259.588  2.14056e-020
260.61  2.10281e-020
261.632  2.06481e-020
262.654  2.02656e-020
263.676  1.98806e-020
264.698  1.94931e-020
265.72  1.91032e-020
266.742  1.8711e-020
267.764  1.83164e-020
268.786  1.79195e-020
269.808  1.75204e-020
270.83  1.71192e-020
271.852  1.67159e-020
272.874  1.63106e-020
273.896  1.59034e-020
274.918  1.54945e-020
275.94  1.50839e-020
276.962  1.46718e-020
277.984  1.42583e-020
279.006  1.38435e-020
280.028  1.34278e-020
281.05  1.30111e-020
282.072  1.25937e-020
283.094  1.21759e-020
284.116  1.17578e-020
285.138  1.13397e-020
286.16  1.09219e-020
287.182  1.05045e-020
288.204  1.00879e-020
289.226  9.67248e-021
290.248  9.25845e-021
291.27  8.84619e-021
292.292  8.43608e-021
293.314  8.02849e-021
294.336  7.62384e-021
295.358  7.22255e-021
296.38  6.82508e-021
297.402  6.43191e-021
298.424  6.04354e-021
299.446  5.6605e-021
300.468  5.28335e-021
301.49  4.91267e-021
302.512  4.54908e-021
303.534  4.19322e-021
304.556  3.84576e-021
305.578  3.50741e-021
306.6  3.17891e-021
307.622  2.86103e-021
308.644  2.55459e-021
309.666  2.26042e-021
310.688  1.9794e-021
311.71  1.71246e-021
312.732  1.46057e-021
313.754  1.22471e-021
314.776  1.00593e-021
315.798  8.05327e-022
316.82  6.24025e-022
317.842  4.63202e-022
318.864  3.24085e-022
319.886  2.07945e-022
320.908  1.16104e-022
321.93  4.99321e-023
322.952  1.0846e-023
