1.022  8.79251e-021
2.044  8.98689e-021
3.066  9.18082e-021
4.088  9.3743e-021
5.11  9.56733e-021
6.132  9.75989e-021
7.154  9.95197e-021
8.176  1.01436e-020
9.198  1.03346e-020
10.22  1.05252e-020
11.242  1.07153e-020
12.264  1.09048e-020
13.286  1.10938e-020
14.308  1.12824e-020
15.33  1.14704e-020
16.352  1.16579e-020
17.374  1.18449e-020
18.396  1.20315e-020
19.418  1.22175e-020
20.44  1.24031e-020
21.462  1.25882e-020
22.484  1.27728e-020
23.506  1.2957e-020
24.528  1.31406e-020
25.55  1.33239e-020
26.572  1.35066e-020
27.594  1.36889e-020
28.616  1.38708e-020
29.638  1.40521e-020
30.66  1.4233e-020
31.682  1.44135e-020
32.704  1.45934e-020
33.726  1.47729e-020
34.748  1.4952e-020
35.77  1.51305e-020
36.792  1.53085e-020
37.814  1.54861e-020
38.836  1.56632e-020
39.858  1.58397e-020
40.88  1.60158e-020
41.902  1.61913e-020
42.924  1.63663e-020
43.946  1.65408e-020
44.968  1.67147e-020
45.99  1.68881e-020
47.012  1.7061e-020
48.034  1.72333e-020
49.056  1.7405e-020
50.078  1.75762e-020
51.1  1.77467e-020
52.122  1.79167e-020
53.144  1.80861e-020
54.166  1.82548e-020
55.188  1.8423e-020
56.21  1.85905e-020
57.232  1.87573e-020
58.254  1.89236e-020
59.276  1.90891e-020
60.298  1.9254e-020
61.32  1.94183e-020
62.342  1.95818e-020
63.364  1.97447e-020
64.386  1.99068e-020
65.408  2.00682e-020
66.43  2.02289e-020
67.452  2.03889e-020
68.474  2.05481e-020
69.496  2.07066e-020
70.518  2.08643e-020
71.54  2.10212e-020
72.562  2.11774e-020
73.584  2.13327e-020
74.606  2.14873e-020
75.628  2.1641e-020
76.65  2.17939e-020
77.672  2.1946e-020
78.694  2.20973e-020
79.716  2.22477e-020
80.738  2.23972e-020
81.76  2.25459e-020
82.782  2.26936e-020
83.804  2.28405e-020
84.826  2.29865e-020
85.848  2.31316e-020
86.87  2.32757e-020
87.892  2.34189e-020
88.914  2.35612e-020
89.936  2.37025e-020
90.958  2.38429e-020
91.98  2.39823e-020
93.002  2.41207e-020
94.024  2.42581e-020
95.046  2.43945e-020
96.068  2.45299e-020
97.09  2.46643e-020
98.112  2.47977e-020
99.134  2.493e-020
100.156  2.50613e-020
101.178  2.51915e-020
102.2  2.53206e-020
103.222  2.54487e-020
104.244  2.55757e-020
105.266  2.57015e-020
106.288  2.58263e-020
107.31  2.59499e-020
108.332  2.60724e-020
109.354  2.61938e-020
110.376  2.6314e-020
111.398  2.64331e-020
112.42  2.6551e-020
113.442  2.66677e-020
114.464  2.67832e-020
115.486  2.68975e-020
116.508  2.70106e-020
117.53  2.71224e-020
118.552  2.7233e-020
119.574  2.73424e-020
120.596  2.74505e-020
121.618  2.75573e-020
122.64  2.76628e-020
123.662  2.77671e-020
124.684  2.787e-020
125.706  2.79716e-020
126.728  2.80719e-020
127.75  2.81708e-020
128.772  2.82683e-020
129.794  2.83645e-020
130.816  2.84593e-020
131.838  2.85526e-020
132.86  2.86446e-020
133.882  2.87351e-020
134.904  2.88242e-020
135.926  2.89118e-020
136.948  2.89979e-020
137.97  2.90826e-020
138.992  2.91657e-020
140.014  2.92473e-020
141.036  2.93273e-020
142.058  2.94058e-020
143.08  2.94827e-020
144.102  2.9558e-020
145.124  2.96317e-020
146.146  2.97037e-020
147.168  2.97741e-020
148.19  2.98428e-020
149.212  2.99099e-020
150.234  2.99752e-020
151.256  3.00387e-020
152.278  3.01006e-020
153.3  3.01606e-020
154.322  3.02188e-020
155.344  3.02752e-020
156.366  3.03298e-020
157.388  3.03825e-020
158.41  3.04333e-020
159.432  3.04821e-020
160.454  3.0529e-020
161.476  3.0574e-020
162.498  3.06169e-020
163.52  3.06578e-020
164.542  3.06967e-020
165.564  3.07335e-020
166.586  3.07681e-020
167.608  3.08007e-020
168.63  3.0831e-020
169.652  3.08591e-020
170.674  3.08851e-020
171.696  3.09087e-020
172.718  3.093e-020
173.74  3.0949e-020
174.762  3.09657e-020
175.784  3.09799e-020
176.806  3.09917e-020
177.828  3.10011e-020
178.85  3.10079e-020
179.872  3.10122e-020
180.894  3.10139e-020
181.916  3.10129e-020
182.938  3.10093e-020
183.96  3.10031e-020
184.982  3.0994e-020
186.004  3.09822e-020
187.026  3.09676e-020
188.048  3.09501e-020
189.07  3.09298e-020
190.092  3.09064e-020
191.114  3.08801e-020
192.136  3.08508e-020
193.158  3.08183e-020
194.18  3.07828e-020
195.202  3.07441e-020
196.224  3.07021e-020
197.246  3.06569e-020
198.268  3.06084e-020
199.29  3.05566e-020
200.312  3.05013e-020
201.334  3.04426e-020
202.356  3.03804e-020
203.378  3.03147e-020
204.4  3.02453e-020
205.422  3.01724e-020
206.444  3.00957e-020
207.466  3.00153e-020
208.488  2.99311e-020
209.51  2.98431e-020
210.532  2.97511e-020
211.554  2.96553e-020
212.576  2.95554e-020
213.598  2.94516e-020
214.62  2.93436e-020
215.642  2.92315e-020
216.664  2.91152e-020
217.686  2.89947e-020
218.708  2.887e-020
219.73  2.87409e-020
220.752  2.86074e-020
221.774  2.84695e-020
222.796  2.83272e-020
223.818  2.81803e-020
224.84  2.80289e-020
225.862  2.78729e-020
226.884  2.77123e-020
227.906  2.7547e-020
228.928  2.7377e-020
229.95  2.72022e-020
230.972  2.70226e-020
231.994  2.68382e-020
233.016  2.6649e-020
234.038  2.64548e-020
235.06  2.62558e-020
236.082  2.60518e-020
237.104  2.58428e-020
238.126  2.56288e-020
239.148  2.54098e-020
240.17  2.51857e-020
241.192  2.49566e-020
242.214  2.47224e-020
243.236  2.44831e-020
244.258  2.42387e-020
245.28  2.39892e-020
246.302  2.37346e-020
247.324  2.34749e-020
248.346  2.32101e-020
249.368  2.29403e-020
250.39  2.26653e-020
251.412  2.23853e-020
252.434  2.21002e-020
253.456  2.18102e-020
254.478  2.15151e-020
255.5  2.12151e-020
256.522  2.09102e-020
257.544  2.06004e-020
258.566  2.02858e-020
259.588  1.99665e-020
260.61  1.96425e-020
261.632  1.93138e-020
262.654  1.89806e-020
263.676  1.8643e-020
264.698  1.83009e-020
265.72  1.79546e-020
266.742  1.76042e-020
267.764  1.72497e-020
268.786  1.68912e-020
269.808  1.65289e-020
270.83  1.6163e-020
271.852  1.57936e-020
272.874  1.54208e-020
273.896  1.50448e-020
274.918  1.46657e-020
275.94  1.42839e-020
276.962  1.38994e-020
277.984  1.35125e-020
279.006  1.31234e-020
280.028  1.27323e-020
281.05  1.23395e-020
282.072  1.19452e-020
283.094  1.15498e-020
284.116  1.11534e-020
285.138  1.07564e-020
286.16  1.03591e-020
287.182  9.96183e-021
288.204  9.56494e-021
289.226  9.16877e-021
290.248  8.77371e-021
291.27  8.38014e-021
292.292  7.98847e-021
293.314  7.59914e-021
294.336  7.21257e-021
295.358  6.82925e-021
296.38  6.44964e-021
297.402  6.07426e-021
298.424  5.70362e-021
299.446  5.33828e-021
300.468  4.97878e-021
301.49  4.62573e-021
302.512  4.27973e-021
303.534  3.94142e-021
304.556  3.61145e-021
305.578  3.29051e-021
306.6  2.97931e-021
307.622  2.67857e-021
308.644  2.38906e-021
309.666  2.11156e-021
310.688  1.8469e-021
311.71  1.59591e-021
312.732  1.35948e-021
313.754  1.13849e-021
314.776  9.33896e-022
315.798  7.46655e-022
316.82  5.77768e-022
317.842  4.28264e-022
318.864  2.99209e-022
319.886  1.91702e-022
320.908  1.06875e-022
321.93  4.58927e-023
322.952  9.95305e-024
