1.022  2.66611e-019
2.044  2.66201e-019
3.066  2.65794e-019
4.088  2.6539e-019
5.11  2.64989e-019
6.132  2.6459e-019
7.154  2.64194e-019
8.176  2.63799e-019
9.198  2.63405e-019
10.22  2.63014e-019
11.242  2.62624e-019
12.264  2.62235e-019
13.286  2.61848e-019
14.308  2.61463e-019
15.33  2.61081e-019
16.352  2.607e-019
17.374  2.60322e-019
18.396  2.59946e-019
19.418  2.59573e-019
20.44  2.59202e-019
21.462  2.58835e-019
22.484  2.5847e-019
23.506  2.58108e-019
24.528  2.5775e-019
25.55  2.57394e-019
26.572  2.57041e-019
27.594  2.56692e-019
28.616  2.56346e-019
29.638  2.56002e-019
30.66  2.55662e-019
31.682  2.55324e-019
32.704  2.5499e-019
33.726  2.54658e-019
34.748  2.54329e-019
35.77  2.54002e-019
36.792  2.53678e-019
37.814  2.53356e-019
38.836  2.53037e-019
39.858  2.5272e-019
40.88  2.52406e-019
41.902  2.52093e-019
42.924  2.51782e-019
43.946  2.51473e-019
44.968  2.51166e-019
45.99  2.50861e-019
47.012  2.50557e-019
48.034  2.50254e-019
49.056  2.49953e-019
50.078  2.49653e-019
51.1  2.49353e-019
52.122  2.49055e-019
53.144  2.48758e-019
54.166  2.48462e-019
55.188  2.48166e-019
56.21  2.47871e-019
57.232  2.47576e-019
58.254  2.47281e-019
59.276  2.46987e-019
60.298  2.46693e-019
61.32  2.46399e-019
62.342  2.46104e-019
63.364  2.4581e-019
64.386  2.45515e-019
65.408  2.4522e-019
66.43  2.44925e-019
67.452  2.44628e-019
68.474  2.44332e-019
69.496  2.44034e-019
70.518  2.43736e-019
71.54  2.43437e-019
72.562  2.43136e-019
73.584  2.42835e-019
74.606  2.42532e-019
75.628  2.42228e-019
76.65  2.41923e-019
77.672  2.41616e-019
78.694  2.41308e-019
79.716  2.40999e-019
80.738  2.40687e-019
81.76  2.40374e-019
82.782  2.40059e-019
83.804  2.39742e-019
84.826  2.39423e-019
85.848  2.39102e-019
86.87  2.38779e-019
87.892  2.38454e-019
88.914  2.38126e-019
89.936  2.37796e-019
90.958  2.37464e-019
91.98  2.37129e-019
93.002  2.36792e-019
94.024  2.36452e-019
95.046  2.36109e-019
96.068  2.35764e-019
97.09  2.35416e-019
98.112  2.35065e-019
99.134  2.34711e-019
100.156  2.34355e-019
101.178  2.33995e-019
102.2  2.33632e-019
103.222  2.33266e-019
104.244  2.32897e-019
105.266  2.32524e-019
106.288  2.32149e-019
107.31  2.31769e-019
108.332  2.31387e-019
109.354  2.31001e-019
110.376  2.30611e-019
111.398  2.30218e-019
112.42  2.29822e-019
113.442  2.29421e-019
114.464  2.29017e-019
115.486  2.28609e-019
116.508  2.28197e-019
117.53  2.27782e-019
118.552  2.27362e-019
119.574  2.26939e-019
120.596  2.26511e-019
121.618  2.2608e-019
122.64  2.25644e-019
123.662  2.25204e-019
124.684  2.2476e-019
125.706  2.24311e-019
126.728  2.23859e-019
127.75  2.23402e-019
128.772  2.2294e-019
129.794  2.22474e-019
130.816  2.22004e-019
131.838  2.21529e-019
132.86  2.21049e-019
133.882  2.20564e-019
134.904  2.20075e-019
135.926  2.19581e-019
136.948  2.19083e-019
137.97  2.18579e-019
138.992  2.18071e-019
140.014  2.17557e-019
141.036  2.17039e-019
142.058  2.16515e-019
143.08  2.15986e-019
144.102  2.15452e-019
145.124  2.14913e-019
146.146  2.14368e-019
147.168  2.13819e-019
148.19  2.13263e-019
149.212  2.12702e-019
150.234  2.12136e-019
151.256  2.11564e-019
152.278  2.10986e-019
153.3  2.10402e-019
154.322  2.09813e-019
155.344  2.09218e-019
156.366  2.08616e-019
157.388  2.08009e-019
158.41  2.07396e-019
159.432  2.06776e-019
160.454  2.0615e-019
161.476  2.05518e-019
162.498  2.0488e-019
163.52  2.04235e-019
164.542  2.03583e-019
165.564  2.02925e-019
166.586  2.02259e-019
167.608  2.01588e-019
168.63  2.00909e-019
169.652  2.00223e-019
170.674  1.9953e-019
171.696  1.9883e-019
172.718  1.98122e-019
173.74  1.97407e-019
174.762  1.96685e-019
175.784  1.95955e-019
176.806  1.95217e-019
177.828  1.94472e-019
178.85  1.93719e-019
179.872  1.92957e-019
180.894  1.92187e-019
181.916  1.9141e-019
182.938  1.90623e-019
183.96  1.89829e-019
184.982  1.89025e-019
186.004  1.88213e-019
187.026  1.87392e-019
188.048  1.86562e-019
189.07  1.85723e-019
190.092  1.84875e-019
191.114  1.84017e-019
192.136  1.8315e-019
193.158  1.82273e-019
194.18  1.81386e-019
195.202  1.80489e-019
196.224  1.79583e-019
197.246  1.78666e-019
198.268  1.77738e-019
199.29  1.768e-019
200.312  1.75852e-019
201.334  1.74893e-019
202.356  1.73922e-019
203.378  1.72941e-019
204.4  1.71948e-019
205.422  1.70944e-019
206.444  1.69928e-019
207.466  1.68901e-019
208.488  1.67862e-019
209.51  1.6681e-019
210.532  1.65747e-019
211.554  1.64671e-019
212.576  1.63582e-019
213.598  1.62481e-019
214.62  1.61367e-019
215.642  1.6024e-019
216.664  1.591e-019
217.686  1.57947e-019
218.708  1.5678e-019
219.73  1.556e-019
220.752  1.54406e-019
221.774  1.53198e-019
222.796  1.51976e-019
223.818  1.50739e-019
224.84  1.49489e-019
225.862  1.48224e-019
226.884  1.46945e-019
227.906  1.45651e-019
228.928  1.44342e-019
229.95  1.43018e-019
230.972  1.41679e-019
231.994  1.40325e-019
233.016  1.38956e-019
234.038  1.37571e-019
235.06  1.36171e-019
236.082  1.34755e-019
237.104  1.33324e-019
238.126  1.31877e-019
239.148  1.30415e-019
240.17  1.28937e-019
241.192  1.27443e-019
242.214  1.25933e-019
243.236  1.24407e-019
244.258  1.22866e-019
245.28  1.21308e-019
246.302  1.19735e-019
247.324  1.18146e-019
248.346  1.16542e-019
249.368  1.14922e-019
250.39  1.13286e-019
251.412  1.11635e-019
252.434  1.09969e-019
253.456  1.08287e-019
254.478  1.0659e-019
255.5  1.04879e-019
256.522  1.03152e-019
257.544  1.01412e-019
258.566  9.96567e-020
259.588  9.78877e-020
260.61  9.61052e-020
261.632  9.43092e-020
262.654  9.25002e-020
263.676  9.06786e-020
264.698  8.88447e-020
265.72  8.6999e-020
266.742  8.5142e-020
267.764  8.3274e-020
268.786  8.13957e-020
269.808  7.95076e-020
270.83  7.76103e-020
271.852  7.57044e-020
272.874  7.37907e-020
273.896  7.18697e-020
274.918  6.99424e-020
275.94  6.80094e-020
276.962  6.60717e-020
277.984  6.41301e-020
279.006  6.21855e-020
280.028  6.0239e-020
281.05  5.82915e-020
282.072  5.63443e-020
283.094  5.43984e-020
284.116  5.2455e-020
285.138  5.05154e-020
286.16  4.8581e-020
287.182  4.66531e-020
288.204  4.47332e-020
289.226  4.28228e-020
290.248  4.09235e-020
291.27  3.90369e-020
292.292  3.71648e-020
293.314  3.53091e-020
294.336  3.34715e-020
295.358  3.16541e-020
296.38  2.98589e-020
297.402  2.8088e-020
298.424  2.63437e-020
299.446  2.46283e-020
300.468  2.29442e-020
301.49  2.1294e-020
302.512  1.96801e-020
303.534  1.81053e-020
304.556  1.65724e-020
305.578  1.50843e-020
306.6  1.36441e-020
307.622  1.22548e-020
308.644  1.09198e-020
309.666  9.64237e-021
310.688  8.42602e-021
311.71  7.27438e-021
312.732  6.19118e-021
313.754  5.1803e-021
314.776  4.24575e-021
315.798  3.39167e-021
316.82  2.62236e-021
317.842  1.94224e-021
318.864  1.3559e-021
319.886  8.68054e-022
320.908  4.83581e-022
321.93  2.07501e-022
322.952  4.49698e-023
