1.022  3.59134e-021
2.044  3.69774e-021
3.066  3.80432e-021
4.088  3.91107e-021
5.11  4.01799e-021
6.132  4.12505e-021
7.154  4.23225e-021
8.176  4.33957e-021
9.198  4.447e-021
10.22  4.55453e-021
11.242  4.66214e-021
12.264  4.76984e-021
13.286  4.87762e-021
14.308  4.98546e-021
15.33  5.09337e-021
16.352  5.20133e-021
17.374  5.30935e-021
18.396  5.41742e-021
19.418  5.52553e-021
20.44  5.63368e-021
21.462  5.74186e-021
22.484  5.85007e-021
23.506  5.9583e-021
24.528  6.06656e-021
25.55  6.17482e-021
26.572  6.28309e-021
27.594  6.39135e-021
28.616  6.49961e-021
29.638  6.60786e-021
30.66  6.71608e-021
31.682  6.82428e-021
32.704  6.93244e-021
33.726  7.04056e-021
34.748  7.14862e-021
35.77  7.25663e-021
36.792  7.36457e-021
37.814  7.47244e-021
38.836  7.58022e-021
39.858  7.68791e-021
40.88  7.7955e-021
41.902  7.90298e-021
42.924  8.01034e-021
43.946  8.11757e-021
44.968  8.22467e-021
45.99  8.33162e-021
47.012  8.43842e-021
48.034  8.54505e-021
49.056  8.65151e-021
50.078  8.75779e-021
51.1  8.86388e-021
52.122  8.96976e-021
53.144  9.07543e-021
54.166  9.18089e-021
55.188  9.28611e-021
56.21  9.39109e-021
57.232  9.49583e-021
58.254  9.6003e-021
59.276  9.70451e-021
60.298  9.80844e-021
61.32  9.91208e-021
62.342  1.00154e-020
63.364  1.01185e-020
64.386  1.02212e-020
65.408  1.03236e-020
66.43  1.04256e-020
67.452  1.05273e-020
68.474  1.06287e-020
69.496  1.07297e-020
70.518  1.08303e-020
71.54  1.09305e-020
72.562  1.10304e-020
73.584  1.11298e-020
74.606  1.12288e-020
75.628  1.13275e-020
76.65  1.14256e-020
77.672  1.15234e-020
78.694  1.16207e-020
79.716  1.17175e-020
80.738  1.18138e-020
81.76  1.19097e-020
82.782  1.20051e-020
83.804  1.21e-020
84.826  1.21944e-020
85.848  1.22883e-020
86.87  1.23816e-020
87.892  1.24745e-020
88.914  1.25667e-020
89.936  1.26585e-020
90.958  1.27496e-020
91.98  1.28403e-020
93.002  1.29303e-020
94.024  1.30197e-020
95.046  1.31086e-020
96.068  1.31968e-020
97.09  1.32844e-020
98.112  1.33714e-020
99.134  1.34578e-020
100.156  1.35435e-020
101.178  1.36286e-020
102.2  1.3713e-020
103.222  1.37968e-020
104.244  1.38799e-020
105.266  1.39622e-020
106.288  1.40439e-020
107.31  1.41249e-020
108.332  1.42052e-020
109.354  1.42848e-020
110.376  1.43636e-020
111.398  1.44417e-020
112.42  1.4519e-020
113.442  1.45956e-020
114.464  1.46714e-020
115.486  1.47465e-020
116.508  1.48207e-020
117.53  1.48942e-020
118.552  1.49668e-020
119.574  1.50387e-020
120.596  1.51097e-020
121.618  1.51798e-020
122.64  1.52492e-020
123.662  1.53177e-020
124.684  1.53853e-020
125.706  1.5452e-020
126.728  1.55179e-020
127.75  1.55828e-020
128.772  1.56469e-020
129.794  1.57101e-020
130.816  1.57723e-020
131.838  1.58336e-020
132.86  1.58939e-020
133.882  1.59533e-020
134.904  1.60117e-020
135.926  1.60692e-020
136.948  1.61256e-020
137.97  1.61811e-020
138.992  1.62355e-020
140.014  1.62889e-020
141.036  1.63413e-020
142.058  1.63926e-020
143.08  1.64429e-020
144.102  1.64921e-020
145.124  1.65402e-020
146.146  1.65873e-020
147.168  1.66332e-020
148.19  1.66779e-020
149.212  1.67216e-020
150.234  1.67641e-020
151.256  1.68054e-020
152.278  1.68456e-020
153.3  1.68845e-020
154.322  1.69223e-020
155.344  1.69588e-020
156.366  1.69942e-020
157.388  1.70282e-020
158.41  1.7061e-020
159.432  1.70925e-020
160.454  1.71227e-020
161.476  1.71516e-020
162.498  1.71792e-020
163.52  1.72055e-020
164.542  1.72303e-020
165.564  1.72539e-020
166.586  1.7276e-020
167.608  1.72967e-020
168.63  1.73159e-020
169.652  1.73338e-020
170.674  1.73501e-020
171.696  1.7365e-020
172.718  1.73784e-020
173.74  1.73903e-020
174.762  1.74006e-020
175.784  1.74094e-020
176.806  1.74166e-020
177.828  1.74222e-020
178.85  1.74262e-020
179.872  1.74286e-020
180.894  1.74293e-020
181.916  1.74283e-020
182.938  1.74257e-020
183.96  1.74213e-020
184.982  1.74152e-020
186.004  1.74073e-020
187.026  1.73977e-020
188.048  1.73862e-020
189.07  1.7373e-020
190.092  1.73578e-020
191.114  1.73409e-020
192.136  1.7322e-020
193.158  1.73012e-020
194.18  1.72785e-020
195.202  1.72538e-020
196.224  1.72272e-020
197.246  1.71986e-020
198.268  1.71679e-020
199.29  1.71352e-020
200.312  1.71004e-020
201.334  1.70635e-020
202.356  1.70245e-020
203.378  1.69834e-020
204.4  1.69401e-020
205.422  1.68946e-020
206.444  1.6847e-020
207.466  1.6797e-020
208.488  1.67449e-020
209.51  1.66904e-020
210.532  1.66337e-020
211.554  1.65746e-020
212.576  1.65132e-020
213.598  1.64495e-020
214.62  1.63833e-020
215.642  1.63148e-020
216.664  1.62438e-020
217.686  1.61703e-020
218.708  1.60944e-020
219.73  1.6016e-020
220.752  1.59351e-020
221.774  1.58517e-020
222.796  1.57657e-020
223.818  1.56772e-020
224.84  1.55861e-020
225.862  1.54923e-020
226.884  1.5396e-020
227.906  1.5297e-020
228.928  1.51954e-020
229.95  1.50911e-020
230.972  1.49842e-020
231.994  1.48746e-020
233.016  1.47623e-020
234.038  1.46473e-020
235.06  1.45295e-020
236.082  1.44091e-020
237.104  1.42859e-020
238.126  1.416e-020
239.148  1.40314e-020
240.17  1.39e-020
241.192  1.37659e-020
242.214  1.3629e-020
243.236  1.34894e-020
244.258  1.33471e-020
245.28  1.32021e-020
246.302  1.30543e-020
247.324  1.29038e-020
248.346  1.27507e-020
249.368  1.25948e-020
250.39  1.24363e-020
251.412  1.22751e-020
252.434  1.21113e-020
253.456  1.19449e-020
254.478  1.17759e-020
255.5  1.16044e-020
256.522  1.14303e-020
257.544  1.12537e-020
258.566  1.10747e-020
259.588  1.08933e-020
260.61  1.07095e-020
261.632  1.05234e-020
262.654  1.0335e-020
263.676  1.01444e-020
264.698  9.95162e-021
265.72  9.75674e-021
266.742  9.55982e-021
267.764  9.36092e-021
268.786  9.16014e-021
269.808  8.95753e-021
270.83  8.75318e-021
271.852  8.54718e-021
272.874  8.33962e-021
273.896  8.1306e-021
274.918  7.92021e-021
275.94  7.70857e-021
276.962  7.49578e-021
277.984  7.28197e-021
279.006  7.06726e-021
280.028  6.85177e-021
281.05  6.63564e-021
282.072  6.41902e-021
283.094  6.20205e-021
284.116  5.98489e-021
285.138  5.7677e-021
286.16  5.55065e-021
287.182  5.33392e-021
288.204  5.11769e-021
289.226  4.90215e-021
290.248  4.68751e-021
291.27  4.47397e-021
292.292  4.26175e-021
293.314  4.05108e-021
294.336  3.84219e-021
295.358  3.63532e-021
296.38  3.43073e-021
297.402  3.22868e-021
298.424  3.02945e-021
299.446  2.83331e-021
300.468  2.64056e-021
301.49  2.45151e-021
302.512  2.26647e-021
303.534  2.08577e-021
304.556  1.90975e-021
305.578  1.73875e-021
306.6  1.57315e-021
307.622  1.41331e-021
308.644  1.25962e-021
309.666  1.1125e-021
310.688  9.7234e-022
311.71  8.39585e-022
312.732  7.14674e-022
313.754  5.98064e-022
314.776  4.90227e-022
315.798  3.91652e-022
316.82  3.02842e-022
317.842  2.24314e-022
318.864  1.56604e-022
319.886  1.00262e-022
320.908  5.58558e-023
321.93  2.39674e-023
322.952  5.1942e-024
