1.022  3.85789e-021
2.044  3.96937e-021
3.066  4.08098e-021
4.088  4.1927e-021
5.11  4.30452e-021
6.132  4.41644e-021
7.154  4.52843e-021
8.176  4.64049e-021
9.198  4.7526e-021
10.22  4.86475e-021
11.242  4.97694e-021
12.264  5.08916e-021
13.286  5.20139e-021
14.308  5.31365e-021
15.33  5.42591e-021
16.352  5.53818e-021
17.374  5.65045e-021
18.396  5.76272e-021
19.418  5.87498e-021
20.44  5.98723e-021
21.462  6.09946e-021
22.484  6.21168e-021
23.506  6.32387e-021
24.528  6.43603e-021
25.55  6.54816e-021
26.572  6.66025e-021
27.594  6.77229e-021
28.616  6.88428e-021
29.638  6.99621e-021
30.66  7.10807e-021
31.682  7.21987e-021
32.704  7.33158e-021
33.726  7.44321e-021
34.748  7.55475e-021
35.77  7.66619e-021
36.792  7.77751e-021
37.814  7.88872e-021
38.836  7.99981e-021
39.858  8.11077e-021
40.88  8.22158e-021
41.902  8.33224e-021
42.924  8.44275e-021
43.946  8.55309e-021
44.968  8.66325e-021
45.99  8.77323e-021
47.012  8.88302e-021
48.034  8.9926e-021
49.056  9.10197e-021
50.078  9.21112e-021
51.1  9.32004e-021
52.122  9.42872e-021
53.144  9.53716e-021
54.166  9.64533e-021
55.188  9.75324e-021
56.21  9.86087e-021
57.232  9.96822e-021
58.254  1.00753e-020
59.276  1.0182e-020
60.298  1.02884e-020
61.32  1.03945e-020
62.342  1.05003e-020
63.364  1.06058e-020
64.386  1.07108e-020
65.408  1.08155e-020
66.43  1.09199e-020
67.452  1.10239e-020
68.474  1.11274e-020
69.496  1.12306e-020
70.518  1.13334e-020
71.54  1.14357e-020
72.562  1.15376e-020
73.584  1.16391e-020
74.606  1.17401e-020
75.628  1.18407e-020
76.65  1.19408e-020
77.672  1.20405e-020
78.694  1.21396e-020
79.716  1.22383e-020
80.738  1.23364e-020
81.76  1.24341e-020
82.782  1.25312e-020
83.804  1.26278e-020
84.826  1.27238e-020
85.848  1.28194e-020
86.87  1.29143e-020
87.892  1.30087e-020
88.914  1.31025e-020
89.936  1.31957e-020
90.958  1.32884e-020
91.98  1.33804e-020
93.002  1.34718e-020
94.024  1.35626e-020
95.046  1.36528e-020
96.068  1.37423e-020
97.09  1.38312e-020
98.112  1.39194e-020
99.134  1.4007e-020
100.156  1.40939e-020
101.178  1.41801e-020
102.2  1.42656e-020
103.222  1.43504e-020
104.244  1.44345e-020
105.266  1.45179e-020
106.288  1.46006e-020
107.31  1.46825e-020
108.332  1.47637e-020
109.354  1.48441e-020
110.376  1.49237e-020
111.398  1.50026e-020
112.42  1.50807e-020
113.442  1.5158e-020
114.464  1.52346e-020
115.486  1.53103e-020
116.508  1.53852e-020
117.53  1.54592e-020
118.552  1.55324e-020
119.574  1.56048e-020
120.596  1.56763e-020
121.618  1.5747e-020
122.64  1.58168e-020
123.662  1.58857e-020
124.684  1.59537e-020
125.706  1.60207e-020
126.728  1.60869e-020
127.75  1.61522e-020
128.772  1.62165e-020
129.794  1.62799e-020
130.816  1.63423e-020
131.838  1.64037e-020
132.86  1.64642e-020
133.882  1.65237e-020
134.904  1.65821e-020
135.926  1.66396e-020
136.948  1.6696e-020
137.97  1.67515e-020
138.992  1.68058e-020
140.014  1.68591e-020
141.036  1.69114e-020
142.058  1.69625e-020
143.08  1.70126e-020
144.102  1.70616e-020
145.124  1.71094e-020
146.146  1.71561e-020
147.168  1.72017e-020
148.19  1.72461e-020
149.212  1.72894e-020
150.234  1.73314e-020
151.256  1.73723e-020
152.278  1.7412e-020
153.3  1.74504e-020
154.322  1.74876e-020
155.344  1.75236e-020
156.366  1.75582e-020
157.388  1.75916e-020
158.41  1.76237e-020
159.432  1.76545e-020
160.454  1.76839e-020
161.476  1.77121e-020
162.498  1.77388e-020
163.52  1.77642e-020
164.542  1.77881e-020
165.564  1.78107e-020
166.586  1.78319e-020
167.608  1.78515e-020
168.63  1.78698e-020
169.652  1.78865e-020
170.674  1.79018e-020
171.696  1.79155e-020
172.718  1.79277e-020
173.74  1.79384e-020
174.762  1.79475e-020
175.784  1.79549e-020
176.806  1.79608e-020
177.828  1.79651e-020
178.85  1.79676e-020
179.872  1.79686e-020
180.894  1.79678e-020
181.916  1.79653e-020
182.938  1.79611e-020
183.96  1.79551e-020
184.982  1.79474e-020
186.004  1.79379e-020
187.026  1.79265e-020
188.048  1.79133e-020
189.07  1.78982e-020
190.092  1.78813e-020
191.114  1.78625e-020
192.136  1.78417e-020
193.158  1.78189e-020
194.18  1.77942e-020
195.202  1.77675e-020
196.224  1.77388e-020
197.246  1.77081e-020
198.268  1.76752e-020
199.29  1.76403e-020
200.312  1.76033e-020
201.334  1.75641e-020
202.356  1.75228e-020
203.378  1.74793e-020
204.4  1.74336e-020
205.422  1.73856e-020
206.444  1.73354e-020
207.466  1.7283e-020
208.488  1.72282e-020
209.51  1.71711e-020
210.532  1.71116e-020
211.554  1.70498e-020
212.576  1.69856e-020
213.598  1.6919e-020
214.62  1.685e-020
215.642  1.67785e-020
216.664  1.67045e-020
217.686  1.6628e-020
218.708  1.6549e-020
219.73  1.64675e-020
220.752  1.63834e-020
221.774  1.62967e-020
222.796  1.62075e-020
223.818  1.61156e-020
224.84  1.60211e-020
225.862  1.59239e-020
226.884  1.58241e-020
227.906  1.57216e-020
228.928  1.56164e-020
229.95  1.55084e-020
230.972  1.53978e-020
231.994  1.52844e-020
233.016  1.51683e-020
234.038  1.50494e-020
235.06  1.49278e-020
236.082  1.48033e-020
237.104  1.46761e-020
238.126  1.45462e-020
239.148  1.44134e-020
240.17  1.42778e-020
241.192  1.41395e-020
242.214  1.39983e-020
243.236  1.38544e-020
244.258  1.37077e-020
245.28  1.35582e-020
246.302  1.34059e-020
247.324  1.32508e-020
248.346  1.30931e-020
249.368  1.29325e-020
250.39  1.27693e-020
251.412  1.26034e-020
252.434  1.24347e-020
253.456  1.22635e-020
254.478  1.20896e-020
255.5  1.1913e-020
256.522  1.1734e-020
257.544  1.15523e-020
258.566  1.13682e-020
259.588  1.11816e-020
260.61  1.09926e-020
261.632  1.08013e-020
262.654  1.06076e-020
263.676  1.04117e-020
264.698  1.02135e-020
265.72  1.00132e-020
266.742  9.81086e-021
267.764  9.60649e-021
268.786  9.40019e-021
269.808  9.19203e-021
270.83  8.98211e-021
271.852  8.77051e-021
272.874  8.55732e-021
273.896  8.34265e-021
274.918  8.12659e-021
275.94  7.90925e-021
276.962  7.69075e-021
277.984  7.47122e-021
279.006  7.25077e-021
280.028  7.02954e-021
281.05  6.80767e-021
282.072  6.5853e-021
283.094  6.36259e-021
284.116  6.1397e-021
285.138  5.91678e-021
286.16  5.69402e-021
287.182  5.4716e-021
288.204  5.2497e-021
289.226  5.02852e-021
290.248  4.80827e-021
291.27  4.58916e-021
292.292  4.37142e-021
293.314  4.15526e-021
294.336  3.94094e-021
295.358  3.72871e-021
296.38  3.51882e-021
297.402  3.31154e-021
298.424  3.10715e-021
299.446  2.90595e-021
300.468  2.70823e-021
301.49  2.51431e-021
302.512  2.3245e-021
303.534  2.13915e-021
304.556  1.9586e-021
305.578  1.78322e-021
306.6  1.61336e-021
307.622  1.44942e-021
308.644  1.2918e-021
309.666  1.14091e-021
310.688  9.97164e-022
311.71  8.61014e-022
312.732  7.32909e-022
313.754  6.1332e-022
314.776  5.02729e-022
315.798  4.01638e-022
316.82  3.10561e-022
317.842  2.30031e-022
318.864  1.60594e-022
319.886  1.02817e-022
320.908  5.72786e-023
321.93  2.45778e-023
322.952  5.32646e-024
