1.022  1.95445e-020
2.044  1.97413e-020
3.066  1.99373e-020
4.088  2.01323e-020
5.11  2.03263e-020
6.132  2.05193e-020
7.154  2.07114e-020
8.176  2.09024e-020
9.198  2.10924e-020
10.22  2.12813e-020
11.242  2.14692e-020
12.264  2.16561e-020
13.286  2.18419e-020
14.308  2.20267e-020
15.33  2.22106e-020
16.352  2.23934e-020
17.374  2.25753e-020
18.396  2.27563e-020
19.418  2.29363e-020
20.44  2.31154e-020
21.462  2.32936e-020
22.484  2.34708e-020
23.506  2.36473e-020
24.528  2.38228e-020
25.55  2.39974e-020
26.572  2.41712e-020
27.594  2.43442e-020
28.616  2.45163e-020
29.638  2.46875e-020
30.66  2.48579e-020
31.682  2.50274e-020
32.704  2.51961e-020
33.726  2.53639e-020
34.748  2.55309e-020
35.77  2.5697e-020
36.792  2.58622e-020
37.814  2.60266e-020
38.836  2.61901e-020
39.858  2.63527e-020
40.88  2.65144e-020
41.902  2.66753e-020
42.924  2.68352e-020
43.946  2.69942e-020
44.968  2.71523e-020
45.99  2.73095e-020
47.012  2.74658e-020
48.034  2.76211e-020
49.056  2.77755e-020
50.078  2.79289e-020
51.1  2.80813e-020
52.122  2.82328e-020
53.144  2.83832e-020
54.166  2.85327e-020
55.188  2.86812e-020
56.21  2.88286e-020
57.232  2.8975e-020
58.254  2.91204e-020
59.276  2.92647e-020
60.298  2.9408e-020
61.32  2.95502e-020
62.342  2.96913e-020
63.364  2.98314e-020
64.386  2.99703e-020
65.408  3.01081e-020
66.43  3.02448e-020
67.452  3.03804e-020
68.474  3.05148e-020
69.496  3.06481e-020
70.518  3.07802e-020
71.54  3.09111e-020
72.562  3.10409e-020
73.584  3.11694e-020
74.606  3.12968e-020
75.628  3.14229e-020
76.65  3.15478e-020
77.672  3.16714e-020
78.694  3.17938e-020
79.716  3.1915e-020
80.738  3.20349e-020
81.76  3.21534e-020
82.782  3.22708e-020
83.804  3.23868e-020
84.826  3.25015e-020
85.848  3.26148e-020
86.87  3.27269e-020
87.892  3.28376e-020
88.914  3.29469e-020
89.936  3.30549e-020
90.958  3.31615e-020
91.98  3.32667e-020
93.002  3.33706e-020
94.024  3.3473e-020
95.046  3.3574e-020
96.068  3.36736e-020
97.09  3.37718e-020
98.112  3.38685e-020
99.134  3.39638e-020
100.156  3.40576e-020
101.178  3.41499e-020
102.2  3.42408e-020
103.222  3.43301e-020
104.244  3.4418e-020
105.266  3.45043e-020
106.288  3.45891e-020
107.31  3.46724e-020
108.332  3.47542e-020
109.354  3.48344e-020
110.376  3.4913e-020
111.398  3.499e-020
112.42  3.50655e-020
113.442  3.51394e-020
114.464  3.52117e-020
115.486  3.52823e-020
116.508  3.53514e-020
117.53  3.54187e-020
118.552  3.54845e-020
119.574  3.55486e-020
120.596  3.5611e-020
121.618  3.56718e-020
122.64  3.57308e-020
123.662  3.57882e-020
124.684  3.58438e-020
125.706  3.58977e-020
126.728  3.59499e-020
127.75  3.60003e-020
128.772  3.6049e-020
129.794  3.60959e-020
130.816  3.6141e-020
131.838  3.61844e-020
132.86  3.62259e-020
133.882  3.62656e-020
134.904  3.63035e-020
135.926  3.63395e-020
136.948  3.63736e-020
137.97  3.64059e-020
138.992  3.64363e-020
140.014  3.64648e-020
141.036  3.64914e-020
142.058  3.65161e-020
143.08  3.65388e-020
144.102  3.65595e-020
145.124  3.65783e-020
146.146  3.65951e-020
147.168  3.66099e-020
148.19  3.66226e-020
149.212  3.66333e-020
150.234  3.6642e-020
151.256  3.66486e-020
152.278  3.66531e-020
153.3  3.66555e-020
154.322  3.66558e-020
155.344  3.66539e-020
156.366  3.66498e-020
157.388  3.66436e-020
158.41  3.66352e-020
159.432  3.66246e-020
160.454  3.66117e-020
161.476  3.65965e-020
162.498  3.65791e-020
163.52  3.65594e-020
164.542  3.65373e-020
165.564  3.65129e-020
166.586  3.64861e-020
167.608  3.64569e-020
168.63  3.64254e-020
169.652  3.63913e-020
170.674  3.63548e-020
171.696  3.63158e-020
172.718  3.62743e-020
173.74  3.62303e-020
174.762  3.61837e-020
175.784  3.61345e-020
176.806  3.60826e-020
177.828  3.60282e-020
178.85  3.5971e-020
179.872  3.59112e-020
180.894  3.58486e-020
181.916  3.57832e-020
182.938  3.57151e-020
183.96  3.56442e-020
184.982  3.55704e-020
186.004  3.54937e-020
187.026  3.54141e-020
188.048  3.53316e-020
189.07  3.5246e-020
190.092  3.51575e-020
191.114  3.5066e-020
192.136  3.49714e-020
193.158  3.48737e-020
194.18  3.47728e-020
195.202  3.46688e-020
196.224  3.45616e-020
197.246  3.44511e-020
198.268  3.43374e-020
199.29  3.42204e-020
200.312  3.41e-020
201.334  3.39763e-020
202.356  3.38491e-020
203.378  3.37185e-020
204.4  3.35845e-020
205.422  3.34469e-020
206.444  3.33058e-020
207.466  3.31611e-020
208.488  3.30128e-020
209.51  3.28608e-020
210.532  3.27052e-020
211.554  3.25458e-020
212.576  3.23827e-020
213.598  3.22158e-020
214.62  3.20451e-020
215.642  3.18705e-020
216.664  3.1692e-020
217.686  3.15097e-020
218.708  3.13233e-020
219.73  3.1133e-020
220.752  3.09387e-020
221.774  3.07404e-020
222.796  3.0538e-020
223.818  3.03315e-020
224.84  3.01208e-020
225.862  2.99061e-020
226.884  2.96871e-020
227.906  2.94639e-020
228.928  2.92366e-020
229.95  2.9005e-020
230.972  2.87691e-020
231.994  2.85289e-020
233.016  2.82845e-020
234.038  2.80357e-020
235.06  2.77827e-020
236.082  2.75252e-020
237.104  2.72635e-020
238.126  2.69974e-020
239.148  2.67269e-020
240.17  2.6452e-020
241.192  2.61728e-020
242.214  2.58893e-020
243.236  2.56014e-020
244.258  2.53091e-020
245.28  2.50125e-020
246.302  2.47116e-020
247.324  2.44063e-020
248.346  2.40968e-020
249.368  2.3783e-020
250.39  2.3465e-020
251.412  2.31428e-020
252.434  2.28164e-020
253.456  2.24859e-020
254.478  2.21513e-020
255.5  2.18126e-020
256.522  2.147e-020
257.544  2.11234e-020
258.566  2.0773e-020
259.588  2.04188e-020
260.61  2.00609e-020
261.632  1.96993e-020
262.654  1.93342e-020
263.676  1.89657e-020
264.698  1.85937e-020
265.72  1.82185e-020
266.742  1.78402e-020
267.764  1.74589e-020
268.786  1.70746e-020
269.808  1.66876e-020
270.83  1.6298e-020
271.852  1.59059e-020
272.874  1.55115e-020
273.896  1.51149e-020
274.918  1.47164e-020
275.94  1.43161e-020
276.962  1.39142e-020
277.984  1.3511e-020
279.006  1.31066e-020
280.028  1.27013e-020
281.05  1.22953e-020
282.072  1.18888e-020
283.094  1.14822e-020
284.116  1.10757e-020
285.138  1.06695e-020
286.16  1.02641e-020
287.182  9.85963e-021
288.204  9.4565e-021
289.226  9.05503e-021
290.248  8.65558e-021
291.27  8.25852e-021
292.292  7.86424e-021
293.314  7.47314e-021
294.336  7.08563e-021
295.358  6.70216e-021
296.38  6.32316e-021
297.402  5.94913e-021
298.424  5.58053e-021
299.446  5.21788e-021
300.468  4.8617e-021
301.49  4.51255e-021
302.512  4.17098e-021
303.534  3.83758e-021
304.556  3.51296e-021
305.578  3.19776e-021
306.6  2.89263e-021
307.622  2.59823e-021
308.644  2.31528e-021
309.666  2.0445e-021
310.688  1.78664e-021
311.71  1.54246e-021
312.732  1.31279e-021
313.754  1.09843e-021
314.776  9.00255e-022
315.798  7.19142e-022
316.82  5.56005e-022
317.842  4.11786e-022
318.864  2.87458e-022
319.886  1.84021e-022
320.908  1.02509e-022
321.93  4.39823e-023
322.952  9.53111e-024
