1.022  3.53339e-020
2.044  3.5535e-020
3.066  3.57351e-020
4.088  3.5934e-020
5.11  3.61317e-020
6.132  3.63283e-020
7.154  3.65237e-020
8.176  3.67177e-020
9.198  3.69105e-020
10.22  3.7102e-020
11.242  3.72922e-020
12.264  3.74811e-020
13.286  3.76688e-020
14.308  3.78553e-020
15.33  3.80405e-020
16.352  3.82245e-020
17.374  3.84075e-020
18.396  3.85892e-020
19.418  3.87699e-020
20.44  3.89496e-020
21.462  3.91282e-020
22.484  3.93057e-020
23.506  3.94822e-020
24.528  3.96578e-020
25.55  3.98323e-020
26.572  4.00059e-020
27.594  4.01785e-020
28.616  4.03502e-020
29.638  4.05208e-020
30.66  4.06906e-020
31.682  4.08593e-020
32.704  4.10271e-020
33.726  4.1194e-020
34.748  4.13598e-020
35.77  4.15247e-020
36.792  4.16886e-020
37.814  4.18516e-020
38.836  4.20135e-020
39.858  4.21744e-020
40.88  4.23343e-020
41.902  4.24932e-020
42.924  4.2651e-020
43.946  4.28078e-020
44.968  4.29635e-020
45.99  4.31182e-020
47.012  4.32718e-020
48.034  4.34242e-020
49.056  4.35756e-020
50.078  4.37258e-020
51.1  4.38749e-020
52.122  4.40228e-020
53.144  4.41695e-020
54.166  4.43151e-020
55.188  4.44595e-020
56.21  4.46026e-020
57.232  4.47445e-020
58.254  4.48852e-020
59.276  4.50246e-020
60.298  4.51628e-020
61.32  4.52997e-020
62.342  4.54352e-020
63.364  4.55695e-020
64.386  4.57024e-020
65.408  4.58339e-020
66.43  4.59641e-020
67.452  4.60929e-020
68.474  4.62204e-020
69.496  4.63464e-020
70.518  4.6471e-020
71.54  4.65941e-020
72.562  4.67158e-020
73.584  4.68361e-020
74.606  4.69548e-020
75.628  4.70721e-020
76.65  4.71879e-020
77.672  4.73021e-020
78.694  4.74148e-020
79.716  4.7526e-020
80.738  4.76355e-020
81.76  4.77435e-020
82.782  4.785e-020
83.804  4.79548e-020
84.826  4.8058e-020
85.848  4.81595e-020
86.87  4.82594e-020
87.892  4.83577e-020
88.914  4.84542e-020
89.936  4.85491e-020
90.958  4.86423e-020
91.98  4.87338e-020
93.002  4.88235e-020
94.024  4.89116e-020
95.046  4.89978e-020
96.068  4.90823e-020
97.09  4.9165e-020
98.112  4.9246e-020
99.134  4.93251e-020
100.156  4.94024e-020
101.178  4.94779e-020
102.2  4.95515e-020
103.222  4.96233e-020
104.244  4.96932e-020
105.266  4.97612e-020
106.288  4.98274e-020
107.31  4.98916e-020
108.332  4.9954e-020
109.354  5.00144e-020
110.376  5.00728e-020
111.398  5.01293e-020
112.42  5.01839e-020
113.442  5.02364e-020
114.464  5.0287e-020
115.486  5.03356e-020
116.508  5.03821e-020
117.53  5.04267e-020
118.552  5.04691e-020
119.574  5.05096e-020
120.596  5.05479e-020
121.618  5.05842e-020
122.64  5.06184e-020
123.662  5.06504e-020
124.684  5.06804e-020
125.706  5.07082e-020
126.728  5.07339e-020
127.75  5.07574e-020
128.772  5.07787e-020
129.794  5.07978e-020
130.816  5.08148e-020
131.838  5.08295e-020
132.86  5.0842e-020
133.882  5.08522e-020
134.904  5.08601e-020
135.926  5.08658e-020
136.948  5.08692e-020
137.97  5.08703e-020
138.992  5.0869e-020
140.014  5.08654e-020
141.036  5.08595e-020
142.058  5.08511e-020
143.08  5.08404e-020
144.102  5.08273e-020
145.124  5.08117e-020
146.146  5.07936e-020
147.168  5.07732e-020
148.19  5.07502e-020
149.212  5.07247e-020
150.234  5.06967e-020
151.256  5.06661e-020
152.278  5.0633e-020
153.3  5.05973e-020
154.322  5.0559e-020
155.344  5.0518e-020
156.366  5.04744e-020
157.388  5.04281e-020
158.41  5.03791e-020
159.432  5.03274e-020
160.454  5.0273e-020
161.476  5.02158e-020
162.498  5.01558e-020
163.52  5.0093e-020
164.542  5.00273e-020
165.564  4.99587e-020
166.586  4.98873e-020
167.608  4.98129e-020
168.63  4.97356e-020
169.652  4.96553e-020
170.674  4.9572e-020
171.696  4.94856e-020
172.718  4.93962e-020
173.74  4.93036e-020
174.762  4.9208e-020
175.784  4.91091e-020
176.806  4.90071e-020
177.828  4.89019e-020
178.85  4.87934e-020
179.872  4.86815e-020
180.894  4.85664e-020
181.916  4.84479e-020
182.938  4.8326e-020
183.96  4.82007e-020
184.982  4.80719e-020
186.004  4.79395e-020
187.026  4.78037e-020
188.048  4.76642e-020
189.07  4.75212e-020
190.092  4.73744e-020
191.114  4.7224e-020
192.136  4.70699e-020
193.158  4.69119e-020
194.18  4.67502e-020
195.202  4.65845e-020
196.224  4.6415e-020
197.246  4.62416e-020
198.268  4.60641e-020
199.29  4.58827e-020
200.312  4.56972e-020
201.334  4.55075e-020
202.356  4.53138e-020
203.378  4.51158e-020
204.4  4.49136e-020
205.422  4.47071e-020
206.444  4.44963e-020
207.466  4.42811e-020
208.488  4.40616e-020
209.51  4.38375e-020
210.532  4.3609e-020
211.554  4.3376e-020
212.576  4.31384e-020
213.598  4.28962e-020
214.62  4.26493e-020
215.642  4.23977e-020
216.664  4.21414e-020
217.686  4.18803e-020
218.708  4.16144e-020
219.73  4.13436e-020
220.752  4.10679e-020
221.774  4.07873e-020
222.796  4.05018e-020
223.818  4.02112e-020
224.84  3.99156e-020
225.862  3.9615e-020
226.884  3.93092e-020
227.906  3.89984e-020
228.928  3.86823e-020
229.95  3.83611e-020
230.972  3.80347e-020
231.994  3.7703e-020
233.016  3.73661e-020
234.038  3.7024e-020
235.06  3.66765e-020
236.082  3.63238e-020
237.104  3.59657e-020
238.126  3.56023e-020
239.148  3.52336e-020
240.17  3.48595e-020
241.192  3.44801e-020
242.214  3.40954e-020
243.236  3.37053e-020
244.258  3.331e-020
245.28  3.29093e-020
246.302  3.25033e-020
247.324  3.20921e-020
248.346  3.16756e-020
249.368  3.1254e-020
250.39  3.08271e-020
251.412  3.03951e-020
252.434  2.99581e-020
253.456  2.95159e-020
254.478  2.90688e-020
255.5  2.86168e-020
256.522  2.81599e-020
257.544  2.76983e-020
258.566  2.72319e-020
259.588  2.67609e-020
260.61  2.62854e-020
261.632  2.58055e-020
262.654  2.53212e-020
263.676  2.48328e-020
264.698  2.43403e-020
265.72  2.38438e-020
266.742  2.33436e-020
267.764  2.28397e-020
268.786  2.23324e-020
269.808  2.18217e-020
270.83  2.13079e-020
271.852  2.07912e-020
272.874  2.02718e-020
273.896  1.97498e-020
274.918  1.92256e-020
275.94  1.86993e-020
276.962  1.81712e-020
277.984  1.76415e-020
279.006  1.71106e-020
280.028  1.65788e-020
281.05  1.60463e-020
282.072  1.55134e-020
283.094  1.49805e-020
284.116  1.4448e-020
285.138  1.39162e-020
286.16  1.33855e-020
287.182  1.28563e-020
288.204  1.2329e-020
289.226  1.1804e-020
290.248  1.12819e-020
291.27  1.0763e-020
292.292  1.0248e-020
293.314  9.7372e-021
294.336  9.23127e-021
295.358  8.73073e-021
296.38  8.23617e-021
297.402  7.74819e-021
298.424  7.26742e-021
299.446  6.79451e-021
300.468  6.33014e-021
301.49  5.87501e-021
302.512  5.42985e-021
303.534  4.99543e-021
304.556  4.57252e-021
305.578  4.16194e-021
306.6  3.76453e-021
307.622  3.38117e-021
308.644  3.01277e-021
309.666  2.66024e-021
310.688  2.32458e-021
311.71  2.00678e-021
312.732  1.70787e-021
313.754  1.42893e-021
314.776  1.17108e-021
315.798  9.35437e-022
316.82  7.23204e-022
317.842  5.35596e-022
318.864  3.73872e-022
319.886  2.39333e-022
320.908  1.33316e-022
321.93  5.7199e-023
322.952  1.23949e-023
