1.022  5.16037e-020
2.044  5.17861e-020
3.066  5.19675e-020
4.088  5.21478e-020
5.11  5.2327e-020
6.132  5.2505e-020
7.154  5.26818e-020
8.176  5.28573e-020
9.198  5.30316e-020
10.22  5.32045e-020
11.242  5.33761e-020
12.264  5.35464e-020
13.286  5.37155e-020
14.308  5.38833e-020
15.33  5.40499e-020
16.352  5.42154e-020
17.374  5.43797e-020
18.396  5.4543e-020
19.418  5.47053e-020
20.44  5.48665e-020
21.462  5.50267e-020
22.484  5.5186e-020
23.506  5.53444e-020
24.528  5.55019e-020
25.55  5.56584e-020
26.572  5.58141e-020
27.594  5.59688e-020
28.616  5.61227e-020
29.638  5.62757e-020
30.66  5.64279e-020
31.682  5.65791e-020
32.704  5.67295e-020
33.726  5.6879e-020
34.748  5.70276e-020
35.77  5.71753e-020
36.792  5.7322e-020
37.814  5.74679e-020
38.836  5.76128e-020
39.858  5.77567e-020
40.88  5.78996e-020
41.902  5.80416e-020
42.924  5.81826e-020
43.946  5.83225e-020
44.968  5.84614e-020
45.99  5.85992e-020
47.012  5.87359e-020
48.034  5.88716e-020
49.056  5.90061e-020
50.078  5.91395e-020
51.1  5.92717e-020
52.122  5.94028e-020
53.144  5.95327e-020
54.166  5.96613e-020
55.188  5.97887e-020
56.21  5.99148e-020
57.232  6.00397e-020
58.254  6.01632e-020
59.276  6.02855e-020
60.298  6.04063e-020
61.32  6.05259e-020
62.342  6.0644e-020
63.364  6.07607e-020
64.386  6.0876e-020
65.408  6.09899e-020
66.43  6.11023e-020
67.452  6.12132e-020
68.474  6.13226e-020
69.496  6.14305e-020
70.518  6.15369e-020
71.54  6.16417e-020
72.562  6.17449e-020
73.584  6.18465e-020
74.606  6.19464e-020
75.628  6.20448e-020
76.65  6.21414e-020
77.672  6.22364e-020
78.694  6.23297e-020
79.716  6.24213e-020
80.738  6.25112e-020
81.76  6.25993e-020
82.782  6.26856e-020
83.804  6.27702e-020
84.826  6.28529e-020
85.848  6.29338e-020
86.87  6.30129e-020
87.892  6.30901e-020
88.914  6.31655e-020
89.936  6.32389e-020
90.958  6.33105e-020
91.98  6.33801e-020
93.002  6.34478e-020
94.024  6.35135e-020
95.046  6.35773e-020
96.068  6.36391e-020
97.09  6.36988e-020
98.112  6.37566e-020
99.134  6.38123e-020
100.156  6.38659e-020
101.178  6.39175e-020
102.2  6.3967e-020
103.222  6.40144e-020
104.244  6.40596e-020
105.266  6.41028e-020
106.288  6.41438e-020
107.31  6.41826e-020
108.332  6.42193e-020
109.354  6.42537e-020
110.376  6.4286e-020
111.398  6.4316e-020
112.42  6.43438e-020
113.442  6.43693e-020
114.464  6.43926e-020
115.486  6.44136e-020
116.508  6.44322e-020
117.53  6.44486e-020
118.552  6.44626e-020
119.574  6.44743e-020
120.596  6.44836e-020
121.618  6.44906e-020
122.64  6.44951e-020
123.662  6.44973e-020
124.684  6.4497e-020
125.706  6.44943e-020
126.728  6.44891e-020
127.75  6.44814e-020
128.772  6.44713e-020
129.794  6.44586e-020
130.816  6.44434e-020
131.838  6.44257e-020
132.86  6.44054e-020
133.882  6.43826e-020
134.904  6.43571e-020
135.926  6.4329e-020
136.948  6.42984e-020
137.97  6.4265e-020
138.992  6.4229e-020
140.014  6.41903e-020
141.036  6.41489e-020
142.058  6.41048e-020
143.08  6.40579e-020
144.102  6.40083e-020
145.124  6.39559e-020
146.146  6.39006e-020
147.168  6.38426e-020
148.19  6.37817e-020
149.212  6.37179e-020
150.234  6.36512e-020
151.256  6.35816e-020
152.278  6.35091e-020
153.3  6.34336e-020
154.322  6.33551e-020
155.344  6.32736e-020
156.366  6.31891e-020
157.388  6.31015e-020
158.41  6.30107e-020
159.432  6.29169e-020
160.454  6.282e-020
161.476  6.27198e-020
162.498  6.26165e-020
163.52  6.25099e-020
164.542  6.24001e-020
165.564  6.22869e-020
166.586  6.21705e-020
167.608  6.20507e-020
168.63  6.19275e-020
169.652  6.18008e-020
170.674  6.16708e-020
171.696  6.15372e-020
172.718  6.14001e-020
173.74  6.12595e-020
174.762  6.11153e-020
175.784  6.09674e-020
176.806  6.08159e-020
177.828  6.06607e-020
178.85  6.05018e-020
179.872  6.0339e-020
180.894  6.01725e-020
181.916  6.00021e-020
182.938  5.98277e-020
183.96  5.96495e-020
184.982  5.94673e-020
186.004  5.9281e-020
187.026  5.90907e-020
188.048  5.88962e-020
189.07  5.86977e-020
190.092  5.84949e-020
191.114  5.82878e-020
192.136  5.80765e-020
193.158  5.78608e-020
194.18  5.76408e-020
195.202  5.74163e-020
196.224  5.71874e-020
197.246  5.69539e-020
198.268  5.67158e-020
199.29  5.64732e-020
200.312  5.62258e-020
201.334  5.59737e-020
202.356  5.57169e-020
203.378  5.54553e-020
204.4  5.51887e-020
205.422  5.49173e-020
206.444  5.46409e-020
207.466  5.43595e-020
208.488  5.4073e-020
209.51  5.37813e-020
210.532  5.34846e-020
211.554  5.31826e-020
212.576  5.28753e-020
213.598  5.25627e-020
214.62  5.22448e-020
215.642  5.19215e-020
216.664  5.15927e-020
217.686  5.12583e-020
218.708  5.09185e-020
219.73  5.0573e-020
220.752  5.02219e-020
221.774  4.98652e-020
222.796  4.95027e-020
223.818  4.91344e-020
224.84  4.87603e-020
225.862  4.83804e-020
226.884  4.79946e-020
227.906  4.76029e-020
228.928  4.72053e-020
229.95  4.68016e-020
230.972  4.6392e-020
231.994  4.59763e-020
233.016  4.55545e-020
234.038  4.51267e-020
235.06  4.46928e-020
236.082  4.42527e-020
237.104  4.38065e-020
238.126  4.33541e-020
239.148  4.28956e-020
240.17  4.2431e-020
241.192  4.19601e-020
242.214  4.14831e-020
243.236  4.1e-020
244.258  4.05107e-020
245.28  4.00153e-020
246.302  3.95138e-020
247.324  3.90062e-020
248.346  3.84925e-020
249.368  3.79728e-020
250.39  3.74471e-020
251.412  3.69156e-020
252.434  3.63781e-020
253.456  3.58348e-020
254.478  3.52857e-020
255.5  3.4731e-020
256.522  3.41707e-020
257.544  3.36048e-020
258.566  3.30336e-020
259.588  3.2457e-020
260.61  3.18752e-020
261.632  3.12883e-020
262.654  3.06965e-020
263.676  3.00998e-020
264.698  2.94985e-020
265.72  2.88927e-020
266.742  2.82825e-020
267.764  2.76682e-020
268.786  2.70499e-020
269.808  2.64278e-020
270.83  2.58022e-020
271.852  2.51733e-020
272.874  2.45413e-020
273.896  2.39065e-020
274.918  2.32691e-020
275.94  2.26294e-020
276.962  2.19878e-020
277.984  2.13446e-020
279.006  2.07e-020
280.028  2.00544e-020
281.05  1.94082e-020
282.072  1.87618e-020
283.094  1.81155e-020
284.116  1.74699e-020
285.138  1.68253e-020
286.16  1.61821e-020
287.182  1.5541e-020
288.204  1.49023e-020
289.226  1.42665e-020
290.248  1.36344e-020
291.27  1.30063e-020
292.292  1.23829e-020
293.314  1.17649e-020
294.336  1.11528e-020
295.358  1.05473e-020
296.38  9.94917e-021
297.402  9.35908e-021
298.424  8.7778e-021
299.446  8.2061e-021
300.468  7.6448e-021
301.49  7.09475e-021
302.512  6.55682e-021
303.534  6.03191e-021
304.556  5.52098e-021
305.578  5.02499e-021
306.6  4.54496e-021
307.622  4.08195e-021
308.644  3.63703e-021
309.666  3.21134e-021
310.688  2.80603e-021
311.71  2.42232e-021
312.732  2.06145e-021
313.754  1.72471e-021
314.776  1.41343e-021
315.798  1.129e-021
316.82  8.72824e-022
317.842  6.46387e-022
318.864  4.512e-022
319.886  2.88828e-022
320.908  1.60883e-022
321.93  6.90253e-023
322.952  1.49574e-023
