1.022  7.46728e-020
2.044  7.48084e-020
3.066  7.49433e-020
4.088  7.50774e-020
5.11  7.52107e-020
6.132  7.53431e-020
7.154  7.54745e-020
8.176  7.56048e-020
9.198  7.5734e-020
10.22  7.58621e-020
11.242  7.5989e-020
12.264  7.61148e-020
13.286  7.62396e-020
14.308  7.63633e-020
15.33  7.6486e-020
16.352  7.66079e-020
17.374  7.67288e-020
18.396  7.6849e-020
19.418  7.69683e-020
20.44  7.7087e-020
21.462  7.72049e-020
22.484  7.73221e-020
23.506  7.74388e-020
24.528  7.75548e-020
25.55  7.76702e-020
26.572  7.7785e-020
27.594  7.78992e-020
28.616  7.80128e-020
29.638  7.81259e-020
30.66  7.82384e-020
31.682  7.83502e-020
32.704  7.84615e-020
33.726  7.85721e-020
34.748  7.86821e-020
35.77  7.87915e-020
36.792  7.89002e-020
37.814  7.90082e-020
38.836  7.91154e-020
39.858  7.9222e-020
40.88  7.93278e-020
41.902  7.94328e-020
42.924  7.95369e-020
43.946  7.96403e-020
44.968  7.97428e-020
45.99  7.98443e-020
47.012  7.9945e-020
48.034  8.00447e-020
49.056  8.01434e-020
50.078  8.02411e-020
51.1  8.03378e-020
52.122  8.04334e-020
53.144  8.05279e-020
54.166  8.06213e-020
55.188  8.07135e-020
56.21  8.08045e-020
57.232  8.08943e-020
58.254  8.09829e-020
59.276  8.10701e-020
60.298  8.11561e-020
61.32  8.12407e-020
62.342  8.1324e-020
63.364  8.14058e-020
64.386  8.14863e-020
65.408  8.15652e-020
66.43  8.16427e-020
67.452  8.17187e-020
68.474  8.17932e-020
69.496  8.18661e-020
70.518  8.19374e-020
71.54  8.2007e-020
72.562  8.20751e-020
73.584  8.21414e-020
74.606  8.22061e-020
75.628  8.2269e-020
76.65  8.23302e-020
77.672  8.23896e-020
78.694  8.24472e-020
79.716  8.2503e-020
80.738  8.25569e-020
81.76  8.26089e-020
82.782  8.2659e-020
83.804  8.27072e-020
84.826  8.27535e-020
85.848  8.27978e-020
86.87  8.28401e-020
87.892  8.28803e-020
88.914  8.29186e-020
89.936  8.29547e-020
90.958  8.29888e-020
91.98  8.30207e-020
93.002  8.30506e-020
94.024  8.30782e-020
95.046  8.31037e-020
96.068  8.3127e-020
97.09  8.31481e-020
98.112  8.31669e-020
99.134  8.31835e-020
100.156  8.31978e-020
101.178  8.32098e-020
102.2  8.32194e-020
103.222  8.32268e-020
104.244  8.32317e-020
105.266  8.32343e-020
106.288  8.32345e-020
107.31  8.32322e-020
108.332  8.32275e-020
109.354  8.32203e-020
110.376  8.32107e-020
111.398  8.31985e-020
112.42  8.31839e-020
113.442  8.31667e-020
114.464  8.31469e-020
115.486  8.31245e-020
116.508  8.30996e-020
117.53  8.3072e-020
118.552  8.30418e-020
119.574  8.3009e-020
120.596  8.29734e-020
121.618  8.29352e-020
122.64  8.28942e-020
123.662  8.28506e-020
124.684  8.28041e-020
125.706  8.27549e-020
126.728  8.27029e-020
127.75  8.26481e-020
128.772  8.25904e-020
129.794  8.25299e-020
130.816  8.24665e-020
131.838  8.24002e-020
132.86  8.2331e-020
133.882  8.22589e-020
134.904  8.21838e-020
135.926  8.21057e-020
136.948  8.20246e-020
137.97  8.19405e-020
138.992  8.18534e-020
140.014  8.17632e-020
141.036  8.16699e-020
142.058  8.15734e-020
143.08  8.14739e-020
144.102  8.13711e-020
145.124  8.12652e-020
146.146  8.11561e-020
147.168  8.10437e-020
148.19  8.09281e-020
149.212  8.08091e-020
150.234  8.06869e-020
151.256  8.05613e-020
152.278  8.04323e-020
153.3  8.03e-020
154.322  8.01642e-020
155.344  8.00249e-020
156.366  7.98822e-020
157.388  7.97359e-020
158.41  7.95861e-020
159.432  7.94327e-020
160.454  7.92757e-020
161.476  7.91151e-020
162.498  7.89507e-020
163.52  7.87827e-020
164.542  7.86109e-020
165.564  7.84353e-020
166.586  7.82559e-020
167.608  7.80727e-020
168.63  7.78856e-020
169.652  7.76945e-020
170.674  7.74994e-020
171.696  7.73004e-020
172.718  7.70973e-020
173.74  7.68901e-020
174.762  7.66787e-020
175.784  7.64632e-020
176.806  7.62435e-020
177.828  7.60195e-020
178.85  7.57912e-020
179.872  7.55585e-020
180.894  7.53214e-020
181.916  7.50799e-020
182.938  7.48339e-020
183.96  7.45834e-020
184.982  7.43282e-020
186.004  7.40685e-020
187.026  7.3804e-020
188.048  7.35348e-020
189.07  7.32607e-020
190.092  7.29819e-020
191.114  7.26981e-020
192.136  7.24094e-020
193.158  7.21157e-020
194.18  7.18169e-020
195.202  7.15129e-020
196.224  7.12038e-020
197.246  7.08895e-020
198.268  7.05699e-020
199.29  7.02449e-020
200.312  6.99146e-020
201.334  6.95787e-020
202.356  6.92374e-020
203.378  6.88904e-020
204.4  6.85379e-020
205.422  6.81796e-020
206.444  6.78156e-020
207.466  6.74457e-020
208.488  6.707e-020
209.51  6.66884e-020
210.532  6.63007e-020
211.554  6.5907e-020
212.576  6.55072e-020
213.598  6.51012e-020
214.62  6.4689e-020
215.642  6.42706e-020
216.664  6.38457e-020
217.686  6.34145e-020
218.708  6.29769e-020
219.73  6.25327e-020
220.752  6.2082e-020
221.774  6.16247e-020
222.796  6.11607e-020
223.818  6.069e-020
224.84  6.02125e-020
225.862  5.97283e-020
226.884  5.92372e-020
227.906  5.87392e-020
228.928  5.82343e-020
229.95  5.77224e-020
230.972  5.72036e-020
231.994  5.66777e-020
233.016  5.61447e-020
234.038  5.56046e-020
235.06  5.50575e-020
236.082  5.45032e-020
237.104  5.39417e-020
238.126  5.3373e-020
239.148  5.27972e-020
240.17  5.22142e-020
241.192  5.1624e-020
242.214  5.10267e-020
243.236  5.04221e-020
244.258  4.98104e-020
245.28  4.91915e-020
246.302  4.85655e-020
247.324  4.79324e-020
248.346  4.72923e-020
249.368  4.66451e-020
250.39  4.5991e-020
251.412  4.53299e-020
252.434  4.4662e-020
253.456  4.39873e-020
254.478  4.33059e-020
255.5  4.26179e-020
256.522  4.19234e-020
257.544  4.12224e-020
258.566  4.05152e-020
259.588  3.98017e-020
260.61  3.90822e-020
261.632  3.83568e-020
262.654  3.76257e-020
263.676  3.68889e-020
264.698  3.61468e-020
265.72  3.53994e-020
266.742  3.4647e-020
267.764  3.38899e-020
268.786  3.31281e-020
269.808  3.23621e-020
270.83  3.15919e-020
271.852  3.0818e-020
272.874  3.00406e-020
273.896  2.926e-020
274.918  2.84766e-020
275.94  2.76906e-020
276.962  2.69025e-020
277.984  2.61126e-020
279.006  2.53213e-020
280.028  2.4529e-020
281.05  2.37363e-020
282.072  2.29434e-020
283.094  2.2151e-020
284.116  2.13595e-020
285.138  2.05694e-020
286.16  1.97814e-020
287.182  1.8996e-020
288.204  1.82137e-020
289.226  1.74353e-020
290.248  1.66614e-020
291.27  1.58927e-020
292.292  1.51298e-020
293.314  1.43736e-020
294.336  1.36248e-020
295.358  1.28843e-020
296.38  1.21528e-020
297.402  1.14313e-020
298.424  1.07206e-020
299.446  1.00218e-020
300.468  9.33578e-021
301.49  8.66357e-021
302.512  8.00626e-021
303.534  7.36495e-021
304.556  6.74077e-021
305.578  6.13491e-021
306.6  5.54861e-021
307.622  4.98313e-021
308.644  4.43981e-021
309.666  3.92e-021
310.688  3.42513e-021
311.71  2.95665e-021
312.732  2.51609e-021
313.754  2.10502e-021
314.776  1.72505e-021
315.798  1.37787e-021
316.82  1.0652e-021
317.842  7.88836e-022
318.864  5.50622e-022
319.886  3.52464e-022
320.908  1.96326e-022
321.93  8.42303e-023
322.952  1.82519e-023
