1.022  3.53169e-020
2.044  3.47465e-020
3.066  3.41841e-020
4.088  3.36296e-020
5.11  3.30828e-020
6.132  3.25437e-020
7.154  3.20121e-020
8.176  3.14879e-020
9.198  3.09711e-020
10.22  3.04615e-020
11.242  2.99591e-020
12.264  2.94638e-020
13.286  2.89756e-020
14.308  2.84944e-020
15.33  2.80201e-020
16.352  2.75527e-020
17.374  2.70922e-020
18.396  2.66384e-020
19.418  2.61914e-020
20.44  2.57511e-020
21.462  2.53173e-020
22.484  2.48901e-020
23.506  2.44693e-020
24.528  2.4055e-020
25.55  2.36469e-020
26.572  2.32452e-020
27.594  2.28496e-020
28.616  2.24601e-020
29.638  2.20766e-020
30.66  2.16992e-020
31.682  2.13276e-020
32.704  2.09618e-020
33.726  2.06018e-020
34.748  2.02474e-020
35.77  1.98986e-020
36.792  1.95553e-020
37.814  1.92175e-020
38.836  1.88851e-020
39.858  1.8558e-020
40.88  1.8236e-020
41.902  1.79193e-020
42.924  1.76077e-020
43.946  1.7301e-020
44.968  1.69994e-020
45.99  1.67026e-020
47.012  1.64107e-020
48.034  1.61235e-020
49.056  1.5841e-020
50.078  1.55632e-020
51.1  1.52899e-020
52.122  1.50211e-020
53.144  1.47568e-020
54.166  1.44969e-020
55.188  1.42413e-020
56.21  1.399e-020
57.232  1.37429e-020
58.254  1.35e-020
59.276  1.32612e-020
60.298  1.30264e-020
61.32  1.27957e-020
62.342  1.25689e-020
63.364  1.2346e-020
64.386  1.21269e-020
65.408  1.19116e-020
66.43  1.17001e-020
67.452  1.14923e-020
68.474  1.12881e-020
69.496  1.10876e-020
70.518  1.08906e-020
71.54  1.06971e-020
72.562  1.0507e-020
73.584  1.03204e-020
74.606  1.01372e-020
75.628  9.95726e-021
76.65  9.78065e-021
77.672  9.60728e-021
78.694  9.43712e-021
79.716  9.27013e-021
80.738  9.10627e-021
81.76  8.94549e-021
82.782  8.78776e-021
83.804  8.63304e-021
84.826  8.48129e-021
85.848  8.33247e-021
86.87  8.18655e-021
87.892  8.04349e-021
88.914  7.90325e-021
89.936  7.7658e-021
90.958  7.6311e-021
91.98  7.49912e-021
93.002  7.36982e-021
94.024  7.24317e-021
95.046  7.11914e-021
96.068  6.99769e-021
97.09  6.87879e-021
98.112  6.76241e-021
99.134  6.64852e-021
100.156  6.53708e-021
101.178  6.42806e-021
102.2  6.32144e-021
103.222  6.21718e-021
104.244  6.11525e-021
105.266  6.01562e-021
106.288  5.91826e-021
107.31  5.82315e-021
108.332  5.73026e-021
109.354  5.63955e-021
110.376  5.55099e-021
111.398  5.46457e-021
112.42  5.38025e-021
113.442  5.298e-021
114.464  5.2178e-021
115.486  5.13962e-021
116.508  5.06343e-021
117.53  4.98921e-021
118.552  4.91693e-021
119.574  4.84656e-021
120.596  4.77808e-021
121.618  4.71147e-021
122.64  4.64669e-021
123.662  4.58372e-021
124.684  4.52253e-021
125.706  4.46311e-021
126.728  4.40543e-021
127.75  4.34946e-021
128.772  4.29517e-021
129.794  4.24255e-021
130.816  4.19156e-021
131.838  4.14219e-021
132.86  4.09441e-021
133.882  4.04819e-021
134.904  4.00352e-021
135.926  3.96036e-021
136.948  3.91871e-021
137.97  3.87852e-021
138.992  3.83978e-021
140.014  3.80246e-021
141.036  3.76655e-021
142.058  3.73201e-021
143.08  3.69883e-021
144.102  3.66698e-021
145.124  3.63644e-021
146.146  3.60718e-021
147.168  3.57919e-021
148.19  3.55243e-021
149.212  3.5269e-021
150.234  3.50255e-021
151.256  3.47938e-021
152.278  3.45735e-021
153.3  3.43646e-021
154.322  3.41666e-021
155.344  3.39794e-021
156.366  3.38028e-021
157.388  3.36365e-021
158.41  3.34803e-021
159.432  3.33341e-021
160.454  3.31974e-021
161.476  3.30702e-021
162.498  3.29522e-021
163.52  3.28431e-021
164.542  3.27427e-021
165.564  3.26509e-021
166.586  3.25673e-021
167.608  3.24918e-021
168.63  3.2424e-021
169.652  3.23638e-021
170.674  3.2311e-021
171.696  3.22653e-021
172.718  3.22264e-021
173.74  3.21942e-021
174.762  3.21683e-021
175.784  3.21486e-021
176.806  3.21349e-021
177.828  3.21268e-021
178.85  3.21242e-021
179.872  3.21268e-021
180.894  3.21343e-021
181.916  3.21466e-021
182.938  3.21633e-021
183.96  3.21843e-021
184.982  3.22093e-021
186.004  3.22381e-021
187.026  3.22704e-021
188.048  3.23059e-021
189.07  3.23445e-021
190.092  3.23858e-021
191.114  3.24297e-021
192.136  3.24758e-021
193.158  3.2524e-021
194.18  3.2574e-021
195.202  3.26254e-021
196.224  3.26782e-021
197.246  3.2732e-021
198.268  3.27866e-021
199.29  3.28417e-021
200.312  3.28971e-021
201.334  3.29526e-021
202.356  3.30078e-021
203.378  3.30625e-021
204.4  3.31165e-021
205.422  3.31695e-021
206.444  3.32213e-021
207.466  3.32715e-021
208.488  3.33201e-021
209.51  3.33666e-021
210.532  3.34109e-021
211.554  3.34526e-021
212.576  3.34916e-021
213.598  3.35277e-021
214.62  3.35604e-021
215.642  3.35896e-021
216.664  3.36151e-021
217.686  3.36366e-021
218.708  3.36538e-021
219.73  3.36665e-021
220.752  3.36745e-021
221.774  3.36775e-021
222.796  3.36752e-021
223.818  3.36675e-021
224.84  3.36541e-021
225.862  3.36347e-021
226.884  3.36091e-021
227.906  3.35771e-021
228.928  3.35385e-021
229.95  3.3493e-021
230.972  3.34404e-021
231.994  3.33805e-021
233.016  3.33131e-021
234.038  3.32379e-021
235.06  3.31548e-021
236.082  3.30635e-021
237.104  3.29639e-021
238.126  3.28557e-021
239.148  3.27388e-021
240.17  3.26129e-021
241.192  3.24779e-021
242.214  3.23337e-021
243.236  3.21799e-021
244.258  3.20166e-021
245.28  3.18434e-021
246.302  3.16604e-021
247.324  3.14673e-021
248.346  3.12639e-021
249.368  3.10503e-021
250.39  3.08261e-021
251.412  3.05915e-021
252.434  3.03461e-021
253.456  3.009e-021
254.478  2.98231e-021
255.5  2.95453e-021
256.522  2.92565e-021
257.544  2.89567e-021
258.566  2.86459e-021
259.588  2.8324e-021
260.61  2.7991e-021
261.632  2.76469e-021
262.654  2.72917e-021
263.676  2.69255e-021
264.698  2.65483e-021
265.72  2.61602e-021
266.742  2.57612e-021
267.764  2.53515e-021
268.786  2.49311e-021
269.808  2.45002e-021
270.83  2.40589e-021
271.852  2.36074e-021
272.874  2.31458e-021
273.896  2.26745e-021
274.918  2.21935e-021
275.94  2.17032e-021
276.962  2.12038e-021
277.984  2.06956e-021
279.006  2.0179e-021
280.028  1.96543e-021
281.05  1.91218e-021
282.072  1.8582e-021
283.094  1.80353e-021
284.116  1.74821e-021
285.138  1.69229e-021
286.16  1.63583e-021
287.182  1.57888e-021
288.204  1.5215e-021
289.226  1.46374e-021
290.248  1.40568e-021
291.27  1.34738e-021
292.292  1.28891e-021
293.314  1.23035e-021
294.336  1.17179e-021
295.358  1.1133e-021
296.38  1.05497e-021
297.402  9.9689e-022
298.424  9.39166e-022
299.446  8.81894e-022
300.468  8.2518e-022
301.49  7.69135e-022
302.512  7.13875e-022
303.534  6.59521e-022
304.556  6.06198e-022
305.578  5.54039e-022
306.6  5.0318e-022
307.622  4.53763e-022
308.644  4.05937e-022
309.666  3.59856e-022
310.688  3.15681e-022
311.71  2.73579e-022
312.732  2.33723e-022
313.754  1.96292e-022
314.776  1.61474e-022
315.798  1.29463e-022
316.82  1.00458e-022
317.842  7.46692e-023
318.864  5.23107e-023
319.886  3.36059e-023
320.908  1.87856e-023
321.93  8.08809e-024
322.952  1.75873e-024
