1.022  3.30961e-021
2.044  3.40473e-021
3.066  3.50072e-021
4.088  3.59756e-021
5.11  3.69525e-021
6.132  3.79376e-021
7.154  3.89307e-021
8.176  3.99317e-021
9.198  4.09403e-021
10.22  4.19564e-021
11.242  4.29799e-021
12.264  4.40105e-021
13.286  4.50483e-021
14.308  4.6093e-021
15.33  4.71446e-021
16.352  4.82028e-021
17.374  4.92677e-021
18.396  5.03391e-021
19.418  5.14168e-021
20.44  5.25009e-021
21.462  5.35911e-021
22.484  5.46874e-021
23.506  5.57896e-021
24.528  5.68976e-021
25.55  5.80114e-021
26.572  5.91307e-021
27.594  6.02555e-021
28.616  6.13857e-021
29.638  6.25211e-021
30.66  6.36617e-021
31.682  6.48071e-021
32.704  6.59575e-021
33.726  6.71126e-021
34.748  6.82722e-021
35.77  6.94364e-021
36.792  7.06048e-021
37.814  7.17775e-021
38.836  7.29542e-021
39.858  7.41348e-021
40.88  7.53193e-021
41.902  7.65073e-021
42.924  7.7699e-021
43.946  7.88939e-021
44.968  8.00922e-021
45.99  8.12935e-021
47.012  8.24978e-021
48.034  8.37049e-021
49.056  8.49148e-021
50.078  8.61271e-021
51.1  8.73419e-021
52.122  8.8559e-021
53.144  8.97782e-021
54.166  9.09993e-021
55.188  9.22224e-021
56.21  9.34471e-021
57.232  9.46734e-021
58.254  9.59012e-021
59.276  9.71303e-021
60.298  9.83605e-021
61.32  9.95918e-021
62.342  1.00824e-020
63.364  1.02057e-020
64.386  1.0329e-020
65.408  1.04524e-020
66.43  1.05759e-020
67.452  1.06993e-020
68.474  1.08228e-020
69.496  1.09463e-020
70.518  1.10697e-020
71.54  1.11931e-020
72.562  1.13165e-020
73.584  1.14398e-020
74.606  1.1563e-020
75.628  1.16862e-020
76.65  1.18093e-020
77.672  1.19322e-020
78.694  1.2055e-020
79.716  1.21777e-020
80.738  1.23003e-020
81.76  1.24227e-020
82.782  1.25449e-020
83.804  1.26669e-020
84.826  1.27887e-020
85.848  1.29103e-020
86.87  1.30317e-020
87.892  1.31529e-020
88.914  1.32738e-020
89.936  1.33945e-020
90.958  1.35148e-020
91.98  1.36349e-020
93.002  1.37547e-020
94.024  1.38742e-020
95.046  1.39934e-020
96.068  1.41123e-020
97.09  1.42308e-020
98.112  1.43489e-020
99.134  1.44667e-020
100.156  1.45841e-020
101.178  1.47011e-020
102.2  1.48177e-020
103.222  1.49338e-020
104.244  1.50496e-020
105.266  1.51649e-020
106.288  1.52798e-020
107.31  1.53942e-020
108.332  1.55081e-020
109.354  1.56215e-020
110.376  1.57344e-020
111.398  1.58468e-020
112.42  1.59587e-020
113.442  1.60701e-020
114.464  1.61809e-020
115.486  1.62911e-020
116.508  1.64008e-020
117.53  1.65098e-020
118.552  1.66183e-020
119.574  1.67261e-020
120.596  1.68334e-020
121.618  1.69399e-020
122.64  1.70459e-020
123.662  1.71511e-020
124.684  1.72557e-020
125.706  1.73596e-020
126.728  1.74627e-020
127.75  1.75652e-020
128.772  1.76669e-020
129.794  1.77678e-020
130.816  1.7868e-020
131.838  1.79674e-020
132.86  1.8066e-020
133.882  1.81638e-020
134.904  1.82608e-020
135.926  1.83569e-020
136.948  1.84521e-020
137.97  1.85465e-020
138.992  1.864e-020
140.014  1.87325e-020
141.036  1.88241e-020
142.058  1.89148e-020
143.08  1.90045e-020
144.102  1.90933e-020
145.124  1.9181e-020
146.146  1.92677e-020
147.168  1.93534e-020
148.19  1.9438e-020
149.212  1.95215e-020
150.234  1.96039e-020
151.256  1.96852e-020
152.278  1.97654e-020
153.3  1.98444e-020
154.322  1.99222e-020
155.344  1.99988e-020
156.366  2.00742e-020
157.388  2.01483e-020
158.41  2.02211e-020
159.432  2.02926e-020
160.454  2.03628e-020
161.476  2.04316e-020
162.498  2.04991e-020
163.52  2.05651e-020
164.542  2.06297e-020
165.564  2.06929e-020
166.586  2.07545e-020
167.608  2.08147e-020
168.63  2.08733e-020
169.652  2.09303e-020
170.674  2.09857e-020
171.696  2.10395e-020
172.718  2.10916e-020
173.74  2.1142e-020
174.762  2.11907e-020
175.784  2.12376e-020
176.806  2.12828e-020
177.828  2.13261e-020
178.85  2.13675e-020
179.872  2.1407e-020
180.894  2.14447e-020
181.916  2.14803e-020
182.938  2.15139e-020
183.96  2.15455e-020
184.982  2.1575e-020
186.004  2.16024e-020
187.026  2.16276e-020
188.048  2.16507e-020
189.07  2.16715e-020
190.092  2.169e-020
191.114  2.17062e-020
192.136  2.17201e-020
193.158  2.17316e-020
194.18  2.17406e-020
195.202  2.17471e-020
196.224  2.17512e-020
197.246  2.17526e-020
198.268  2.17515e-020
199.29  2.17476e-020
200.312  2.17411e-020
201.334  2.17319e-020
202.356  2.17198e-020
203.378  2.1705e-020
204.4  2.16872e-020
205.422  2.16666e-020
206.444  2.16429e-020
207.466  2.16163e-020
208.488  2.15865e-020
209.51  2.15537e-020
210.532  2.15177e-020
211.554  2.14786e-020
212.576  2.14361e-020
213.598  2.13904e-020
214.62  2.13413e-020
215.642  2.12889e-020
216.664  2.1233e-020
217.686  2.11737e-020
218.708  2.11108e-020
219.73  2.10443e-020
220.752  2.09743e-020
221.774  2.09005e-020
222.796  2.08231e-020
223.818  2.07419e-020
224.84  2.0657e-020
225.862  2.05682e-020
226.884  2.04755e-020
227.906  2.0379e-020
228.928  2.02784e-020
229.95  2.01739e-020
230.972  2.00654e-020
231.994  1.99528e-020
233.016  1.98361e-020
234.038  1.97152e-020
235.06  1.95902e-020
236.082  1.9461e-020
237.104  1.93276e-020
238.126  1.91899e-020
239.148  1.90479e-020
240.17  1.89016e-020
241.192  1.8751e-020
242.214  1.8596e-020
243.236  1.84367e-020
244.258  1.8273e-020
245.28  1.81049e-020
246.302  1.79324e-020
247.324  1.77555e-020
248.346  1.75742e-020
249.368  1.73885e-020
250.39  1.71983e-020
251.412  1.70038e-020
252.434  1.68048e-020
253.456  1.66015e-020
254.478  1.63937e-020
255.5  1.61817e-020
256.522  1.59653e-020
257.544  1.57446e-020
258.566  1.55196e-020
259.588  1.52904e-020
260.61  1.5057e-020
261.632  1.48195e-020
262.654  1.45779e-020
263.676  1.43323e-020
264.698  1.40828e-020
265.72  1.38293e-020
266.742  1.35721e-020
267.764  1.33111e-020
268.786  1.30465e-020
269.808  1.27783e-020
270.83  1.25067e-020
271.852  1.22318e-020
272.874  1.19538e-020
273.896  1.16726e-020
274.918  1.13885e-020
275.94  1.11016e-020
276.962  1.08121e-020
277.984  1.05201e-020
279.006  1.02259e-020
280.028  9.92948e-021
281.05  9.63118e-021
282.072  9.33117e-021
283.094  9.02965e-021
284.116  8.72687e-021
285.138  8.42304e-021
286.16  8.11844e-021
287.182  7.8133e-021
288.204  7.50792e-021
289.226  7.20259e-021
290.248  6.89759e-021
291.27  6.59325e-021
292.292  6.28989e-021
293.314  5.98787e-021
294.336  5.68754e-021
295.358  5.38928e-021
296.38  5.09347e-021
297.402  4.80054e-021
298.424  4.5109e-021
299.446  4.225e-021
300.468  3.9433e-021
301.49  3.66627e-021
302.512  3.39443e-021
303.534  3.12829e-021
304.556  2.86838e-021
305.578  2.61527e-021
306.6  2.36954e-021
307.622  2.1318e-021
308.644  1.90266e-021
309.666  1.68278e-021
310.688  1.47284e-021
311.71  1.27352e-021
312.732  1.08555e-021
313.754  9.09682e-022
314.776  7.46684e-022
315.798  5.97358e-022
316.82  4.62532e-022
317.842  3.43062e-022
318.864  2.39831e-022
319.886  1.53754e-022
320.908  8.57708e-023
321.93  3.6853e-023
322.952  7.99737e-024
