1.022  1.86358e-020
2.044  1.88884e-020
3.066  1.91398e-020
4.088  1.93902e-020
5.11  1.96395e-020
6.132  1.98876e-020
7.154  2.01347e-020
8.176  2.03806e-020
9.198  2.06253e-020
10.22  2.08689e-020
11.242  2.11113e-020
12.264  2.13526e-020
13.286  2.15927e-020
14.308  2.18317e-020
15.33  2.20696e-020
16.352  2.23064e-020
17.374  2.25422e-020
18.396  2.27769e-020
19.418  2.30106e-020
20.44  2.32433e-020
21.462  2.34749e-020
22.484  2.37056e-020
23.506  2.39353e-020
24.528  2.41641e-020
25.55  2.43919e-020
26.572  2.46187e-020
27.594  2.48447e-020
28.616  2.50696e-020
29.638  2.52937e-020
30.66  2.55169e-020
31.682  2.57391e-020
32.704  2.59604e-020
33.726  2.61808e-020
34.748  2.64003e-020
35.77  2.66188e-020
36.792  2.68365e-020
37.814  2.70532e-020
38.836  2.7269e-020
39.858  2.74838e-020
40.88  2.76978e-020
41.902  2.79108e-020
42.924  2.81228e-020
43.946  2.83339e-020
44.968  2.8544e-020
45.99  2.87532e-020
47.012  2.89614e-020
48.034  2.91686e-020
49.056  2.93749e-020
50.078  2.95801e-020
51.1  2.97843e-020
52.122  2.99876e-020
53.144  3.01898e-020
54.166  3.03909e-020
55.188  3.05911e-020
56.21  3.07902e-020
57.232  3.09882e-020
58.254  3.11852e-020
59.276  3.1381e-020
60.298  3.15758e-020
61.32  3.17695e-020
62.342  3.19621e-020
63.364  3.21536e-020
64.386  3.2344e-020
65.408  3.25332e-020
66.43  3.27212e-020
67.452  3.29081e-020
68.474  3.30939e-020
69.496  3.32784e-020
70.518  3.34618e-020
71.54  3.36439e-020
72.562  3.38249e-020
73.584  3.40046e-020
74.606  3.41831e-020
75.628  3.43604e-020
76.65  3.45364e-020
77.672  3.47111e-020
78.694  3.48846e-020
79.716  3.50568e-020
80.738  3.52276e-020
81.76  3.53972e-020
82.782  3.55655e-020
83.804  3.57324e-020
84.826  3.5898e-020
85.848  3.60622e-020
86.87  3.62251e-020
87.892  3.63866e-020
88.914  3.65467e-020
89.936  3.67055e-020
90.958  3.68628e-020
91.98  3.70188e-020
93.002  3.71733e-020
94.024  3.73263e-020
95.046  3.7478e-020
96.068  3.76281e-020
97.09  3.77768e-020
98.112  3.79241e-020
99.134  3.80698e-020
100.156  3.82141e-020
101.178  3.83568e-020
102.2  3.8498e-020
103.222  3.86377e-020
104.244  3.87759e-020
105.266  3.89125e-020
106.288  3.90476e-020
107.31  3.9181e-020
108.332  3.93129e-020
109.354  3.94432e-020
110.376  3.95719e-020
111.398  3.9699e-020
112.42  3.98244e-020
113.442  3.99482e-020
114.464  4.00704e-020
115.486  4.01908e-020
116.508  4.03096e-020
117.53  4.04268e-020
118.552  4.05422e-020
119.574  4.06559e-020
120.596  4.07679e-020
121.618  4.08781e-020
122.64  4.09866e-020
123.662  4.10933e-020
124.684  4.11982e-020
125.706  4.13014e-020
126.728  4.14027e-020
127.75  4.15022e-020
128.772  4.15999e-020
129.794  4.16957e-020
130.816  4.17896e-020
131.838  4.18817e-020
132.86  4.19719e-020
133.882  4.20601e-020
134.904  4.21464e-020
135.926  4.22308e-020
136.948  4.23132e-020
137.97  4.23936e-020
138.992  4.2472e-020
140.014  4.25484e-020
141.036  4.26227e-020
142.058  4.2695e-020
143.08  4.27652e-020
144.102  4.28333e-020
145.124  4.28992e-020
146.146  4.2963e-020
147.168  4.30247e-020
148.19  4.30841e-020
149.212  4.31414e-020
150.234  4.31964e-020
151.256  4.32491e-020
152.278  4.32996e-020
153.3  4.33477e-020
154.322  4.33935e-020
155.344  4.34369e-020
156.366  4.34779e-020
157.388  4.35165e-020
158.41  4.35527e-020
159.432  4.35863e-020
160.454  4.36175e-020
161.476  4.36461e-020
162.498  4.36721e-020
163.52  4.36955e-020
164.542  4.37163e-020
165.564  4.37343e-020
166.586  4.37497e-020
167.608  4.37623e-020
168.63  4.37722e-020
169.652  4.37792e-020
170.674  4.37833e-020
171.696  4.37845e-020
172.718  4.37828e-020
173.74  4.37781e-020
174.762  4.37704e-020
175.784  4.37597e-020
176.806  4.37458e-020
177.828  4.37287e-020
178.85  4.37085e-020
179.872  4.3685e-020
180.894  4.36582e-020
181.916  4.36281e-020
182.938  4.35946e-020
183.96  4.35576e-020
184.982  4.35172e-020
186.004  4.34732e-020
187.026  4.34256e-020
188.048  4.33744e-020
189.07  4.33195e-020
190.092  4.32608e-020
191.114  4.31984e-020
192.136  4.3132e-020
193.158  4.30618e-020
194.18  4.29876e-020
195.202  4.29093e-020
196.224  4.2827e-020
197.246  4.27405e-020
198.268  4.26498e-020
199.29  4.25548e-020
200.312  4.24555e-020
201.334  4.23518e-020
202.356  4.22436e-020
203.378  4.2131e-020
204.4  4.20137e-020
205.422  4.18918e-020
206.444  4.17652e-020
207.466  4.16339e-020
208.488  4.14976e-020
209.51  4.13565e-020
210.532  4.12105e-020
211.554  4.10594e-020
212.576  4.09032e-020
213.598  4.07418e-020
214.62  4.05753e-020
215.642  4.04034e-020
216.664  4.02262e-020
217.686  4.00436e-020
218.708  3.98555e-020
219.73  3.96618e-020
220.752  3.94626e-020
221.774  3.92577e-020
222.796  3.9047e-020
223.818  3.88306e-020
224.84  3.86083e-020
225.862  3.83802e-020
226.884  3.81461e-020
227.906  3.79059e-020
228.928  3.76597e-020
229.95  3.74074e-020
230.972  3.71489e-020
231.994  3.68842e-020
233.016  3.66132e-020
234.038  3.63359e-020
235.06  3.60523e-020
236.082  3.57622e-020
237.104  3.54657e-020
238.126  3.51628e-020
239.148  3.48533e-020
240.17  3.45374e-020
241.192  3.42148e-020
242.214  3.38857e-020
243.236  3.355e-020
244.258  3.32077e-020
245.28  3.28587e-020
246.302  3.25032e-020
247.324  3.2141e-020
248.346  3.17721e-020
249.368  3.13967e-020
250.39  3.10146e-020
251.412  3.0626e-020
252.434  3.02308e-020
253.456  2.9829e-020
254.478  2.94208e-020
255.5  2.90061e-020
256.522  2.85849e-020
257.544  2.81575e-020
258.566  2.77237e-020
259.588  2.72838e-020
260.61  2.68377e-020
261.632  2.63855e-020
262.654  2.59274e-020
263.676  2.54635e-020
264.698  2.49938e-020
265.72  2.45186e-020
266.742  2.40378e-020
267.764  2.35518e-020
268.786  2.30606e-020
269.808  2.25644e-020
270.83  2.20634e-020
271.852  2.15577e-020
272.874  2.10477e-020
273.896  2.05335e-020
274.918  2.00153e-020
275.94  1.94933e-020
276.962  1.8968e-020
277.984  1.84394e-020
279.006  1.7908e-020
280.028  1.7374e-020
281.05  1.68378e-020
282.072  1.62996e-020
283.094  1.576e-020
284.116  1.52191e-020
285.138  1.46775e-020
286.16  1.41355e-020
287.182  1.35936e-020
288.204  1.30523e-020
289.226  1.2512e-020
290.248  1.19732e-020
291.27  1.14365e-020
292.292  1.09024e-020
293.314  1.03715e-020
294.336  9.84437e-021
295.358  9.32166e-021
296.38  8.804e-021
297.402  8.29208e-021
298.424  7.78662e-021
299.446  7.28834e-021
300.468  6.79802e-021
301.49  6.31645e-021
302.512  5.84445e-021
303.534  5.38291e-021
304.556  4.9327e-021
305.578  4.49475e-021
306.6  4.07004e-021
307.622  3.65957e-021
308.644  3.26436e-021
309.666  2.88551e-021
310.688  2.52412e-021
311.71  2.18135e-021
312.732  1.8584e-021
313.754  1.5565e-021
314.776  1.27695e-021
315.798  1.02106e-021
316.82  7.90205e-022
317.842  5.8581e-022
318.864  4.09336e-022
319.886  2.62297e-022
320.908  1.46253e-022
321.93  6.28111e-023
322.952  1.36243e-023
