1.022  4.90857e-020
2.044  4.93586e-020
3.066  4.96298e-020
4.088  4.98993e-020
5.11  5.01671e-020
6.132  5.04331e-020
7.154  5.06974e-020
8.176  5.09597e-020
9.198  5.12203e-020
10.22  5.14789e-020
11.242  5.17357e-020
12.264  5.19907e-020
13.286  5.22439e-020
14.308  5.24953e-020
15.33  5.2745e-020
16.352  5.29931e-020
17.374  5.32395e-020
18.396  5.34843e-020
19.418  5.37276e-020
20.44  5.39695e-020
21.462  5.42098e-020
22.484  5.44488e-020
23.506  5.46863e-020
24.528  5.49225e-020
25.55  5.51573e-020
26.572  5.53908e-020
27.594  5.5623e-020
28.616  5.58539e-020
29.638  5.60835e-020
30.66  5.63118e-020
31.682  5.65389e-020
32.704  5.67646e-020
33.726  5.69891e-020
34.748  5.72123e-020
35.77  5.74343e-020
36.792  5.7655e-020
37.814  5.78743e-020
38.836  5.80924e-020
39.858  5.83092e-020
40.88  5.85247e-020
41.902  5.87388e-020
42.924  5.89516e-020
43.946  5.91631e-020
44.968  5.93733e-020
45.99  5.9582e-020
47.012  5.97894e-020
48.034  5.99954e-020
49.056  6.02e-020
50.078  6.04031e-020
51.1  6.06049e-020
52.122  6.08051e-020
53.144  6.10039e-020
54.166  6.12013e-020
55.188  6.13971e-020
56.21  6.15914e-020
57.232  6.17842e-020
58.254  6.19754e-020
59.276  6.2165e-020
60.298  6.23531e-020
61.32  6.25396e-020
62.342  6.27245e-020
63.364  6.29077e-020
64.386  6.30893e-020
65.408  6.32692e-020
66.43  6.34475e-020
67.452  6.3624e-020
68.474  6.37989e-020
69.496  6.3972e-020
70.518  6.41433e-020
71.54  6.43129e-020
72.562  6.44807e-020
73.584  6.46467e-020
74.606  6.48109e-020
75.628  6.49733e-020
76.65  6.51338e-020
77.672  6.52925e-020
78.694  6.54493e-020
79.716  6.56042e-020
80.738  6.57571e-020
81.76  6.59082e-020
82.782  6.60573e-020
83.804  6.62045e-020
84.826  6.63497e-020
85.848  6.64929e-020
86.87  6.66341e-020
87.892  6.67733e-020
88.914  6.69104e-020
89.936  6.70455e-020
90.958  6.71786e-020
91.98  6.73095e-020
93.002  6.74384e-020
94.024  6.75651e-020
95.046  6.76898e-020
96.068  6.78123e-020
97.09  6.79326e-020
98.112  6.80508e-020
99.134  6.81668e-020
100.156  6.82807e-020
101.178  6.83923e-020
102.2  6.85016e-020
103.222  6.86088e-020
104.244  6.87137e-020
105.266  6.88163e-020
106.288  6.89166e-020
107.31  6.90147e-020
108.332  6.91104e-020
109.354  6.92038e-020
110.376  6.92949e-020
111.398  6.93836e-020
112.42  6.94699e-020
113.442  6.95539e-020
114.464  6.96354e-020
115.486  6.97146e-020
116.508  6.97913e-020
117.53  6.98655e-020
118.552  6.99373e-020
119.574  7.00066e-020
120.596  7.00735e-020
121.618  7.01378e-020
122.64  7.01995e-020
123.662  7.02588e-020
124.684  7.03155e-020
125.706  7.03696e-020
126.728  7.04211e-020
127.75  7.04699e-020
128.772  7.05162e-020
129.794  7.05598e-020
130.816  7.06007e-020
131.838  7.0639e-020
132.86  7.06745e-020
133.882  7.07073e-020
134.904  7.07374e-020
135.926  7.07646e-020
136.948  7.07891e-020
137.97  7.08108e-020
138.992  7.08296e-020
140.014  7.08456e-020
141.036  7.08587e-020
142.058  7.08689e-020
143.08  7.08761e-020
144.102  7.08804e-020
145.124  7.08817e-020
146.146  7.088e-020
147.168  7.08752e-020
148.19  7.08674e-020
149.212  7.08565e-020
150.234  7.08425e-020
151.256  7.08253e-020
152.278  7.08049e-020
153.3  7.07813e-020
154.322  7.07544e-020
155.344  7.07243e-020
156.366  7.06908e-020
157.388  7.0654e-020
158.41  7.06138e-020
159.432  7.05701e-020
160.454  7.0523e-020
161.476  7.04724e-020
162.498  7.04182e-020
163.52  7.03605e-020
164.542  7.02991e-020
165.564  7.0234e-020
166.586  7.01653e-020
167.608  7.00927e-020
168.63  7.00164e-020
169.652  6.99362e-020
170.674  6.98521e-020
171.696  6.97641e-020
172.718  6.9672e-020
173.74  6.9576e-020
174.762  6.94758e-020
175.784  6.93714e-020
176.806  6.92628e-020
177.828  6.915e-020
178.85  6.90328e-020
179.872  6.89112e-020
180.894  6.87852e-020
181.916  6.86547e-020
182.938  6.85197e-020
183.96  6.838e-020
184.982  6.82356e-020
186.004  6.80864e-020
187.026  6.79325e-020
188.048  6.77736e-020
189.07  6.76098e-020
190.092  6.74409e-020
191.114  6.7267e-020
192.136  6.70879e-020
193.158  6.69035e-020
194.18  6.67139e-020
195.202  6.65188e-020
196.224  6.63183e-020
197.246  6.61123e-020
198.268  6.59006e-020
199.29  6.56832e-020
200.312  6.54601e-020
201.334  6.52311e-020
202.356  6.49962e-020
203.378  6.47553e-020
204.4  6.45082e-020
205.422  6.42551e-020
206.444  6.39956e-020
207.466  6.37298e-020
208.488  6.34576e-020
209.51  6.31789e-020
210.532  6.28936e-020
211.554  6.26017e-020
212.576  6.2303e-020
213.598  6.19974e-020
214.62  6.16849e-020
215.642  6.13655e-020
216.664  6.10389e-020
217.686  6.07052e-020
218.708  6.03642e-020
219.73  6.00159e-020
220.752  5.96602e-020
221.774  5.9297e-020
222.796  5.89263e-020
223.818  5.85479e-020
224.84  5.81617e-020
225.862  5.77678e-020
226.884  5.7366e-020
227.906  5.69563e-020
228.928  5.65386e-020
229.95  5.61128e-020
230.972  5.56789e-020
231.994  5.52367e-020
233.016  5.47863e-020
234.038  5.43276e-020
235.06  5.38606e-020
236.082  5.33851e-020
237.104  5.29011e-020
238.126  5.24087e-020
239.148  5.19077e-020
240.17  5.13981e-020
241.192  5.08799e-020
242.214  5.03531e-020
243.236  4.98176e-020
244.258  4.92735e-020
245.28  4.87206e-020
246.302  4.81591e-020
247.324  4.7589e-020
248.346  4.70101e-020
249.368  4.64226e-020
250.39  4.58265e-020
251.412  4.52218e-020
252.434  4.46085e-020
253.456  4.39867e-020
254.478  4.33565e-020
255.5  4.27178e-020
256.522  4.20709e-020
257.544  4.14157e-020
258.566  4.07524e-020
259.588  4.00811e-020
260.61  3.94019e-020
261.632  3.87149e-020
262.654  3.80202e-020
263.676  3.73181e-020
264.698  3.66086e-020
265.72  3.58921e-020
266.742  3.51685e-020
267.764  3.44383e-020
268.786  3.37015e-020
269.808  3.29585e-020
270.83  3.22095e-020
271.852  3.14547e-020
272.874  3.06945e-020
273.896  2.99292e-020
274.918  2.91591e-020
275.94  2.83845e-020
276.962  2.76059e-020
277.984  2.68236e-020
279.006  2.60381e-020
280.028  2.52497e-020
281.05  2.44589e-020
282.072  2.36663e-020
283.094  2.28723e-020
284.116  2.20775e-020
285.138  2.12824e-020
286.16  2.04876e-020
287.182  1.96937e-020
288.204  1.89015e-020
289.226  1.81115e-020
290.248  1.73245e-020
291.27  1.65412e-020
292.292  1.57625e-020
293.314  1.4989e-020
294.336  1.42217e-020
295.358  1.34614e-020
296.38  1.27091e-020
297.402  1.19657e-020
298.424  1.12322e-020
299.446  1.05097e-020
300.468  9.79917e-021
301.49  9.10184e-021
302.512  8.41883e-021
303.534  7.75137e-021
304.556  7.10072e-021
305.578  6.46819e-021
306.6  5.85513e-021
307.622  5.26297e-021
308.644  4.69315e-021
309.666  4.14721e-021
310.688  3.62671e-021
311.71  3.13329e-021
312.732  2.66863e-021
313.754  2.23447e-021
314.776  1.83264e-021
315.798  1.46499e-021
316.82  1.13346e-021
317.842  8.40054e-022
318.864  5.86836e-022
319.886  3.7594e-022
320.908  2.09565e-022
321.93  8.99796e-023
322.952  1.95126e-023
