1.022  1.87735e-019
2.044  1.87645e-019
3.066  1.87557e-019
4.088  1.87468e-019
5.11  1.87381e-019
6.132  1.87294e-019
7.154  1.87206e-019
8.176  1.87119e-019
9.198  1.87031e-019
10.22  1.86943e-019
11.242  1.86855e-019
12.264  1.86766e-019
13.286  1.86678e-019
14.308  1.86589e-019
15.33  1.86501e-019
16.352  1.86412e-019
17.374  1.86324e-019
18.396  1.86237e-019
19.418  1.8615e-019
20.44  1.86063e-019
21.462  1.85978e-019
22.484  1.85893e-019
23.506  1.85809e-019
24.528  1.85726e-019
25.55  1.85644e-019
26.572  1.85563e-019
27.594  1.85483e-019
28.616  1.85404e-019
29.638  1.85325e-019
30.66  1.85248e-019
31.682  1.85172e-019
32.704  1.85096e-019
33.726  1.85021e-019
34.748  1.84948e-019
35.77  1.84874e-019
36.792  1.84802e-019
37.814  1.8473e-019
38.836  1.84659e-019
39.858  1.84588e-019
40.88  1.84518e-019
41.902  1.84448e-019
42.924  1.84379e-019
43.946  1.8431e-019
44.968  1.8424e-019
45.99  1.84172e-019
47.012  1.84103e-019
48.034  1.84034e-019
49.056  1.83965e-019
50.078  1.83896e-019
51.1  1.83826e-019
52.122  1.83756e-019
53.144  1.83686e-019
54.166  1.83616e-019
55.188  1.83545e-019
56.21  1.83473e-019
57.232  1.834e-019
58.254  1.83327e-019
59.276  1.83253e-019
60.298  1.83179e-019
61.32  1.83103e-019
62.342  1.83026e-019
63.364  1.82948e-019
64.386  1.82869e-019
65.408  1.82789e-019
66.43  1.82708e-019
67.452  1.82625e-019
68.474  1.82541e-019
69.496  1.82455e-019
70.518  1.82368e-019
71.54  1.82279e-019
72.562  1.82188e-019
73.584  1.82096e-019
74.606  1.82002e-019
75.628  1.81907e-019
76.65  1.81809e-019
77.672  1.81709e-019
78.694  1.81608e-019
79.716  1.81504e-019
80.738  1.81398e-019
81.76  1.8129e-019
82.782  1.8118e-019
83.804  1.81068e-019
84.826  1.80953e-019
85.848  1.80836e-019
86.87  1.80717e-019
87.892  1.80595e-019
88.914  1.8047e-019
89.936  1.80343e-019
90.958  1.80214e-019
91.98  1.80081e-019
93.002  1.79946e-019
94.024  1.79809e-019
95.046  1.79668e-019
96.068  1.79525e-019
97.09  1.79378e-019
98.112  1.79229e-019
99.134  1.79077e-019
100.156  1.78922e-019
101.178  1.78764e-019
102.2  1.78602e-019
103.222  1.78438e-019
104.244  1.7827e-019
105.266  1.781e-019
106.288  1.77925e-019
107.31  1.77748e-019
108.332  1.77567e-019
109.354  1.77383e-019
110.376  1.77196e-019
111.398  1.77005e-019
112.42  1.7681e-019
113.442  1.76612e-019
114.464  1.76411e-019
115.486  1.76206e-019
116.508  1.75997e-019
117.53  1.75784e-019
118.552  1.75568e-019
119.574  1.75348e-019
120.596  1.75125e-019
121.618  1.74897e-019
122.64  1.74666e-019
123.662  1.7443e-019
124.684  1.74191e-019
125.706  1.73948e-019
126.728  1.73701e-019
127.75  1.73449e-019
128.772  1.73194e-019
129.794  1.72935e-019
130.816  1.72671e-019
131.838  1.72403e-019
132.86  1.72131e-019
133.882  1.71854e-019
134.904  1.71574e-019
135.926  1.71288e-019
136.948  1.70999e-019
137.97  1.70705e-019
138.992  1.70406e-019
140.014  1.70103e-019
141.036  1.69796e-019
142.058  1.69483e-019
143.08  1.69167e-019
144.102  1.68845e-019
145.124  1.68518e-019
146.146  1.68187e-019
147.168  1.67851e-019
148.19  1.6751e-019
149.212  1.67164e-019
150.234  1.66813e-019
151.256  1.66457e-019
152.278  1.66095e-019
153.3  1.65729e-019
154.322  1.65357e-019
155.344  1.6498e-019
156.366  1.64598e-019
157.388  1.6421e-019
158.41  1.63817e-019
159.432  1.63418e-019
160.454  1.63013e-019
161.476  1.62603e-019
162.498  1.62187e-019
163.52  1.61765e-019
164.542  1.61338e-019
165.564  1.60904e-019
166.586  1.60464e-019
167.608  1.60019e-019
168.63  1.59567e-019
169.652  1.59108e-019
170.674  1.58644e-019
171.696  1.58173e-019
172.718  1.57695e-019
173.74  1.57211e-019
174.762  1.5672e-019
175.784  1.56222e-019
176.806  1.55718e-019
177.828  1.55206e-019
178.85  1.54688e-019
179.872  1.54162e-019
180.894  1.53629e-019
181.916  1.53088e-019
182.938  1.5254e-019
183.96  1.51985e-019
184.982  1.51421e-019
186.004  1.5085e-019
187.026  1.50271e-019
188.048  1.49685e-019
189.07  1.49089e-019
190.092  1.48486e-019
191.114  1.47874e-019
192.136  1.47254e-019
193.158  1.46625e-019
194.18  1.45987e-019
195.202  1.45341e-019
196.224  1.44686e-019
197.246  1.44021e-019
198.268  1.43347e-019
199.29  1.42664e-019
200.312  1.41971e-019
201.334  1.41269e-019
202.356  1.40556e-019
203.378  1.39834e-019
204.4  1.39102e-019
205.422  1.3836e-019
206.444  1.37607e-019
207.466  1.36844e-019
208.488  1.3607e-019
209.51  1.35285e-019
210.532  1.3449e-019
211.554  1.33683e-019
212.576  1.32865e-019
213.598  1.32036e-019
214.62  1.31196e-019
215.642  1.30344e-019
216.664  1.2948e-019
217.686  1.28604e-019
218.708  1.27716e-019
219.73  1.26816e-019
220.752  1.25904e-019
221.774  1.24979e-019
222.796  1.24042e-019
223.818  1.23092e-019
224.84  1.22129e-019
225.862  1.21153e-019
226.884  1.20165e-019
227.906  1.19163e-019
228.928  1.18147e-019
229.95  1.17119e-019
230.972  1.16076e-019
231.994  1.15021e-019
233.016  1.13951e-019
234.038  1.12868e-019
235.06  1.1177e-019
236.082  1.10659e-019
237.104  1.09534e-019
238.126  1.08394e-019
239.148  1.07241e-019
240.17  1.06073e-019
241.192  1.04891e-019
242.214  1.03695e-019
243.236  1.02484e-019
244.258  1.01259e-019
245.28  1.0002e-019
246.302  9.87661e-020
247.324  9.74981e-020
248.346  9.62158e-020
249.368  9.49193e-020
250.39  9.36086e-020
251.412  9.22838e-020
252.434  9.09449e-020
253.456  8.95921e-020
254.478  8.82256e-020
255.5  8.68453e-020
256.522  8.54515e-020
257.544  8.40444e-020
258.566  8.26241e-020
259.588  8.11909e-020
260.61  7.97449e-020
261.632  7.82865e-020
262.654  7.68159e-020
263.676  7.53335e-020
264.698  7.38394e-020
265.72  7.23342e-020
266.742  7.08181e-020
267.764  6.92917e-020
268.786  6.77552e-020
269.808  6.62092e-020
270.83  6.46542e-020
271.852  6.30907e-020
272.874  6.15193e-020
273.896  5.99405e-020
274.918  5.83551e-020
275.94  5.67636e-020
276.962  5.51668e-020
277.984  5.35654e-020
279.006  5.19603e-020
280.028  5.03522e-020
281.05  4.87421e-020
282.072  4.71309e-020
283.094  4.55194e-020
284.116  4.39089e-020
285.138  4.23003e-020
286.16  4.06948e-020
287.182  3.90935e-020
288.204  3.74976e-020
289.226  3.59086e-020
290.248  3.43277e-020
291.27  3.27563e-020
292.292  3.1196e-020
293.314  2.96482e-020
294.336  2.81146e-020
295.358  2.65968e-020
296.38  2.50967e-020
297.402  2.3616e-020
298.424  2.21566e-020
299.446  2.07205e-020
300.468  1.93098e-020
301.49  1.79266e-020
302.512  1.65731e-020
303.534  1.52517e-020
304.556  1.39648e-020
305.578  1.27148e-020
306.6  1.15043e-020
307.622  1.03361e-020
308.644  9.21286e-021
309.666  8.13755e-021
310.688  7.11315e-021
311.71  6.14276e-021
312.732  5.2296e-021
313.754  4.377e-021
314.776  3.58841e-021
315.798  2.86738e-021
316.82  2.21763e-021
317.842  1.64294e-021
318.864  1.14728e-021
319.886  7.34699e-022
320.908  4.09404e-022
321.93  1.7572e-022
322.952  3.80927e-023
