1.022  1.12003e-020
2.044  1.10847e-020
3.066  1.09704e-020
4.088  1.08575e-020
5.11  1.07458e-020
6.132  1.06355e-020
7.154  1.05264e-020
8.176  1.04186e-020
9.198  1.0312e-020
10.22  1.02065e-020
11.242  1.01023e-020
12.264  9.99929e-021
13.286  9.89744e-021
14.308  9.79676e-021
15.33  9.69725e-021
16.352  9.59891e-021
17.374  9.50172e-021
18.396  9.40569e-021
19.418  9.3108e-021
20.44  9.21705e-021
21.462  9.12443e-021
22.484  9.03293e-021
23.506  8.94254e-021
24.528  8.85326e-021
25.55  8.76506e-021
26.572  8.67794e-021
27.594  8.59189e-021
28.616  8.5069e-021
29.638  8.42295e-021
30.66  8.34003e-021
31.682  8.25813e-021
32.704  8.17724e-021
33.726  8.09733e-021
34.748  8.01841e-021
35.77  7.94045e-021
36.792  7.86344e-021
37.814  7.78737e-021
38.836  7.71223e-021
39.858  7.638e-021
40.88  7.56467e-021
41.902  7.49222e-021
42.924  7.42065e-021
43.946  7.34994e-021
44.968  7.28008e-021
45.99  7.21106e-021
47.012  7.14286e-021
48.034  7.07547e-021
49.056  7.00888e-021
50.078  6.94308e-021
51.1  6.87805e-021
52.122  6.81379e-021
53.144  6.75028e-021
54.166  6.68752e-021
55.188  6.62548e-021
56.21  6.56417e-021
57.232  6.50357e-021
58.254  6.44366e-021
59.276  6.38444e-021
60.298  6.32591e-021
61.32  6.26804e-021
62.342  6.21083e-021
63.364  6.15427e-021
64.386  6.09835e-021
65.408  6.04306e-021
66.43  5.98839e-021
67.452  5.93433e-021
68.474  5.88088e-021
69.496  5.82802e-021
70.518  5.77574e-021
71.54  5.72404e-021
72.562  5.67292e-021
73.584  5.62235e-021
74.606  5.57233e-021
75.628  5.52286e-021
76.65  5.47393e-021
77.672  5.42552e-021
78.694  5.37764e-021
79.716  5.33027e-021
80.738  5.28341e-021
81.76  5.23704e-021
82.782  5.19117e-021
83.804  5.14579e-021
84.826  5.10088e-021
85.848  5.05644e-021
86.87  5.01247e-021
87.892  4.96896e-021
88.914  4.9259e-021
89.936  4.88328e-021
90.958  4.84111e-021
91.98  4.79936e-021
93.002  4.75805e-021
94.024  4.71715e-021
95.046  4.67667e-021
96.068  4.6366e-021
97.09  4.59694e-021
98.112  4.55767e-021
99.134  4.51879e-021
100.156  4.4803e-021
101.178  4.44219e-021
102.2  4.40446e-021
103.222  4.3671e-021
104.244  4.3301e-021
105.266  4.29347e-021
106.288  4.25719e-021
107.31  4.22126e-021
108.332  4.18567e-021
109.354  4.15043e-021
110.376  4.11552e-021
111.398  4.08095e-021
112.42  4.0467e-021
113.442  4.01278e-021
114.464  3.97917e-021
115.486  3.94587e-021
116.508  3.91289e-021
117.53  3.88021e-021
118.552  3.84783e-021
119.574  3.81575e-021
120.596  3.78396e-021
121.618  3.75245e-021
122.64  3.72124e-021
123.662  3.6903e-021
124.684  3.65964e-021
125.706  3.62925e-021
126.728  3.59913e-021
127.75  3.56927e-021
128.772  3.53968e-021
129.794  3.51034e-021
130.816  3.48126e-021
131.838  3.45243e-021
132.86  3.42384e-021
133.882  3.3955e-021
134.904  3.3674e-021
135.926  3.33953e-021
136.948  3.3119e-021
137.97  3.2845e-021
138.992  3.25732e-021
140.014  3.23037e-021
141.036  3.20364e-021
142.058  3.17712e-021
143.08  3.15082e-021
144.102  3.12473e-021
145.124  3.09885e-021
146.146  3.07317e-021
147.168  3.0477e-021
148.19  3.02242e-021
149.212  2.99734e-021
150.234  2.97245e-021
151.256  2.94776e-021
152.278  2.92325e-021
153.3  2.89892e-021
154.322  2.87478e-021
155.344  2.85082e-021
156.366  2.82703e-021
157.388  2.80341e-021
158.41  2.77997e-021
159.432  2.7567e-021
160.454  2.73359e-021
161.476  2.71064e-021
162.498  2.68786e-021
163.52  2.66523e-021
164.542  2.64276e-021
165.564  2.62044e-021
166.586  2.59827e-021
167.608  2.57625e-021
168.63  2.55437e-021
169.652  2.53264e-021
170.674  2.51105e-021
171.696  2.4896e-021
172.718  2.46828e-021
173.74  2.4471e-021
174.762  2.42604e-021
175.784  2.40512e-021
176.806  2.38432e-021
177.828  2.36365e-021
178.85  2.34309e-021
179.872  2.32266e-021
180.894  2.30234e-021
181.916  2.28214e-021
182.938  2.26205e-021
183.96  2.24207e-021
184.982  2.2222e-021
186.004  2.20243e-021
187.026  2.18277e-021
188.048  2.1632e-021
189.07  2.14374e-021
190.092  2.12437e-021
191.114  2.10509e-021
192.136  2.08591e-021
193.158  2.06682e-021
194.18  2.04781e-021
195.202  2.02889e-021
196.224  2.01005e-021
197.246  1.99129e-021
198.268  1.97261e-021
199.29  1.954e-021
200.312  1.93547e-021
201.334  1.91701e-021
202.356  1.89861e-021
203.378  1.88029e-021
204.4  1.86203e-021
205.422  1.84383e-021
206.444  1.82569e-021
207.466  1.8076e-021
208.488  1.78958e-021
209.51  1.7716e-021
210.532  1.75368e-021
211.554  1.7358e-021
212.576  1.71797e-021
213.598  1.70018e-021
214.62  1.68244e-021
215.642  1.66473e-021
216.664  1.64706e-021
217.686  1.62942e-021
218.708  1.61182e-021
219.73  1.59425e-021
220.752  1.5767e-021
221.774  1.55918e-021
222.796  1.54168e-021
223.818  1.52421e-021
224.84  1.50675e-021
225.862  1.48931e-021
226.884  1.47188e-021
227.906  1.45447e-021
228.928  1.43706e-021
229.95  1.41966e-021
230.972  1.40227e-021
231.994  1.38488e-021
233.016  1.3675e-021
234.038  1.35011e-021
235.06  1.33272e-021
236.082  1.31533e-021
237.104  1.29792e-021
238.126  1.28052e-021
239.148  1.2631e-021
240.17  1.24566e-021
241.192  1.22822e-021
242.214  1.21076e-021
243.236  1.19328e-021
244.258  1.17579e-021
245.28  1.15827e-021
246.302  1.14074e-021
247.324  1.12318e-021
248.346  1.10559e-021
249.368  1.08799e-021
250.39  1.07035e-021
251.412  1.05269e-021
252.434  1.03501e-021
253.456  1.01729e-021
254.478  9.99549e-022
255.5  9.81777e-022
256.522  9.63975e-022
257.544  9.46145e-022
258.566  9.28285e-022
259.588  9.10396e-022
260.61  8.92479e-022
261.632  8.74535e-022
262.654  8.56563e-022
263.676  8.38566e-022
264.698  8.20544e-022
265.72  8.02499e-022
266.742  7.84433e-022
267.764  7.66347e-022
268.786  7.48245e-022
269.808  7.30128e-022
270.83  7.12e-022
271.852  6.93864e-022
272.874  6.75723e-022
273.896  6.57581e-022
274.918  6.39442e-022
275.94  6.21311e-022
276.962  6.03193e-022
277.984  5.85094e-022
279.006  5.67018e-022
280.028  5.48973e-022
281.05  5.30965e-022
282.072  5.13001e-022
283.094  4.95089e-022
284.116  4.77238e-022
285.138  4.59455e-022
286.16  4.41751e-022
287.182  4.24135e-022
288.204  4.06618e-022
289.226  3.89212e-022
290.248  3.71927e-022
291.27  3.54776e-022
292.292  3.37773e-022
293.314  3.20932e-022
294.336  3.04268e-022
295.358  2.87796e-022
296.38  2.71532e-022
297.402  2.55494e-022
298.424  2.397e-022
299.446  2.2417e-022
300.468  2.08922e-022
301.49  1.93979e-022
302.512  1.79362e-022
303.534  1.65095e-022
304.556  1.51202e-022
305.578  1.37708e-022
306.6  1.24639e-022
307.622  1.12025e-022
308.644  9.9893e-023
309.666  8.82743e-023
310.688  7.72006e-023
311.71  6.6705e-023
312.732  5.6822e-023
313.754  4.75878e-023
314.776  3.90399e-023
315.798  3.12175e-023
316.82  2.41614e-023
317.842  1.79141e-023
318.864  1.25197e-023
319.886  8.02427e-024
320.908  4.47543e-024
321.93  1.92268e-024
322.952  4.172e-025
