1.022  1.20018e-021
2.044  1.19954e-021
3.066  1.19915e-021
4.088  1.19902e-021
5.11  1.19913e-021
6.132  1.19948e-021
7.154  1.20006e-021
8.176  1.20088e-021
9.198  1.20193e-021
10.22  1.20319e-021
11.242  1.20468e-021
12.264  1.20638e-021
13.286  1.20829e-021
14.308  1.21041e-021
15.33  1.21274e-021
16.352  1.21528e-021
17.374  1.21801e-021
18.396  1.22094e-021
19.418  1.22408e-021
20.44  1.2274e-021
21.462  1.23091e-021
22.484  1.23462e-021
23.506  1.23851e-021
24.528  1.24258e-021
25.55  1.24683e-021
26.572  1.25125e-021
27.594  1.25585e-021
28.616  1.26062e-021
29.638  1.26556e-021
30.66  1.27066e-021
31.682  1.27592e-021
32.704  1.28134e-021
33.726  1.28691e-021
34.748  1.29264e-021
35.77  1.29852e-021
36.792  1.30454e-021
37.814  1.3107e-021
38.836  1.317e-021
39.858  1.32344e-021
40.88  1.33001e-021
41.902  1.33671e-021
42.924  1.34354e-021
43.946  1.3505e-021
44.968  1.35757e-021
45.99  1.36476e-021
47.012  1.37207e-021
48.034  1.37949e-021
49.056  1.38702e-021
50.078  1.39465e-021
51.1  1.40239e-021
52.122  1.41023e-021
53.144  1.41816e-021
54.166  1.42619e-021
55.188  1.43432e-021
56.21  1.44253e-021
57.232  1.45083e-021
58.254  1.45921e-021
59.276  1.46767e-021
60.298  1.47621e-021
61.32  1.48483e-021
62.342  1.49352e-021
63.364  1.50228e-021
64.386  1.51111e-021
65.408  1.52001e-021
66.43  1.52896e-021
67.452  1.53798e-021
68.474  1.54706e-021
69.496  1.55619e-021
70.518  1.56537e-021
71.54  1.5746e-021
72.562  1.58389e-021
73.584  1.59321e-021
74.606  1.60258e-021
75.628  1.61199e-021
76.65  1.62144e-021
77.672  1.63093e-021
78.694  1.64045e-021
79.716  1.65e-021
80.738  1.65958e-021
81.76  1.66918e-021
82.782  1.67881e-021
83.804  1.68847e-021
84.826  1.69814e-021
85.848  1.70783e-021
86.87  1.71754e-021
87.892  1.72726e-021
88.914  1.737e-021
89.936  1.74674e-021
90.958  1.75649e-021
91.98  1.76625e-021
93.002  1.77601e-021
94.024  1.78577e-021
95.046  1.79553e-021
96.068  1.80529e-021
97.09  1.81504e-021
98.112  1.82478e-021
99.134  1.83452e-021
100.156  1.84424e-021
101.178  1.85396e-021
102.2  1.86366e-021
103.222  1.87334e-021
104.244  1.883e-021
105.266  1.89264e-021
106.288  1.90226e-021
107.31  1.91185e-021
108.332  1.92142e-021
109.354  1.93096e-021
110.376  1.94047e-021
111.398  1.94995e-021
112.42  1.95939e-021
113.442  1.9688e-021
114.464  1.97817e-021
115.486  1.9875e-021
116.508  1.99679e-021
117.53  2.00604e-021
118.552  2.01524e-021
119.574  2.02439e-021
120.596  2.03349e-021
121.618  2.04255e-021
122.64  2.05155e-021
123.662  2.0605e-021
124.684  2.06939e-021
125.706  2.07822e-021
126.728  2.08699e-021
127.75  2.0957e-021
128.772  2.10434e-021
129.794  2.11292e-021
130.816  2.12143e-021
131.838  2.12988e-021
132.86  2.13825e-021
133.882  2.14654e-021
134.904  2.15477e-021
135.926  2.16291e-021
136.948  2.17098e-021
137.97  2.17896e-021
138.992  2.18686e-021
140.014  2.19468e-021
141.036  2.2024e-021
142.058  2.21004e-021
143.08  2.21759e-021
144.102  2.22504e-021
145.124  2.2324e-021
146.146  2.23966e-021
147.168  2.24683e-021
148.19  2.25389e-021
149.212  2.26084e-021
150.234  2.26769e-021
151.256  2.27443e-021
152.278  2.28106e-021
153.3  2.28758e-021
154.322  2.29398e-021
155.344  2.30027e-021
156.366  2.30643e-021
157.388  2.31248e-021
158.41  2.31839e-021
159.432  2.32418e-021
160.454  2.32985e-021
161.476  2.33538e-021
162.498  2.34077e-021
163.52  2.34603e-021
164.542  2.35115e-021
165.564  2.35612e-021
166.586  2.36095e-021
167.608  2.36563e-021
168.63  2.37016e-021
169.652  2.37454e-021
170.674  2.37876e-021
171.696  2.38282e-021
172.718  2.38672e-021
173.74  2.39045e-021
174.762  2.39402e-021
175.784  2.39741e-021
176.806  2.40063e-021
177.828  2.40367e-021
178.85  2.40653e-021
179.872  2.40921e-021
180.894  2.41169e-021
181.916  2.41399e-021
182.938  2.41609e-021
183.96  2.41799e-021
184.982  2.41969e-021
186.004  2.42119e-021
187.026  2.42247e-021
188.048  2.42355e-021
189.07  2.4244e-021
190.092  2.42504e-021
191.114  2.42545e-021
192.136  2.42563e-021
193.158  2.42558e-021
194.18  2.4253e-021
195.202  2.42477e-021
196.224  2.424e-021
197.246  2.42298e-021
198.268  2.42171e-021
199.29  2.42018e-021
200.312  2.41838e-021
201.334  2.41632e-021
202.356  2.41399e-021
203.378  2.41139e-021
204.4  2.4085e-021
205.422  2.40533e-021
206.444  2.40187e-021
207.466  2.39812e-021
208.488  2.39406e-021
209.51  2.38971e-021
210.532  2.38504e-021
211.554  2.38006e-021
212.576  2.37477e-021
213.598  2.36915e-021
214.62  2.3632e-021
215.642  2.35692e-021
216.664  2.3503e-021
217.686  2.34334e-021
218.708  2.33603e-021
219.73  2.32837e-021
220.752  2.32035e-021
221.774  2.31197e-021
222.796  2.30322e-021
223.818  2.29409e-021
224.84  2.28459e-021
225.862  2.27471e-021
226.884  2.26444e-021
227.906  2.25377e-021
228.928  2.24271e-021
229.95  2.23125e-021
230.972  2.21938e-021
231.994  2.20709e-021
233.016  2.1944e-021
234.038  2.18128e-021
235.06  2.16774e-021
236.082  2.15376e-021
237.104  2.13936e-021
238.126  2.12452e-021
239.148  2.10923e-021
240.17  2.09351e-021
241.192  2.07733e-021
242.214  2.0607e-021
243.236  2.04362e-021
244.258  2.02608e-021
245.28  2.00808e-021
246.302  1.98961e-021
247.324  1.97068e-021
248.346  1.95129e-021
249.368  1.93142e-021
250.39  1.91108e-021
251.412  1.89027e-021
252.434  1.86899e-021
253.456  1.84723e-021
254.478  1.825e-021
255.5  1.8023e-021
256.522  1.77912e-021
257.544  1.75548e-021
258.566  1.73136e-021
259.588  1.70678e-021
260.61  1.68173e-021
261.632  1.65622e-021
262.654  1.63025e-021
263.676  1.60382e-021
264.698  1.57695e-021
265.72  1.54963e-021
266.742  1.52188e-021
267.764  1.49369e-021
268.786  1.46508e-021
269.808  1.43606e-021
270.83  1.40663e-021
271.852  1.37681e-021
272.874  1.3466e-021
273.896  1.31602e-021
274.918  1.28508e-021
275.94  1.25379e-021
276.962  1.22217e-021
277.984  1.19024e-021
279.006  1.15801e-021
280.028  1.12549e-021
281.05  1.09272e-021
282.072  1.05971e-021
283.094  1.02648e-021
284.116  9.93051e-022
285.138  9.59455e-022
286.16  9.25715e-022
287.182  8.9186e-022
288.204  8.57918e-022
289.226  8.2392e-022
290.248  7.89899e-022
291.27  7.55889e-022
292.292  7.21928e-022
293.314  6.88052e-022
294.336  6.54303e-022
295.358  6.20721e-022
296.38  5.87352e-022
297.402  5.54243e-022
298.424  5.21441e-022
299.446  4.88997e-022
300.468  4.56966e-022
301.49  4.25403e-022
302.512  3.94366e-022
303.534  3.63918e-022
304.556  3.3412e-022
305.578  3.05041e-022
306.6  2.76751e-022
307.622  2.4932e-022
308.644  2.22827e-022
309.666  1.97349e-022
310.688  1.72968e-022
311.71  1.49771e-022
312.732  1.27847e-022
313.754  1.07288e-022
314.776  8.81915e-023
315.798  7.06575e-023
316.82  5.47904e-023
317.842  4.06986e-023
318.864  2.84946e-023
319.886  1.82952e-023
320.908  1.02214e-023
321.93  4.39854e-024
322.952  9.5599e-025
