1.022  1.54751e-021
2.044  1.57283e-021
3.066  1.59816e-021
4.088  1.6235e-021
5.11  1.64883e-021
6.132  1.67416e-021
7.154  1.69949e-021
8.176  1.72481e-021
9.198  1.75012e-021
10.22  1.77541e-021
11.242  1.80069e-021
12.264  1.82595e-021
13.286  1.85119e-021
14.308  1.87642e-021
15.33  1.90162e-021
16.352  1.9268e-021
17.374  1.95197e-021
18.396  1.97711e-021
19.418  2.00224e-021
20.44  2.02734e-021
21.462  2.05243e-021
22.484  2.07749e-021
23.506  2.10253e-021
24.528  2.12755e-021
25.55  2.15254e-021
26.572  2.17751e-021
27.594  2.20246e-021
28.616  2.22738e-021
29.638  2.25227e-021
30.66  2.27714e-021
31.682  2.30197e-021
32.704  2.32678e-021
33.726  2.35155e-021
34.748  2.37629e-021
35.77  2.40099e-021
36.792  2.42566e-021
37.814  2.45029e-021
38.836  2.47489e-021
39.858  2.49944e-021
40.88  2.52395e-021
41.902  2.54841e-021
42.924  2.57283e-021
43.946  2.5972e-021
44.968  2.62152e-021
45.99  2.64579e-021
47.012  2.67e-021
48.034  2.69416e-021
49.056  2.71827e-021
50.078  2.74231e-021
51.1  2.7663e-021
52.122  2.79022e-021
53.144  2.81408e-021
54.166  2.83787e-021
55.188  2.8616e-021
56.21  2.88525e-021
57.232  2.90884e-021
58.254  2.93234e-021
59.276  2.95578e-021
60.298  2.97913e-021
61.32  3.00241e-021
62.342  3.0256e-021
63.364  3.04871e-021
64.386  3.07174e-021
65.408  3.09467e-021
66.43  3.11752e-021
67.452  3.14028e-021
68.474  3.16294e-021
69.496  3.18551e-021
70.518  3.20799e-021
71.54  3.23036e-021
72.562  3.25263e-021
73.584  3.2748e-021
74.606  3.29687e-021
75.628  3.31882e-021
76.65  3.34068e-021
77.672  3.36242e-021
78.694  3.38404e-021
79.716  3.40556e-021
80.738  3.42696e-021
81.76  3.44824e-021
82.782  3.4694e-021
83.804  3.49044e-021
84.826  3.51135e-021
85.848  3.53214e-021
86.87  3.55281e-021
87.892  3.57334e-021
88.914  3.59374e-021
89.936  3.61402e-021
90.958  3.63415e-021
91.98  3.65415e-021
93.002  3.67402e-021
94.024  3.69374e-021
95.046  3.71332e-021
96.068  3.73276e-021
97.09  3.75205e-021
98.112  3.7712e-021
99.134  3.7902e-021
100.156  3.80905e-021
101.178  3.82774e-021
102.2  3.84628e-021
103.222  3.86467e-021
104.244  3.88289e-021
105.266  3.90096e-021
106.288  3.91887e-021
107.31  3.93661e-021
108.332  3.95419e-021
109.354  3.9716e-021
110.376  3.98884e-021
111.398  4.00592e-021
112.42  4.02282e-021
113.442  4.03954e-021
114.464  4.0561e-021
115.486  4.07247e-021
116.508  4.08867e-021
117.53  4.10468e-021
118.552  4.12051e-021
119.574  4.13616e-021
120.596  4.15161e-021
121.618  4.16688e-021
122.64  4.18196e-021
123.662  4.19685e-021
124.684  4.21155e-021
125.706  4.22604e-021
126.728  4.24034e-021
127.75  4.25444e-021
128.772  4.26834e-021
129.794  4.28203e-021
130.816  4.29552e-021
131.838  4.30879e-021
132.86  4.32186e-021
133.882  4.33472e-021
134.904  4.34736e-021
135.926  4.35978e-021
136.948  4.37199e-021
137.97  4.38397e-021
138.992  4.39573e-021
140.014  4.40727e-021
141.036  4.41857e-021
142.058  4.42965e-021
143.08  4.44049e-021
144.102  4.4511e-021
145.124  4.46147e-021
146.146  4.4716e-021
147.168  4.48149e-021
148.19  4.49113e-021
149.212  4.50053e-021
150.234  4.50967e-021
151.256  4.51856e-021
152.278  4.5272e-021
153.3  4.53558e-021
154.322  4.54369e-021
155.344  4.55154e-021
156.366  4.55912e-021
157.388  4.56643e-021
158.41  4.57346e-021
159.432  4.58022e-021
160.454  4.5867e-021
161.476  4.59289e-021
162.498  4.5988e-021
163.52  4.60441e-021
164.542  4.60973e-021
165.564  4.61476e-021
166.586  4.61948e-021
167.608  4.62389e-021
168.63  4.628e-021
169.652  4.63179e-021
170.674  4.63526e-021
171.696  4.63842e-021
172.718  4.64124e-021
173.74  4.64374e-021
174.762  4.64591e-021
175.784  4.64773e-021
176.806  4.64921e-021
177.828  4.65034e-021
178.85  4.65113e-021
179.872  4.65155e-021
180.894  4.65161e-021
181.916  4.6513e-021
182.938  4.65063e-021
183.96  4.64957e-021
184.982  4.64813e-021
186.004  4.6463e-021
187.026  4.64408e-021
188.048  4.64146e-021
189.07  4.63844e-021
190.092  4.63501e-021
191.114  4.63115e-021
192.136  4.62688e-021
193.158  4.62218e-021
194.18  4.61704e-021
195.202  4.61147e-021
196.224  4.60544e-021
197.246  4.59896e-021
198.268  4.59203e-021
199.29  4.58462e-021
200.312  4.57675e-021
201.334  4.56839e-021
202.356  4.55955e-021
203.378  4.55021e-021
204.4  4.54037e-021
205.422  4.53003e-021
206.444  4.51917e-021
207.466  4.50779e-021
208.488  4.49588e-021
209.51  4.48343e-021
210.532  4.47044e-021
211.554  4.45689e-021
212.576  4.44279e-021
213.598  4.42812e-021
214.62  4.41288e-021
215.642  4.39706e-021
216.664  4.38065e-021
217.686  4.36364e-021
218.708  4.34603e-021
219.73  4.3278e-021
220.752  4.30896e-021
221.774  4.28948e-021
222.796  4.26938e-021
223.818  4.24863e-021
224.84  4.22723e-021
225.862  4.20518e-021
226.884  4.18246e-021
227.906  4.15907e-021
228.928  4.13499e-021
229.95  4.11024e-021
230.972  4.08479e-021
231.994  4.05864e-021
233.016  4.03179e-021
234.038  4.00422e-021
235.06  3.97593e-021
236.082  3.94692e-021
237.104  3.91717e-021
238.126  3.88669e-021
239.148  3.85547e-021
240.17  3.8235e-021
241.192  3.79078e-021
242.214  3.7573e-021
243.236  3.72305e-021
244.258  3.68805e-021
245.28  3.65227e-021
246.302  3.61572e-021
247.324  3.5784e-021
248.346  3.54031e-021
249.368  3.50143e-021
250.39  3.46177e-021
251.412  3.42134e-021
252.434  3.38013e-021
253.456  3.33813e-021
254.478  3.29536e-021
255.5  3.25181e-021
256.522  3.20749e-021
257.544  3.1624e-021
258.566  3.11654e-021
259.588  3.06992e-021
260.61  3.02255e-021
261.632  2.97443e-021
262.654  2.92557e-021
263.676  2.87597e-021
264.698  2.82566e-021
265.72  2.77463e-021
266.742  2.72291e-021
267.764  2.6705e-021
268.786  2.61743e-021
269.808  2.56369e-021
270.83  2.50932e-021
271.852  2.45434e-021
272.874  2.39875e-021
273.896  2.34259e-021
274.918  2.28587e-021
275.94  2.22863e-021
276.962  2.17089e-021
277.984  2.11268e-021
279.006  2.05402e-021
280.028  1.99496e-021
281.05  1.93552e-021
282.072  1.87575e-021
283.094  1.81567e-021
284.116  1.75535e-021
285.138  1.6948e-021
286.16  1.6341e-021
287.182  1.57327e-021
288.204  1.51238e-021
289.226  1.45147e-021
290.248  1.39061e-021
291.27  1.32986e-021
292.292  1.26927e-021
293.314  1.20892e-021
294.336  1.14887e-021
295.358  1.08919e-021
296.38  1.02997e-021
297.402  9.71287e-022
298.424  9.13216e-022
299.446  8.55851e-022
300.468  7.99281e-022
301.49  7.43603e-022
302.512  6.88917e-022
303.534  6.35328e-022
304.556  5.82944e-022
305.578  5.3188e-022
306.6  4.82253e-022
307.622  4.34187e-022
308.644  3.87811e-022
309.666  3.43259e-022
310.688  3.0067e-022
311.71  2.60189e-022
312.732  2.21968e-022
313.754  1.86162e-022
314.776  1.52935e-022
315.798  1.22456e-022
316.82  9.49009e-023
317.842  7.04514e-023
318.864  4.92967e-023
319.886  3.16329e-023
320.908  1.76629e-023
321.93  7.59639e-024
322.952  1.65007e-024
