1.022  1.21606e-020
2.044  1.2173e-020
3.066  1.21856e-020
4.088  1.21983e-020
5.11  1.22111e-020
6.132  1.2224e-020
7.154  1.22369e-020
8.176  1.225e-020
9.198  1.22631e-020
10.22  1.22762e-020
11.242  1.22894e-020
12.264  1.23026e-020
13.286  1.23158e-020
14.308  1.23291e-020
15.33  1.23425e-020
16.352  1.23559e-020
17.374  1.23694e-020
18.396  1.2383e-020
19.418  1.23966e-020
20.44  1.24103e-020
21.462  1.24242e-020
22.484  1.24381e-020
23.506  1.2452e-020
24.528  1.24661e-020
25.55  1.24803e-020
26.572  1.24946e-020
27.594  1.25089e-020
28.616  1.25233e-020
29.638  1.25379e-020
30.66  1.25525e-020
31.682  1.25672e-020
32.704  1.25819e-020
33.726  1.25967e-020
34.748  1.26116e-020
35.77  1.26266e-020
36.792  1.26416e-020
37.814  1.26566e-020
38.836  1.26718e-020
39.858  1.26869e-020
40.88  1.27021e-020
41.902  1.27173e-020
42.924  1.27325e-020
43.946  1.27477e-020
44.968  1.2763e-020
45.99  1.27782e-020
47.012  1.27935e-020
48.034  1.28087e-020
49.056  1.2824e-020
50.078  1.28392e-020
51.1  1.28543e-020
52.122  1.28695e-020
53.144  1.28846e-020
54.166  1.28996e-020
55.188  1.29146e-020
56.21  1.29295e-020
57.232  1.29444e-020
58.254  1.29592e-020
59.276  1.29739e-020
60.298  1.29885e-020
61.32  1.30031e-020
62.342  1.30175e-020
63.364  1.30319e-020
64.386  1.30461e-020
65.408  1.30602e-020
66.43  1.30742e-020
67.452  1.3088e-020
68.474  1.31018e-020
69.496  1.31154e-020
70.518  1.31288e-020
71.54  1.31421e-020
72.562  1.31552e-020
73.584  1.31682e-020
74.606  1.3181e-020
75.628  1.31937e-020
76.65  1.32061e-020
77.672  1.32184e-020
78.694  1.32305e-020
79.716  1.32424e-020
80.738  1.32541e-020
81.76  1.32656e-020
82.782  1.32769e-020
83.804  1.3288e-020
84.826  1.32988e-020
85.848  1.33095e-020
86.87  1.33199e-020
87.892  1.33301e-020
88.914  1.334e-020
89.936  1.33497e-020
90.958  1.33591e-020
91.98  1.33683e-020
93.002  1.33773e-020
94.024  1.33859e-020
95.046  1.33944e-020
96.068  1.34025e-020
97.09  1.34104e-020
98.112  1.34179e-020
99.134  1.34252e-020
100.156  1.34323e-020
101.178  1.3439e-020
102.2  1.34454e-020
103.222  1.34515e-020
104.244  1.34574e-020
105.266  1.34629e-020
106.288  1.34681e-020
107.31  1.34729e-020
108.332  1.34775e-020
109.354  1.34817e-020
110.376  1.34856e-020
111.398  1.34892e-020
112.42  1.34924e-020
113.442  1.34953e-020
114.464  1.34979e-020
115.486  1.35001e-020
116.508  1.35019e-020
117.53  1.35034e-020
118.552  1.35045e-020
119.574  1.35053e-020
120.596  1.35057e-020
121.618  1.35057e-020
122.64  1.35053e-020
123.662  1.35046e-020
124.684  1.35035e-020
125.706  1.35019e-020
126.728  1.35e-020
127.75  1.34977e-020
128.772  1.3495e-020
129.794  1.34919e-020
130.816  1.34883e-020
131.838  1.34844e-020
132.86  1.348e-020
133.882  1.34753e-020
134.904  1.347e-020
135.926  1.34644e-020
136.948  1.34583e-020
137.97  1.34518e-020
138.992  1.34448e-020
140.014  1.34374e-020
141.036  1.34296e-020
142.058  1.34212e-020
143.08  1.34125e-020
144.102  1.34032e-020
145.124  1.33935e-020
146.146  1.33833e-020
147.168  1.33726e-020
148.19  1.33614e-020
149.212  1.33498e-020
150.234  1.33376e-020
151.256  1.33249e-020
152.278  1.33118e-020
153.3  1.32981e-020
154.322  1.32839e-020
155.344  1.32692e-020
156.366  1.32539e-020
157.388  1.32381e-020
158.41  1.32218e-020
159.432  1.32049e-020
160.454  1.31874e-020
161.476  1.31694e-020
162.498  1.31509e-020
163.52  1.31317e-020
164.542  1.3112e-020
165.564  1.30917e-020
166.586  1.30708e-020
167.608  1.30492e-020
168.63  1.30271e-020
169.652  1.30044e-020
170.674  1.2981e-020
171.696  1.2957e-020
172.718  1.29323e-020
173.74  1.29071e-020
174.762  1.28811e-020
175.784  1.28545e-020
176.806  1.28272e-020
177.828  1.27992e-020
178.85  1.27705e-020
179.872  1.27411e-020
180.894  1.2711e-020
181.916  1.26802e-020
182.938  1.26487e-020
183.96  1.26164e-020
184.982  1.25833e-020
186.004  1.25495e-020
187.026  1.2515e-020
188.048  1.24796e-020
189.07  1.24434e-020
190.092  1.24065e-020
191.114  1.23687e-020
192.136  1.23301e-020
193.158  1.22906e-020
194.18  1.22503e-020
195.202  1.22091e-020
196.224  1.21671e-020
197.246  1.21241e-020
198.268  1.20803e-020
199.29  1.20355e-020
200.312  1.19898e-020
201.334  1.19432e-020
202.356  1.18956e-020
203.378  1.18471e-020
204.4  1.17975e-020
205.422  1.1747e-020
206.444  1.16954e-020
207.466  1.16429e-020
208.488  1.15893e-020
209.51  1.15346e-020
210.532  1.14789e-020
211.554  1.14221e-020
212.576  1.13642e-020
213.598  1.13052e-020
214.62  1.1245e-020
215.642  1.11838e-020
216.664  1.11213e-020
217.686  1.10577e-020
218.708  1.09929e-020
219.73  1.0927e-020
220.752  1.08598e-020
221.774  1.07914e-020
222.796  1.07217e-020
223.818  1.06508e-020
224.84  1.05786e-020
225.862  1.05051e-020
226.884  1.04304e-020
227.906  1.03543e-020
228.928  1.02769e-020
229.95  1.01982e-020
230.972  1.01181e-020
231.994  1.00366e-020
233.016  9.9538e-021
234.038  9.86959e-021
235.06  9.78398e-021
236.082  9.69696e-021
237.104  9.60852e-021
238.126  9.51866e-021
239.148  9.42736e-021
240.17  9.33461e-021
241.192  9.24041e-021
242.214  9.14474e-021
243.236  9.04761e-021
244.258  8.949e-021
245.28  8.84892e-021
246.302  8.74735e-021
247.324  8.6443e-021
248.346  8.53976e-021
249.368  8.43373e-021
250.39  8.32622e-021
251.412  8.21722e-021
252.434  8.10674e-021
253.456  7.99478e-021
254.478  7.88135e-021
255.5  7.76646e-021
256.522  7.65011e-021
257.544  7.53231e-021
258.566  7.41308e-021
259.588  7.29244e-021
260.61  7.17039e-021
261.632  7.04696e-021
262.654  6.92216e-021
263.676  6.79603e-021
264.698  6.66857e-021
265.72  6.53983e-021
266.742  6.40983e-021
267.764  6.27861e-021
268.786  6.14619e-021
269.808  6.01261e-021
270.83  5.87793e-021
271.852  5.74218e-021
272.874  5.60541e-021
273.896  5.46766e-021
274.918  5.32901e-021
275.94  5.18949e-021
276.962  5.04918e-021
277.984  4.90814e-021
279.006  4.76644e-021
280.028  4.62415e-021
281.05  4.48136e-021
282.072  4.33814e-021
283.094  4.19459e-021
284.116  4.05079e-021
285.138  3.90685e-021
286.16  3.76286e-021
287.182  3.61894e-021
288.204  3.4752e-021
289.226  3.33176e-021
290.248  3.18875e-021
291.27  3.0463e-021
292.292  2.90455e-021
293.314  2.76364e-021
294.336  2.62373e-021
295.358  2.48498e-021
296.38  2.34755e-021
297.402  2.21163e-021
298.424  2.07739e-021
299.446  1.94502e-021
300.468  1.81473e-021
301.49  1.68672e-021
302.512  1.56121e-021
303.534  1.43843e-021
304.556  1.31861e-021
305.578  1.202e-021
306.6  1.08886e-021
307.622  9.79453e-022
308.644  8.74057e-022
309.666  7.7296e-022
310.688  6.76463e-022
311.71  5.84878e-022
312.732  4.98529e-022
313.754  4.17753e-022
314.776  3.429e-022
315.798  2.74331e-022
316.82  2.12423e-022
317.842  1.57565e-022
318.864  1.10162e-022
319.886  7.06314e-023
320.908  3.94065e-023
321.93  1.69342e-023
322.952  3.67547e-024
