1.022  1.43968e-020
2.044  1.44021e-020
3.066  1.44076e-020
4.088  1.44132e-020
5.11  1.44191e-020
6.132  1.44251e-020
7.154  1.44312e-020
8.176  1.44375e-020
9.198  1.44438e-020
10.22  1.44503e-020
11.242  1.44568e-020
12.264  1.44634e-020
13.286  1.44702e-020
14.308  1.4477e-020
15.33  1.4484e-020
16.352  1.4491e-020
17.374  1.44982e-020
18.396  1.45056e-020
19.418  1.4513e-020
20.44  1.45206e-020
21.462  1.45284e-020
22.484  1.45362e-020
23.506  1.45443e-020
24.528  1.45525e-020
25.55  1.45608e-020
26.572  1.45693e-020
27.594  1.45779e-020
28.616  1.45867e-020
29.638  1.45956e-020
30.66  1.46047e-020
31.682  1.46139e-020
32.704  1.46232e-020
33.726  1.46326e-020
34.748  1.46422e-020
35.77  1.46519e-020
36.792  1.46616e-020
37.814  1.46715e-020
38.836  1.46815e-020
39.858  1.46915e-020
40.88  1.47017e-020
41.902  1.47119e-020
42.924  1.47222e-020
43.946  1.47325e-020
44.968  1.47429e-020
45.99  1.47533e-020
47.012  1.47638e-020
48.034  1.47743e-020
49.056  1.47848e-020
50.078  1.47953e-020
51.1  1.48058e-020
52.122  1.48164e-020
53.144  1.48269e-020
54.166  1.48374e-020
55.188  1.48479e-020
56.21  1.48583e-020
57.232  1.48687e-020
58.254  1.48791e-020
59.276  1.48894e-020
60.298  1.48996e-020
61.32  1.49098e-020
62.342  1.49199e-020
63.364  1.49299e-020
64.386  1.49399e-020
65.408  1.49497e-020
66.43  1.49595e-020
67.452  1.49691e-020
68.474  1.49786e-020
69.496  1.4988e-020
70.518  1.49972e-020
71.54  1.50064e-020
72.562  1.50153e-020
73.584  1.50242e-020
74.606  1.50328e-020
75.628  1.50414e-020
76.65  1.50497e-020
77.672  1.50579e-020
78.694  1.50659e-020
79.716  1.50737e-020
80.738  1.50813e-020
81.76  1.50887e-020
82.782  1.50959e-020
83.804  1.51029e-020
84.826  1.51097e-020
85.848  1.51163e-020
86.87  1.51226e-020
87.892  1.51287e-020
88.914  1.51346e-020
89.936  1.51403e-020
90.958  1.51456e-020
91.98  1.51508e-020
93.002  1.51556e-020
94.024  1.51603e-020
95.046  1.51646e-020
96.068  1.51687e-020
97.09  1.51724e-020
98.112  1.51759e-020
99.134  1.51792e-020
100.156  1.51821e-020
101.178  1.51847e-020
102.2  1.5187e-020
103.222  1.5189e-020
104.244  1.51907e-020
105.266  1.51921e-020
106.288  1.51932e-020
107.31  1.51939e-020
108.332  1.51943e-020
109.354  1.51943e-020
110.376  1.51941e-020
111.398  1.51934e-020
112.42  1.51925e-020
113.442  1.51911e-020
114.464  1.51894e-020
115.486  1.51874e-020
116.508  1.5185e-020
117.53  1.51822e-020
118.552  1.5179e-020
119.574  1.51754e-020
120.596  1.51715e-020
121.618  1.51672e-020
122.64  1.51624e-020
123.662  1.51573e-020
124.684  1.51518e-020
125.706  1.51458e-020
126.728  1.51395e-020
127.75  1.51327e-020
128.772  1.51255e-020
129.794  1.51179e-020
130.816  1.51099e-020
131.838  1.51014e-020
132.86  1.50925e-020
133.882  1.50831e-020
134.904  1.50733e-020
135.926  1.5063e-020
136.948  1.50523e-020
137.97  1.50411e-020
138.992  1.50294e-020
140.014  1.50173e-020
141.036  1.50047e-020
142.058  1.49916e-020
143.08  1.4978e-020
144.102  1.49639e-020
145.124  1.49494e-020
146.146  1.49343e-020
147.168  1.49187e-020
148.19  1.49026e-020
149.212  1.4886e-020
150.234  1.48688e-020
151.256  1.48511e-020
152.278  1.48329e-020
153.3  1.48141e-020
154.322  1.47948e-020
155.344  1.47749e-020
156.366  1.47545e-020
157.388  1.47335e-020
158.41  1.47119e-020
159.432  1.46898e-020
160.454  1.4667e-020
161.476  1.46437e-020
162.498  1.46197e-020
163.52  1.45951e-020
164.542  1.457e-020
165.564  1.45442e-020
166.586  1.45177e-020
167.608  1.44907e-020
168.63  1.44629e-020
169.652  1.44345e-020
170.674  1.44055e-020
171.696  1.43758e-020
172.718  1.43454e-020
173.74  1.43143e-020
174.762  1.42825e-020
175.784  1.425e-020
176.806  1.42167e-020
177.828  1.41828e-020
178.85  1.41481e-020
179.872  1.41126e-020
180.894  1.40764e-020
181.916  1.40394e-020
182.938  1.40017e-020
183.96  1.39631e-020
184.982  1.39238e-020
186.004  1.38836e-020
187.026  1.38427e-020
188.048  1.38008e-020
189.07  1.37582e-020
190.092  1.37146e-020
191.114  1.36702e-020
192.136  1.36249e-020
193.158  1.35787e-020
194.18  1.35317e-020
195.202  1.34836e-020
196.224  1.34347e-020
197.246  1.33848e-020
198.268  1.33339e-020
199.29  1.3282e-020
200.312  1.32292e-020
201.334  1.31754e-020
202.356  1.31205e-020
203.378  1.30646e-020
204.4  1.30076e-020
205.422  1.29496e-020
206.444  1.28905e-020
207.466  1.28303e-020
208.488  1.2769e-020
209.51  1.27066e-020
210.532  1.2643e-020
211.554  1.25783e-020
212.576  1.25124e-020
213.598  1.24454e-020
214.62  1.23771e-020
215.642  1.23076e-020
216.664  1.22369e-020
217.686  1.21649e-020
218.708  1.20916e-020
219.73  1.20171e-020
220.752  1.19413e-020
221.774  1.18642e-020
222.796  1.17857e-020
223.818  1.17059e-020
224.84  1.16247e-020
225.862  1.15422e-020
226.884  1.14583e-020
227.906  1.1373e-020
228.928  1.12862e-020
229.95  1.1198e-020
230.972  1.11084e-020
231.994  1.10174e-020
233.016  1.09248e-020
234.038  1.08308e-020
235.06  1.07353e-020
236.082  1.06382e-020
237.104  1.05397e-020
238.126  1.04396e-020
239.148  1.0338e-020
240.17  1.02349e-020
241.192  1.01302e-020
242.214  1.00239e-020
243.236  9.91605e-021
244.258  9.80663e-021
245.28  9.69563e-021
246.302  9.58305e-021
247.324  9.46889e-021
248.346  9.35313e-021
249.368  9.23579e-021
250.39  9.11686e-021
251.412  8.99634e-021
252.434  8.87424e-021
253.456  8.75056e-021
254.478  8.62531e-021
255.5  8.4985e-021
256.522  8.37014e-021
257.544  8.24023e-021
258.566  8.1088e-021
259.588  7.97586e-021
260.61  7.84143e-021
261.632  7.70552e-021
262.654  7.56816e-021
263.676  7.42938e-021
264.698  7.28919e-021
265.72  7.14764e-021
266.742  7.00475e-021
267.764  6.86056e-021
268.786  6.71511e-021
269.808  6.56844e-021
270.83  6.42059e-021
271.852  6.27161e-021
272.874  6.12156e-021
273.896  5.97048e-021
274.918  5.81845e-021
275.94  5.66551e-021
276.962  5.51175e-021
277.984  5.35723e-021
279.006  5.20202e-021
280.028  5.04621e-021
281.05  4.88988e-021
282.072  4.73313e-021
283.094  4.57605e-021
284.116  4.41873e-021
285.138  4.26129e-021
286.16  4.10384e-021
287.182  3.9465e-021
288.204  3.78939e-021
289.226  3.63263e-021
290.248  3.47638e-021
291.27  3.32077e-021
292.292  3.16595e-021
293.314  3.01209e-021
294.336  2.85934e-021
295.358  2.70788e-021
296.38  2.5579e-021
297.402  2.40958e-021
298.424  2.26312e-021
299.446  2.11874e-021
300.468  1.97664e-021
301.49  1.83705e-021
302.512  1.70021e-021
303.534  1.56636e-021
304.556  1.43577e-021
305.578  1.30869e-021
306.6  1.18541e-021
307.622  1.06622e-021
308.644  9.51408e-022
309.666  8.41297e-022
310.688  7.3621e-022
311.71  6.36487e-022
312.732  5.42476e-022
313.754  4.54545e-022
314.776  3.7307e-022
315.798  2.98446e-022
316.82  2.31078e-022
317.842  1.7139e-022
318.864  1.19819e-022
319.886  7.68174e-023
320.908  4.28546e-023
321.93  1.84147e-023
322.952  3.99652e-024
