1.022  3.2059e-020
2.044  3.19954e-020
3.066  3.19327e-020
4.088  3.18708e-020
5.11  3.18098e-020
6.132  3.17495e-020
7.154  3.16899e-020
8.176  3.16309e-020
9.198  3.15726e-020
10.22  3.1515e-020
11.242  3.14579e-020
12.264  3.14014e-020
13.286  3.13456e-020
14.308  3.12904e-020
15.33  3.12359e-020
16.352  3.1182e-020
17.374  3.11288e-020
18.396  3.10763e-020
19.418  3.10245e-020
20.44  3.09733e-020
21.462  3.09229e-020
22.484  3.08732e-020
23.506  3.08242e-020
24.528  3.07759e-020
25.55  3.07283e-020
26.572  3.06815e-020
27.594  3.06353e-020
28.616  3.05898e-020
29.638  3.0545e-020
30.66  3.05009e-020
31.682  3.04574e-020
32.704  3.04146e-020
33.726  3.03724e-020
34.748  3.03309e-020
35.77  3.02899e-020
36.792  3.02496e-020
37.814  3.02098e-020
38.836  3.01706e-020
39.858  3.01319e-020
40.88  3.00937e-020
41.902  3.00561e-020
42.924  3.00189e-020
43.946  2.99822e-020
44.968  2.9946e-020
45.99  2.99102e-020
47.012  2.98749e-020
48.034  2.98399e-020
49.056  2.98053e-020
50.078  2.97711e-020
51.1  2.97373e-020
52.122  2.97038e-020
53.144  2.96706e-020
54.166  2.96377e-020
55.188  2.96052e-020
56.21  2.95728e-020
57.232  2.95408e-020
58.254  2.95089e-020
59.276  2.94773e-020
60.298  2.94459e-020
61.32  2.94147e-020
62.342  2.93837e-020
63.364  2.93528e-020
64.386  2.93221e-020
65.408  2.92915e-020
66.43  2.9261e-020
67.452  2.92307e-020
68.474  2.92004e-020
69.496  2.91702e-020
70.518  2.914e-020
71.54  2.91099e-020
72.562  2.90798e-020
73.584  2.90497e-020
74.606  2.90196e-020
75.628  2.89896e-020
76.65  2.89595e-020
77.672  2.89293e-020
78.694  2.88991e-020
79.716  2.88689e-020
80.738  2.88386e-020
81.76  2.88082e-020
82.782  2.87777e-020
83.804  2.87471e-020
84.826  2.87163e-020
85.848  2.86855e-020
86.87  2.86545e-020
87.892  2.86233e-020
88.914  2.8592e-020
89.936  2.85605e-020
90.958  2.85288e-020
91.98  2.84969e-020
93.002  2.84648e-020
94.024  2.84324e-020
95.046  2.83999e-020
96.068  2.83671e-020
97.09  2.83341e-020
98.112  2.83008e-020
99.134  2.82672e-020
100.156  2.82333e-020
101.178  2.81992e-020
102.2  2.81647e-020
103.222  2.813e-020
104.244  2.80949e-020
105.266  2.80595e-020
106.288  2.80238e-020
107.31  2.79878e-020
108.332  2.79513e-020
109.354  2.79145e-020
110.376  2.78774e-020
111.398  2.78399e-020
112.42  2.78019e-020
113.442  2.77636e-020
114.464  2.77249e-020
115.486  2.76858e-020
116.508  2.76462e-020
117.53  2.76062e-020
118.552  2.75658e-020
119.574  2.75249e-020
120.596  2.74836e-020
121.618  2.74418e-020
122.64  2.73996e-020
123.662  2.73568e-020
124.684  2.73136e-020
125.706  2.72699e-020
126.728  2.72257e-020
127.75  2.7181e-020
128.772  2.71357e-020
129.794  2.709e-020
130.816  2.70437e-020
131.838  2.69968e-020
132.86  2.69494e-020
133.882  2.69015e-020
134.904  2.6853e-020
135.926  2.68039e-020
136.948  2.67542e-020
137.97  2.6704e-020
138.992  2.66531e-020
140.014  2.66017e-020
141.036  2.65496e-020
142.058  2.64969e-020
143.08  2.64436e-020
144.102  2.63896e-020
145.124  2.6335e-020
146.146  2.62797e-020
147.168  2.62238e-020
148.19  2.61672e-020
149.212  2.61099e-020
150.234  2.60519e-020
151.256  2.59932e-020
152.278  2.59338e-020
153.3  2.58737e-020
154.322  2.58129e-020
155.344  2.57513e-020
156.366  2.5689e-020
157.388  2.56259e-020
158.41  2.5562e-020
159.432  2.54974e-020
160.454  2.5432e-020
161.476  2.53657e-020
162.498  2.52987e-020
163.52  2.52308e-020
164.542  2.51621e-020
165.564  2.50926e-020
166.586  2.50222e-020
167.608  2.49509e-020
168.63  2.48787e-020
169.652  2.48057e-020
170.674  2.47317e-020
171.696  2.46568e-020
172.718  2.4581e-020
173.74  2.45042e-020
174.762  2.44265e-020
175.784  2.43478e-020
176.806  2.42681e-020
177.828  2.41874e-020
178.85  2.41057e-020
179.872  2.40229e-020
180.894  2.39391e-020
181.916  2.38543e-020
182.938  2.37683e-020
183.96  2.36813e-020
184.982  2.35931e-020
186.004  2.35038e-020
187.026  2.34134e-020
188.048  2.33218e-020
189.07  2.3229e-020
190.092  2.3135e-020
191.114  2.30398e-020
192.136  2.29433e-020
193.158  2.28456e-020
194.18  2.27466e-020
195.202  2.26463e-020
196.224  2.25447e-020
197.246  2.24418e-020
198.268  2.23375e-020
199.29  2.22318e-020
200.312  2.21248e-020
201.334  2.20163e-020
202.356  2.19064e-020
203.378  2.1795e-020
204.4  2.16821e-020
205.422  2.15677e-020
206.444  2.14518e-020
207.466  2.13344e-020
208.488  2.12154e-020
209.51  2.10947e-020
210.532  2.09725e-020
211.554  2.08486e-020
212.576  2.07231e-020
213.598  2.05959e-020
214.62  2.04669e-020
215.642  2.03363e-020
216.664  2.02038e-020
217.686  2.00696e-020
218.708  1.99336e-020
219.73  1.97958e-020
220.752  1.96561e-020
221.774  1.95146e-020
222.796  1.93711e-020
223.818  1.92258e-020
224.84  1.90785e-020
225.862  1.89292e-020
226.884  1.8778e-020
227.906  1.86248e-020
228.928  1.84695e-020
229.95  1.83122e-020
230.972  1.81528e-020
231.994  1.79914e-020
233.016  1.78279e-020
234.038  1.76622e-020
235.06  1.74944e-020
236.082  1.73244e-020
237.104  1.71523e-020
238.126  1.6978e-020
239.148  1.68015e-020
240.17  1.66228e-020
241.192  1.64419e-020
242.214  1.62588e-020
243.236  1.60734e-020
244.258  1.58858e-020
245.28  1.56959e-020
246.302  1.55038e-020
247.324  1.53094e-020
248.346  1.51128e-020
249.368  1.49139e-020
250.39  1.47127e-020
251.412  1.45093e-020
252.434  1.43037e-020
253.456  1.40958e-020
254.478  1.38857e-020
255.5  1.36734e-020
256.522  1.34589e-020
257.544  1.32423e-020
258.566  1.30235e-020
259.588  1.28026e-020
260.61  1.25796e-020
261.632  1.23545e-020
262.654  1.21275e-020
263.676  1.18984e-020
264.698  1.16674e-020
265.72  1.14346e-020
266.742  1.11999e-020
267.764  1.09634e-020
268.786  1.07252e-020
269.808  1.04853e-020
270.83  1.02439e-020
271.852  1.0001e-020
272.874  9.7566e-021
273.896  9.51092e-021
274.918  9.26399e-021
275.94  9.01592e-021
276.962  8.76682e-021
277.984  8.51679e-021
279.006  8.26597e-021
280.028  8.01446e-021
281.05  7.76241e-021
282.072  7.50995e-021
283.094  7.25725e-021
284.116  7.00444e-021
285.138  6.7517e-021
286.16  6.49921e-021
287.182  6.24715e-021
288.204  5.9957e-021
289.226  5.74508e-021
290.248  5.49549e-021
291.27  5.24716e-021
292.292  5.00033e-021
293.314  4.75523e-021
294.336  4.51213e-021
295.358  4.27129e-021
296.38  4.03299e-021
297.402  3.79754e-021
298.424  3.56523e-021
299.446  3.33638e-021
300.468  3.11134e-021
301.49  2.89044e-021
302.512  2.67405e-021
303.534  2.46256e-021
304.556  2.25635e-021
305.578  2.05584e-021
306.6  1.86145e-021
307.622  1.67363e-021
308.644  1.49284e-021
309.666  1.31957e-021
310.688  1.15431e-021
311.71  9.97577e-022
312.732  8.49919e-022
313.754  7.11892e-022
314.776  5.84078e-022
315.798  4.67077e-022
316.82  3.61516e-022
317.842  2.68041e-022
318.864  1.87322e-022
319.886  1.20053e-022
320.908  6.69515e-023
321.93  2.87593e-023
322.952  6.23949e-024
