1.022  4.93405e-020
2.044  4.91996e-020
3.066  4.90603e-020
4.088  4.89226e-020
5.11  4.87864e-020
6.132  4.86516e-020
7.154  4.85182e-020
8.176  4.83861e-020
9.198  4.82552e-020
10.22  4.81256e-020
11.242  4.79972e-020
12.264  4.78699e-020
13.286  4.7744e-020
14.308  4.76192e-020
15.33  4.74957e-020
16.352  4.73735e-020
17.374  4.72526e-020
18.396  4.7133e-020
19.418  4.70147e-020
20.44  4.68977e-020
21.462  4.67821e-020
22.484  4.66679e-020
23.506  4.65549e-020
24.528  4.64433e-020
25.55  4.63331e-020
26.572  4.62242e-020
27.594  4.61166e-020
28.616  4.60103e-020
29.638  4.59052e-020
30.66  4.58015e-020
31.682  4.5699e-020
32.704  4.55977e-020
33.726  4.54977e-020
34.748  4.53988e-020
35.77  4.53011e-020
36.792  4.52045e-020
37.814  4.5109e-020
38.836  4.50146e-020
39.858  4.49213e-020
40.88  4.4829e-020
41.902  4.47377e-020
42.924  4.46474e-020
43.946  4.4558e-020
44.968  4.44695e-020
45.99  4.4382e-020
47.012  4.42953e-020
48.034  4.42094e-020
49.056  4.41244e-020
50.078  4.40401e-020
51.1  4.39566e-020
52.122  4.38739e-020
53.144  4.37918e-020
54.166  4.37104e-020
55.188  4.36297e-020
56.21  4.35496e-020
57.232  4.34701e-020
58.254  4.33912e-020
59.276  4.33128e-020
60.298  4.3235e-020
61.32  4.31576e-020
62.342  4.30808e-020
63.364  4.30044e-020
64.386  4.29284e-020
65.408  4.28528e-020
66.43  4.27776e-020
67.452  4.27028e-020
68.474  4.26283e-020
69.496  4.25542e-020
70.518  4.24803e-020
71.54  4.24067e-020
72.562  4.23334e-020
73.584  4.22603e-020
74.606  4.21874e-020
75.628  4.21147e-020
76.65  4.20422e-020
77.672  4.19698e-020
78.694  4.18976e-020
79.716  4.18255e-020
80.738  4.17535e-020
81.76  4.16815e-020
82.782  4.16096e-020
83.804  4.15378e-020
84.826  4.1466e-020
85.848  4.13942e-020
86.87  4.13224e-020
87.892  4.12505e-020
88.914  4.11786e-020
89.936  4.11067e-020
90.958  4.10346e-020
91.98  4.09625e-020
93.002  4.08903e-020
94.024  4.08179e-020
95.046  4.07454e-020
96.068  4.06728e-020
97.09  4.06e-020
98.112  4.0527e-020
99.134  4.04538e-020
100.156  4.03803e-020
101.178  4.03067e-020
102.2  4.02328e-020
103.222  4.01586e-020
104.244  4.00842e-020
105.266  4.00095e-020
106.288  3.99345e-020
107.31  3.98592e-020
108.332  3.97836e-020
109.354  3.97076e-020
110.376  3.96313e-020
111.398  3.95546e-020
112.42  3.94776e-020
113.442  3.94001e-020
114.464  3.93223e-020
115.486  3.9244e-020
116.508  3.91654e-020
117.53  3.90862e-020
118.552  3.90067e-020
119.574  3.89267e-020
120.596  3.88462e-020
121.618  3.87652e-020
122.64  3.86838e-020
123.662  3.86018e-020
124.684  3.85193e-020
125.706  3.84363e-020
126.728  3.83528e-020
127.75  3.82687e-020
128.772  3.8184e-020
129.794  3.80988e-020
130.816  3.8013e-020
131.838  3.79265e-020
132.86  3.78395e-020
133.882  3.77519e-020
134.904  3.76636e-020
135.926  3.75747e-020
136.948  3.74852e-020
137.97  3.7395e-020
138.992  3.73041e-020
140.014  3.72125e-020
141.036  3.71202e-020
142.058  3.70273e-020
143.08  3.69336e-020
144.102  3.68391e-020
145.124  3.6744e-020
146.146  3.6648e-020
147.168  3.65514e-020
148.19  3.64539e-020
149.212  3.63556e-020
150.234  3.62566e-020
151.256  3.61567e-020
152.278  3.6056e-020
153.3  3.59545e-020
154.322  3.58521e-020
155.344  3.57488e-020
156.366  3.56447e-020
157.388  3.55396e-020
158.41  3.54337e-020
159.432  3.53268e-020
160.454  3.5219e-020
161.476  3.51103e-020
162.498  3.50006e-020
163.52  3.48899e-020
164.542  3.47782e-020
165.564  3.46656e-020
166.586  3.45519e-020
167.608  3.44371e-020
168.63  3.43213e-020
169.652  3.42044e-020
170.674  3.40865e-020
171.696  3.39674e-020
172.718  3.38472e-020
173.74  3.37259e-020
174.762  3.36034e-020
175.784  3.34797e-020
176.806  3.33549e-020
177.828  3.32288e-020
178.85  3.31015e-020
179.872  3.29729e-020
180.894  3.28431e-020
181.916  3.2712e-020
182.938  3.25796e-020
183.96  3.24458e-020
184.982  3.23106e-020
186.004  3.21741e-020
187.026  3.20362e-020
188.048  3.18969e-020
189.07  3.17561e-020
190.092  3.16139e-020
191.114  3.14701e-020
192.136  3.13249e-020
193.158  3.11781e-020
194.18  3.10297e-020
195.202  3.08798e-020
196.224  3.07282e-020
197.246  3.0575e-020
198.268  3.04201e-020
199.29  3.02636e-020
200.312  3.01053e-020
201.334  2.99452e-020
202.356  2.97834e-020
203.378  2.96198e-020
204.4  2.94544e-020
205.422  2.9287e-020
206.444  2.91179e-020
207.466  2.89467e-020
208.488  2.87737e-020
209.51  2.85987e-020
210.532  2.84216e-020
211.554  2.82426e-020
212.576  2.80615e-020
213.598  2.78782e-020
214.62  2.76929e-020
215.642  2.75054e-020
216.664  2.73158e-020
217.686  2.71239e-020
218.708  2.69298e-020
219.73  2.67334e-020
220.752  2.65348e-020
221.774  2.63338e-020
222.796  2.61304e-020
223.818  2.59247e-020
224.84  2.57166e-020
225.862  2.5506e-020
226.884  2.5293e-020
227.906  2.50774e-020
228.928  2.48594e-020
229.95  2.46388e-020
230.972  2.44156e-020
231.994  2.41899e-020
233.016  2.39615e-020
234.038  2.37305e-020
235.06  2.34969e-020
236.082  2.32605e-020
237.104  2.30215e-020
238.126  2.27797e-020
239.148  2.25353e-020
240.17  2.2288e-020
241.192  2.2038e-020
242.214  2.17853e-020
243.236  2.15297e-020
244.258  2.12714e-020
245.28  2.10103e-020
246.302  2.07463e-020
247.324  2.04796e-020
248.346  2.02101e-020
249.368  1.99377e-020
250.39  1.96626e-020
251.412  1.93846e-020
252.434  1.91039e-020
253.456  1.88205e-020
254.478  1.85342e-020
255.5  1.82453e-020
256.522  1.79536e-020
257.544  1.76593e-020
258.566  1.73623e-020
259.588  1.70628e-020
260.61  1.67606e-020
261.632  1.64559e-020
262.654  1.61488e-020
263.676  1.58392e-020
264.698  1.55273e-020
265.72  1.52131e-020
266.742  1.48966e-020
267.764  1.4578e-020
268.786  1.42573e-020
269.808  1.39346e-020
270.83  1.36101e-020
271.852  1.32837e-020
272.874  1.29557e-020
273.896  1.2626e-020
274.918  1.2295e-020
275.94  1.19626e-020
276.962  1.16291e-020
277.984  1.12945e-020
279.006  1.09591e-020
280.028  1.06229e-020
281.05  1.02863e-020
282.072  9.94923e-021
283.094  9.61207e-021
284.116  9.27496e-021
285.138  8.93812e-021
286.16  8.60179e-021
287.182  8.2662e-021
288.204  7.93161e-021
289.226  7.59827e-021
290.248  7.26648e-021
291.27  6.93653e-021
292.292  6.60871e-021
293.314  6.28335e-021
294.336  5.96078e-021
295.358  5.64136e-021
296.38  5.32545e-021
297.402  5.01344e-021
298.424  4.70572e-021
299.446  4.40272e-021
300.468  4.10488e-021
301.49  3.81263e-021
302.512  3.52647e-021
303.534  3.24688e-021
304.556  2.97438e-021
305.578  2.70951e-021
306.6  2.45282e-021
307.622  2.20489e-021
308.644  1.96632e-021
309.666  1.73775e-021
310.688  1.51982e-021
311.71  1.3132e-021
312.732  1.11861e-021
313.754  9.36773e-022
314.776  7.68439e-022
315.798  6.14393e-022
316.82  4.7545e-022
317.842  3.52451e-022
318.864  2.46267e-022
319.886  1.57802e-022
320.908  8.7988e-023
321.93  3.77889e-023
322.952  8.19708e-024
