1.022  5.54215e-020
2.044  5.52521e-020
3.066  5.50847e-020
4.088  5.49191e-020
5.11  5.47552e-020
6.132  5.4593e-020
7.154  5.44325e-020
8.176  5.42734e-020
9.198  5.41159e-020
10.22  5.39598e-020
11.242  5.38051e-020
12.264  5.36518e-020
13.286  5.35001e-020
14.308  5.33497e-020
15.33  5.32009e-020
16.352  5.30535e-020
17.374  5.29077e-020
18.396  5.27634e-020
19.418  5.26207e-020
20.44  5.24796e-020
21.462  5.234e-020
22.484  5.2202e-020
23.506  5.20655e-020
24.528  5.19307e-020
25.55  5.17974e-020
26.572  5.16656e-020
27.594  5.15354e-020
28.616  5.14068e-020
29.638  5.12796e-020
30.66  5.11539e-020
31.682  5.10297e-020
32.704  5.0907e-020
33.726  5.07856e-020
34.748  5.06657e-020
35.77  5.05471e-020
36.792  5.04298e-020
37.814  5.03138e-020
38.836  5.01992e-020
39.858  5.00857e-020
40.88  4.99735e-020
41.902  4.98625e-020
42.924  4.97526e-020
43.946  4.96439e-020
44.968  4.95362e-020
45.99  4.94296e-020
47.012  4.93241e-020
48.034  4.92195e-020
49.056  4.91159e-020
50.078  4.90132e-020
51.1  4.89115e-020
52.122  4.88106e-020
53.144  4.87106e-020
54.166  4.86114e-020
55.188  4.8513e-020
56.21  4.84153e-020
57.232  4.83184e-020
58.254  4.82222e-020
59.276  4.81267e-020
60.298  4.80318e-020
61.32  4.79375e-020
62.342  4.78438e-020
63.364  4.77507e-020
64.386  4.76581e-020
65.408  4.7566e-020
66.43  4.74745e-020
67.452  4.73833e-020
68.474  4.72927e-020
69.496  4.72024e-020
70.518  4.71125e-020
71.54  4.7023e-020
72.562  4.69338e-020
73.584  4.6845e-020
74.606  4.67564e-020
75.628  4.66681e-020
76.65  4.65801e-020
77.672  4.64922e-020
78.694  4.64046e-020
79.716  4.63172e-020
80.738  4.62299e-020
81.76  4.61428e-020
82.782  4.60558e-020
83.804  4.59689e-020
84.826  4.58821e-020
85.848  4.57954e-020
86.87  4.57087e-020
87.892  4.5622e-020
88.914  4.55353e-020
89.936  4.54486e-020
90.958  4.53619e-020
91.98  4.52751e-020
93.002  4.51882e-020
94.024  4.51013e-020
95.046  4.50143e-020
96.068  4.49271e-020
97.09  4.48399e-020
98.112  4.47524e-020
99.134  4.46648e-020
100.156  4.4577e-020
101.178  4.4489e-020
102.2  4.44008e-020
103.222  4.43124e-020
104.244  4.42237e-020
105.266  4.41347e-020
106.288  4.40455e-020
107.31  4.3956e-020
108.332  4.38662e-020
109.354  4.3776e-020
110.376  4.36855e-020
111.398  4.35947e-020
112.42  4.35035e-020
113.442  4.34119e-020
114.464  4.332e-020
115.486  4.32276e-020
116.508  4.31348e-020
117.53  4.30416e-020
118.552  4.29479e-020
119.574  4.28538e-020
120.596  4.27592e-020
121.618  4.26642e-020
122.64  4.25686e-020
123.662  4.24725e-020
124.684  4.23759e-020
125.706  4.22788e-020
126.728  4.21811e-020
127.75  4.20829e-020
128.772  4.19841e-020
129.794  4.18847e-020
130.816  4.17847e-020
131.838  4.16841e-020
132.86  4.15829e-020
133.882  4.14811e-020
134.904  4.13786e-020
135.926  4.12755e-020
136.948  4.11716e-020
137.97  4.10672e-020
138.992  4.0962e-020
140.014  4.08561e-020
141.036  4.07495e-020
142.058  4.06421e-020
143.08  4.0534e-020
144.102  4.04252e-020
145.124  4.03156e-020
146.146  4.02052e-020
147.168  4.0094e-020
148.19  3.9982e-020
149.212  3.98692e-020
150.234  3.97555e-020
151.256  3.9641e-020
152.278  3.95257e-020
153.3  3.94094e-020
154.322  3.92923e-020
155.344  3.91743e-020
156.366  3.90553e-020
157.388  3.89354e-020
158.41  3.88146e-020
159.432  3.86928e-020
160.454  3.857e-020
161.476  3.84462e-020
162.498  3.83215e-020
163.52  3.81957e-020
164.542  3.80688e-020
165.564  3.79409e-020
166.586  3.78119e-020
167.608  3.76819e-020
168.63  3.75507e-020
169.652  3.74184e-020
170.674  3.7285e-020
171.696  3.71503e-020
172.718  3.70145e-020
173.74  3.68776e-020
174.762  3.67393e-020
175.784  3.65999e-020
176.806  3.64592e-020
177.828  3.63172e-020
178.85  3.61739e-020
179.872  3.60293e-020
180.894  3.58833e-020
181.916  3.5736e-020
182.938  3.55873e-020
183.96  3.54371e-020
184.982  3.52856e-020
186.004  3.51326e-020
187.026  3.49781e-020
188.048  3.48221e-020
189.07  3.46645e-020
190.092  3.45055e-020
191.114  3.43448e-020
192.136  3.41825e-020
193.158  3.40186e-020
194.18  3.38531e-020
195.202  3.36858e-020
196.224  3.35169e-020
197.246  3.33462e-020
198.268  3.31737e-020
199.29  3.29994e-020
200.312  3.28233e-020
201.334  3.26454e-020
202.356  3.24656e-020
203.378  3.22838e-020
204.4  3.21002e-020
205.422  3.19145e-020
206.444  3.17268e-020
207.466  3.15371e-020
208.488  3.13454e-020
209.51  3.11515e-020
210.532  3.09555e-020
211.554  3.07574e-020
212.576  3.05571e-020
213.598  3.03545e-020
214.62  3.01497e-020
215.642  2.99426e-020
216.664  2.97332e-020
217.686  2.95215e-020
218.708  2.93073e-020
219.73  2.90908e-020
220.752  2.88718e-020
221.774  2.86503e-020
222.796  2.84264e-020
223.818  2.81999e-020
224.84  2.79708e-020
225.862  2.77391e-020
226.884  2.75049e-020
227.906  2.72679e-020
228.928  2.70283e-020
229.95  2.6786e-020
230.972  2.65409e-020
231.994  2.62931e-020
233.016  2.60425e-020
234.038  2.57891e-020
235.06  2.55329e-020
236.082  2.52738e-020
237.104  2.50119e-020
238.126  2.4747e-020
239.148  2.44793e-020
240.17  2.42086e-020
241.192  2.3935e-020
242.214  2.36584e-020
243.236  2.33789e-020
244.258  2.30964e-020
245.28  2.2811e-020
246.302  2.25225e-020
247.324  2.22311e-020
248.346  2.19366e-020
249.368  2.16392e-020
250.39  2.13389e-020
251.412  2.10355e-020
252.434  2.07292e-020
253.456  2.042e-020
254.478  2.01079e-020
255.5  1.97928e-020
256.522  1.94749e-020
257.544  1.91541e-020
258.566  1.88306e-020
259.588  1.85042e-020
260.61  1.81752e-020
261.632  1.78434e-020
262.654  1.75091e-020
263.676  1.71721e-020
264.698  1.68327e-020
265.72  1.64908e-020
266.742  1.61466e-020
267.764  1.58001e-020
268.786  1.54514e-020
269.808  1.51006e-020
270.83  1.47479e-020
271.852  1.43932e-020
272.874  1.40368e-020
273.896  1.36787e-020
274.918  1.33192e-020
275.94  1.29582e-020
276.962  1.25961e-020
277.984  1.22329e-020
279.006  1.18688e-020
280.028  1.15039e-020
281.05  1.11386e-020
282.072  1.0773e-020
283.094  1.04072e-020
284.116  1.00416e-020
285.138  9.6763e-021
286.16  9.3116e-021
287.182  8.94776e-021
288.204  8.58505e-021
289.226  8.22376e-021
290.248  7.86418e-021
291.27  7.50663e-021
292.292  7.15144e-021
293.314  6.79895e-021
294.336  6.44954e-021
295.358  6.10357e-021
296.38  5.76145e-021
297.402  5.42359e-021
298.424  5.09041e-021
299.446  4.76237e-021
300.468  4.43995e-021
301.49  4.12362e-021
302.512  3.81391e-021
303.534  3.51134e-021
304.556  3.21647e-021
305.578  2.92989e-021
306.6  2.65218e-021
307.622  2.38397e-021
308.644  2.12592e-021
309.666  1.8787e-021
310.688  1.643e-021
311.71  1.41957e-021
312.732  1.20916e-021
313.754  1.01255e-021
314.776  8.30559e-022
315.798  6.64028e-022
316.82  5.13835e-022
317.842  3.80887e-022
318.864  2.66124e-022
319.886  1.70518e-022
320.908  9.50738e-023
321.93  4.08303e-023
322.952  8.85639e-024
