1.022  1.36752e-020
2.044  1.36146e-020
3.066  1.35549e-020
4.088  1.34961e-020
5.11  1.34383e-020
6.132  1.33814e-020
7.154  1.33253e-020
8.176  1.327e-020
9.198  1.32156e-020
10.22  1.3162e-020
11.242  1.31091e-020
12.264  1.30571e-020
13.286  1.30058e-020
14.308  1.29554e-020
15.33  1.29057e-020
16.352  1.28568e-020
17.374  1.28086e-020
18.396  1.27613e-020
19.418  1.27147e-020
20.44  1.26689e-020
21.462  1.26239e-020
22.484  1.25796e-020
23.506  1.25361e-020
24.528  1.24933e-020
25.55  1.24513e-020
26.572  1.241e-020
27.594  1.23695e-020
28.616  1.23297e-020
29.638  1.22905e-020
30.66  1.22521e-020
31.682  1.22144e-020
32.704  1.21773e-020
33.726  1.2141e-020
34.748  1.21052e-020
35.77  1.20702e-020
36.792  1.20357e-020
37.814  1.20019e-020
38.836  1.19687e-020
39.858  1.1936e-020
40.88  1.1904e-020
41.902  1.18726e-020
42.924  1.18417e-020
43.946  1.18113e-020
44.968  1.17815e-020
45.99  1.17522e-020
47.012  1.17235e-020
48.034  1.16952e-020
49.056  1.16675e-020
50.078  1.16402e-020
51.1  1.16134e-020
52.122  1.1587e-020
53.144  1.15611e-020
54.166  1.15356e-020
55.188  1.15106e-020
56.21  1.1486e-020
57.232  1.14618e-020
58.254  1.14379e-020
59.276  1.14145e-020
60.298  1.13914e-020
61.32  1.13687e-020
62.342  1.13464e-020
63.364  1.13244e-020
64.386  1.13027e-020
65.408  1.12814e-020
66.43  1.12603e-020
67.452  1.12396e-020
68.474  1.12192e-020
69.496  1.11991e-020
70.518  1.11792e-020
71.54  1.11596e-020
72.562  1.11403e-020
73.584  1.11212e-020
74.606  1.11024e-020
75.628  1.10838e-020
76.65  1.10654e-020
77.672  1.10473e-020
78.694  1.10293e-020
79.716  1.10116e-020
80.738  1.09941e-020
81.76  1.09767e-020
82.782  1.09595e-020
83.804  1.09425e-020
84.826  1.09257e-020
85.848  1.0909e-020
86.87  1.08925e-020
87.892  1.08761e-020
88.914  1.08598e-020
89.936  1.08437e-020
90.958  1.08277e-020
91.98  1.08118e-020
93.002  1.0796e-020
94.024  1.07803e-020
95.046  1.07647e-020
96.068  1.07492e-020
97.09  1.07337e-020
98.112  1.07184e-020
99.134  1.07031e-020
100.156  1.06878e-020
101.178  1.06726e-020
102.2  1.06575e-020
103.222  1.06424e-020
104.244  1.06273e-020
105.266  1.06123e-020
106.288  1.05973e-020
107.31  1.05823e-020
108.332  1.05673e-020
109.354  1.05524e-020
110.376  1.05374e-020
111.398  1.05224e-020
112.42  1.05074e-020
113.442  1.04924e-020
114.464  1.04774e-020
115.486  1.04623e-020
116.508  1.04472e-020
117.53  1.04321e-020
118.552  1.04169e-020
119.574  1.04017e-020
120.596  1.03864e-020
121.618  1.03711e-020
122.64  1.03557e-020
123.662  1.03402e-020
124.684  1.03247e-020
125.706  1.03091e-020
126.728  1.02933e-020
127.75  1.02775e-020
128.772  1.02616e-020
129.794  1.02457e-020
130.816  1.02295e-020
131.838  1.02133e-020
132.86  1.0197e-020
133.882  1.01806e-020
134.904  1.0164e-020
135.926  1.01473e-020
136.948  1.01305e-020
137.97  1.01135e-020
138.992  1.00964e-020
140.014  1.00791e-020
141.036  1.00617e-020
142.058  1.00441e-020
143.08  1.00264e-020
144.102  1.00084e-020
145.124  9.99036e-021
146.146  9.9721e-021
147.168  9.95365e-021
148.19  9.93502e-021
149.212  9.9162e-021
150.234  9.89718e-021
151.256  9.87796e-021
152.278  9.85853e-021
153.3  9.83889e-021
154.322  9.81903e-021
155.344  9.79895e-021
156.366  9.77864e-021
157.388  9.7581e-021
158.41  9.73732e-021
159.432  9.7163e-021
160.454  9.69503e-021
161.476  9.67351e-021
162.498  9.65173e-021
163.52  9.62968e-021
164.542  9.60736e-021
165.564  9.58477e-021
166.586  9.56189e-021
167.608  9.53873e-021
168.63  9.51527e-021
169.652  9.49152e-021
170.674  9.46746e-021
171.696  9.44309e-021
172.718  9.4184e-021
173.74  9.39338e-021
174.762  9.36804e-021
175.784  9.34236e-021
176.806  9.31633e-021
177.828  9.28996e-021
178.85  9.26323e-021
179.872  9.23613e-021
180.894  9.20866e-021
181.916  9.18082e-021
182.938  9.15259e-021
183.96  9.12396e-021
184.982  9.09493e-021
186.004  9.0655e-021
187.026  9.03565e-021
188.048  9.00537e-021
189.07  8.97467e-021
190.092  8.94352e-021
191.114  8.91192e-021
192.136  8.87986e-021
193.158  8.84734e-021
194.18  8.81434e-021
195.202  8.78086e-021
196.224  8.74689e-021
197.246  8.71241e-021
198.268  8.67742e-021
199.29  8.64191e-021
200.312  8.60587e-021
201.334  8.56929e-021
202.356  8.53215e-021
203.378  8.49446e-021
204.4  8.45619e-021
205.422  8.41735e-021
206.444  8.37791e-021
207.466  8.33787e-021
208.488  8.29721e-021
209.51  8.25593e-021
210.532  8.21402e-021
211.554  8.17146e-021
212.576  8.12824e-021
213.598  8.08435e-021
214.62  8.03978e-021
215.642  7.99452e-021
216.664  7.94856e-021
217.686  7.90188e-021
218.708  7.85448e-021
219.73  7.80633e-021
220.752  7.75744e-021
221.774  7.70779e-021
222.796  7.65736e-021
223.818  7.60615e-021
224.84  7.55414e-021
225.862  7.50132e-021
226.884  7.44768e-021
227.906  7.39321e-021
228.928  7.33789e-021
229.95  7.28172e-021
230.972  7.22468e-021
231.994  7.16677e-021
233.016  7.10796e-021
234.038  7.04826e-021
235.06  6.98764e-021
236.082  6.92611e-021
237.104  6.86364e-021
238.126  6.80023e-021
239.148  6.73588e-021
240.17  6.67056e-021
241.192  6.60427e-021
242.214  6.53701e-021
243.236  6.46876e-021
244.258  6.39952e-021
245.28  6.32928e-021
246.302  6.25804e-021
247.324  6.18578e-021
248.346  6.11251e-021
249.368  6.03821e-021
250.39  5.96289e-021
251.412  5.88654e-021
252.434  5.80917e-021
253.456  5.73076e-021
254.478  5.65132e-021
255.5  5.57085e-021
256.522  5.48935e-021
257.544  5.40682e-021
258.566  5.32328e-021
259.588  5.23872e-021
260.61  5.15314e-021
261.632  5.06657e-021
262.654  4.97901e-021
263.676  4.89046e-021
264.698  4.80095e-021
265.72  4.71048e-021
266.742  4.61908e-021
267.764  4.52676e-021
268.786  4.43354e-021
269.808  4.33945e-021
270.83  4.2445e-021
271.852  4.14873e-021
272.874  4.05217e-021
273.896  3.95484e-021
274.918  3.85678e-021
275.94  3.75802e-021
276.962  3.65862e-021
277.984  3.5586e-021
279.006  3.45802e-021
280.028  3.35693e-021
281.05  3.25537e-021
282.072  3.1534e-021
283.094  3.05109e-021
284.116  2.94849e-021
285.138  2.84568e-021
286.16  2.74272e-021
287.182  2.63969e-021
288.204  2.53667e-021
289.226  2.43374e-021
290.248  2.331e-021
291.27  2.22853e-021
292.292  2.12645e-021
293.314  2.02484e-021
294.336  1.92383e-021
295.358  1.82352e-021
296.38  1.72405e-021
297.402  1.62553e-021
298.424  1.5281e-021
299.446  1.43191e-021
300.468  1.3371e-021
301.49  1.24382e-021
302.512  1.15224e-021
303.534  1.06253e-021
304.556  9.74862e-022
305.578  8.89426e-022
306.6  8.06413e-022
307.622  7.26027e-022
308.644  6.48478e-022
309.666  5.73988e-022
310.688  5.02786e-022
311.71  4.35111e-022
312.732  3.71215e-022
313.754  3.11355e-022
314.776  2.55804e-022
315.798  2.04844e-022
316.82  1.58767e-022
317.842  1.17877e-022
318.864  8.2493e-023
319.886  5.29421e-023
320.908  2.95659e-023
321.93  1.27178e-023
322.952  2.76302e-024
