1.022  2.93267e-021
2.044  3.022e-021
3.066  3.11162e-021
4.088  3.20152e-021
5.11  3.29169e-021
6.132  3.38212e-021
7.154  3.47279e-021
8.176  3.56369e-021
9.198  3.6548e-021
10.22  3.74613e-021
11.242  3.83765e-021
12.264  3.92937e-021
13.286  4.02126e-021
14.308  4.11334e-021
15.33  4.20558e-021
16.352  4.29798e-021
17.374  4.39054e-021
18.396  4.48324e-021
19.418  4.5761e-021
20.44  4.66909e-021
21.462  4.76221e-021
22.484  4.85547e-021
23.506  4.94884e-021
24.528  5.04232e-021
25.55  5.13591e-021
26.572  5.22961e-021
27.594  5.32339e-021
28.616  5.41727e-021
29.638  5.51122e-021
30.66  5.60524e-021
31.682  5.69933e-021
32.704  5.79347e-021
33.726  5.88767e-021
34.748  5.9819e-021
35.77  6.07617e-021
36.792  6.17046e-021
37.814  6.26476e-021
38.836  6.35907e-021
39.858  6.45338e-021
40.88  6.54768e-021
41.902  6.64196e-021
42.924  6.73622e-021
43.946  6.83043e-021
44.968  6.9246e-021
45.99  7.01872e-021
47.012  7.11277e-021
48.034  7.20674e-021
49.056  7.30064e-021
50.078  7.39444e-021
51.1  7.48814e-021
52.122  7.58174e-021
53.144  7.67521e-021
54.166  7.76855e-021
55.188  7.86176e-021
56.21  7.95481e-021
57.232  8.04771e-021
58.254  8.14045e-021
59.276  8.23301e-021
60.298  8.32538e-021
61.32  8.41756e-021
62.342  8.50954e-021
63.364  8.6013e-021
64.386  8.69284e-021
65.408  8.78415e-021
66.43  8.87522e-021
67.452  8.96604e-021
68.474  9.0566e-021
69.496  9.14689e-021
70.518  9.23691e-021
71.54  9.32663e-021
72.562  9.41606e-021
73.584  9.50519e-021
74.606  9.594e-021
75.628  9.68249e-021
76.65  9.77065e-021
77.672  9.85847e-021
78.694  9.94593e-021
79.716  1.0033e-020
80.738  1.01198e-020
81.76  1.02061e-020
82.782  1.02921e-020
83.804  1.03777e-020
84.826  1.04629e-020
85.848  1.05477e-020
86.87  1.0632e-020
87.892  1.07159e-020
88.914  1.07994e-020
89.936  1.08824e-020
90.958  1.0965e-020
91.98  1.10471e-020
93.002  1.11288e-020
94.024  1.12099e-020
95.046  1.12906e-020
96.068  1.13708e-020
97.09  1.14504e-020
98.112  1.15296e-020
99.134  1.16082e-020
100.156  1.16863e-020
101.178  1.17639e-020
102.2  1.18409e-020
103.222  1.19173e-020
104.244  1.19932e-020
105.266  1.20685e-020
106.288  1.21432e-020
107.31  1.22174e-020
108.332  1.22909e-020
109.354  1.23638e-020
110.376  1.24361e-020
111.398  1.25078e-020
112.42  1.25788e-020
113.442  1.26492e-020
114.464  1.2719e-020
115.486  1.27881e-020
116.508  1.28565e-020
117.53  1.29242e-020
118.552  1.29913e-020
119.574  1.30576e-020
120.596  1.31233e-020
121.618  1.31882e-020
122.64  1.32524e-020
123.662  1.33159e-020
124.684  1.33786e-020
125.706  1.34406e-020
126.728  1.35018e-020
127.75  1.35622e-020
128.772  1.36219e-020
129.794  1.36808e-020
130.816  1.37388e-020
131.838  1.37961e-020
132.86  1.38525e-020
133.882  1.39082e-020
134.904  1.39629e-020
135.926  1.40168e-020
136.948  1.40699e-020
137.97  1.41221e-020
138.992  1.41734e-020
140.014  1.42238e-020
141.036  1.42733e-020
142.058  1.43219e-020
143.08  1.43696e-020
144.102  1.44163e-020
145.124  1.44621e-020
146.146  1.45069e-020
147.168  1.45507e-020
148.19  1.45936e-020
149.212  1.46354e-020
150.234  1.46763e-020
151.256  1.47161e-020
152.278  1.47549e-020
153.3  1.47926e-020
154.322  1.48293e-020
155.344  1.48649e-020
156.366  1.48994e-020
157.388  1.49328e-020
158.41  1.49651e-020
159.432  1.49963e-020
160.454  1.50263e-020
161.476  1.50551e-020
162.498  1.50828e-020
163.52  1.51093e-020
164.542  1.51346e-020
165.564  1.51587e-020
166.586  1.51815e-020
167.608  1.52031e-020
168.63  1.52234e-020
169.652  1.52424e-020
170.674  1.52601e-020
171.696  1.52765e-020
172.718  1.52916e-020
173.74  1.53053e-020
174.762  1.53177e-020
175.784  1.53287e-020
176.806  1.53382e-020
177.828  1.53464e-020
178.85  1.53531e-020
179.872  1.53583e-020
180.894  1.53621e-020
181.916  1.53644e-020
182.938  1.53651e-020
183.96  1.53644e-020
184.982  1.5362e-020
186.004  1.53582e-020
187.026  1.53527e-020
188.048  1.53456e-020
189.07  1.53368e-020
190.092  1.53265e-020
191.114  1.53144e-020
192.136  1.53007e-020
193.158  1.52852e-020
194.18  1.5268e-020
195.202  1.52491e-020
196.224  1.52283e-020
197.246  1.52058e-020
198.268  1.51815e-020
199.29  1.51553e-020
200.312  1.51273e-020
201.334  1.50974e-020
202.356  1.50655e-020
203.378  1.50318e-020
204.4  1.49961e-020
205.422  1.49585e-020
206.444  1.49188e-020
207.466  1.48772e-020
208.488  1.48335e-020
209.51  1.47878e-020
210.532  1.474e-020
211.554  1.46901e-020
212.576  1.46382e-020
213.598  1.4584e-020
214.62  1.45278e-020
215.642  1.44693e-020
216.664  1.44087e-020
217.686  1.43458e-020
218.708  1.42808e-020
219.73  1.42135e-020
220.752  1.41439e-020
221.774  1.4072e-020
222.796  1.39979e-020
223.818  1.39214e-020
224.84  1.38426e-020
225.862  1.37614e-020
226.884  1.36779e-020
227.906  1.3592e-020
228.928  1.35037e-020
229.95  1.3413e-020
230.972  1.33199e-020
231.994  1.32244e-020
233.016  1.31264e-020
234.038  1.3026e-020
235.06  1.29231e-020
236.082  1.28178e-020
237.104  1.271e-020
238.126  1.25997e-020
239.148  1.24869e-020
240.17  1.23717e-020
241.192  1.2254e-020
242.214  1.21338e-020
243.236  1.20111e-020
244.258  1.1886e-020
245.28  1.17583e-020
246.302  1.16282e-020
247.324  1.14957e-020
248.346  1.13607e-020
249.368  1.12232e-020
250.39  1.10834e-020
251.412  1.09411e-020
252.434  1.07964e-020
253.456  1.06494e-020
254.478  1.05e-020
255.5  1.03483e-020
256.522  1.01943e-020
257.544  1.0038e-020
258.566  9.87954e-021
259.588  9.71883e-021
260.61  9.55597e-021
261.632  9.39098e-021
262.654  9.22392e-021
263.676  9.05482e-021
264.698  8.88375e-021
265.72  8.71075e-021
266.742  8.53589e-021
267.764  8.35922e-021
268.786  8.18081e-021
269.808  8.00073e-021
270.83  7.81905e-021
271.852  7.63585e-021
272.874  7.45121e-021
273.896  7.26521e-021
274.918  7.07795e-021
275.94  6.88953e-021
276.962  6.70003e-021
277.984  6.50958e-021
279.006  6.31827e-021
280.028  6.12623e-021
281.05  5.93358e-021
282.072  5.74044e-021
283.094  5.54694e-021
284.116  5.35324e-021
285.138  5.15947e-021
286.16  4.96578e-021
287.182  4.77233e-021
288.204  4.5793e-021
289.226  4.38685e-021
290.248  4.19515e-021
291.27  4.00441e-021
292.292  3.81481e-021
293.314  3.62656e-021
294.336  3.43987e-021
295.358  3.25495e-021
296.38  3.07204e-021
297.402  2.89136e-021
298.424  2.71318e-021
299.446  2.53774e-021
300.468  2.3653e-021
301.49  2.19614e-021
302.512  2.03055e-021
303.534  1.86881e-021
304.556  1.71124e-021
305.578  1.55814e-021
306.6  1.40986e-021
307.622  1.26671e-021
308.644  1.12906e-021
309.666  9.9726e-022
310.688  8.71691e-022
311.71  7.52737e-022
312.732  6.40796e-022
313.754  5.36282e-022
314.776  4.39619e-022
315.798  3.51247e-022
316.82  2.71619e-022
317.842  2.01203e-022
318.864  1.40479e-022
319.886  8.99455e-023
320.908  5.01121e-023
321.93  2.15044e-023
322.952  4.66075e-024
