1.022  1.1447e-020
2.044  1.16142e-020
3.066  1.17808e-020
4.088  1.19467e-020
5.11  1.2112e-020
6.132  1.22766e-020
7.154  1.24406e-020
8.176  1.26038e-020
9.198  1.27664e-020
10.22  1.29283e-020
11.242  1.30894e-020
12.264  1.32499e-020
13.286  1.34097e-020
14.308  1.35687e-020
15.33  1.37271e-020
16.352  1.38848e-020
17.374  1.40419e-020
18.396  1.41982e-020
19.418  1.4354e-020
20.44  1.4509e-020
21.462  1.46635e-020
22.484  1.48173e-020
23.506  1.49704e-020
24.528  1.5123e-020
25.55  1.52749e-020
26.572  1.54262e-020
27.594  1.55769e-020
28.616  1.5727e-020
29.638  1.58764e-020
30.66  1.60253e-020
31.682  1.61735e-020
32.704  1.63211e-020
33.726  1.64681e-020
34.748  1.66144e-020
35.77  1.67601e-020
36.792  1.69052e-020
37.814  1.70496e-020
38.836  1.71935e-020
39.858  1.73366e-020
40.88  1.74791e-020
41.902  1.7621e-020
42.924  1.77621e-020
43.946  1.79027e-020
44.968  1.80425e-020
45.99  1.81816e-020
47.012  1.83201e-020
48.034  1.84579e-020
49.056  1.85949e-020
50.078  1.87313e-020
51.1  1.88669e-020
52.122  1.90018e-020
53.144  1.91359e-020
54.166  1.92693e-020
55.188  1.9402e-020
56.21  1.95339e-020
57.232  1.9665e-020
58.254  1.97954e-020
59.276  1.9925e-020
60.298  2.00537e-020
61.32  2.01817e-020
62.342  2.03089e-020
63.364  2.04352e-020
64.386  2.05607e-020
65.408  2.06854e-020
66.43  2.08092e-020
67.452  2.09322e-020
68.474  2.10543e-020
69.496  2.11756e-020
70.518  2.12959e-020
71.54  2.14154e-020
72.562  2.1534e-020
73.584  2.16516e-020
74.606  2.17684e-020
75.628  2.18842e-020
76.65  2.19991e-020
77.672  2.2113e-020
78.694  2.2226e-020
79.716  2.23381e-020
80.738  2.24492e-020
81.76  2.25593e-020
82.782  2.26684e-020
83.804  2.27765e-020
84.826  2.28836e-020
85.848  2.29897e-020
86.87  2.30948e-020
87.892  2.31989e-020
88.914  2.33019e-020
89.936  2.34038e-020
90.958  2.35048e-020
91.98  2.36046e-020
93.002  2.37034e-020
94.024  2.38011e-020
95.046  2.38978e-020
96.068  2.39933e-020
97.09  2.40877e-020
98.112  2.4181e-020
99.134  2.42732e-020
100.156  2.43642e-020
101.178  2.44542e-020
102.2  2.45429e-020
103.222  2.46305e-020
104.244  2.4717e-020
105.266  2.48023e-020
106.288  2.48864e-020
107.31  2.49693e-020
108.332  2.5051e-020
109.354  2.51315e-020
110.376  2.52107e-020
111.398  2.52888e-020
112.42  2.53656e-020
113.442  2.54412e-020
114.464  2.55155e-020
115.486  2.55886e-020
116.508  2.56604e-020
117.53  2.57309e-020
118.552  2.58001e-020
119.574  2.5868e-020
120.596  2.59346e-020
121.618  2.6e-020
122.64  2.60639e-020
123.662  2.61266e-020
124.684  2.61879e-020
125.706  2.62478e-020
126.728  2.63064e-020
127.75  2.63636e-020
128.772  2.64194e-020
129.794  2.64738e-020
130.816  2.65268e-020
131.838  2.65784e-020
132.86  2.66286e-020
133.882  2.66773e-020
134.904  2.67246e-020
135.926  2.67704e-020
136.948  2.68148e-020
137.97  2.68576e-020
138.992  2.6899e-020
140.014  2.69388e-020
141.036  2.69772e-020
142.058  2.7014e-020
143.08  2.70492e-020
144.102  2.70829e-020
145.124  2.7115e-020
146.146  2.71456e-020
147.168  2.71745e-020
148.19  2.72018e-020
149.212  2.72275e-020
150.234  2.72516e-020
151.256  2.72739e-020
152.278  2.72947e-020
153.3  2.73137e-020
154.322  2.7331e-020
155.344  2.73467e-020
156.366  2.73605e-020
157.388  2.73727e-020
158.41  2.7383e-020
159.432  2.73916e-020
160.454  2.73984e-020
161.476  2.74033e-020
162.498  2.74065e-020
163.52  2.74077e-020
164.542  2.74071e-020
165.564  2.74046e-020
166.586  2.74002e-020
167.608  2.73939e-020
168.63  2.73856e-020
169.652  2.73753e-020
170.674  2.73631e-020
171.696  2.73488e-020
172.718  2.73325e-020
173.74  2.73141e-020
174.762  2.72937e-020
175.784  2.72712e-020
176.806  2.72465e-020
177.828  2.72197e-020
178.85  2.71907e-020
179.872  2.71596e-020
180.894  2.71262e-020
181.916  2.70906e-020
182.938  2.70527e-020
183.96  2.70125e-020
184.982  2.69701e-020
186.004  2.69252e-020
187.026  2.6878e-020
188.048  2.68285e-020
189.07  2.67765e-020
190.092  2.6722e-020
191.114  2.66651e-020
192.136  2.66057e-020
193.158  2.65438e-020
194.18  2.64793e-020
195.202  2.64122e-020
196.224  2.63425e-020
197.246  2.62702e-020
198.268  2.61952e-020
199.29  2.61175e-020
200.312  2.60371e-020
201.334  2.5954e-020
202.356  2.58681e-020
203.378  2.57793e-020
204.4  2.56878e-020
205.422  2.55933e-020
206.444  2.5496e-020
207.466  2.53957e-020
208.488  2.52925e-020
209.51  2.51863e-020
210.532  2.50771e-020
211.554  2.49649e-020
212.576  2.48496e-020
213.598  2.47312e-020
214.62  2.46097e-020
215.642  2.4485e-020
216.664  2.43572e-020
217.686  2.42262e-020
218.708  2.40919e-020
219.73  2.39544e-020
220.752  2.38136e-020
221.774  2.36695e-020
222.796  2.35221e-020
223.818  2.33713e-020
224.84  2.32171e-020
225.862  2.30596e-020
226.884  2.28986e-020
227.906  2.27342e-020
228.928  2.25664e-020
229.95  2.23951e-020
230.972  2.22203e-020
231.994  2.2042e-020
233.016  2.18601e-020
234.038  2.16748e-020
235.06  2.14859e-020
236.082  2.12935e-020
237.104  2.10974e-020
238.126  2.08979e-020
239.148  2.06947e-020
240.17  2.0488e-020
241.192  2.02777e-020
242.214  2.00638e-020
243.236  1.98464e-020
244.258  1.96254e-020
245.28  1.94008e-020
246.302  1.91727e-020
247.324  1.89411e-020
248.346  1.87059e-020
249.368  1.84672e-020
250.39  1.82251e-020
251.412  1.79795e-020
252.434  1.77304e-020
253.456  1.7478e-020
254.478  1.72222e-020
255.5  1.69631e-020
256.522  1.67007e-020
257.544  1.64351e-020
258.566  1.61662e-020
259.588  1.58943e-020
260.61  1.56193e-020
261.632  1.53412e-020
262.654  1.50603e-020
263.676  1.47764e-020
264.698  1.44898e-020
265.72  1.42004e-020
266.742  1.39085e-020
267.764  1.3614e-020
268.786  1.33171e-020
269.808  1.30178e-020
270.83  1.27164e-020
271.852  1.24129e-020
272.874  1.21074e-020
273.896  1.18001e-020
274.918  1.14912e-020
275.94  1.11806e-020
276.962  1.08688e-020
277.984  1.05556e-020
279.006  1.02415e-020
280.028  9.92648e-021
281.05  9.61079e-021
282.072  9.29462e-021
283.094  8.97819e-021
284.116  8.66171e-021
285.138  8.3454e-021
286.16  8.02951e-021
287.182  7.71427e-021
288.204  7.39996e-021
289.226  7.08684e-021
290.248  6.77519e-021
291.27  6.4653e-021
292.292  6.15749e-021
293.314  5.85206e-021
294.336  5.54936e-021
295.358  5.24971e-021
296.38  4.95349e-021
297.402  4.66106e-021
298.424  4.37281e-021
299.446  4.08914e-021
300.468  3.81046e-021
301.49  3.53721e-021
302.512  3.26984e-021
303.534  3.00881e-021
304.556  2.7546e-021
305.578  2.50771e-021
306.6  2.26866e-021
307.622  2.03798e-021
308.644  1.81622e-021
309.666  1.60397e-021
310.688  1.4018e-021
311.71  1.21033e-021
312.732  1.0302e-021
313.754  8.62068e-022
314.776  7.06597e-022
315.798  5.64493e-022
316.82  4.36474e-022
317.842  3.23286e-022
318.864  2.25696e-022
319.886  1.44494e-022
320.908  8.04964e-023
321.93  3.45403e-023
322.952  7.48553e-024
