1.022  7.02743e-020
2.044  7.04007e-020
3.066  7.05265e-020
4.088  7.06515e-020
5.11  7.07758e-020
6.132  7.08993e-020
7.154  7.10218e-020
8.176  7.11434e-020
9.198  7.12639e-020
10.22  7.13833e-020
11.242  7.15018e-020
12.264  7.16192e-020
13.286  7.17356e-020
14.308  7.1851e-020
15.33  7.19656e-020
16.352  7.20793e-020
17.374  7.21922e-020
18.396  7.23044e-020
19.418  7.24158e-020
20.44  7.25266e-020
21.462  7.26367e-020
22.484  7.27462e-020
23.506  7.28551e-020
24.528  7.29635e-020
25.55  7.30713e-020
26.572  7.31786e-020
27.594  7.32853e-020
28.616  7.33915e-020
29.638  7.34972e-020
30.66  7.36023e-020
31.682  7.37069e-020
32.704  7.3811e-020
33.726  7.39144e-020
34.748  7.40173e-020
35.77  7.41196e-020
36.792  7.42213e-020
37.814  7.43223e-020
38.836  7.44227e-020
39.858  7.45224e-020
40.88  7.46214e-020
41.902  7.47196e-020
42.924  7.48172e-020
43.946  7.49139e-020
44.968  7.50098e-020
45.99  7.5105e-020
47.012  7.51992e-020
48.034  7.52926e-020
49.056  7.53851e-020
50.078  7.54766e-020
51.1  7.55672e-020
52.122  7.56567e-020
53.144  7.57453e-020
54.166  7.58328e-020
55.188  7.59192e-020
56.21  7.60045e-020
57.232  7.60887e-020
58.254  7.61717e-020
59.276  7.62535e-020
60.298  7.63341e-020
61.32  7.64135e-020
62.342  7.64916e-020
63.364  7.65684e-020
64.386  7.66438e-020
65.408  7.67179e-020
66.43  7.67907e-020
67.452  7.6862e-020
68.474  7.69319e-020
69.496  7.70003e-020
70.518  7.70672e-020
71.54  7.71327e-020
72.562  7.71965e-020
73.584  7.72589e-020
74.606  7.73196e-020
75.628  7.73787e-020
76.65  7.74362e-020
77.672  7.7492e-020
78.694  7.75462e-020
79.716  7.75986e-020
80.738  7.76493e-020
81.76  7.76983e-020
82.782  7.77454e-020
83.804  7.77908e-020
84.826  7.78344e-020
85.848  7.78761e-020
86.87  7.79159e-020
87.892  7.79538e-020
88.914  7.79899e-020
89.936  7.8024e-020
90.958  7.80561e-020
91.98  7.80863e-020
93.002  7.81145e-020
94.024  7.81406e-020
95.046  7.81647e-020
96.068  7.81868e-020
97.09  7.82068e-020
98.112  7.82247e-020
99.134  7.82405e-020
100.156  7.82541e-020
101.178  7.82656e-020
102.2  7.82749e-020
103.222  7.8282e-020
104.244  7.82869e-020
105.266  7.82896e-020
106.288  7.829e-020
107.31  7.82881e-020
108.332  7.8284e-020
109.354  7.82775e-020
110.376  7.82687e-020
111.398  7.82576e-020
112.42  7.82441e-020
113.442  7.82283e-020
114.464  7.821e-020
115.486  7.81893e-020
116.508  7.81662e-020
117.53  7.81407e-020
118.552  7.81126e-020
119.574  7.80821e-020
120.596  7.8049e-020
121.618  7.80135e-020
122.64  7.79754e-020
123.662  7.79347e-020
124.684  7.78915e-020
125.706  7.78456e-020
126.728  7.77971e-020
127.75  7.7746e-020
128.772  7.76923e-020
129.794  7.76358e-020
130.816  7.75767e-020
131.838  7.75148e-020
132.86  7.74502e-020
133.882  7.73829e-020
134.904  7.73128e-020
135.926  7.72399e-020
136.948  7.71641e-020
137.97  7.70856e-020
138.992  7.70042e-020
140.014  7.69199e-020
141.036  7.68327e-020
142.058  7.67425e-020
143.08  7.66495e-020
144.102  7.65534e-020
145.124  7.64544e-020
146.146  7.63524e-020
147.168  7.62473e-020
148.19  7.61392e-020
149.212  7.60279e-020
150.234  7.59136e-020
151.256  7.57961e-020
152.278  7.56755e-020
153.3  7.55516e-020
154.322  7.54246e-020
155.344  7.52943e-020
156.366  7.51607e-020
157.388  7.50239e-020
158.41  7.48836e-020
159.432  7.47401e-020
160.454  7.45931e-020
161.476  7.44427e-020
162.498  7.42889e-020
163.52  7.41316e-020
164.542  7.39708e-020
165.564  7.38064e-020
166.586  7.36384e-020
167.608  7.34668e-020
168.63  7.32915e-020
169.652  7.31126e-020
170.674  7.29299e-020
171.696  7.27435e-020
172.718  7.25532e-020
173.74  7.23591e-020
174.762  7.21611e-020
175.784  7.19592e-020
176.806  7.17534e-020
177.828  7.15435e-020
178.85  7.13296e-020
179.872  7.11115e-020
180.894  7.08894e-020
181.916  7.06631e-020
182.938  7.04325e-020
183.96  7.01977e-020
184.982  6.99585e-020
186.004  6.9715e-020
187.026  6.94671e-020
188.048  6.92147e-020
189.07  6.89578e-020
190.092  6.86964e-020
191.114  6.84303e-020
192.136  6.81596e-020
193.158  6.78842e-020
194.18  6.7604e-020
195.202  6.7319e-020
196.224  6.70291e-020
197.246  6.67343e-020
198.268  6.64345e-020
199.29  6.61297e-020
200.312  6.58198e-020
201.334  6.55047e-020
202.356  6.51845e-020
203.378  6.4859e-020
204.4  6.45282e-020
205.422  6.4192e-020
206.444  6.38504e-020
207.466  6.35034e-020
208.488  6.31508e-020
209.51  6.27926e-020
210.532  6.24288e-020
211.554  6.20592e-020
212.576  6.1684e-020
213.598  6.13029e-020
214.62  6.09159e-020
215.642  6.0523e-020
216.664  6.01242e-020
217.686  5.97193e-020
218.708  5.93084e-020
219.73  5.88913e-020
220.752  5.8468e-020
221.774  5.80385e-020
222.796  5.76028e-020
223.818  5.71607e-020
224.84  5.67122e-020
225.862  5.62573e-020
226.884  5.5796e-020
227.906  5.53282e-020
228.928  5.48538e-020
229.95  5.43729e-020
230.972  5.38853e-020
231.994  5.33911e-020
233.016  5.28903e-020
234.038  5.23827e-020
235.06  5.18685e-020
236.082  5.13475e-020
237.104  5.08197e-020
238.126  5.02852e-020
239.148  4.97439e-020
240.17  4.91958e-020
241.192  4.86409e-020
242.214  4.80793e-020
243.236  4.75108e-020
244.258  4.69356e-020
245.28  4.63536e-020
246.302  4.57649e-020
247.324  4.51695e-020
248.346  4.45674e-020
249.368  4.39586e-020
250.39  4.33433e-020
251.412  4.27214e-020
252.434  4.20931e-020
253.456  4.14583e-020
254.478  4.08172e-020
255.5  4.01698e-020
256.522  3.95162e-020
257.544  3.88565e-020
258.566  3.81909e-020
259.588  3.75194e-020
260.61  3.68422e-020
261.632  3.61594e-020
262.654  3.54711e-020
263.676  3.47776e-020
264.698  3.40789e-020
265.72  3.33752e-020
266.742  3.26668e-020
267.764  3.19538e-020
268.786  3.12365e-020
269.808  3.05151e-020
270.83  2.97898e-020
271.852  2.90609e-020
272.874  2.83286e-020
273.896  2.75933e-020
274.918  2.68553e-020
275.94  2.61149e-020
276.962  2.53724e-020
277.984  2.46281e-020
279.006  2.38825e-020
280.028  2.3136e-020
281.05  2.23889e-020
282.072  2.16418e-020
283.094  2.08949e-020
284.116  2.01489e-020
285.138  1.94043e-020
286.16  1.86615e-020
287.182  1.79211e-020
288.204  1.71836e-020
289.226  1.64498e-020
290.248  1.57201e-020
291.27  1.49953e-020
292.292  1.42759e-020
293.314  1.35628e-020
294.336  1.28567e-020
295.358  1.21583e-020
296.38  1.14684e-020
297.402  1.07879e-020
298.424  1.01176e-020
299.446  9.45835e-021
300.468  8.81118e-021
301.49  8.17702e-021
302.512  7.55688e-021
303.534  6.95178e-021
304.556  6.36283e-021
305.578  5.79113e-021
306.6  5.23786e-021
307.622  4.70421e-021
308.644  4.19144e-021
309.666  3.70083e-021
310.688  3.23374e-021
311.71  2.79153e-021
312.732  2.37566e-021
313.754  1.9876e-021
314.776  1.62888e-021
315.798  1.3011e-021
316.82  1.00588e-021
317.842  7.44933e-022
318.864  5.19995e-022
319.886  3.3287e-022
320.908  1.85418e-022
321.93  7.95533e-023
322.952  1.72391e-023
