1.022  7.93091e-020
2.044  7.94129e-020
3.066  7.95161e-020
4.088  7.96188e-020
5.11  7.9721e-020
6.132  7.98224e-020
7.154  7.99231e-020
8.176  8.00229e-020
9.198  8.01218e-020
10.22  8.02197e-020
11.242  8.03168e-020
12.264  8.04129e-020
13.286  8.05081e-020
14.308  8.06026e-020
15.33  8.06962e-020
16.352  8.07891e-020
17.374  8.08814e-020
18.396  8.0973e-020
19.418  8.10641e-020
20.44  8.11547e-020
21.462  8.12448e-020
22.484  8.13344e-020
23.506  8.14236e-020
24.528  8.15123e-020
25.55  8.16007e-020
26.572  8.16887e-020
27.594  8.17763e-020
28.616  8.18635e-020
29.638  8.19504e-020
30.66  8.20368e-020
31.682  8.21229e-020
32.704  8.22086e-020
33.726  8.22938e-020
34.748  8.23786e-020
35.77  8.24629e-020
36.792  8.25467e-020
37.814  8.263e-020
38.836  8.27128e-020
39.858  8.27951e-020
40.88  8.28767e-020
41.902  8.29578e-020
42.924  8.30382e-020
43.946  8.31179e-020
44.968  8.31969e-020
45.99  8.32752e-020
47.012  8.33527e-020
48.034  8.34295e-020
49.056  8.35054e-020
50.078  8.35804e-020
51.1  8.36546e-020
52.122  8.37279e-020
53.144  8.38001e-020
54.166  8.38715e-020
55.188  8.39417e-020
56.21  8.4011e-020
57.232  8.40791e-020
58.254  8.41462e-020
59.276  8.42121e-020
60.298  8.42768e-020
61.32  8.43403e-020
62.342  8.44026e-020
63.364  8.44636e-020
64.386  8.45233e-020
65.408  8.45817e-020
66.43  8.46387e-020
67.452  8.46944e-020
68.474  8.47486e-020
69.496  8.48013e-020
70.518  8.48526e-020
71.54  8.49024e-020
72.562  8.49506e-020
73.584  8.49973e-020
74.606  8.50424e-020
75.628  8.50858e-020
76.65  8.51276e-020
77.672  8.51678e-020
78.694  8.52062e-020
79.716  8.52429e-020
80.738  8.52779e-020
81.76  8.53111e-020
82.782  8.53425e-020
83.804  8.5372e-020
84.826  8.53997e-020
85.848  8.54255e-020
86.87  8.54494e-020
87.892  8.54714e-020
88.914  8.54914e-020
89.936  8.55095e-020
90.958  8.55255e-020
91.98  8.55395e-020
93.002  8.55515e-020
94.024  8.55614e-020
95.046  8.55692e-020
96.068  8.55749e-020
97.09  8.55785e-020
98.112  8.55799e-020
99.134  8.55791e-020
100.156  8.55761e-020
101.178  8.55709e-020
102.2  8.55635e-020
103.222  8.55538e-020
104.244  8.55418e-020
105.266  8.55274e-020
106.288  8.55108e-020
107.31  8.54918e-020
108.332  8.54705e-020
109.354  8.54467e-020
110.376  8.54205e-020
111.398  8.5392e-020
112.42  8.53609e-020
113.442  8.53274e-020
114.464  8.52914e-020
115.486  8.52529e-020
116.508  8.52119e-020
117.53  8.51683e-020
118.552  8.51221e-020
119.574  8.50734e-020
120.596  8.5022e-020
121.618  8.4968e-020
122.64  8.49114e-020
123.662  8.48521e-020
124.684  8.47901e-020
125.706  8.47254e-020
126.728  8.4658e-020
127.75  8.45878e-020
128.772  8.45149e-020
129.794  8.44391e-020
130.816  8.43606e-020
131.838  8.42792e-020
132.86  8.4195e-020
133.882  8.41079e-020
134.904  8.40179e-020
135.926  8.39249e-020
136.948  8.38291e-020
137.97  8.37303e-020
138.992  8.36285e-020
140.014  8.35236e-020
141.036  8.34158e-020
142.058  8.33049e-020
143.08  8.31909e-020
144.102  8.30738e-020
145.124  8.29536e-020
146.146  8.28303e-020
147.168  8.27037e-020
148.19  8.2574e-020
149.212  8.2441e-020
150.234  8.23048e-020
151.256  8.21653e-020
152.278  8.20225e-020
153.3  8.18763e-020
154.322  8.17268e-020
155.344  8.15738e-020
156.366  8.14175e-020
157.388  8.12577e-020
158.41  8.10944e-020
159.432  8.09275e-020
160.454  8.07572e-020
161.476  8.05832e-020
162.498  8.04056e-020
163.52  8.02244e-020
164.542  8.00395e-020
165.564  7.98508e-020
166.586  7.96584e-020
167.608  7.94622e-020
168.63  7.92622e-020
169.652  7.90583e-020
170.674  7.88505e-020
171.696  7.86387e-020
172.718  7.8423e-020
173.74  7.82032e-020
174.762  7.79793e-020
175.784  7.77513e-020
176.806  7.75192e-020
177.828  7.72829e-020
178.85  7.70423e-020
179.872  7.67974e-020
180.894  7.65482e-020
181.916  7.62946e-020
182.938  7.60365e-020
183.96  7.5774e-020
184.982  7.5507e-020
186.004  7.52353e-020
187.026  7.4959e-020
188.048  7.46781e-020
189.07  7.43924e-020
190.092  7.41019e-020
191.114  7.38066e-020
192.136  7.35064e-020
193.158  7.32012e-020
194.18  7.2891e-020
195.202  7.25758e-020
196.224  7.22554e-020
197.246  7.19299e-020
198.268  7.15991e-020
199.29  7.1263e-020
200.312  7.09216e-020
201.334  7.05748e-020
202.356  7.02226e-020
203.378  6.98648e-020
204.4  6.95014e-020
205.422  6.91324e-020
206.444  6.87576e-020
207.466  6.83771e-020
208.488  6.79908e-020
209.51  6.75986e-020
210.532  6.72005e-020
211.554  6.67964e-020
212.576  6.63862e-020
213.598  6.59699e-020
214.62  6.55474e-020
215.642  6.51187e-020
216.664  6.46837e-020
217.686  6.42424e-020
218.708  6.37946e-020
219.73  6.33404e-020
220.752  6.28797e-020
221.774  6.24124e-020
222.796  6.19386e-020
223.818  6.1458e-020
224.84  6.09708e-020
225.862  6.04767e-020
226.884  5.99759e-020
227.906  5.94683e-020
228.928  5.89537e-020
229.95  5.84322e-020
230.972  5.79038e-020
231.994  5.73683e-020
233.016  5.68259e-020
234.038  5.62763e-020
235.06  5.57197e-020
236.082  5.5156e-020
237.104  5.45852e-020
238.126  5.40072e-020
239.148  5.34221e-020
240.17  5.28298e-020
241.192  5.22303e-020
242.214  5.16237e-020
243.236  5.10099e-020
244.258  5.0389e-020
245.28  4.9761e-020
246.302  4.91259e-020
247.324  4.84837e-020
248.346  4.78344e-020
249.368  4.71782e-020
250.39  4.6515e-020
251.412  4.58449e-020
252.434  4.51679e-020
253.456  4.44842e-020
254.478  4.37938e-020
255.5  4.30968e-020
256.522  4.23933e-020
257.544  4.16834e-020
258.566  4.09672e-020
259.588  4.02448e-020
260.61  3.95164e-020
261.632  3.8782e-020
262.654  3.80419e-020
263.676  3.72963e-020
264.698  3.65453e-020
265.72  3.5789e-020
266.742  3.50277e-020
267.764  3.42617e-020
268.786  3.34911e-020
269.808  3.27162e-020
270.83  3.19372e-020
271.852  3.11545e-020
272.874  3.03682e-020
273.896  2.95788e-020
274.918  2.87866e-020
275.94  2.79918e-020
276.962  2.71949e-020
277.984  2.63963e-020
279.006  2.55963e-020
280.028  2.47953e-020
281.05  2.39938e-020
282.072  2.31923e-020
283.094  2.23913e-020
284.116  2.15912e-020
285.138  2.07926e-020
286.16  1.9996e-020
287.182  1.92021e-020
288.204  1.84114e-020
289.226  1.76246e-020
290.248  1.68424e-020
291.27  1.60654e-020
292.292  1.52943e-020
293.314  1.453e-020
294.336  1.37732e-020
295.358  1.30247e-020
296.38  1.22854e-020
297.402  1.15561e-020
298.424  1.08378e-020
299.446  1.01315e-020
300.468  9.43806e-021
301.49  8.75861e-021
302.512  8.09421e-021
303.534  7.44596e-021
304.556  6.81503e-021
305.578  6.2026e-021
306.6  5.60992e-021
307.622  5.03829e-021
308.644  4.48904e-021
309.666  3.96355e-021
310.688  3.46325e-021
311.71  2.98962e-021
312.732  2.54421e-021
313.754  2.12859e-021
314.776  1.74441e-021
315.798  1.39336e-021
316.82  1.0772e-021
317.842  7.97745e-022
318.864  5.56855e-022
319.886  3.56463e-022
320.908  1.98559e-022
321.93  8.51907e-023
322.952  1.84605e-023
