1.022  2.87429e-019
2.044  2.87335e-019
3.066  2.87242e-019
4.088  2.8715e-019
5.11  2.87058e-019
6.132  2.86967e-019
7.154  2.86876e-019
8.176  2.86784e-019
9.198  2.86692e-019
10.22  2.86599e-019
11.242  2.86505e-019
12.264  2.8641e-019
13.286  2.86315e-019
14.308  2.86219e-019
15.33  2.86123e-019
16.352  2.86027e-019
17.374  2.85931e-019
18.396  2.85835e-019
19.418  2.8574e-019
20.44  2.85645e-019
21.462  2.8555e-019
22.484  2.85456e-019
23.506  2.85363e-019
24.528  2.85271e-019
25.55  2.85179e-019
26.572  2.85088e-019
27.594  2.84998e-019
28.616  2.84908e-019
29.638  2.8482e-019
30.66  2.84732e-019
31.682  2.84644e-019
32.704  2.84557e-019
33.726  2.8447e-019
34.748  2.84384e-019
35.77  2.84298e-019
36.792  2.84212e-019
37.814  2.84126e-019
38.836  2.84041e-019
39.858  2.83955e-019
40.88  2.83868e-019
41.902  2.83781e-019
42.924  2.83694e-019
43.946  2.83606e-019
44.968  2.83517e-019
45.99  2.83428e-019
47.012  2.83337e-019
48.034  2.83245e-019
49.056  2.83152e-019
50.078  2.83057e-019
51.1  2.82961e-019
52.122  2.82863e-019
53.144  2.82763e-019
54.166  2.82661e-019
55.188  2.82557e-019
56.21  2.82451e-019
57.232  2.82343e-019
58.254  2.82232e-019
59.276  2.82119e-019
60.298  2.82003e-019
61.32  2.81884e-019
62.342  2.81762e-019
63.364  2.81637e-019
64.386  2.81509e-019
65.408  2.81378e-019
66.43  2.81243e-019
67.452  2.81105e-019
68.474  2.80963e-019
69.496  2.80817e-019
70.518  2.80668e-019
71.54  2.80514e-019
72.562  2.80356e-019
73.584  2.80195e-019
74.606  2.80029e-019
75.628  2.79858e-019
76.65  2.79683e-019
77.672  2.79504e-019
78.694  2.7932e-019
79.716  2.79131e-019
80.738  2.78937e-019
81.76  2.78738e-019
82.782  2.78534e-019
83.804  2.78325e-019
84.826  2.7811e-019
85.848  2.77891e-019
86.87  2.77665e-019
87.892  2.77435e-019
88.914  2.77198e-019
89.936  2.76956e-019
90.958  2.76709e-019
91.98  2.76455e-019
93.002  2.76195e-019
94.024  2.75929e-019
95.046  2.75658e-019
96.068  2.7538e-019
97.09  2.75095e-019
98.112  2.74805e-019
99.134  2.74507e-019
100.156  2.74204e-019
101.178  2.73894e-019
102.2  2.73577e-019
103.222  2.73253e-019
104.244  2.72923e-019
105.266  2.72586e-019
106.288  2.72241e-019
107.31  2.7189e-019
108.332  2.71532e-019
109.354  2.71166e-019
110.376  2.70793e-019
111.398  2.70413e-019
112.42  2.70026e-019
113.442  2.69631e-019
114.464  2.69229e-019
115.486  2.68819e-019
116.508  2.68402e-019
117.53  2.67976e-019
118.552  2.67543e-019
119.574  2.67103e-019
120.596  2.66654e-019
121.618  2.66197e-019
122.64  2.65733e-019
123.662  2.6526e-019
124.684  2.64779e-019
125.706  2.6429e-019
126.728  2.63793e-019
127.75  2.63288e-019
128.772  2.62774e-019
129.794  2.62251e-019
130.816  2.6172e-019
131.838  2.61181e-019
132.86  2.60633e-019
133.882  2.60076e-019
134.904  2.59511e-019
135.926  2.58937e-019
136.948  2.58354e-019
137.97  2.57762e-019
138.992  2.57161e-019
140.014  2.56551e-019
141.036  2.55931e-019
142.058  2.55303e-019
143.08  2.54666e-019
144.102  2.54019e-019
145.124  2.53363e-019
146.146  2.52697e-019
147.168  2.52022e-019
148.19  2.51337e-019
149.212  2.50643e-019
150.234  2.49939e-019
151.256  2.49225e-019
152.278  2.48502e-019
153.3  2.47769e-019
154.322  2.47025e-019
155.344  2.46272e-019
156.366  2.45509e-019
157.388  2.44736e-019
158.41  2.43952e-019
159.432  2.43158e-019
160.454  2.42354e-019
161.476  2.41539e-019
162.498  2.40714e-019
163.52  2.39878e-019
164.542  2.39032e-019
165.564  2.38175e-019
166.586  2.37307e-019
167.608  2.36428e-019
168.63  2.35539e-019
169.652  2.34638e-019
170.674  2.33726e-019
171.696  2.32804e-019
172.718  2.3187e-019
173.74  2.30924e-019
174.762  2.29967e-019
175.784  2.28999e-019
176.806  2.28019e-019
177.828  2.27028e-019
178.85  2.26025e-019
179.872  2.2501e-019
180.894  2.23983e-019
181.916  2.22944e-019
182.938  2.21894e-019
183.96  2.20831e-019
184.982  2.19755e-019
186.004  2.18668e-019
187.026  2.17568e-019
188.048  2.16456e-019
189.07  2.15331e-019
190.092  2.14194e-019
191.114  2.13043e-019
192.136  2.1188e-019
193.158  2.10704e-019
194.18  2.09516e-019
195.202  2.08314e-019
196.224  2.07098e-019
197.246  2.0587e-019
198.268  2.04628e-019
199.29  2.03373e-019
200.312  2.02105e-019
201.334  2.00823e-019
202.356  1.99527e-019
203.378  1.98218e-019
204.4  1.96894e-019
205.422  1.95557e-019
206.444  1.94206e-019
207.466  1.92841e-019
208.488  1.91462e-019
209.51  1.90068e-019
210.532  1.88661e-019
211.554  1.87239e-019
212.576  1.85803e-019
213.598  1.84352e-019
214.62  1.82887e-019
215.642  1.81407e-019
216.664  1.79913e-019
217.686  1.78404e-019
218.708  1.7688e-019
219.73  1.75342e-019
220.752  1.73789e-019
221.774  1.72221e-019
222.796  1.70638e-019
223.818  1.69041e-019
224.84  1.67428e-019
225.862  1.65801e-019
226.884  1.64159e-019
227.906  1.62502e-019
228.928  1.6083e-019
229.95  1.59144e-019
230.972  1.57443e-019
231.994  1.55726e-019
233.016  1.53996e-019
234.038  1.5225e-019
235.06  1.5049e-019
236.082  1.48715e-019
237.104  1.46926e-019
238.126  1.45122e-019
239.148  1.43304e-019
240.17  1.41472e-019
241.192  1.39626e-019
242.214  1.37766e-019
243.236  1.35892e-019
244.258  1.34004e-019
245.28  1.32103e-019
246.302  1.30189e-019
247.324  1.28261e-019
248.346  1.26321e-019
249.368  1.24368e-019
250.39  1.22402e-019
251.412  1.20425e-019
252.434  1.18435e-019
253.456  1.16434e-019
254.478  1.14422e-019
255.5  1.12399e-019
256.522  1.10365e-019
257.544  1.08321e-019
258.566  1.06268e-019
259.588  1.04205e-019
260.61  1.02133e-019
261.632  1.00053e-019
262.654  9.79643e-020
263.676  9.58687e-020
264.698  9.37661e-020
265.72  9.16573e-020
266.742  8.95428e-020
267.764  8.74232e-020
268.786  8.52993e-020
269.808  8.31717e-020
270.83  8.10411e-020
271.852  7.89083e-020
272.874  7.67742e-020
273.896  7.46394e-020
274.918  7.2505e-020
275.94  7.03718e-020
276.962  6.82407e-020
277.984  6.61128e-020
279.006  6.3989e-020
280.028  6.18705e-020
281.05  5.97583e-020
282.072  5.76536e-020
283.094  5.55577e-020
284.116  5.34716e-020
285.138  5.13969e-020
286.16  4.93347e-020
287.182  4.72866e-020
288.204  4.52539e-020
289.226  4.32382e-020
290.248  4.12411e-020
291.27  3.92641e-020
292.292  3.73089e-020
293.314  3.53773e-020
294.336  3.34712e-020
295.358  3.15922e-020
296.38  2.97425e-020
297.402  2.79239e-020
298.424  2.61386e-020
299.446  2.43887e-020
300.468  2.26764e-020
301.49  2.10041e-020
302.512  1.93739e-020
303.534  1.77885e-020
304.556  1.62503e-020
305.578  1.4762e-020
306.6  1.33261e-020
307.622  1.19455e-020
308.644  1.06231e-020
309.666  9.36178e-021
310.688  8.16459e-021
311.71  7.03468e-021
312.732  5.97527e-021
313.754  4.9897e-021
314.776  4.08139e-021
315.798  3.25389e-021
316.82  2.51082e-021
317.842  1.85593e-021
318.864  1.29306e-021
319.886  8.26174e-022
320.908  4.59333e-022
321.93  1.96703e-022
322.952  4.25448e-023
