1.022  7.89956e-020
2.044  7.94438e-020
3.066  7.98895e-020
4.088  8.03327e-020
5.11  8.07733e-020
6.132  8.12112e-020
7.154  8.16463e-020
8.176  8.20784e-020
9.198  8.25077e-020
10.22  8.2934e-020
11.242  8.33573e-020
12.264  8.37776e-020
13.286  8.4195e-020
14.308  8.46096e-020
15.33  8.50213e-020
16.352  8.54302e-020
17.374  8.58364e-020
18.396  8.624e-020
19.418  8.66409e-020
20.44  8.70392e-020
21.462  8.7435e-020
22.484  8.78283e-020
23.506  8.82191e-020
24.528  8.86075e-020
25.55  8.89934e-020
26.572  8.93769e-020
27.594  8.97579e-020
28.616  9.01365e-020
29.638  9.05127e-020
30.66  9.08865e-020
31.682  9.12578e-020
32.704  9.16267e-020
33.726  9.19931e-020
34.748  9.2357e-020
35.77  9.27184e-020
36.792  9.30772e-020
37.814  9.34335e-020
38.836  9.37872e-020
39.858  9.41383e-020
40.88  9.44867e-020
41.902  9.48325e-020
42.924  9.51755e-020
43.946  9.55158e-020
44.968  9.58533e-020
45.99  9.6188e-020
47.012  9.65198e-020
48.034  9.68488e-020
49.056  9.71748e-020
50.078  9.74978e-020
51.1  9.78178e-020
52.122  9.81347e-020
53.144  9.84486e-020
54.166  9.87594e-020
55.188  9.90669e-020
56.21  9.93713e-020
57.232  9.96724e-020
58.254  9.99702e-020
59.276  1.00265e-019
60.298  1.00556e-019
61.32  1.00844e-019
62.342  1.01128e-019
63.364  1.01409e-019
64.386  1.01686e-019
65.408  1.01959e-019
66.43  1.0223e-019
67.452  1.02496e-019
68.474  1.02759e-019
69.496  1.03018e-019
70.518  1.03273e-019
71.54  1.03524e-019
72.562  1.03772e-019
73.584  1.04015e-019
74.606  1.04255e-019
75.628  1.04491e-019
76.65  1.04723e-019
77.672  1.04951e-019
78.694  1.05174e-019
79.716  1.05394e-019
80.738  1.05609e-019
81.76  1.0582e-019
82.782  1.06027e-019
83.804  1.0623e-019
84.826  1.06429e-019
85.848  1.06623e-019
86.87  1.06813e-019
87.892  1.06998e-019
88.914  1.07179e-019
89.936  1.07355e-019
90.958  1.07527e-019
91.98  1.07695e-019
93.002  1.07857e-019
94.024  1.08016e-019
95.046  1.08169e-019
96.068  1.08318e-019
97.09  1.08462e-019
98.112  1.08602e-019
99.134  1.08736e-019
100.156  1.08866e-019
101.178  1.08991e-019
102.2  1.09111e-019
103.222  1.09227e-019
104.244  1.09337e-019
105.266  1.09442e-019
106.288  1.09543e-019
107.31  1.09638e-019
108.332  1.09728e-019
109.354  1.09813e-019
110.376  1.09893e-019
111.398  1.09968e-019
112.42  1.10038e-019
113.442  1.10102e-019
114.464  1.10161e-019
115.486  1.10215e-019
116.508  1.10264e-019
117.53  1.10307e-019
118.552  1.10344e-019
119.574  1.10377e-019
120.596  1.10404e-019
121.618  1.10425e-019
122.64  1.10441e-019
123.662  1.10452e-019
124.684  1.10456e-019
125.706  1.10456e-019
126.728  1.10449e-019
127.75  1.10437e-019
128.772  1.10419e-019
129.794  1.10396e-019
130.816  1.10367e-019
131.838  1.10332e-019
132.86  1.10291e-019
133.882  1.10244e-019
134.904  1.10191e-019
135.926  1.10133e-019
136.948  1.10068e-019
137.97  1.09998e-019
138.992  1.09921e-019
140.014  1.09839e-019
141.036  1.0975e-019
142.058  1.09655e-019
143.08  1.09554e-019
144.102  1.09447e-019
145.124  1.09334e-019
146.146  1.09214e-019
147.168  1.09088e-019
148.19  1.08956e-019
149.212  1.08817e-019
150.234  1.08672e-019
151.256  1.08521e-019
152.278  1.08363e-019
153.3  1.08198e-019
154.322  1.08027e-019
155.344  1.0785e-019
156.366  1.07666e-019
157.388  1.07475e-019
158.41  1.07277e-019
159.432  1.07073e-019
160.454  1.06862e-019
161.476  1.06644e-019
162.498  1.06419e-019
163.52  1.06188e-019
164.542  1.05949e-019
165.564  1.05704e-019
166.586  1.05451e-019
167.608  1.05192e-019
168.63  1.04925e-019
169.652  1.04652e-019
170.674  1.04371e-019
171.696  1.04083e-019
172.718  1.03787e-019
173.74  1.03485e-019
174.762  1.03175e-019
175.784  1.02857e-019
176.806  1.02533e-019
177.828  1.02201e-019
178.85  1.01861e-019
179.872  1.01514e-019
180.894  1.01159e-019
181.916  1.00796e-019
182.938  1.00426e-019
183.96  1.00049e-019
184.982  9.96631e-020
186.004  9.92698e-020
187.026  9.88687e-020
188.048  9.84597e-020
189.07  9.80428e-020
190.092  9.76179e-020
191.114  9.71851e-020
192.136  9.67442e-020
193.158  9.62953e-020
194.18  9.58382e-020
195.202  9.53731e-020
196.224  9.48997e-020
197.246  9.44181e-020
198.268  9.39282e-020
199.29  9.34301e-020
200.312  9.29236e-020
201.334  9.24088e-020
202.356  9.18856e-020
203.378  9.13539e-020
204.4  9.08138e-020
205.422  9.02652e-020
206.444  8.97081e-020
207.466  8.91425e-020
208.488  8.85682e-020
209.51  8.79854e-020
210.532  8.73939e-020
211.554  8.67939e-020
212.576  8.61851e-020
213.598  8.55677e-020
214.62  8.49416e-020
215.642  8.43068e-020
216.664  8.36632e-020
217.686  8.30109e-020
218.708  8.23499e-020
219.73  8.16802e-020
220.752  8.10017e-020
221.774  8.03145e-020
222.796  7.96185e-020
223.818  7.89138e-020
224.84  7.82004e-020
225.862  7.74783e-020
226.884  7.67475e-020
227.906  7.6008e-020
228.928  7.52599e-020
229.95  7.45032e-020
230.972  7.37379e-020
231.994  7.2964e-020
233.016  7.21817e-020
234.038  7.13909e-020
235.06  7.05917e-020
236.082  6.97841e-020
237.104  6.89682e-020
238.126  6.81441e-020
239.148  6.73119e-020
240.17  6.64716e-020
241.192  6.56233e-020
242.214  6.47671e-020
243.236  6.39031e-020
244.258  6.30314e-020
245.28  6.21521e-020
246.302  6.12653e-020
247.324  6.03712e-020
248.346  5.94699e-020
249.368  5.85615e-020
250.39  5.76462e-020
251.412  5.67241e-020
252.434  5.57954e-020
253.456  5.48603e-020
254.478  5.3919e-020
255.5  5.29716e-020
256.522  5.20184e-020
257.544  5.10596e-020
258.566  5.00954e-020
259.588  4.9126e-020
260.61  4.81517e-020
261.632  4.71727e-020
262.654  4.61894e-020
263.676  4.5202e-020
264.698  4.42108e-020
265.72  4.32161e-020
266.742  4.22182e-020
267.764  4.12175e-020
268.786  4.02143e-020
269.808  3.92091e-020
270.83  3.82021e-020
271.852  3.71937e-020
272.874  3.61845e-020
273.896  3.51748e-020
274.918  3.4165e-020
275.94  3.31556e-020
276.962  3.21472e-020
277.984  3.11402e-020
279.006  3.01351e-020
280.028  2.91324e-020
281.05  2.81328e-020
282.072  2.71368e-020
283.094  2.61449e-020
284.116  2.51579e-020
285.138  2.41763e-020
286.16  2.32009e-020
287.182  2.22323e-020
288.204  2.12712e-020
289.226  2.03183e-020
290.248  1.93745e-020
291.27  1.84405e-020
292.292  1.7517e-020
293.314  1.66051e-020
294.336  1.57054e-020
295.358  1.48189e-020
296.38  1.39466e-020
297.402  1.30894e-020
298.424  1.22482e-020
299.446  1.1424e-020
300.468  1.0618e-020
301.49  9.83119e-021
302.512  9.06465e-021
303.534  8.31953e-021
304.556  7.59703e-021
305.578  6.89833e-021
306.6  6.22469e-021
307.622  5.57739e-021
308.644  4.95775e-021
309.666  4.36712e-021
310.688  3.80689e-021
311.71  3.27851e-021
312.732  2.78345e-021
313.754  2.32321e-021
314.776  1.89937e-021
315.798  1.51351e-021
316.82  1.16729e-021
317.842  8.62379e-022
318.864  6.00521e-022
319.886  3.83486e-022
320.908  2.13094e-022
321.93  9.12049e-023
322.952  1.97157e-023
