1.022  7.02127e-020
2.044  6.91692e-020
3.066  6.81401e-020
4.088  6.71252e-020
5.11  6.61244e-020
6.132  6.51373e-020
7.154  6.41639e-020
8.176  6.32038e-020
9.198  6.22569e-020
10.22  6.1323e-020
11.242  6.04021e-020
12.264  5.9494e-020
13.286  5.85986e-020
14.308  5.77157e-020
15.33  5.68454e-020
16.352  5.59874e-020
17.374  5.51418e-020
18.396  5.43084e-020
19.418  5.3487e-020
20.44  5.26777e-020
21.462  5.18802e-020
22.484  5.10944e-020
23.506  5.03203e-020
24.528  4.95577e-020
25.55  4.88064e-020
26.572  4.80664e-020
27.594  4.73375e-020
28.616  4.66196e-020
29.638  4.59125e-020
30.66  4.52161e-020
31.682  4.45303e-020
32.704  4.38549e-020
33.726  4.31897e-020
34.748  4.25348e-020
35.77  4.18898e-020
36.792  4.12547e-020
37.814  4.06294e-020
38.836  4.00137e-020
39.858  3.94074e-020
40.88  3.88105e-020
41.902  3.82228e-020
42.924  3.76442e-020
43.946  3.70745e-020
44.968  3.65137e-020
45.99  3.59616e-020
47.012  3.5418e-020
48.034  3.4883e-020
49.056  3.43562e-020
50.078  3.38377e-020
51.1  3.33274e-020
52.122  3.2825e-020
53.144  3.23304e-020
54.166  3.18437e-020
55.188  3.13646e-020
56.21  3.08931e-020
57.232  3.0429e-020
58.254  2.99722e-020
59.276  2.95227e-020
60.298  2.90803e-020
61.32  2.8645e-020
62.342  2.82166e-020
63.364  2.7795e-020
64.386  2.73801e-020
65.408  2.69719e-020
66.43  2.65703e-020
67.452  2.61751e-020
68.474  2.57862e-020
69.496  2.54037e-020
70.518  2.50273e-020
71.54  2.4657e-020
72.562  2.42928e-020
73.584  2.39344e-020
74.606  2.3582e-020
75.628  2.32352e-020
76.65  2.28942e-020
77.672  2.25587e-020
78.694  2.22288e-020
79.716  2.19043e-020
80.738  2.15852e-020
81.76  2.12713e-020
82.782  2.09627e-020
83.804  2.06592e-020
84.826  2.03607e-020
85.848  2.00673e-020
86.87  1.97787e-020
87.892  1.9495e-020
88.914  1.92161e-020
89.936  1.89419e-020
90.958  1.86723e-020
91.98  1.84073e-020
93.002  1.81468e-020
94.024  1.78907e-020
95.046  1.7639e-020
96.068  1.73916e-020
97.09  1.71485e-020
98.112  1.69095e-020
99.134  1.66746e-020
100.156  1.64438e-020
101.178  1.6217e-020
102.2  1.59941e-020
103.222  1.57751e-020
104.244  1.55599e-020
105.266  1.53485e-020
106.288  1.51408e-020
107.31  1.49367e-020
108.332  1.47361e-020
109.354  1.45391e-020
110.376  1.43456e-020
111.398  1.41555e-020
112.42  1.39688e-020
113.442  1.37854e-020
114.464  1.36052e-020
115.486  1.34282e-020
116.508  1.32544e-020
117.53  1.30837e-020
118.552  1.2916e-020
119.574  1.27513e-020
120.596  1.25896e-020
121.618  1.24308e-020
122.64  1.22748e-020
123.662  1.21216e-020
124.684  1.19712e-020
125.706  1.18235e-020
126.728  1.16784e-020
127.75  1.1536e-020
128.772  1.13961e-020
129.794  1.12587e-020
130.816  1.11238e-020
131.838  1.09913e-020
132.86  1.08612e-020
133.882  1.07335e-020
134.904  1.0608e-020
135.926  1.04848e-020
136.948  1.03638e-020
137.97  1.0245e-020
138.992  1.01283e-020
140.014  1.00137e-020
141.036  9.90113e-021
142.058  9.79057e-021
143.08  9.68196e-021
144.102  9.57528e-021
145.124  9.47049e-021
146.146  9.36753e-021
147.168  9.26639e-021
148.19  9.16701e-021
149.212  9.06936e-021
150.234  8.9734e-021
151.256  8.8791e-021
152.278  8.78642e-021
153.3  8.69532e-021
154.322  8.60577e-021
155.344  8.51773e-021
156.366  8.43117e-021
157.388  8.34605e-021
158.41  8.26233e-021
159.432  8.17999e-021
160.454  8.09899e-021
161.476  8.0193e-021
162.498  7.94088e-021
163.52  7.86371e-021
164.542  7.78775e-021
165.564  7.71296e-021
166.586  7.63932e-021
167.608  7.5668e-021
168.63  7.49537e-021
169.652  7.42499e-021
170.674  7.35564e-021
171.696  7.28729e-021
172.718  7.21991e-021
173.74  7.15346e-021
174.762  7.08793e-021
175.784  7.02329e-021
176.806  6.9595e-021
177.828  6.89654e-021
178.85  6.83438e-021
179.872  6.773e-021
180.894  6.71237e-021
181.916  6.65247e-021
182.938  6.59327e-021
183.96  6.53474e-021
184.982  6.47687e-021
186.004  6.41962e-021
187.026  6.36298e-021
188.048  6.30691e-021
189.07  6.2514e-021
190.092  6.19643e-021
191.114  6.14197e-021
192.136  6.088e-021
193.158  6.0345e-021
194.18  5.98145e-021
195.202  5.92882e-021
196.224  5.8766e-021
197.246  5.82476e-021
198.268  5.77329e-021
199.29  5.72217e-021
200.312  5.67138e-021
201.334  5.62089e-021
202.356  5.5707e-021
203.378  5.52078e-021
204.4  5.47111e-021
205.422  5.42168e-021
206.444  5.37247e-021
207.466  5.32346e-021
208.488  5.27465e-021
209.51  5.226e-021
210.532  5.17751e-021
211.554  5.12916e-021
212.576  5.08093e-021
213.598  5.03281e-021
214.62  4.98479e-021
215.642  4.93686e-021
216.664  4.88899e-021
217.686  4.84117e-021
218.708  4.7934e-021
219.73  4.74565e-021
220.752  4.69792e-021
221.774  4.6502e-021
222.796  4.60247e-021
223.818  4.55472e-021
224.84  4.50694e-021
225.862  4.45912e-021
226.884  4.41124e-021
227.906  4.36331e-021
228.928  4.3153e-021
229.95  4.26721e-021
230.972  4.21903e-021
231.994  4.17075e-021
233.016  4.12236e-021
234.038  4.07386e-021
235.06  4.02523e-021
236.082  3.97647e-021
237.104  3.92757e-021
238.126  3.87853e-021
239.148  3.82933e-021
240.17  3.77997e-021
241.192  3.73045e-021
242.214  3.68076e-021
243.236  3.6309e-021
244.258  3.58085e-021
245.28  3.53062e-021
246.302  3.4802e-021
247.324  3.42959e-021
248.346  3.37879e-021
249.368  3.32778e-021
250.39  3.27658e-021
251.412  3.22518e-021
252.434  3.17357e-021
253.456  3.12176e-021
254.478  3.06975e-021
255.5  3.01753e-021
256.522  2.96511e-021
257.544  2.91249e-021
258.566  2.85967e-021
259.588  2.80665e-021
260.61  2.75344e-021
261.632  2.70003e-021
262.654  2.64644e-021
263.676  2.59267e-021
264.698  2.53872e-021
265.72  2.48461e-021
266.742  2.43033e-021
267.764  2.3759e-021
268.786  2.32132e-021
269.808  2.26661e-021
270.83  2.21178e-021
271.852  2.15683e-021
272.874  2.10179e-021
273.896  2.04665e-021
274.918  1.99145e-021
275.94  1.93619e-021
276.962  1.88089e-021
277.984  1.82558e-021
279.006  1.77026e-021
280.028  1.71496e-021
281.05  1.65971e-021
282.072  1.60453e-021
283.094  1.54943e-021
284.116  1.49446e-021
285.138  1.43964e-021
286.16  1.38499e-021
287.182  1.33056e-021
288.204  1.27637e-021
289.226  1.22246e-021
290.248  1.16887e-021
291.27  1.11565e-021
292.292  1.06282e-021
293.314  1.01045e-021
294.336  9.58568e-022
295.358  9.07232e-022
296.38  8.56495e-022
297.402  8.06411e-022
298.424  7.57039e-022
299.446  7.0844e-022
300.468  6.60679e-022
301.49  6.13823e-022
302.512  5.67943e-022
303.534  5.23114e-022
304.556  4.79415e-022
305.578  4.36927e-022
306.6  3.95736e-022
307.622  3.55933e-022
308.644  3.17613e-022
309.666  2.80873e-022
310.688  2.45818e-022
311.71  2.12556e-022
312.732  1.812e-022
313.754  1.51869e-022
314.776  1.24686e-022
315.798  9.97812e-023
316.82  7.72894e-023
317.842  5.73516e-023
318.864  4.01148e-023
319.886  2.57324e-023
320.908  1.43641e-023
321.93  6.17629e-024
322.952  1.34137e-024
