1.022  6.54414e-020
2.044  6.54391e-020
3.066  6.54369e-020
4.088  6.54348e-020
5.11  6.54328e-020
6.132  6.54307e-020
7.154  6.54285e-020
8.176  6.54261e-020
9.198  6.54234e-020
10.22  6.54205e-020
11.242  6.54172e-020
12.264  6.54138e-020
13.286  6.54101e-020
14.308  6.54062e-020
15.33  6.54021e-020
16.352  6.53979e-020
17.374  6.53936e-020
18.396  6.53893e-020
19.418  6.5385e-020
20.44  6.53806e-020
21.462  6.53763e-020
22.484  6.5372e-020
23.506  6.53678e-020
24.528  6.53637e-020
25.55  6.53597e-020
26.572  6.53557e-020
27.594  6.53518e-020
28.616  6.5348e-020
29.638  6.53443e-020
30.66  6.53406e-020
31.682  6.5337e-020
32.704  6.53334e-020
33.726  6.53298e-020
34.748  6.53262e-020
35.77  6.53225e-020
36.792  6.53188e-020
37.814  6.5315e-020
38.836  6.53111e-020
39.858  6.53071e-020
40.88  6.53029e-020
41.902  6.52986e-020
42.924  6.5294e-020
43.946  6.52892e-020
44.968  6.52841e-020
45.99  6.52788e-020
47.012  6.52731e-020
48.034  6.5267e-020
49.056  6.52606e-020
50.078  6.52537e-020
51.1  6.52464e-020
52.122  6.52386e-020
53.144  6.52303e-020
54.166  6.52215e-020
55.188  6.52121e-020
56.21  6.52022e-020
57.232  6.51916e-020
58.254  6.51804e-020
59.276  6.51685e-020
60.298  6.51559e-020
61.32  6.51425e-020
62.342  6.51284e-020
63.364  6.51135e-020
64.386  6.50978e-020
65.408  6.50813e-020
66.43  6.50639e-020
67.452  6.50456e-020
68.474  6.50264e-020
69.496  6.50062e-020
70.518  6.49851e-020
71.54  6.49629e-020
72.562  6.49398e-020
73.584  6.49156e-020
74.606  6.48903e-020
75.628  6.4864e-020
76.65  6.48365e-020
77.672  6.48079e-020
78.694  6.47781e-020
79.716  6.47471e-020
80.738  6.4715e-020
81.76  6.46816e-020
82.782  6.46469e-020
83.804  6.4611e-020
84.826  6.45738e-020
85.848  6.45353e-020
86.87  6.44954e-020
87.892  6.44542e-020
88.914  6.44116e-020
89.936  6.43675e-020
90.958  6.43221e-020
91.98  6.42753e-020
93.002  6.4227e-020
94.024  6.41772e-020
95.046  6.41259e-020
96.068  6.40731e-020
97.09  6.40188e-020
98.112  6.39629e-020
99.134  6.39054e-020
100.156  6.38464e-020
101.178  6.37858e-020
102.2  6.37235e-020
103.222  6.36596e-020
104.244  6.35941e-020
105.266  6.35269e-020
106.288  6.3458e-020
107.31  6.33874e-020
108.332  6.3315e-020
109.354  6.3241e-020
110.376  6.31652e-020
111.398  6.30876e-020
112.42  6.30082e-020
113.442  6.2927e-020
114.464  6.2844e-020
115.486  6.27592e-020
116.508  6.26725e-020
117.53  6.2584e-020
118.552  6.24936e-020
119.574  6.24013e-020
120.596  6.23071e-020
121.618  6.2211e-020
122.64  6.21129e-020
123.662  6.20129e-020
124.684  6.19109e-020
125.706  6.1807e-020
126.728  6.1701e-020
127.75  6.1593e-020
128.772  6.1483e-020
129.794  6.1371e-020
130.816  6.12569e-020
131.838  6.11408e-020
132.86  6.10226e-020
133.882  6.09022e-020
134.904  6.07798e-020
135.926  6.06552e-020
136.948  6.05285e-020
137.97  6.03997e-020
138.992  6.02686e-020
140.014  6.01354e-020
141.036  6e-020
142.058  5.98624e-020
143.08  5.97225e-020
144.102  5.95804e-020
145.124  5.94361e-020
146.146  5.92895e-020
147.168  5.91405e-020
148.19  5.89893e-020
149.212  5.88358e-020
150.234  5.86799e-020
151.256  5.85217e-020
152.278  5.83611e-020
153.3  5.81981e-020
154.322  5.80327e-020
155.344  5.78649e-020
156.366  5.76947e-020
157.388  5.75221e-020
158.41  5.73469e-020
159.432  5.71693e-020
160.454  5.69892e-020
161.476  5.68066e-020
162.498  5.66214e-020
163.52  5.64337e-020
164.542  5.62434e-020
165.564  5.60505e-020
166.586  5.58551e-020
167.608  5.5657e-020
168.63  5.54562e-020
169.652  5.52528e-020
170.674  5.50468e-020
171.696  5.4838e-020
172.718  5.46265e-020
173.74  5.44123e-020
174.762  5.41953e-020
175.784  5.39756e-020
176.806  5.3753e-020
177.828  5.35277e-020
178.85  5.32995e-020
179.872  5.30684e-020
180.894  5.28345e-020
181.916  5.25977e-020
182.938  5.2358e-020
183.96  5.21153e-020
184.982  5.18697e-020
186.004  5.16211e-020
187.026  5.13695e-020
188.048  5.11148e-020
189.07  5.08572e-020
190.092  5.05964e-020
191.114  5.03326e-020
192.136  5.00657e-020
193.158  4.97956e-020
194.18  4.95224e-020
195.202  4.9246e-020
196.224  4.89665e-020
197.246  4.86837e-020
198.268  4.83977e-020
199.29  4.81084e-020
200.312  4.78159e-020
201.334  4.752e-020
202.356  4.72209e-020
203.378  4.69184e-020
204.4  4.66125e-020
205.422  4.63033e-020
206.444  4.59907e-020
207.466  4.56746e-020
208.488  4.53552e-020
209.51  4.50323e-020
210.532  4.47059e-020
211.554  4.4376e-020
212.576  4.40426e-020
213.598  4.37057e-020
214.62  4.33653e-020
215.642  4.30213e-020
216.664  4.26738e-020
217.686  4.23227e-020
218.708  4.1968e-020
219.73  4.16097e-020
220.752  4.12477e-020
221.774  4.08822e-020
222.796  4.05131e-020
223.818  4.01403e-020
224.84  3.97639e-020
225.862  3.93838e-020
226.884  3.90001e-020
227.906  3.86128e-020
228.928  3.82218e-020
229.95  3.78272e-020
230.972  3.74289e-020
231.994  3.7027e-020
233.016  3.66215e-020
234.038  3.62123e-020
235.06  3.57996e-020
236.082  3.53832e-020
237.104  3.49633e-020
238.126  3.45398e-020
239.148  3.41128e-020
240.17  3.36823e-020
241.192  3.32483e-020
242.214  3.28108e-020
243.236  3.23699e-020
244.258  3.19256e-020
245.28  3.1478e-020
246.302  3.1027e-020
247.324  3.05728e-020
248.346  3.01154e-020
249.368  2.96548e-020
250.39  2.91911e-020
251.412  2.87243e-020
252.434  2.82546e-020
253.456  2.7782e-020
254.478  2.73065e-020
255.5  2.68283e-020
256.522  2.63474e-020
257.544  2.58639e-020
258.566  2.53779e-020
259.588  2.48895e-020
260.61  2.43989e-020
261.632  2.3906e-020
262.654  2.34111e-020
263.676  2.29143e-020
264.698  2.24156e-020
265.72  2.19153e-020
266.742  2.14135e-020
267.764  2.09103e-020
268.786  2.04058e-020
269.808  1.99004e-020
270.83  1.9394e-020
271.852  1.88869e-020
272.874  1.83794e-020
273.896  1.78715e-020
274.918  1.73635e-020
275.94  1.68556e-020
276.962  1.63481e-020
277.984  1.58412e-020
279.006  1.5335e-020
280.028  1.483e-020
281.05  1.43263e-020
282.072  1.38242e-020
283.094  1.3324e-020
284.116  1.28261e-020
285.138  1.23306e-020
286.16  1.1838e-020
287.182  1.13486e-020
288.204  1.08628e-020
289.226  1.03808e-020
290.248  9.90315e-021
291.27  9.43015e-021
292.292  8.96221e-021
293.314  8.49978e-021
294.336  8.04328e-021
295.358  7.59316e-021
296.38  7.1499e-021
297.402  6.71397e-021
298.424  6.28589e-021
299.446  5.86616e-021
300.468  5.45532e-021
301.49  5.05393e-021
302.512  4.66257e-021
303.534  4.28182e-021
304.556  3.9123e-021
305.578  3.55464e-021
306.6  3.20949e-021
307.622  2.87753e-021
308.644  2.55946e-021
309.666  2.25599e-021
310.688  1.96787e-021
311.71  1.69585e-021
312.732  1.44074e-021
313.754  1.20333e-021
314.776  9.84467e-022
315.798  7.85015e-022
316.82  6.05863e-022
317.842  4.47922e-022
318.864  3.12136e-022
319.886  1.99471e-022
320.908  1.10923e-022
321.93  4.75103e-023
322.952  1.0278e-023
