1.022  5.42464e-020
2.044  5.4282e-020
3.066  5.43175e-020
4.088  5.43528e-020
5.11  5.43879e-020
6.132  5.44228e-020
7.154  5.44572e-020
8.176  5.44913e-020
9.198  5.45249e-020
10.22  5.45581e-020
11.242  5.45907e-020
12.264  5.46229e-020
13.286  5.46547e-020
14.308  5.46861e-020
15.33  5.47171e-020
16.352  5.47478e-020
17.374  5.47781e-020
18.396  5.48082e-020
19.418  5.4838e-020
20.44  5.48676e-020
21.462  5.4897e-020
22.484  5.49262e-020
23.506  5.49552e-020
24.528  5.49841e-020
25.55  5.50128e-020
26.572  5.50413e-020
27.594  5.50697e-020
28.616  5.50979e-020
29.638  5.51259e-020
30.66  5.51538e-020
31.682  5.51815e-020
32.704  5.52089e-020
33.726  5.52362e-020
34.748  5.52633e-020
35.77  5.52901e-020
36.792  5.53166e-020
37.814  5.53428e-020
38.836  5.53688e-020
39.858  5.53944e-020
40.88  5.54197e-020
41.902  5.54446e-020
42.924  5.54691e-020
43.946  5.54932e-020
44.968  5.55169e-020
45.99  5.55401e-020
47.012  5.55629e-020
48.034  5.55851e-020
49.056  5.56068e-020
50.078  5.56279e-020
51.1  5.56484e-020
52.122  5.56684e-020
53.144  5.56877e-020
54.166  5.57064e-020
55.188  5.57244e-020
56.21  5.57416e-020
57.232  5.57582e-020
58.254  5.5774e-020
59.276  5.57891e-020
60.298  5.58033e-020
61.32  5.58167e-020
62.342  5.58293e-020
63.364  5.5841e-020
64.386  5.58518e-020
65.408  5.58617e-020
66.43  5.58707e-020
67.452  5.58787e-020
68.474  5.58858e-020
69.496  5.58918e-020
70.518  5.58969e-020
71.54  5.59008e-020
72.562  5.59038e-020
73.584  5.59056e-020
74.606  5.59064e-020
75.628  5.5906e-020
76.65  5.59044e-020
77.672  5.59017e-020
78.694  5.58979e-020
79.716  5.58928e-020
80.738  5.58865e-020
81.76  5.58789e-020
82.782  5.58701e-020
83.804  5.58601e-020
84.826  5.58487e-020
85.848  5.5836e-020
86.87  5.5822e-020
87.892  5.58066e-020
88.914  5.57898e-020
89.936  5.57717e-020
90.958  5.57522e-020
91.98  5.57313e-020
93.002  5.57089e-020
94.024  5.5685e-020
95.046  5.56598e-020
96.068  5.5633e-020
97.09  5.56047e-020
98.112  5.55749e-020
99.134  5.55436e-020
100.156  5.55107e-020
101.178  5.54763e-020
102.2  5.54403e-020
103.222  5.54026e-020
104.244  5.53634e-020
105.266  5.53226e-020
106.288  5.52801e-020
107.31  5.5236e-020
108.332  5.51902e-020
109.354  5.51428e-020
110.376  5.50936e-020
111.398  5.50428e-020
112.42  5.49902e-020
113.442  5.49359e-020
114.464  5.48798e-020
115.486  5.4822e-020
116.508  5.47624e-020
117.53  5.4701e-020
118.552  5.46378e-020
119.574  5.45728e-020
120.596  5.4506e-020
121.618  5.44373e-020
122.64  5.43668e-020
123.662  5.42944e-020
124.684  5.42201e-020
125.706  5.4144e-020
126.728  5.40659e-020
127.75  5.39859e-020
128.772  5.3904e-020
129.794  5.38201e-020
130.816  5.37343e-020
131.838  5.36465e-020
132.86  5.35567e-020
133.882  5.34649e-020
134.904  5.33711e-020
135.926  5.32753e-020
136.948  5.31774e-020
137.97  5.30775e-020
138.992  5.29755e-020
140.014  5.28715e-020
141.036  5.27654e-020
142.058  5.26571e-020
143.08  5.25468e-020
144.102  5.24343e-020
145.124  5.23197e-020
146.146  5.22029e-020
147.168  5.20839e-020
148.19  5.19628e-020
149.212  5.18395e-020
150.234  5.17139e-020
151.256  5.15861e-020
152.278  5.14561e-020
153.3  5.13239e-020
154.322  5.11893e-020
155.344  5.10525e-020
156.366  5.09134e-020
157.388  5.07719e-020
158.41  5.06282e-020
159.432  5.0482e-020
160.454  5.03336e-020
161.476  5.01827e-020
162.498  5.00295e-020
163.52  4.98738e-020
164.542  4.97157e-020
165.564  4.95552e-020
166.586  4.93922e-020
167.608  4.92268e-020
168.63  4.90589e-020
169.652  4.88884e-020
170.674  4.87154e-020
171.696  4.85399e-020
172.718  4.83619e-020
173.74  4.81812e-020
174.762  4.7998e-020
175.784  4.78122e-020
176.806  4.76237e-020
177.828  4.74326e-020
178.85  4.72388e-020
179.872  4.70423e-020
180.894  4.68432e-020
181.916  4.66413e-020
182.938  4.64367e-020
183.96  4.62293e-020
184.982  4.60191e-020
186.004  4.58062e-020
187.026  4.55904e-020
188.048  4.53718e-020
189.07  4.51504e-020
190.092  4.49261e-020
191.114  4.46989e-020
192.136  4.44687e-020
193.158  4.42357e-020
194.18  4.39997e-020
195.202  4.37608e-020
196.224  4.35188e-020
197.246  4.32739e-020
198.268  4.30259e-020
199.29  4.27749e-020
200.312  4.25208e-020
201.334  4.22637e-020
202.356  4.20034e-020
203.378  4.17401e-020
204.4  4.14736e-020
205.422  4.1204e-020
206.444  4.09312e-020
207.466  4.06552e-020
208.488  4.0376e-020
209.51  4.00936e-020
210.532  3.9808e-020
211.554  3.95191e-020
212.576  3.9227e-020
213.598  3.89316e-020
214.62  3.86329e-020
215.642  3.83309e-020
216.664  3.80256e-020
217.686  3.7717e-020
218.708  3.74051e-020
219.73  3.70898e-020
220.752  3.67712e-020
221.774  3.64492e-020
222.796  3.61238e-020
223.818  3.57951e-020
224.84  3.5463e-020
225.862  3.51275e-020
226.884  3.47887e-020
227.906  3.44465e-020
228.928  3.41009e-020
229.95  3.37519e-020
230.972  3.33996e-020
231.994  3.30439e-020
233.016  3.26849e-020
234.038  3.23225e-020
235.06  3.19567e-020
236.082  3.15877e-020
237.104  3.12153e-020
238.126  3.08397e-020
239.148  3.04608e-020
240.17  3.00786e-020
241.192  2.96933e-020
242.214  2.93047e-020
243.236  2.8913e-020
244.258  2.85181e-020
245.28  2.81201e-020
246.302  2.77191e-020
247.324  2.73151e-020
248.346  2.69081e-020
249.368  2.64982e-020
250.39  2.60854e-020
251.412  2.56698e-020
252.434  2.52515e-020
253.456  2.48305e-020
254.478  2.44068e-020
255.5  2.39806e-020
256.522  2.35519e-020
257.544  2.31209e-020
258.566  2.26875e-020
259.588  2.22519e-020
260.61  2.18142e-020
261.632  2.13745e-020
262.654  2.09329e-020
263.676  2.04895e-020
264.698  2.00444e-020
265.72  1.95977e-020
266.742  1.91496e-020
267.764  1.87003e-020
268.786  1.82498e-020
269.808  1.77982e-020
270.83  1.73459e-020
271.852  1.68929e-020
272.874  1.64393e-020
273.896  1.59855e-020
274.918  1.55315e-020
275.94  1.50776e-020
276.962  1.46239e-020
277.984  1.41707e-020
279.006  1.37182e-020
280.028  1.32667e-020
281.05  1.28163e-020
282.072  1.23673e-020
283.094  1.192e-020
284.116  1.14747e-020
285.138  1.10316e-020
286.16  1.0591e-020
287.182  1.01533e-020
288.204  9.71867e-021
289.226  9.28754e-021
290.248  8.86023e-021
291.27  8.43708e-021
292.292  8.01846e-021
293.314  7.60474e-021
294.336  7.19632e-021
295.358  6.79361e-021
296.38  6.39702e-021
297.402  6.00699e-021
298.424  5.62396e-021
299.446  5.24841e-021
300.468  4.88082e-021
301.49  4.52168e-021
302.512  4.1715e-021
303.534  3.83083e-021
304.556  3.5002e-021
305.578  3.18018e-021
306.6  2.87137e-021
307.622  2.57435e-021
308.644  2.28977e-021
309.666  2.01825e-021
310.688  1.76046e-021
311.71  1.5171e-021
312.732  1.28885e-021
313.754  1.07645e-021
314.776  8.80652e-022
315.798  7.02222e-022
316.82  5.41954e-022
317.842  4.00666e-022
318.864  2.792e-022
319.886  1.78419e-022
320.908  9.92139e-023
321.93  4.24943e-023
322.952  9.19263e-024
