1.022  1.7897e-020
2.044  1.80199e-020
3.066  1.81423e-020
4.088  1.82641e-020
5.11  1.83853e-020
6.132  1.85059e-020
7.154  1.86259e-020
8.176  1.87452e-020
9.198  1.88638e-020
10.22  1.89818e-020
11.242  1.90991e-020
12.264  1.92156e-020
13.286  1.93316e-020
14.308  1.94468e-020
15.33  1.95614e-020
16.352  1.96753e-020
17.374  1.97886e-020
18.396  1.99013e-020
19.418  2.00133e-020
20.44  2.01248e-020
21.462  2.02356e-020
22.484  2.03458e-020
23.506  2.04555e-020
24.528  2.05646e-020
25.55  2.0673e-020
26.572  2.07809e-020
27.594  2.08883e-020
28.616  2.0995e-020
29.638  2.11011e-020
30.66  2.12067e-020
31.682  2.13117e-020
32.704  2.14161e-020
33.726  2.15198e-020
34.748  2.1623e-020
35.77  2.17256e-020
36.792  2.18275e-020
37.814  2.19289e-020
38.836  2.20296e-020
39.858  2.21296e-020
40.88  2.2229e-020
41.902  2.23278e-020
42.924  2.24259e-020
43.946  2.25233e-020
44.968  2.262e-020
45.99  2.2716e-020
47.012  2.28114e-020
48.034  2.2906e-020
49.056  2.29999e-020
50.078  2.30931e-020
51.1  2.31855e-020
52.122  2.32772e-020
53.144  2.33681e-020
54.166  2.34583e-020
55.188  2.35476e-020
56.21  2.36362e-020
57.232  2.37239e-020
58.254  2.38109e-020
59.276  2.3897e-020
60.298  2.39823e-020
61.32  2.40668e-020
62.342  2.41504e-020
63.364  2.42331e-020
64.386  2.43149e-020
65.408  2.43959e-020
66.43  2.4476e-020
67.452  2.45551e-020
68.474  2.46334e-020
69.496  2.47107e-020
70.518  2.4787e-020
71.54  2.48625e-020
72.562  2.49369e-020
73.584  2.50104e-020
74.606  2.50829e-020
75.628  2.51545e-020
76.65  2.5225e-020
77.672  2.52945e-020
78.694  2.5363e-020
79.716  2.54305e-020
80.738  2.54969e-020
81.76  2.55623e-020
82.782  2.56266e-020
83.804  2.56899e-020
84.826  2.57521e-020
85.848  2.58132e-020
86.87  2.58732e-020
87.892  2.59321e-020
88.914  2.59899e-020
89.936  2.60465e-020
90.958  2.61021e-020
91.98  2.61565e-020
93.002  2.62097e-020
94.024  2.62618e-020
95.046  2.63127e-020
96.068  2.63624e-020
97.09  2.64109e-020
98.112  2.64583e-020
99.134  2.65044e-020
100.156  2.65494e-020
101.178  2.65931e-020
102.2  2.66355e-020
103.222  2.66768e-020
104.244  2.67168e-020
105.266  2.67555e-020
106.288  2.67929e-020
107.31  2.68291e-020
108.332  2.6864e-020
109.354  2.68976e-020
110.376  2.693e-020
111.398  2.6961e-020
112.42  2.69906e-020
113.442  2.7019e-020
114.464  2.7046e-020
115.486  2.70717e-020
116.508  2.7096e-020
117.53  2.7119e-020
118.552  2.71406e-020
119.574  2.71608e-020
120.596  2.71797e-020
121.618  2.71971e-020
122.64  2.72132e-020
123.662  2.72278e-020
124.684  2.7241e-020
125.706  2.72528e-020
126.728  2.72632e-020
127.75  2.72721e-020
128.772  2.72795e-020
129.794  2.72855e-020
130.816  2.729e-020
131.838  2.72931e-020
132.86  2.72946e-020
133.882  2.72947e-020
134.904  2.72932e-020
135.926  2.72903e-020
136.948  2.72858e-020
137.97  2.72798e-020
138.992  2.72722e-020
140.014  2.72631e-020
141.036  2.72524e-020
142.058  2.72402e-020
143.08  2.72264e-020
144.102  2.7211e-020
145.124  2.7194e-020
146.146  2.71754e-020
147.168  2.71552e-020
148.19  2.71333e-020
149.212  2.71099e-020
150.234  2.70847e-020
151.256  2.7058e-020
152.278  2.70295e-020
153.3  2.69994e-020
154.322  2.69676e-020
155.344  2.69342e-020
156.366  2.6899e-020
157.388  2.68621e-020
158.41  2.68234e-020
159.432  2.67831e-020
160.454  2.6741e-020
161.476  2.66971e-020
162.498  2.66515e-020
163.52  2.66041e-020
164.542  2.65549e-020
165.564  2.65039e-020
166.586  2.64511e-020
167.608  2.63965e-020
168.63  2.63401e-020
169.652  2.62818e-020
170.674  2.62217e-020
171.696  2.61597e-020
172.718  2.60958e-020
173.74  2.603e-020
174.762  2.59623e-020
175.784  2.58928e-020
176.806  2.58213e-020
177.828  2.57478e-020
178.85  2.56725e-020
179.872  2.55951e-020
180.894  2.55158e-020
181.916  2.54346e-020
182.938  2.53513e-020
183.96  2.5266e-020
184.982  2.51787e-020
186.004  2.50894e-020
187.026  2.4998e-020
188.048  2.49046e-020
189.07  2.48091e-020
190.092  2.47116e-020
191.114  2.46119e-020
192.136  2.45102e-020
193.158  2.44064e-020
194.18  2.43004e-020
195.202  2.41923e-020
196.224  2.4082e-020
197.246  2.39696e-020
198.268  2.38551e-020
199.29  2.37383e-020
200.312  2.36194e-020
201.334  2.34982e-020
202.356  2.33749e-020
203.378  2.32493e-020
204.4  2.31215e-020
205.422  2.29915e-020
206.444  2.28592e-020
207.466  2.27246e-020
208.488  2.25878e-020
209.51  2.24487e-020
210.532  2.23073e-020
211.554  2.21637e-020
212.576  2.20177e-020
213.598  2.18694e-020
214.62  2.17188e-020
215.642  2.15658e-020
216.664  2.14106e-020
217.686  2.1253e-020
218.708  2.10931e-020
219.73  2.09308e-020
220.752  2.07662e-020
221.774  2.05992e-020
222.796  2.04299e-020
223.818  2.02582e-020
224.84  2.00842e-020
225.862  1.99078e-020
226.884  1.97291e-020
227.906  1.9548e-020
228.928  1.93646e-020
229.95  1.91788e-020
230.972  1.89907e-020
231.994  1.88003e-020
233.016  1.86075e-020
234.038  1.84124e-020
235.06  1.8215e-020
236.082  1.80153e-020
237.104  1.78133e-020
238.126  1.7609e-020
239.148  1.74025e-020
240.17  1.71937e-020
241.192  1.69827e-020
242.214  1.67695e-020
243.236  1.65541e-020
244.258  1.63365e-020
245.28  1.61168e-020
246.302  1.5895e-020
247.324  1.56711e-020
248.346  1.54451e-020
249.368  1.52171e-020
250.39  1.49871e-020
251.412  1.47551e-020
252.434  1.45213e-020
253.456  1.42855e-020
254.478  1.4048e-020
255.5  1.38086e-020
256.522  1.35675e-020
257.544  1.33247e-020
258.566  1.30803e-020
259.588  1.28343e-020
260.61  1.25868e-020
261.632  1.23378e-020
262.654  1.20874e-020
263.676  1.18358e-020
264.698  1.15829e-020
265.72  1.13288e-020
266.742  1.10736e-020
267.764  1.08175e-020
268.786  1.05604e-020
269.808  1.03025e-020
270.83  1.00439e-020
271.852  9.78464e-021
272.874  9.52488e-021
273.896  9.26471e-021
274.918  9.00425e-021
275.94  8.74361e-021
276.962  8.48293e-021
277.984  8.22232e-021
279.006  7.96192e-021
280.028  7.70187e-021
281.05  7.44232e-021
282.072  7.18342e-021
283.094  6.92533e-021
284.116  6.66821e-021
285.138  6.41222e-021
286.16  6.15755e-021
287.182  5.90437e-021
288.204  5.65288e-021
289.226  5.40327e-021
290.248  5.15575e-021
291.27  4.91052e-021
292.292  4.6678e-021
293.314  4.42782e-021
294.336  4.19081e-021
295.358  3.95702e-021
296.38  3.72669e-021
297.402  3.50009e-021
298.424  3.27747e-021
299.446  3.05912e-021
300.468  2.84532e-021
301.49  2.63637e-021
302.512  2.43258e-021
303.534  2.23425e-021
304.556  2.04172e-021
305.578  1.85531e-021
306.6  1.67538e-021
307.622  1.50228e-021
308.644  1.33638e-021
309.666  1.17807e-021
310.688  1.02772e-021
311.71  8.85756e-022
312.732  7.52583e-022
313.754  6.28632e-022
314.776  5.14345e-022
315.798  4.10177e-022
316.82  3.16596e-022
317.842  2.34083e-022
318.864  1.63134e-022
319.886  1.04259e-022
320.908  5.79811e-023
321.93  2.48362e-023
322.952  5.3732e-024
