1.022  4.05254e-021
2.044  4.14723e-021
3.066  4.24197e-021
4.088  4.33676e-021
5.11  4.43157e-021
6.132  4.52639e-021
7.154  4.62121e-021
8.176  4.71602e-021
9.198  4.8108e-021
10.22  4.90554e-021
11.242  5.00023e-021
12.264  5.09487e-021
13.286  5.18945e-021
14.308  5.28395e-021
15.33  5.37839e-021
16.352  5.47274e-021
17.374  5.56701e-021
18.396  5.66119e-021
19.418  5.75528e-021
20.44  5.84927e-021
21.462  5.94316e-021
22.484  6.03694e-021
23.506  6.13061e-021
24.528  6.22415e-021
25.55  6.31758e-021
26.572  6.41087e-021
27.594  6.50403e-021
28.616  6.59705e-021
29.638  6.68991e-021
30.66  6.78262e-021
31.682  6.87517e-021
32.704  6.96755e-021
33.726  7.05975e-021
34.748  7.15176e-021
35.77  7.24359e-021
36.792  7.33521e-021
37.814  7.42662e-021
38.836  7.51782e-021
39.858  7.6088e-021
40.88  7.69954e-021
41.902  7.79004e-021
42.924  7.88029e-021
43.946  7.97029e-021
44.968  8.06001e-021
45.99  8.14947e-021
47.012  8.23864e-021
48.034  8.32751e-021
49.056  8.41609e-021
50.078  8.50436e-021
51.1  8.5923e-021
52.122  8.67993e-021
53.144  8.76721e-021
54.166  8.85415e-021
55.188  8.94073e-021
56.21  9.02696e-021
57.232  9.11281e-021
58.254  9.19828e-021
59.276  9.28335e-021
60.298  9.36804e-021
61.32  9.45231e-021
62.342  9.53616e-021
63.364  9.61959e-021
64.386  9.70259e-021
65.408  9.78514e-021
66.43  9.86724e-021
67.452  9.94888e-021
68.474  1.00301e-020
69.496  1.01107e-020
70.518  1.01909e-020
71.54  1.02707e-020
72.562  1.03499e-020
73.584  1.04285e-020
74.606  1.05067e-020
75.628  1.05843e-020
76.65  1.06614e-020
77.672  1.0738e-020
78.694  1.0814e-020
79.716  1.08894e-020
80.738  1.09642e-020
81.76  1.10385e-020
82.782  1.11122e-020
83.804  1.11852e-020
84.826  1.12577e-020
85.848  1.13295e-020
86.87  1.14008e-020
87.892  1.14713e-020
88.914  1.15413e-020
89.936  1.16106e-020
90.958  1.16792e-020
91.98  1.17472e-020
93.002  1.18145e-020
94.024  1.18811e-020
95.046  1.1947e-020
96.068  1.20122e-020
97.09  1.20767e-020
98.112  1.21405e-020
99.134  1.22035e-020
100.156  1.22659e-020
101.178  1.23274e-020
102.2  1.23883e-020
103.222  1.24484e-020
104.244  1.25077e-020
105.266  1.25662e-020
106.288  1.2624e-020
107.31  1.26809e-020
108.332  1.27371e-020
109.354  1.27925e-020
110.376  1.2847e-020
111.398  1.29007e-020
112.42  1.29536e-020
113.442  1.30057e-020
114.464  1.30569e-020
115.486  1.31072e-020
116.508  1.31567e-020
117.53  1.32054e-020
118.552  1.32531e-020
119.574  1.33e-020
120.596  1.33459e-020
121.618  1.3391e-020
122.64  1.34351e-020
123.662  1.34784e-020
124.684  1.35207e-020
125.706  1.3562e-020
126.728  1.36025e-020
127.75  1.36419e-020
128.772  1.36805e-020
129.794  1.3718e-020
130.816  1.37546e-020
131.838  1.37902e-020
132.86  1.38248e-020
133.882  1.38584e-020
134.904  1.3891e-020
135.926  1.39226e-020
136.948  1.39531e-020
137.97  1.39826e-020
138.992  1.40111e-020
140.014  1.40386e-020
141.036  1.40649e-020
142.058  1.40903e-020
143.08  1.41145e-020
144.102  1.41377e-020
145.124  1.41597e-020
146.146  1.41807e-020
147.168  1.42005e-020
148.19  1.42193e-020
149.212  1.42369e-020
150.234  1.42534e-020
151.256  1.42687e-020
152.278  1.42829e-020
153.3  1.4296e-020
154.322  1.43078e-020
155.344  1.43185e-020
156.366  1.4328e-020
157.388  1.43364e-020
158.41  1.43435e-020
159.432  1.43494e-020
160.454  1.43541e-020
161.476  1.43575e-020
162.498  1.43597e-020
163.52  1.43607e-020
164.542  1.43604e-020
165.564  1.43588e-020
166.586  1.4356e-020
167.608  1.43519e-020
168.63  1.43465e-020
169.652  1.43398e-020
170.674  1.43318e-020
171.696  1.43225e-020
172.718  1.43118e-020
173.74  1.42998e-020
174.762  1.42864e-020
175.784  1.42717e-020
176.806  1.42557e-020
177.828  1.42382e-020
178.85  1.42194e-020
179.872  1.41992e-020
180.894  1.41776e-020
181.916  1.41545e-020
182.938  1.41301e-020
183.96  1.41042e-020
184.982  1.40769e-020
186.004  1.40481e-020
187.026  1.40179e-020
188.048  1.39862e-020
189.07  1.3953e-020
190.092  1.39184e-020
191.114  1.38822e-020
192.136  1.38446e-020
193.158  1.38054e-020
194.18  1.37647e-020
195.202  1.37225e-020
196.224  1.36788e-020
197.246  1.36335e-020
198.268  1.35867e-020
199.29  1.35383e-020
200.312  1.34883e-020
201.334  1.34368e-020
202.356  1.33836e-020
203.378  1.33289e-020
204.4  1.32726e-020
205.422  1.32146e-020
206.444  1.31551e-020
207.466  1.30939e-020
208.488  1.30311e-020
209.51  1.29667e-020
210.532  1.29006e-020
211.554  1.28329e-020
212.576  1.27635e-020
213.598  1.26925e-020
214.62  1.26198e-020
215.642  1.25454e-020
216.664  1.24694e-020
217.686  1.23917e-020
218.708  1.23123e-020
219.73  1.22312e-020
220.752  1.21484e-020
221.774  1.20639e-020
222.796  1.19778e-020
223.818  1.18899e-020
224.84  1.18004e-020
225.862  1.17091e-020
226.884  1.16162e-020
227.906  1.15215e-020
228.928  1.14252e-020
229.95  1.13271e-020
230.972  1.12274e-020
231.994  1.1126e-020
233.016  1.10229e-020
234.038  1.09181e-020
235.06  1.08116e-020
236.082  1.07035e-020
237.104  1.05937e-020
238.126  1.04822e-020
239.148  1.03691e-020
240.17  1.02544e-020
241.192  1.0138e-020
242.214  1.002e-020
243.236  9.90038e-021
244.258  9.77917e-021
245.28  9.65639e-021
246.302  9.53204e-021
247.324  9.40615e-021
248.346  9.27873e-021
249.368  9.14979e-021
250.39  9.01937e-021
251.412  8.88748e-021
252.434  8.75415e-021
253.456  8.61939e-021
254.478  8.48325e-021
255.5  8.34574e-021
256.522  8.20689e-021
257.544  8.06674e-021
258.566  7.92532e-021
259.588  7.78267e-021
260.61  7.63882e-021
261.632  7.49381e-021
262.654  7.34768e-021
263.676  7.20048e-021
264.698  7.05224e-021
265.72  6.90303e-021
266.742  6.75288e-021
267.764  6.60186e-021
268.786  6.45001e-021
269.808  6.29739e-021
270.83  6.14407e-021
271.852  5.9901e-021
272.874  5.83555e-021
273.896  5.68049e-021
274.918  5.52499e-021
275.94  5.36913e-021
276.962  5.21298e-021
277.984  5.05663e-021
279.006  4.90016e-021
280.028  4.74365e-021
281.05  4.5872e-021
282.072  4.43091e-021
283.094  4.27487e-021
284.116  4.11918e-021
285.138  3.96396e-021
286.16  3.80932e-021
287.182  3.65536e-021
288.204  3.50222e-021
289.226  3.35001e-021
290.248  3.19887e-021
291.27  3.04892e-021
292.292  2.90032e-021
293.314  2.75319e-021
294.336  2.6077e-021
295.358  2.464e-021
296.38  2.32225e-021
297.402  2.18261e-021
298.424  2.04525e-021
299.446  1.91037e-021
300.468  1.77813e-021
301.49  1.64873e-021
302.512  1.52237e-021
303.534  1.39925e-021
304.556  1.27959e-021
305.578  1.1636e-021
306.6  1.0515e-021
307.622  9.43539e-022
308.644  8.39946e-022
309.666  7.40972e-022
310.688  6.46874e-022
311.71  5.57918e-022
312.732  4.74376e-022
313.754  3.96531e-022
314.776  3.24675e-022
315.798  2.59107e-022
316.82  2.00136e-022
317.842  1.48083e-022
318.864  1.03275e-022
319.886  6.60513e-023
320.908  3.67594e-023
321.93  1.57574e-023
322.952  3.41153e-024
