1.022  8.85656e-021
2.044  8.77459e-021
3.066  8.69482e-021
4.088  8.6172e-021
5.11  8.5417e-021
6.132  8.46828e-021
7.154  8.39689e-021
8.176  8.32751e-021
9.198  8.2601e-021
10.22  8.19464e-021
11.242  8.13108e-021
12.264  8.06942e-021
13.286  8.00962e-021
14.308  7.95167e-021
15.33  7.89554e-021
16.352  7.84121e-021
17.374  7.78866e-021
18.396  7.73787e-021
19.418  7.68882e-021
20.44  7.64148e-021
21.462  7.59583e-021
22.484  7.55185e-021
23.506  7.50952e-021
24.528  7.4688e-021
25.55  7.42969e-021
26.572  7.39215e-021
27.594  7.35616e-021
28.616  7.32169e-021
29.638  7.28872e-021
30.66  7.25722e-021
31.682  7.22718e-021
32.704  7.19856e-021
33.726  7.17134e-021
34.748  7.1455e-021
35.77  7.12101e-021
36.792  7.09784e-021
37.814  7.07598e-021
38.836  7.05539e-021
39.858  7.03606e-021
40.88  7.01796e-021
41.902  7.00107e-021
42.924  6.98536e-021
43.946  6.97081e-021
44.968  6.95739e-021
45.99  6.94509e-021
47.012  6.93388e-021
48.034  6.92374e-021
49.056  6.91464e-021
50.078  6.90657e-021
51.1  6.8995e-021
52.122  6.89342e-021
53.144  6.88829e-021
54.166  6.8841e-021
55.188  6.88082e-021
56.21  6.87845e-021
57.232  6.87695e-021
58.254  6.87631e-021
59.276  6.8765e-021
60.298  6.87751e-021
61.32  6.87931e-021
62.342  6.88189e-021
63.364  6.88523e-021
64.386  6.88931e-021
65.408  6.8941e-021
66.43  6.8996e-021
67.452  6.90578e-021
68.474  6.91263e-021
69.496  6.92012e-021
70.518  6.92823e-021
71.54  6.93696e-021
72.562  6.94628e-021
73.584  6.95618e-021
74.606  6.96663e-021
75.628  6.97762e-021
76.65  6.98914e-021
77.672  7.00117e-021
78.694  7.01368e-021
79.716  7.02667e-021
80.738  7.04011e-021
81.76  7.054e-021
82.782  7.06831e-021
83.804  7.08304e-021
84.826  7.09815e-021
85.848  7.11364e-021
86.87  7.1295e-021
87.892  7.1457e-021
88.914  7.16224e-021
89.936  7.17909e-021
90.958  7.19624e-021
91.98  7.21368e-021
93.002  7.23139e-021
94.024  7.24936e-021
95.046  7.26757e-021
96.068  7.28601e-021
97.09  7.30466e-021
98.112  7.32351e-021
99.134  7.34255e-021
100.156  7.36177e-021
101.178  7.38113e-021
102.2  7.40065e-021
103.222  7.42029e-021
104.244  7.44005e-021
105.266  7.45992e-021
106.288  7.47987e-021
107.31  7.4999e-021
108.332  7.52e-021
109.354  7.54014e-021
110.376  7.56032e-021
111.398  7.58053e-021
112.42  7.60075e-021
113.442  7.62097e-021
114.464  7.64117e-021
115.486  7.66134e-021
116.508  7.68148e-021
117.53  7.70157e-021
118.552  7.72159e-021
119.574  7.74153e-021
120.596  7.76139e-021
121.618  7.78114e-021
122.64  7.80078e-021
123.662  7.8203e-021
124.684  7.83968e-021
125.706  7.85891e-021
126.728  7.87798e-021
127.75  7.89688e-021
128.772  7.91559e-021
129.794  7.9341e-021
130.816  7.95241e-021
131.838  7.9705e-021
132.86  7.98836e-021
133.882  8.00598e-021
134.904  8.02334e-021
135.926  8.04044e-021
136.948  8.05726e-021
137.97  8.07379e-021
138.992  8.09002e-021
140.014  8.10595e-021
141.036  8.12155e-021
142.058  8.13682e-021
143.08  8.15175e-021
144.102  8.16632e-021
145.124  8.18053e-021
146.146  8.19436e-021
147.168  8.20781e-021
148.19  8.22086e-021
149.212  8.2335e-021
150.234  8.24572e-021
151.256  8.25751e-021
152.278  8.26886e-021
153.3  8.27976e-021
154.322  8.2902e-021
155.344  8.30017e-021
156.366  8.30965e-021
157.388  8.31864e-021
158.41  8.32713e-021
159.432  8.3351e-021
160.454  8.34255e-021
161.476  8.34946e-021
162.498  8.35583e-021
163.52  8.36164e-021
164.542  8.36689e-021
165.564  8.37156e-021
166.586  8.37565e-021
167.608  8.37914e-021
168.63  8.38202e-021
169.652  8.38429e-021
170.674  8.38593e-021
171.696  8.38693e-021
172.718  8.38728e-021
173.74  8.38698e-021
174.762  8.38601e-021
175.784  8.38437e-021
176.806  8.38204e-021
177.828  8.37901e-021
178.85  8.37527e-021
179.872  8.37082e-021
180.894  8.36563e-021
181.916  8.35972e-021
182.938  8.35305e-021
183.96  8.34563e-021
184.982  8.33744e-021
186.004  8.32848e-021
187.026  8.31873e-021
188.048  8.30819e-021
189.07  8.29684e-021
190.092  8.28467e-021
191.114  8.27168e-021
192.136  8.25786e-021
193.158  8.24319e-021
194.18  8.22767e-021
195.202  8.21128e-021
196.224  8.19402e-021
197.246  8.17588e-021
198.268  8.15685e-021
199.29  8.13691e-021
200.312  8.11607e-021
201.334  8.09431e-021
202.356  8.07161e-021
203.378  8.04798e-021
204.4  8.0234e-021
205.422  7.99787e-021
206.444  7.97137e-021
207.466  7.94389e-021
208.488  7.91543e-021
209.51  7.88598e-021
210.532  7.85553e-021
211.554  7.82407e-021
212.576  7.7916e-021
213.598  7.75809e-021
214.62  7.72355e-021
215.642  7.68797e-021
216.664  7.65134e-021
217.686  7.61365e-021
218.708  7.57489e-021
219.73  7.53506e-021
220.752  7.49415e-021
221.774  7.45215e-021
222.796  7.40906e-021
223.818  7.36486e-021
224.84  7.31956e-021
225.862  7.27314e-021
226.884  7.2256e-021
227.906  7.17693e-021
228.928  7.12713e-021
229.95  7.07619e-021
230.972  7.02411e-021
231.994  6.97088e-021
233.016  6.9165e-021
234.038  6.86096e-021
235.06  6.80427e-021
236.082  6.74641e-021
237.104  6.68738e-021
238.126  6.62719e-021
239.148  6.56583e-021
240.17  6.5033e-021
241.192  6.4396e-021
242.214  6.37473e-021
243.236  6.30868e-021
244.258  6.24147e-021
245.28  6.17308e-021
246.302  6.10354e-021
247.324  6.03282e-021
248.346  5.96095e-021
249.368  5.88792e-021
250.39  5.81375e-021
251.412  5.73843e-021
252.434  5.66197e-021
253.456  5.58439e-021
254.478  5.50569e-021
255.5  5.42588e-021
256.522  5.34497e-021
257.544  5.26297e-021
258.566  5.17991e-021
259.588  5.09578e-021
260.61  5.01062e-021
261.632  4.92443e-021
262.654  4.83724e-021
263.676  4.74906e-021
264.698  4.65992e-021
265.72  4.56984e-021
266.742  4.47885e-021
267.764  4.38697e-021
268.786  4.29423e-021
269.808  4.20067e-021
270.83  4.10631e-021
271.852  4.01118e-021
272.874  3.91534e-021
273.896  3.8188e-021
274.918  3.72163e-021
275.94  3.62385e-021
276.962  3.52552e-021
277.984  3.42668e-021
279.006  3.32739e-021
280.028  3.2277e-021
281.05  3.12767e-021
282.072  3.02736e-021
283.094  2.92682e-021
284.116  2.82614e-021
285.138  2.72537e-021
286.16  2.6246e-021
287.182  2.52389e-021
288.204  2.42333e-021
289.226  2.32301e-021
290.248  2.223e-021
291.27  2.12342e-021
292.292  2.02435e-021
293.314  1.92589e-021
294.336  1.82816e-021
295.358  1.73126e-021
296.38  1.63531e-021
297.402  1.54043e-021
298.424  1.44676e-021
299.446  1.35441e-021
300.468  1.26353e-021
301.49  1.17427e-021
302.512  1.08677e-021
303.534  1.0012e-021
304.556  9.17705e-022
305.578  8.36467e-022
306.6  7.57661e-022
307.622  6.8147e-022
308.644  6.08086e-022
309.666  5.37709e-022
310.688  4.70545e-022
311.71  4.0681e-022
312.732  3.46728e-022
313.754  2.90531e-022
314.776  2.3846e-022
315.798  1.90767e-022
316.82  1.4771e-022
317.842  1.09561e-022
318.864  7.65975e-023
319.886  4.91102e-023
320.908  2.7399e-023
321.93  1.17742e-023
322.952  2.55552e-024
