1.022  1.70512e-019
2.044  1.6931e-019
3.066  1.68119e-019
4.088  1.66941e-019
5.11  1.65773e-019
6.132  1.64616e-019
7.154  1.6347e-019
8.176  1.62335e-019
9.198  1.61209e-019
10.22  1.60094e-019
11.242  1.58989e-019
12.264  1.57893e-019
13.286  1.56808e-019
14.308  1.55732e-019
15.33  1.54666e-019
16.352  1.53611e-019
17.374  1.52565e-019
18.396  1.51529e-019
19.418  1.50503e-019
20.44  1.49487e-019
21.462  1.48481e-019
22.484  1.47485e-019
23.506  1.46499e-019
24.528  1.45522e-019
25.55  1.44555e-019
26.572  1.43598e-019
27.594  1.4265e-019
28.616  1.41712e-019
29.638  1.40782e-019
30.66  1.39862e-019
31.682  1.38951e-019
32.704  1.38049e-019
33.726  1.37156e-019
34.748  1.36272e-019
35.77  1.35396e-019
36.792  1.34528e-019
37.814  1.33669e-019
38.836  1.32818e-019
39.858  1.31975e-019
40.88  1.3114e-019
41.902  1.30313e-019
42.924  1.29493e-019
43.946  1.28681e-019
44.968  1.27877e-019
45.99  1.2708e-019
47.012  1.26289e-019
48.034  1.25506e-019
49.056  1.2473e-019
50.078  1.23961e-019
51.1  1.23198e-019
52.122  1.22442e-019
53.144  1.21692e-019
54.166  1.20949e-019
55.188  1.20211e-019
56.21  1.1948e-019
57.232  1.18755e-019
58.254  1.18036e-019
59.276  1.17322e-019
60.298  1.16614e-019
61.32  1.15912e-019
62.342  1.15215e-019
63.364  1.14524e-019
64.386  1.13838e-019
65.408  1.13157e-019
66.43  1.12481e-019
67.452  1.1181e-019
68.474  1.11144e-019
69.496  1.10482e-019
70.518  1.09826e-019
71.54  1.09174e-019
72.562  1.08526e-019
73.584  1.07883e-019
74.606  1.07245e-019
75.628  1.0661e-019
76.65  1.0598e-019
77.672  1.05354e-019
78.694  1.04732e-019
79.716  1.04114e-019
80.738  1.035e-019
81.76  1.0289e-019
82.782  1.02283e-019
83.804  1.0168e-019
84.826  1.01081e-019
85.848  1.00486e-019
86.87  9.98934e-020
87.892  9.93046e-020
88.914  9.87191e-020
89.936  9.8137e-020
90.958  9.75581e-020
91.98  9.69823e-020
93.002  9.64097e-020
94.024  9.584e-020
95.046  9.52734e-020
96.068  9.47097e-020
97.09  9.41489e-020
98.112  9.35909e-020
99.134  9.30356e-020
100.156  9.24831e-020
101.178  9.19332e-020
102.2  9.13859e-020
103.222  9.08411e-020
104.244  9.02989e-020
105.266  8.97591e-020
106.288  8.92218e-020
107.31  8.86868e-020
108.332  8.81541e-020
109.354  8.76237e-020
110.376  8.70955e-020
111.398  8.65694e-020
112.42  8.60456e-020
113.442  8.55238e-020
114.464  8.5004e-020
115.486  8.44863e-020
116.508  8.39706e-020
117.53  8.34567e-020
118.552  8.29448e-020
119.574  8.24348e-020
120.596  8.19265e-020
121.618  8.142e-020
122.64  8.09153e-020
123.662  8.04123e-020
124.684  7.99109e-020
125.706  7.94112e-020
126.728  7.89131e-020
127.75  7.84166e-020
128.772  7.79216e-020
129.794  7.74281e-020
130.816  7.69361e-020
131.838  7.64455e-020
132.86  7.59564e-020
133.882  7.54686e-020
134.904  7.49822e-020
135.926  7.44971e-020
136.948  7.40133e-020
137.97  7.35308e-020
138.992  7.30495e-020
140.014  7.25695e-020
141.036  7.20906e-020
142.058  7.16129e-020
143.08  7.11363e-020
144.102  7.06608e-020
145.124  7.01864e-020
146.146  6.97131e-020
147.168  6.92408e-020
148.19  6.87695e-020
149.212  6.82992e-020
150.234  6.78299e-020
151.256  6.73615e-020
152.278  6.6894e-020
153.3  6.64274e-020
154.322  6.59617e-020
155.344  6.54969e-020
156.366  6.50329e-020
157.388  6.45696e-020
158.41  6.41072e-020
159.432  6.36456e-020
160.454  6.31847e-020
161.476  6.27245e-020
162.498  6.22651e-020
163.52  6.18063e-020
164.542  6.13482e-020
165.564  6.08908e-020
166.586  6.0434e-020
167.608  5.99778e-020
168.63  5.95222e-020
169.652  5.90672e-020
170.674  5.86128e-020
171.696  5.81589e-020
172.718  5.77055e-020
173.74  5.72527e-020
174.762  5.68003e-020
175.784  5.63485e-020
176.806  5.5897e-020
177.828  5.54461e-020
178.85  5.49955e-020
179.872  5.45454e-020
180.894  5.40956e-020
181.916  5.36463e-020
182.938  5.31973e-020
183.96  5.27486e-020
184.982  5.23003e-020
186.004  5.18524e-020
187.026  5.14047e-020
188.048  5.09573e-020
189.07  5.05102e-020
190.092  5.00633e-020
191.114  4.96167e-020
192.136  4.91703e-020
193.158  4.87242e-020
194.18  4.82782e-020
195.202  4.78325e-020
196.224  4.73869e-020
197.246  4.69415e-020
198.268  4.64962e-020
199.29  4.60511e-020
200.312  4.56061e-020
201.334  4.51612e-020
202.356  4.47164e-020
203.378  4.42718e-020
204.4  4.38272e-020
205.422  4.33826e-020
206.444  4.29381e-020
207.466  4.24937e-020
208.488  4.20493e-020
209.51  4.1605e-020
210.532  4.11606e-020
211.554  4.07163e-020
212.576  4.02719e-020
213.598  3.98276e-020
214.62  3.93832e-020
215.642  3.89388e-020
216.664  3.84944e-020
217.686  3.80499e-020
218.708  3.76054e-020
219.73  3.71608e-020
220.752  3.67162e-020
221.774  3.62715e-020
222.796  3.58268e-020
223.818  3.5382e-020
224.84  3.49371e-020
225.862  3.44922e-020
226.884  3.40471e-020
227.906  3.3602e-020
228.928  3.31569e-020
229.95  3.27117e-020
230.972  3.22664e-020
231.994  3.1821e-020
233.016  3.13756e-020
234.038  3.09301e-020
235.06  3.04846e-020
236.082  3.00391e-020
237.104  2.95935e-020
238.126  2.91479e-020
239.148  2.87023e-020
240.17  2.82568e-020
241.192  2.78112e-020
242.214  2.73657e-020
243.236  2.69203e-020
244.258  2.6475e-020
245.28  2.60297e-020
246.302  2.55846e-020
247.324  2.51397e-020
248.346  2.4695e-020
249.368  2.42504e-020
250.39  2.38061e-020
251.412  2.33622e-020
252.434  2.29185e-020
253.456  2.24752e-020
254.478  2.20323e-020
255.5  2.15899e-020
256.522  2.1148e-020
257.544  2.07066e-020
258.566  2.02658e-020
259.588  1.98257e-020
260.61  1.93864e-020
261.632  1.89478e-020
262.654  1.85101e-020
263.676  1.80734e-020
264.698  1.76377e-020
265.72  1.7203e-020
266.742  1.67696e-020
267.764  1.63374e-020
268.786  1.59066e-020
269.808  1.54772e-020
270.83  1.50494e-020
271.852  1.46233e-020
272.874  1.4199e-020
273.896  1.37766e-020
274.918  1.33562e-020
275.94  1.2938e-020
276.962  1.25221e-020
277.984  1.21086e-020
279.006  1.16977e-020
280.028  1.12895e-020
281.05  1.08843e-020
282.072  1.04821e-020
283.094  1.00832e-020
284.116  9.68771e-021
285.138  9.29586e-021
286.16  8.90783e-021
287.182  8.52384e-021
288.204  8.14409e-021
289.226  7.76882e-021
290.248  7.39825e-021
291.27  7.03264e-021
292.292  6.67222e-021
293.314  6.31728e-021
294.336  5.96806e-021
295.358  5.62487e-021
296.38  5.28799e-021
297.402  4.95772e-021
298.424  4.63439e-021
299.446  4.31831e-021
300.468  4.00984e-021
301.49  3.70931e-021
302.512  3.4171e-021
303.534  3.13357e-021
304.556  2.85913e-021
305.578  2.59418e-021
306.6  2.33913e-021
307.622  2.09441e-021
308.644  1.86048e-021
309.666  1.6378e-021
310.688  1.42684e-021
311.71  1.22811e-021
312.732  1.0421e-021
313.754  8.69362e-022
314.776  7.10426e-022
315.798  5.65858e-022
316.82  4.3624e-022
317.842  3.22172e-022
318.864  2.2427e-022
319.886  1.43173e-022
320.908  7.95366e-023
321.93  3.40338e-023
322.952  7.35554e-024
