1.022  1.63206e-019
2.044  1.62053e-019
3.066  1.60911e-019
4.088  1.59781e-019
5.11  1.58661e-019
6.132  1.57552e-019
7.154  1.56452e-019
8.176  1.55363e-019
9.198  1.54284e-019
10.22  1.53214e-019
11.242  1.52154e-019
12.264  1.51104e-019
13.286  1.50062e-019
14.308  1.49031e-019
15.33  1.48009e-019
16.352  1.46997e-019
17.374  1.45994e-019
18.396  1.45e-019
19.418  1.44017e-019
20.44  1.43043e-019
21.462  1.42078e-019
22.484  1.41123e-019
23.506  1.40177e-019
24.528  1.3924e-019
25.55  1.38313e-019
26.572  1.37395e-019
27.594  1.36486e-019
28.616  1.35586e-019
29.638  1.34695e-019
30.66  1.33813e-019
31.682  1.3294e-019
32.704  1.32075e-019
33.726  1.31219e-019
34.748  1.30371e-019
35.77  1.29531e-019
36.792  1.28699e-019
37.814  1.27875e-019
38.836  1.27059e-019
39.858  1.26251e-019
40.88  1.25451e-019
41.902  1.24658e-019
42.924  1.23872e-019
43.946  1.23093e-019
44.968  1.22322e-019
45.99  1.21558e-019
47.012  1.208e-019
48.034  1.20049e-019
49.056  1.19305e-019
50.078  1.18568e-019
51.1  1.17837e-019
52.122  1.17112e-019
53.144  1.16393e-019
54.166  1.1568e-019
55.188  1.14974e-019
56.21  1.14273e-019
57.232  1.13578e-019
58.254  1.12888e-019
59.276  1.12204e-019
60.298  1.11526e-019
61.32  1.10853e-019
62.342  1.10185e-019
63.364  1.09522e-019
64.386  1.08864e-019
65.408  1.08212e-019
66.43  1.07564e-019
67.452  1.06921e-019
68.474  1.06282e-019
69.496  1.05649e-019
70.518  1.05019e-019
71.54  1.04394e-019
72.562  1.03774e-019
73.584  1.03158e-019
74.606  1.02546e-019
75.628  1.01938e-019
76.65  1.01334e-019
77.672  1.00734e-019
78.694  1.00138e-019
79.716  9.95458e-020
80.738  9.89573e-020
81.76  9.83725e-020
82.782  9.77914e-020
83.804  9.72137e-020
84.826  9.66395e-020
85.848  9.60688e-020
86.87  9.55013e-020
87.892  9.49372e-020
88.914  9.43762e-020
89.936  9.38185e-020
90.958  9.32638e-020
91.98  9.27121e-020
93.002  9.21635e-020
94.024  9.16177e-020
95.046  9.10748e-020
96.068  9.05348e-020
97.09  8.99975e-020
98.112  8.94629e-020
99.134  8.89309e-020
100.156  8.84016e-020
101.178  8.78748e-020
102.2  8.73505e-020
103.222  8.68286e-020
104.244  8.63092e-020
105.266  8.57921e-020
106.288  8.52774e-020
107.31  8.47649e-020
108.332  8.42546e-020
109.354  8.37465e-020
110.376  8.32405e-020
111.398  8.27367e-020
112.42  8.22349e-020
113.442  8.17351e-020
114.464  8.12373e-020
115.486  8.07414e-020
116.508  8.02474e-020
117.53  7.97553e-020
118.552  7.92649e-020
119.574  7.87764e-020
120.596  7.82896e-020
121.618  7.78045e-020
122.64  7.73211e-020
123.662  7.68394e-020
124.684  7.63592e-020
125.706  7.58807e-020
126.728  7.54037e-020
127.75  7.49281e-020
128.772  7.44541e-020
129.794  7.39815e-020
130.816  7.35103e-020
131.838  7.30406e-020
132.86  7.25721e-020
133.882  7.21051e-020
134.904  7.16393e-020
135.926  7.11748e-020
136.948  7.07115e-020
137.97  7.02495e-020
138.992  6.97886e-020
140.014  6.93289e-020
141.036  6.88704e-020
142.058  6.8413e-020
143.08  6.79566e-020
144.102  6.75014e-020
145.124  6.70472e-020
146.146  6.6594e-020
147.168  6.61417e-020
148.19  6.56905e-020
149.212  6.52402e-020
150.234  6.47909e-020
151.256  6.43425e-020
152.278  6.38949e-020
153.3  6.34482e-020
154.322  6.30024e-020
155.344  6.25573e-020
156.366  6.21131e-020
157.388  6.16697e-020
158.41  6.1227e-020
159.432  6.07851e-020
160.454  6.03438e-020
161.476  5.99033e-020
162.498  5.94635e-020
163.52  5.90244e-020
164.542  5.85859e-020
165.564  5.8148e-020
166.586  5.77108e-020
167.608  5.72741e-020
168.63  5.6838e-020
169.652  5.64025e-020
170.674  5.59675e-020
171.696  5.55331e-020
172.718  5.50992e-020
173.74  5.46657e-020
174.762  5.42328e-020
175.784  5.38003e-020
176.806  5.33682e-020
177.828  5.29366e-020
178.85  5.25054e-020
179.872  5.20746e-020
180.894  5.16442e-020
181.916  5.12142e-020
182.938  5.07845e-020
183.96  5.03552e-020
184.982  4.99262e-020
186.004  4.94975e-020
187.026  4.90691e-020
188.048  4.8641e-020
189.07  4.82132e-020
190.092  4.77856e-020
191.114  4.73583e-020
192.136  4.69312e-020
193.158  4.65043e-020
194.18  4.60777e-020
195.202  4.56512e-020
196.224  4.52249e-020
197.246  4.47988e-020
198.268  4.43728e-020
199.29  4.3947e-020
200.312  4.35213e-020
201.334  4.30957e-020
202.356  4.26703e-020
203.378  4.22449e-020
204.4  4.18196e-020
205.422  4.13944e-020
206.444  4.09693e-020
207.466  4.05442e-020
208.488  4.01192e-020
209.51  3.96942e-020
210.532  3.92693e-020
211.554  3.88443e-020
212.576  3.84194e-020
213.598  3.79945e-020
214.62  3.75696e-020
215.642  3.71447e-020
216.664  3.67197e-020
217.686  3.62948e-020
218.708  3.58698e-020
219.73  3.54447e-020
220.752  3.50197e-020
221.774  3.45946e-020
222.796  3.41694e-020
223.818  3.37442e-020
224.84  3.3319e-020
225.862  3.28937e-020
226.884  3.24683e-020
227.906  3.20429e-020
228.928  3.16175e-020
229.95  3.1192e-020
230.972  3.07665e-020
231.994  3.03409e-020
233.016  2.99153e-020
234.038  2.94896e-020
235.06  2.9064e-020
236.082  2.86383e-020
237.104  2.82126e-020
238.126  2.7787e-020
239.148  2.73613e-020
240.17  2.69357e-020
241.192  2.65101e-020
242.214  2.60847e-020
243.236  2.56592e-020
244.258  2.52339e-020
245.28  2.48088e-020
246.302  2.43837e-020
247.324  2.39589e-020
248.346  2.35342e-020
249.368  2.31098e-020
250.39  2.26857e-020
251.412  2.22618e-020
252.434  2.18383e-020
253.456  2.14152e-020
254.478  2.09925e-020
255.5  2.05702e-020
256.522  2.01484e-020
257.544  1.97273e-020
258.566  1.93067e-020
259.588  1.88867e-020
260.61  1.84676e-020
261.632  1.80491e-020
262.654  1.76316e-020
263.676  1.7215e-020
264.698  1.67993e-020
265.72  1.63848e-020
266.742  1.59713e-020
267.764  1.55592e-020
268.786  1.51483e-020
269.808  1.47389e-020
270.83  1.4331e-020
271.852  1.39247e-020
272.874  1.35202e-020
273.896  1.31175e-020
274.918  1.27167e-020
275.94  1.23181e-020
276.962  1.19216e-020
277.984  1.15276e-020
279.006  1.1136e-020
280.028  1.0747e-020
281.05  1.03609e-020
282.072  9.97766e-021
283.094  9.59758e-021
284.116  9.2208e-021
285.138  8.8475e-021
286.16  8.47787e-021
287.182  8.11211e-021
288.204  7.75042e-021
289.226  7.39301e-021
290.248  7.04011e-021
291.27  6.69194e-021
292.292  6.34875e-021
293.314  6.01079e-021
294.336  5.6783e-021
295.358  5.35157e-021
296.38  5.03087e-021
297.402  4.71649e-021
298.424  4.40872e-021
299.446  4.10789e-021
300.468  3.8143e-021
301.49  3.5283e-021
302.512  3.25022e-021
303.534  2.98044e-021
304.556  2.71931e-021
305.578  2.46722e-021
306.6  2.22457e-021
307.622  1.99176e-021
308.644  1.76923e-021
309.666  1.55742e-021
310.688  1.35676e-021
311.71  1.16775e-021
312.732  9.90851e-022
313.754  8.26575e-022
314.776  6.75436e-022
315.798  5.37969e-022
316.82  4.14725e-022
317.842  3.06271e-022
318.864  2.13194e-022
319.886  1.36098e-022
320.908  7.56032e-023
321.93  3.23495e-023
322.952  6.99129e-024
