1.022  5.08408e-020
2.044  5.0458e-020
3.066  5.00791e-020
4.088  4.9704e-020
5.11  4.93328e-020
6.132  4.89652e-020
7.154  4.86012e-020
8.176  4.82408e-020
9.198  4.78838e-020
10.22  4.75302e-020
11.242  4.718e-020
12.264  4.68331e-020
13.286  4.64896e-020
14.308  4.61494e-020
15.33  4.58126e-020
16.352  4.54791e-020
17.374  4.5149e-020
18.396  4.48222e-020
19.418  4.44987e-020
20.44  4.41785e-020
21.462  4.38616e-020
22.484  4.3548e-020
23.506  4.32377e-020
24.528  4.29306e-020
25.55  4.26267e-020
26.572  4.2326e-020
27.594  4.20284e-020
28.616  4.17339e-020
29.638  4.14425e-020
30.66  4.11542e-020
31.682  4.08688e-020
32.704  4.05864e-020
33.726  4.03069e-020
34.748  4.00303e-020
35.77  3.97565e-020
36.792  3.94856e-020
37.814  3.92173e-020
38.836  3.89518e-020
39.858  3.86889e-020
40.88  3.84287e-020
41.902  3.8171e-020
42.924  3.79158e-020
43.946  3.76632e-020
44.968  3.7413e-020
45.99  3.71652e-020
47.012  3.69198e-020
48.034  3.66767e-020
49.056  3.64359e-020
50.078  3.61974e-020
51.1  3.5961e-020
52.122  3.57268e-020
53.144  3.54948e-020
54.166  3.52648e-020
55.188  3.5037e-020
56.21  3.48111e-020
57.232  3.45872e-020
58.254  3.43653e-020
59.276  3.41452e-020
60.298  3.39271e-020
61.32  3.37108e-020
62.342  3.34963e-020
63.364  3.32836e-020
64.386  3.30727e-020
65.408  3.28635e-020
66.43  3.26559e-020
67.452  3.245e-020
68.474  3.22458e-020
69.496  3.20431e-020
70.518  3.1842e-020
71.54  3.16424e-020
72.562  3.14444e-020
73.584  3.12478e-020
74.606  3.10527e-020
75.628  3.08591e-020
76.65  3.06668e-020
77.672  3.04759e-020
78.694  3.02864e-020
79.716  3.00982e-020
80.738  2.99112e-020
81.76  2.97256e-020
82.782  2.95413e-020
83.804  2.93581e-020
84.826  2.91762e-020
85.848  2.89955e-020
86.87  2.88159e-020
87.892  2.86375e-020
88.914  2.84602e-020
89.936  2.8284e-020
90.958  2.81089e-020
91.98  2.79349e-020
93.002  2.77619e-020
94.024  2.75899e-020
95.046  2.74189e-020
96.068  2.72489e-020
97.09  2.70799e-020
98.112  2.69118e-020
99.134  2.67447e-020
100.156  2.65785e-020
101.178  2.64132e-020
102.2  2.62487e-020
103.222  2.60851e-020
104.244  2.59224e-020
105.266  2.57605e-020
106.288  2.55994e-020
107.31  2.54391e-020
108.332  2.52796e-020
109.354  2.51209e-020
110.376  2.49629e-020
111.398  2.48056e-020
112.42  2.46491e-020
113.442  2.44933e-020
114.464  2.43382e-020
115.486  2.41838e-020
116.508  2.403e-020
117.53  2.38769e-020
118.552  2.37245e-020
119.574  2.35726e-020
120.596  2.34214e-020
121.618  2.32708e-020
122.64  2.31208e-020
123.662  2.29714e-020
124.684  2.28226e-020
125.706  2.26743e-020
126.728  2.25266e-020
127.75  2.23794e-020
128.772  2.22327e-020
129.794  2.20865e-020
130.816  2.19409e-020
131.838  2.17958e-020
132.86  2.16511e-020
133.882  2.15069e-020
134.904  2.13632e-020
135.926  2.12199e-020
136.948  2.10771e-020
137.97  2.09347e-020
138.992  2.07927e-020
140.014  2.06512e-020
141.036  2.05101e-020
142.058  2.03694e-020
143.08  2.0229e-020
144.102  2.00891e-020
145.124  1.99495e-020
146.146  1.98103e-020
147.168  1.96715e-020
148.19  1.9533e-020
149.212  1.93948e-020
150.234  1.9257e-020
151.256  1.91195e-020
152.278  1.89824e-020
153.3  1.88455e-020
154.322  1.8709e-020
155.344  1.85728e-020
156.366  1.84368e-020
157.388  1.83012e-020
158.41  1.81658e-020
159.432  1.80307e-020
160.454  1.78959e-020
161.476  1.77613e-020
162.498  1.7627e-020
163.52  1.74929e-020
164.542  1.73591e-020
165.564  1.72255e-020
166.586  1.70922e-020
167.608  1.69591e-020
168.63  1.68262e-020
169.652  1.66935e-020
170.674  1.6561e-020
171.696  1.64287e-020
172.718  1.62966e-020
173.74  1.61647e-020
174.762  1.6033e-020
175.784  1.59015e-020
176.806  1.57702e-020
177.828  1.5639e-020
178.85  1.5508e-020
179.872  1.53772e-020
180.894  1.52465e-020
181.916  1.5116e-020
182.938  1.49856e-020
183.96  1.48554e-020
184.982  1.47253e-020
186.004  1.45954e-020
187.026  1.44656e-020
188.048  1.43359e-020
189.07  1.42064e-020
190.092  1.40769e-020
191.114  1.39476e-020
192.136  1.38184e-020
193.158  1.36893e-020
194.18  1.35603e-020
195.202  1.34314e-020
196.224  1.33027e-020
197.246  1.3174e-020
198.268  1.30454e-020
199.29  1.29169e-020
200.312  1.27885e-020
201.334  1.26601e-020
202.356  1.25319e-020
203.378  1.24037e-020
204.4  1.22756e-020
205.422  1.21476e-020
206.444  1.20196e-020
207.466  1.18917e-020
208.488  1.17639e-020
209.51  1.16361e-020
210.532  1.15084e-020
211.554  1.13808e-020
212.576  1.12532e-020
213.598  1.11257e-020
214.62  1.09982e-020
215.642  1.08708e-020
216.664  1.07434e-020
217.686  1.06161e-020
218.708  1.04888e-020
219.73  1.03616e-020
220.752  1.02344e-020
221.774  1.01073e-020
222.796  9.98024e-021
223.818  9.85321e-021
224.84  9.72623e-021
225.862  9.59929e-021
226.884  9.47241e-021
227.906  9.34557e-021
228.928  9.21879e-021
229.95  9.09205e-021
230.972  8.96537e-021
231.994  8.83874e-021
233.016  8.71217e-021
234.038  8.58567e-021
235.06  8.45922e-021
236.082  8.33284e-021
237.104  8.20653e-021
238.126  8.08029e-021
239.148  7.95413e-021
240.17  7.82805e-021
241.192  7.70206e-021
242.214  7.57616e-021
243.236  7.45036e-021
244.258  7.32466e-021
245.28  7.19908e-021
246.302  7.07361e-021
247.324  6.94827e-021
248.346  6.82306e-021
249.368  6.698e-021
250.39  6.57309e-021
251.412  6.44835e-021
252.434  6.32378e-021
253.456  6.1994e-021
254.478  6.07521e-021
255.5  5.95124e-021
256.522  5.82749e-021
257.544  5.70397e-021
258.566  5.58072e-021
259.588  5.45773e-021
260.61  5.33503e-021
261.632  5.21264e-021
262.654  5.09057e-021
263.676  4.96884e-021
264.698  4.84748e-021
265.72  4.7265e-021
266.742  4.60594e-021
267.764  4.4858e-021
268.786  4.36613e-021
269.808  4.24694e-021
270.83  4.12826e-021
271.852  4.01012e-021
272.874  3.89256e-021
273.896  3.7756e-021
274.918  3.65927e-021
275.94  3.54362e-021
276.962  3.42868e-021
277.984  3.31448e-021
279.006  3.20106e-021
280.028  3.08848e-021
281.05  2.97676e-021
282.072  2.86595e-021
283.094  2.75611e-021
284.116  2.64727e-021
285.138  2.5395e-021
286.16  2.43283e-021
287.182  2.32734e-021
288.204  2.22306e-021
289.226  2.12008e-021
290.248  2.01843e-021
291.27  1.9182e-021
292.292  1.81945e-021
293.314  1.72224e-021
294.336  1.62664e-021
295.358  1.53274e-021
296.38  1.44061e-021
297.402  1.35033e-021
298.424  1.26199e-021
299.446  1.17567e-021
300.468  1.09145e-021
301.49  1.00944e-021
302.512  9.29734e-022
303.534  8.52425e-022
304.556  7.77621e-022
305.578  7.05428e-022
306.6  6.35959e-022
307.622  5.69327e-022
308.644  5.05652e-022
309.666  4.45058e-022
310.688  3.87671e-022
311.71  3.33625e-022
312.732  2.83055e-022
313.754  2.36102e-022
314.776  1.92912e-022
315.798  1.53636e-022
316.82  1.18429e-022
317.842  8.74523e-023
318.864  6.08708e-023
319.886  3.88558e-023
320.908  2.15834e-023
321.93  9.23472e-024
322.952  1.99569e-024
