1.022  3.71545e-021
2.044  3.7296e-021
3.066  3.74383e-021
4.088  3.75813e-021
5.11  3.7725e-021
6.132  3.78693e-021
7.154  3.80142e-021
8.176  3.81595e-021
9.198  3.83054e-021
10.22  3.84518e-021
11.242  3.85986e-021
12.264  3.87459e-021
13.286  3.88937e-021
14.308  3.9042e-021
15.33  3.91908e-021
16.352  3.93402e-021
17.374  3.94902e-021
18.396  3.96407e-021
19.418  3.97918e-021
20.44  3.99436e-021
21.462  4.0096e-021
22.484  4.02491e-021
23.506  4.04028e-021
24.528  4.05573e-021
25.55  4.07124e-021
26.572  4.08681e-021
27.594  4.10246e-021
28.616  4.11817e-021
29.638  4.13396e-021
30.66  4.14981e-021
31.682  4.16573e-021
32.704  4.18171e-021
33.726  4.19776e-021
34.748  4.21388e-021
35.77  4.23006e-021
36.792  4.2463e-021
37.814  4.26261e-021
38.836  4.27897e-021
39.858  4.2954e-021
40.88  4.31188e-021
41.902  4.32842e-021
42.924  4.34501e-021
43.946  4.36165e-021
44.968  4.37835e-021
45.99  4.3951e-021
47.012  4.4119e-021
48.034  4.42874e-021
49.056  4.44563e-021
50.078  4.46256e-021
51.1  4.47954e-021
52.122  4.49655e-021
53.144  4.51361e-021
54.166  4.5307e-021
55.188  4.54782e-021
56.21  4.56498e-021
57.232  4.58217e-021
58.254  4.59939e-021
59.276  4.61664e-021
60.298  4.63391e-021
61.32  4.65121e-021
62.342  4.66853e-021
63.364  4.68588e-021
64.386  4.70324e-021
65.408  4.72062e-021
66.43  4.73802e-021
67.452  4.75543e-021
68.474  4.77286e-021
69.496  4.79029e-021
70.518  4.80774e-021
71.54  4.82519e-021
72.562  4.84265e-021
73.584  4.86012e-021
74.606  4.87758e-021
75.628  4.89505e-021
76.65  4.91252e-021
77.672  4.92999e-021
78.694  4.94745e-021
79.716  4.9649e-021
80.738  4.98235e-021
81.76  4.9998e-021
82.782  5.01723e-021
83.804  5.03465e-021
84.826  5.05206e-021
85.848  5.06945e-021
86.87  5.08683e-021
87.892  5.10419e-021
88.914  5.12153e-021
89.936  5.13884e-021
90.958  5.15614e-021
91.98  5.17342e-021
93.002  5.19066e-021
94.024  5.20789e-021
95.046  5.22508e-021
96.068  5.24224e-021
97.09  5.25938e-021
98.112  5.27648e-021
99.134  5.29354e-021
100.156  5.31057e-021
101.178  5.32757e-021
102.2  5.34452e-021
103.222  5.36144e-021
104.244  5.37831e-021
105.266  5.39515e-021
106.288  5.41193e-021
107.31  5.42867e-021
108.332  5.44537e-021
109.354  5.46201e-021
110.376  5.47861e-021
111.398  5.49515e-021
112.42  5.51164e-021
113.442  5.52808e-021
114.464  5.54446e-021
115.486  5.56078e-021
116.508  5.57704e-021
117.53  5.59324e-021
118.552  5.60938e-021
119.574  5.62545e-021
120.596  5.64145e-021
121.618  5.65739e-021
122.64  5.67326e-021
123.662  5.68906e-021
124.684  5.70478e-021
125.706  5.72043e-021
126.728  5.736e-021
127.75  5.7515e-021
128.772  5.76691e-021
129.794  5.78224e-021
130.816  5.79748e-021
131.838  5.81264e-021
132.86  5.82771e-021
133.882  5.84269e-021
134.904  5.85757e-021
135.926  5.87235e-021
136.948  5.88704e-021
137.97  5.90163e-021
138.992  5.91611e-021
140.014  5.93048e-021
141.036  5.94475e-021
142.058  5.95891e-021
143.08  5.97294e-021
144.102  5.98687e-021
145.124  6.00067e-021
146.146  6.01434e-021
147.168  6.02789e-021
148.19  6.0413e-021
149.212  6.05459e-021
150.234  6.06773e-021
151.256  6.08073e-021
152.278  6.09358e-021
153.3  6.10629e-021
154.322  6.11884e-021
155.344  6.13123e-021
156.366  6.14346e-021
157.388  6.15552e-021
158.41  6.16741e-021
159.432  6.17912e-021
160.454  6.19064e-021
161.476  6.20198e-021
162.498  6.21313e-021
163.52  6.22407e-021
164.542  6.23482e-021
165.564  6.24535e-021
166.586  6.25566e-021
167.608  6.26575e-021
168.63  6.27562e-021
169.652  6.28524e-021
170.674  6.29462e-021
171.696  6.30375e-021
172.718  6.31263e-021
173.74  6.32123e-021
174.762  6.32957e-021
175.784  6.33762e-021
176.806  6.34538e-021
177.828  6.35285e-021
178.85  6.36e-021
179.872  6.36684e-021
180.894  6.37336e-021
181.916  6.37954e-021
182.938  6.38538e-021
183.96  6.39086e-021
184.982  6.39597e-021
186.004  6.40071e-021
187.026  6.40507e-021
188.048  6.40903e-021
189.07  6.41257e-021
190.092  6.4157e-021
191.114  6.4184e-021
192.136  6.42065e-021
193.158  6.42244e-021
194.18  6.42377e-021
195.202  6.42461e-021
196.224  6.42496e-021
197.246  6.42479e-021
198.268  6.42411e-021
199.29  6.42288e-021
200.312  6.42111e-021
201.334  6.41876e-021
202.356  6.41584e-021
203.378  6.41232e-021
204.4  6.40819e-021
205.422  6.40342e-021
206.444  6.39802e-021
207.466  6.39195e-021
208.488  6.38521e-021
209.51  6.37778e-021
210.532  6.36963e-021
211.554  6.36076e-021
212.576  6.35114e-021
213.598  6.34076e-021
214.62  6.32959e-021
215.642  6.31763e-021
216.664  6.30485e-021
217.686  6.29124e-021
218.708  6.27677e-021
219.73  6.26143e-021
220.752  6.24519e-021
221.774  6.22805e-021
222.796  6.20997e-021
223.818  6.19095e-021
224.84  6.17095e-021
225.862  6.14997e-021
226.884  6.12799e-021
227.906  6.10497e-021
228.928  6.08091e-021
229.95  6.05578e-021
230.972  6.02957e-021
231.994  6.00226e-021
233.016  5.97382e-021
234.038  5.94424e-021
235.06  5.9135e-021
236.082  5.88158e-021
237.104  5.84846e-021
238.126  5.81413e-021
239.148  5.77856e-021
240.17  5.74174e-021
241.192  5.70366e-021
242.214  5.66429e-021
243.236  5.62361e-021
244.258  5.58163e-021
245.28  5.5383e-021
246.302  5.49364e-021
247.324  5.44761e-021
248.346  5.40021e-021
249.368  5.35142e-021
250.39  5.30124e-021
251.412  5.24965e-021
252.434  5.19664e-021
253.456  5.14221e-021
254.478  5.08634e-021
255.5  5.02903e-021
256.522  4.97027e-021
257.544  4.91006e-021
258.566  4.8484e-021
259.588  4.78529e-021
260.61  4.72072e-021
261.632  4.6547e-021
262.654  4.58723e-021
263.676  4.51832e-021
264.698  4.44797e-021
265.72  4.3762e-021
266.742  4.30301e-021
267.764  4.22842e-021
268.786  4.15244e-021
269.808  4.07509e-021
270.83  3.99639e-021
271.852  3.91637e-021
272.874  3.83505e-021
273.896  3.75246e-021
274.918  3.66863e-021
275.94  3.5836e-021
276.962  3.49741e-021
277.984  3.41008e-021
279.006  3.32168e-021
280.028  3.23225e-021
281.05  3.14185e-021
282.072  3.05052e-021
283.094  2.95833e-021
284.116  2.86535e-021
285.138  2.77165e-021
286.16  2.67729e-021
287.182  2.58236e-021
288.204  2.48695e-021
289.226  2.39114e-021
290.248  2.29502e-021
291.27  2.19871e-021
292.292  2.1023e-021
293.314  2.00591e-021
294.336  1.90965e-021
295.358  1.81366e-021
296.38  1.71807e-021
297.402  1.623e-021
298.424  1.52862e-021
299.446  1.43507e-021
300.468  1.34252e-021
301.49  1.25113e-021
302.512  1.16109e-021
303.534  1.07258e-021
304.556  9.85796e-022
305.578  9.00943e-022
306.6  8.18234e-022
307.622  7.37895e-022
308.644  6.60158e-022
309.666  5.85269e-022
310.688  5.13481e-022
311.71  4.45062e-022
312.732  3.80288e-022
313.754  3.19448e-022
314.776  2.62845e-022
315.798  2.1079e-022
316.82  1.63611e-022
317.842  1.21646e-022
318.864  8.52493e-023
319.886  5.47861e-023
320.908  3.06369e-023
321.93  1.31959e-023
322.952  2.87064e-024
