1.022  2.18404e-019
2.044  2.17222e-019
3.066  2.16052e-019
4.088  2.14892e-019
5.11  2.13743e-019
6.132  2.12604e-019
7.154  2.11475e-019
8.176  2.10356e-019
9.198  2.09246e-019
10.22  2.08145e-019
11.242  2.07054e-019
12.264  2.05971e-019
13.286  2.04898e-019
14.308  2.03835e-019
15.33  2.0278e-019
16.352  2.01735e-019
17.374  2.00699e-019
18.396  1.99673e-019
19.418  1.98657e-019
20.44  1.9765e-019
21.462  1.96652e-019
22.484  1.95665e-019
23.506  1.94686e-019
24.528  1.93717e-019
25.55  1.92758e-019
26.572  1.91808e-019
27.594  1.90867e-019
28.616  1.89936e-019
29.638  1.89014e-019
30.66  1.88101e-019
31.682  1.87196e-019
32.704  1.86301e-019
33.726  1.85414e-019
34.748  1.84536e-019
35.77  1.83667e-019
36.792  1.82805e-019
37.814  1.81952e-019
38.836  1.81107e-019
39.858  1.80271e-019
40.88  1.79441e-019
41.902  1.7862e-019
42.924  1.77806e-019
43.946  1.77e-019
44.968  1.76201e-019
45.99  1.75409e-019
47.012  1.74624e-019
48.034  1.73846e-019
49.056  1.73075e-019
50.078  1.7231e-019
51.1  1.71552e-019
52.122  1.70801e-019
53.144  1.70056e-019
54.166  1.69317e-019
55.188  1.68584e-019
56.21  1.67857e-019
57.232  1.67135e-019
58.254  1.6642e-019
59.276  1.6571e-019
60.298  1.65005e-019
61.32  1.64306e-019
62.342  1.63612e-019
63.364  1.62924e-019
64.386  1.6224e-019
65.408  1.61561e-019
66.43  1.60887e-019
67.452  1.60218e-019
68.474  1.59553e-019
69.496  1.58893e-019
70.518  1.58238e-019
71.54  1.57587e-019
72.562  1.5694e-019
73.584  1.56297e-019
74.606  1.55658e-019
75.628  1.55024e-019
76.65  1.54393e-019
77.672  1.53766e-019
78.694  1.53143e-019
79.716  1.52523e-019
80.738  1.51907e-019
81.76  1.51295e-019
82.782  1.50686e-019
83.804  1.5008e-019
84.826  1.49478e-019
85.848  1.48879e-019
86.87  1.48283e-019
87.892  1.4769e-019
88.914  1.471e-019
89.936  1.46513e-019
90.958  1.45928e-019
91.98  1.45347e-019
93.002  1.44768e-019
94.024  1.44192e-019
95.046  1.43619e-019
96.068  1.43048e-019
97.09  1.42479e-019
98.112  1.41913e-019
99.134  1.41349e-019
100.156  1.40788e-019
101.178  1.40229e-019
102.2  1.39672e-019
103.222  1.39117e-019
104.244  1.38564e-019
105.266  1.38013e-019
106.288  1.37464e-019
107.31  1.36917e-019
108.332  1.36372e-019
109.354  1.35828e-019
110.376  1.35287e-019
111.398  1.34747e-019
112.42  1.34209e-019
113.442  1.33672e-019
114.464  1.33137e-019
115.486  1.32604e-019
116.508  1.32072e-019
117.53  1.31541e-019
118.552  1.31012e-019
119.574  1.30484e-019
120.596  1.29957e-019
121.618  1.29432e-019
122.64  1.28908e-019
123.662  1.28385e-019
124.684  1.27863e-019
125.706  1.27342e-019
126.728  1.26822e-019
127.75  1.26304e-019
128.772  1.25786e-019
129.794  1.25269e-019
130.816  1.24753e-019
131.838  1.24238e-019
132.86  1.23724e-019
133.882  1.2321e-019
134.904  1.22697e-019
135.926  1.22185e-019
136.948  1.21674e-019
137.97  1.21163e-019
138.992  1.20653e-019
140.014  1.20143e-019
141.036  1.19634e-019
142.058  1.19125e-019
143.08  1.18617e-019
144.102  1.18109e-019
145.124  1.17601e-019
146.146  1.17094e-019
147.168  1.16587e-019
148.19  1.1608e-019
149.212  1.15573e-019
150.234  1.15066e-019
151.256  1.1456e-019
152.278  1.14054e-019
153.3  1.13547e-019
154.322  1.13041e-019
155.344  1.12535e-019
156.366  1.12028e-019
157.388  1.11522e-019
158.41  1.11015e-019
159.432  1.10508e-019
160.454  1.1e-019
161.476  1.09493e-019
162.498  1.08985e-019
163.52  1.08476e-019
164.542  1.07967e-019
165.564  1.07458e-019
166.586  1.06948e-019
167.608  1.06437e-019
168.63  1.05926e-019
169.652  1.05414e-019
170.674  1.04902e-019
171.696  1.04388e-019
172.718  1.03874e-019
173.74  1.03358e-019
174.762  1.02842e-019
175.784  1.02325e-019
176.806  1.01806e-019
177.828  1.01287e-019
178.85  1.00766e-019
179.872  1.00244e-019
180.894  9.97206e-020
181.916  9.91958e-020
182.938  9.86695e-020
183.96  9.81417e-020
184.982  9.76123e-020
186.004  9.70812e-020
187.026  9.65484e-020
188.048  9.60138e-020
189.07  9.54773e-020
190.092  9.49388e-020
191.114  9.43983e-020
192.136  9.38556e-020
193.158  9.33108e-020
194.18  9.27637e-020
195.202  9.22143e-020
196.224  9.16624e-020
197.246  9.1108e-020
198.268  9.05511e-020
199.29  8.99914e-020
200.312  8.9429e-020
201.334  8.88637e-020
202.356  8.82954e-020
203.378  8.77242e-020
204.4  8.71498e-020
205.422  8.65722e-020
206.444  8.59912e-020
207.466  8.54069e-020
208.488  8.4819e-020
209.51  8.42276e-020
210.532  8.36325e-020
211.554  8.30335e-020
212.576  8.24307e-020
213.598  8.18239e-020
214.62  8.1213e-020
215.642  8.05979e-020
216.664  7.99786e-020
217.686  7.93548e-020
218.708  7.87266e-020
219.73  7.80937e-020
220.752  7.74562e-020
221.774  7.68139e-020
222.796  7.61667e-020
223.818  7.55145e-020
224.84  7.48573e-020
225.862  7.41948e-020
226.884  7.3527e-020
227.906  7.28539e-020
228.928  7.21753e-020
229.95  7.14912e-020
230.972  7.08013e-020
231.994  7.01058e-020
233.016  6.94044e-020
234.038  6.8697e-020
235.06  6.79837e-020
236.082  6.72643e-020
237.104  6.65387e-020
238.126  6.58068e-020
239.148  6.50687e-020
240.17  6.43241e-020
241.192  6.35732e-020
242.214  6.28157e-020
243.236  6.20517e-020
244.258  6.1281e-020
245.28  6.05037e-020
246.302  5.97197e-020
247.324  5.8929e-020
248.346  5.81316e-020
249.368  5.73273e-020
250.39  5.65163e-020
251.412  5.56985e-020
252.434  5.48739e-020
253.456  5.40426e-020
254.478  5.32044e-020
255.5  5.23596e-020
256.522  5.1508e-020
257.544  5.06499e-020
258.566  4.97851e-020
259.588  4.89139e-020
260.61  4.80362e-020
261.632  4.71522e-020
262.654  4.6262e-020
263.676  4.53657e-020
264.698  4.44635e-020
265.72  4.35554e-020
266.742  4.26418e-020
267.764  4.17227e-020
268.786  4.07983e-020
269.808  3.98689e-020
270.83  3.89348e-020
271.852  3.79961e-020
272.874  3.70532e-020
273.896  3.61064e-020
274.918  3.51559e-020
275.94  3.42022e-020
276.962  3.32456e-020
277.984  3.22864e-020
279.006  3.13252e-020
280.028  3.03624e-020
281.05  2.93983e-020
282.072  2.84336e-020
283.094  2.74688e-020
284.116  2.65044e-020
285.138  2.55411e-020
286.16  2.45794e-020
287.182  2.36201e-020
288.204  2.26637e-020
289.226  2.17111e-020
290.248  2.07631e-020
291.27  1.98204e-020
292.292  1.88839e-020
293.314  1.79546e-020
294.336  1.70332e-020
295.358  1.61209e-020
296.38  1.52187e-020
297.402  1.43276e-020
298.424  1.34488e-020
299.446  1.25834e-020
300.468  1.17328e-020
301.49  1.08981e-020
302.512  1.00807e-020
303.534  9.28212e-021
304.556  8.50369e-021
305.578  7.74699e-021
306.6  7.01359e-021
307.622  6.30517e-021
308.644  5.62343e-021
309.666  4.97017e-021
310.688  4.34725e-021
311.71  3.75661e-021
312.732  3.20026e-021
313.754  2.68029e-021
314.776  2.19888e-021
315.798  1.75826e-021
316.82  1.36078e-021
317.842  1.00885e-021
318.864  7.04991e-022
319.886  4.51791e-022
320.908  2.51941e-022
321.93  1.08216e-022
322.952  2.34766e-023
