1.022  2.19726e-020
2.044  2.15893e-020
3.066  2.12118e-020
4.088  2.08398e-020
5.11  2.04735e-020
6.132  2.01126e-020
7.154  1.97572e-020
8.176  1.94071e-020
9.198  1.90622e-020
10.22  1.87226e-020
11.242  1.83882e-020
12.264  1.80588e-020
13.286  1.77345e-020
14.308  1.74153e-020
15.33  1.7101e-020
16.352  1.67916e-020
17.374  1.64872e-020
18.396  1.61876e-020
19.418  1.58929e-020
20.44  1.56028e-020
21.462  1.53176e-020
22.484  1.50369e-020
23.506  1.47609e-020
24.528  1.44895e-020
25.55  1.42225e-020
26.572  1.39601e-020
27.594  1.3702e-020
28.616  1.34483e-020
29.638  1.31989e-020
30.66  1.29538e-020
31.682  1.27128e-020
32.704  1.2476e-020
33.726  1.22432e-020
34.748  1.20145e-020
35.77  1.17898e-020
36.792  1.1569e-020
37.814  1.13521e-020
38.836  1.1139e-020
39.858  1.09297e-020
40.88  1.07241e-020
41.902  1.05222e-020
42.924  1.03239e-020
43.946  1.01292e-020
44.968  9.93797e-021
45.99  9.75025e-021
47.012  9.56597e-021
48.034  9.38507e-021
49.056  9.2075e-021
50.078  9.03324e-021
51.1  8.86222e-021
52.122  8.69441e-021
53.144  8.52976e-021
54.166  8.36823e-021
55.188  8.20978e-021
56.21  8.05437e-021
57.232  7.90195e-021
58.254  7.75249e-021
59.276  7.60594e-021
60.298  7.46227e-021
61.32  7.32144e-021
62.342  7.18341e-021
63.364  7.04815e-021
64.386  6.91561e-021
65.408  6.78576e-021
66.43  6.65857e-021
67.452  6.53399e-021
68.474  6.412e-021
69.496  6.29256e-021
70.518  6.17564e-021
71.54  6.0612e-021
72.562  5.94921e-021
73.584  5.83964e-021
74.606  5.73245e-021
75.628  5.62762e-021
76.65  5.52511e-021
77.672  5.4249e-021
78.694  5.32695e-021
79.716  5.23123e-021
80.738  5.13771e-021
81.76  5.04637e-021
82.782  4.95718e-021
83.804  4.8701e-021
84.826  4.78512e-021
85.848  4.70219e-021
86.87  4.6213e-021
87.892  4.54242e-021
88.914  4.46552e-021
89.936  4.39058e-021
90.958  4.31756e-021
91.98  4.24645e-021
93.002  4.17722e-021
94.024  4.10984e-021
95.046  4.04429e-021
96.068  3.98055e-021
97.09  3.91858e-021
98.112  3.85838e-021
99.134  3.7999e-021
100.156  3.74313e-021
101.178  3.68805e-021
102.2  3.63464e-021
103.222  3.58286e-021
104.244  3.5327e-021
105.266  3.48414e-021
106.288  3.43715e-021
107.31  3.39172e-021
108.332  3.34781e-021
109.354  3.30542e-021
110.376  3.26451e-021
111.398  3.22507e-021
112.42  3.18707e-021
113.442  3.1505e-021
114.464  3.11534e-021
115.486  3.08155e-021
116.508  3.04913e-021
117.53  3.01806e-021
118.552  2.98831e-021
119.574  2.95986e-021
120.596  2.9327e-021
121.618  2.9068e-021
122.64  2.88214e-021
123.662  2.85871e-021
124.684  2.83649e-021
125.706  2.81545e-021
126.728  2.79558e-021
127.75  2.77686e-021
128.772  2.75927e-021
129.794  2.74279e-021
130.816  2.72741e-021
131.838  2.71309e-021
132.86  2.69983e-021
133.882  2.6876e-021
134.904  2.6764e-021
135.926  2.66619e-021
136.948  2.65696e-021
137.97  2.64869e-021
138.992  2.64136e-021
140.014  2.63496e-021
141.036  2.62947e-021
142.058  2.62486e-021
143.08  2.62112e-021
144.102  2.61824e-021
145.124  2.61618e-021
146.146  2.61494e-021
147.168  2.61449e-021
148.19  2.61482e-021
149.212  2.61591e-021
150.234  2.61774e-021
151.256  2.62029e-021
152.278  2.62355e-021
153.3  2.62748e-021
154.322  2.63209e-021
155.344  2.63734e-021
156.366  2.64322e-021
157.388  2.6497e-021
158.41  2.65678e-021
159.432  2.66443e-021
160.454  2.67263e-021
161.476  2.68137e-021
162.498  2.69062e-021
163.52  2.70037e-021
164.542  2.71059e-021
165.564  2.72127e-021
166.586  2.73238e-021
167.608  2.74392e-021
168.63  2.75585e-021
169.652  2.76816e-021
170.674  2.78084e-021
171.696  2.79385e-021
172.718  2.80718e-021
173.74  2.82081e-021
174.762  2.83472e-021
175.784  2.84889e-021
176.806  2.8633e-021
177.828  2.87793e-021
178.85  2.89276e-021
179.872  2.90777e-021
180.894  2.92293e-021
181.916  2.93823e-021
182.938  2.95365e-021
183.96  2.96916e-021
184.982  2.98475e-021
186.004  3.00039e-021
187.026  3.01607e-021
188.048  3.03175e-021
189.07  3.04743e-021
190.092  3.06307e-021
191.114  3.07867e-021
192.136  3.09418e-021
193.158  3.10961e-021
194.18  3.12491e-021
195.202  3.14008e-021
196.224  3.15508e-021
197.246  3.1699e-021
198.268  3.18452e-021
199.29  3.19891e-021
200.312  3.21306e-021
201.334  3.22693e-021
202.356  3.24051e-021
203.378  3.25378e-021
204.4  3.26671e-021
205.422  3.27928e-021
206.444  3.29147e-021
207.466  3.30326e-021
208.488  3.31463e-021
209.51  3.32555e-021
210.532  3.336e-021
211.554  3.34596e-021
212.576  3.3554e-021
213.598  3.36431e-021
214.62  3.37267e-021
215.642  3.38045e-021
216.664  3.38763e-021
217.686  3.39419e-021
218.708  3.4001e-021
219.73  3.40536e-021
220.752  3.40992e-021
221.774  3.41379e-021
222.796  3.41692e-021
223.818  3.41931e-021
224.84  3.42094e-021
225.862  3.42177e-021
226.884  3.4218e-021
227.906  3.42101e-021
228.928  3.41936e-021
229.95  3.41685e-021
230.972  3.41346e-021
231.994  3.40917e-021
233.016  3.40395e-021
234.038  3.3978e-021
235.06  3.3907e-021
236.082  3.38262e-021
237.104  3.37355e-021
238.126  3.36348e-021
239.148  3.35239e-021
240.17  3.34027e-021
241.192  3.3271e-021
242.214  3.31287e-021
243.236  3.29756e-021
244.258  3.28117e-021
245.28  3.26368e-021
246.302  3.24508e-021
247.324  3.22536e-021
248.346  3.20451e-021
249.368  3.18252e-021
250.39  3.15939e-021
251.412  3.1351e-021
252.434  3.10966e-021
253.456  3.08305e-021
254.478  3.05528e-021
255.5  3.02634e-021
256.522  2.99622e-021
257.544  2.96493e-021
258.566  2.93248e-021
259.588  2.89885e-021
260.61  2.86405e-021
261.632  2.8281e-021
262.654  2.79098e-021
263.676  2.75272e-021
264.698  2.71332e-021
265.72  2.67278e-021
266.742  2.63113e-021
267.764  2.58837e-021
268.786  2.54453e-021
269.808  2.49961e-021
270.83  2.45363e-021
271.852  2.40663e-021
272.874  2.35861e-021
273.896  2.3096e-021
274.918  2.25964e-021
275.94  2.20875e-021
276.962  2.15696e-021
277.984  2.1043e-021
279.006  2.05081e-021
280.028  1.99654e-021
281.05  1.94151e-021
282.072  1.88577e-021
283.094  1.82938e-021
284.116  1.77237e-021
285.138  1.7148e-021
286.16  1.65673e-021
287.182  1.59821e-021
288.204  1.5393e-021
289.226  1.48007e-021
290.248  1.42059e-021
291.27  1.36092e-021
292.292  1.30115e-021
293.314  1.24134e-021
294.336  1.18158e-021
295.358  1.12196e-021
296.38  1.06257e-021
297.402  1.00349e-021
298.424  9.44835e-022
299.446  8.86696e-022
300.468  8.29183e-022
301.49  7.72406e-022
302.512  7.16482e-022
303.534  6.61531e-022
304.556  6.07678e-022
305.578  5.55053e-022
306.6  5.03792e-022
307.622  4.54035e-022
308.644  4.05929e-022
309.666  3.59626e-022
310.688  3.15283e-022
311.71  2.73062e-022
312.732  2.33135e-022
313.754  1.95675e-022
314.776  1.60865e-022
315.798  1.28892e-022
316.82  9.99516e-023
317.842  7.42449e-023
318.864  5.19801e-023
319.886  3.3372e-023
320.908  1.86428e-023
321.93  8.02142e-024
322.952  1.7431e-024
