1.022  3.1072e-020
2.044  3.13075e-020
3.066  3.15417e-020
4.088  3.17744e-020
5.11  3.20057e-020
6.132  3.22356e-020
7.154  3.2464e-020
8.176  3.26909e-020
9.198  3.29163e-020
10.22  3.31402e-020
11.242  3.33626e-020
12.264  3.35835e-020
13.286  3.3803e-020
14.308  3.4021e-020
15.33  3.42376e-020
16.352  3.44529e-020
17.374  3.46668e-020
18.396  3.48794e-020
19.418  3.50907e-020
20.44  3.53008e-020
21.462  3.55096e-020
22.484  3.57172e-020
23.506  3.59237e-020
24.528  3.6129e-020
25.55  3.63331e-020
26.572  3.65361e-020
27.594  3.6738e-020
28.616  3.69388e-020
29.638  3.71384e-020
30.66  3.7337e-020
31.682  3.75345e-020
32.704  3.77309e-020
33.726  3.79262e-020
34.748  3.81204e-020
35.77  3.83135e-020
36.792  3.85056e-020
37.814  3.86965e-020
38.836  3.88864e-020
39.858  3.90751e-020
40.88  3.92628e-020
41.902  3.94493e-020
42.924  3.96348e-020
43.946  3.98191e-020
44.968  4.00023e-020
45.99  4.01843e-020
47.012  4.03652e-020
48.034  4.0545e-020
49.056  4.07236e-020
50.078  4.0901e-020
51.1  4.10772e-020
52.122  4.12523e-020
53.144  4.14262e-020
54.166  4.15988e-020
55.188  4.17703e-020
56.21  4.19405e-020
57.232  4.21094e-020
58.254  4.22771e-020
59.276  4.24436e-020
60.298  4.26088e-020
61.32  4.27727e-020
62.342  4.29353e-020
63.364  4.30966e-020
64.386  4.32566e-020
65.408  4.34152e-020
66.43  4.35725e-020
67.452  4.37285e-020
68.474  4.38831e-020
69.496  4.40363e-020
70.518  4.41882e-020
71.54  4.43386e-020
72.562  4.44877e-020
73.584  4.46353e-020
74.606  4.47815e-020
75.628  4.49263e-020
76.65  4.50696e-020
77.672  4.52115e-020
78.694  4.53519e-020
79.716  4.54908e-020
80.738  4.56282e-020
81.76  4.57641e-020
82.782  4.58984e-020
83.804  4.60313e-020
84.826  4.61626e-020
85.848  4.62924e-020
86.87  4.64206e-020
87.892  4.65472e-020
88.914  4.66723e-020
89.936  4.67958e-020
90.958  4.69176e-020
91.98  4.70379e-020
93.002  4.71565e-020
94.024  4.72735e-020
95.046  4.73889e-020
96.068  4.75026e-020
97.09  4.76146e-020
98.112  4.77249e-020
99.134  4.78336e-020
100.156  4.79406e-020
101.178  4.80459e-020
102.2  4.81494e-020
103.222  4.82512e-020
104.244  4.83513e-020
105.266  4.84496e-020
106.288  4.85462e-020
107.31  4.8641e-020
108.332  4.8734e-020
109.354  4.88253e-020
110.376  4.89147e-020
111.398  4.90023e-020
112.42  4.90881e-020
113.442  4.91721e-020
114.464  4.92542e-020
115.486  4.93344e-020
116.508  4.94128e-020
117.53  4.94893e-020
118.552  4.95639e-020
119.574  4.96366e-020
120.596  4.97074e-020
121.618  4.97762e-020
122.64  4.98431e-020
123.662  4.99081e-020
124.684  4.9971e-020
125.706  5.0032e-020
126.728  5.0091e-020
127.75  5.0148e-020
128.772  5.0203e-020
129.794  5.02559e-020
130.816  5.03068e-020
131.838  5.03556e-020
132.86  5.04024e-020
133.882  5.0447e-020
134.904  5.04896e-020
135.926  5.053e-020
136.948  5.05682e-020
137.97  5.06043e-020
138.992  5.06382e-020
140.014  5.06699e-020
141.036  5.06994e-020
142.058  5.07267e-020
143.08  5.07517e-020
144.102  5.07745e-020
145.124  5.07949e-020
146.146  5.0813e-020
147.168  5.08288e-020
148.19  5.08423e-020
149.212  5.08534e-020
150.234  5.0862e-020
151.256  5.08683e-020
152.278  5.08721e-020
153.3  5.08734e-020
154.322  5.08722e-020
155.344  5.08685e-020
156.366  5.08622e-020
157.388  5.08534e-020
158.41  5.08419e-020
159.432  5.08279e-020
160.454  5.08111e-020
161.476  5.07917e-020
162.498  5.07695e-020
163.52  5.07446e-020
164.542  5.07169e-020
165.564  5.06864e-020
166.586  5.0653e-020
167.608  5.06168e-020
168.63  5.05776e-020
169.652  5.05354e-020
170.674  5.04903e-020
171.696  5.04421e-020
172.718  5.03908e-020
173.74  5.03365e-020
174.762  5.02789e-020
175.784  5.02182e-020
176.806  5.01543e-020
177.828  5.00871e-020
178.85  5.00165e-020
179.872  4.99426e-020
180.894  4.98653e-020
181.916  4.97845e-020
182.938  4.97002e-020
183.96  4.96124e-020
184.982  4.95209e-020
186.004  4.94258e-020
187.026  4.9327e-020
188.048  4.92245e-020
189.07  4.91182e-020
190.092  4.9008e-020
191.114  4.88939e-020
192.136  4.87758e-020
193.158  4.86538e-020
194.18  4.85276e-020
195.202  4.83974e-020
196.224  4.82629e-020
197.246  4.81242e-020
198.268  4.79812e-020
199.29  4.78339e-020
200.312  4.76821e-020
201.334  4.75259e-020
202.356  4.73651e-020
203.378  4.71998e-020
204.4  4.70298e-020
205.422  4.6855e-020
206.444  4.66755e-020
207.466  4.64912e-020
208.488  4.63019e-020
209.51  4.61077e-020
210.532  4.59085e-020
211.554  4.57042e-020
212.576  4.54947e-020
213.598  4.528e-020
214.62  4.50601e-020
215.642  4.48348e-020
216.664  4.46041e-020
217.686  4.43679e-020
218.708  4.41263e-020
219.73  4.38791e-020
220.752  4.36262e-020
221.774  4.33676e-020
222.796  4.31033e-020
223.818  4.28332e-020
224.84  4.25572e-020
225.862  4.22753e-020
226.884  4.19874e-020
227.906  4.16935e-020
228.928  4.13936e-020
229.95  4.10875e-020
230.972  4.07752e-020
231.994  4.04567e-020
233.016  4.0132e-020
234.038  3.9801e-020
235.06  3.94636e-020
236.082  3.91199e-020
237.104  3.87697e-020
238.126  3.84132e-020
239.148  3.80501e-020
240.17  3.76806e-020
241.192  3.73046e-020
242.214  3.69221e-020
243.236  3.6533e-020
244.258  3.61374e-020
245.28  3.57352e-020
246.302  3.53265e-020
247.324  3.49112e-020
248.346  3.44894e-020
249.368  3.40611e-020
250.39  3.36263e-020
251.412  3.3185e-020
252.434  3.27373e-020
253.456  3.22832e-020
254.478  3.18227e-020
255.5  3.13559e-020
256.522  3.08828e-020
257.544  3.04036e-020
258.566  2.99183e-020
259.588  2.94269e-020
260.61  2.89296e-020
261.632  2.84264e-020
262.654  2.79176e-020
263.676  2.74031e-020
264.698  2.68831e-020
265.72  2.63577e-020
266.742  2.58272e-020
267.764  2.52916e-020
268.786  2.47512e-020
269.808  2.4206e-020
270.83  2.36564e-020
271.852  2.31024e-020
272.874  2.25444e-020
273.896  2.19825e-020
274.918  2.14171e-020
275.94  2.08483e-020
276.962  2.02765e-020
277.984  1.97019e-020
279.006  1.91249e-020
280.028  1.85457e-020
281.05  1.79648e-020
282.072  1.73825e-020
283.094  1.67991e-020
284.116  1.62151e-020
285.138  1.56309e-020
286.16  1.50468e-020
287.182  1.44635e-020
288.204  1.38813e-020
289.226  1.33008e-020
290.248  1.27225e-020
291.27  1.21469e-020
292.292  1.15746e-020
293.314  1.10063e-020
294.336  1.04424e-020
295.358  9.88379e-021
296.38  9.33102e-021
297.402  8.78482e-021
298.424  8.24594e-021
299.446  7.71512e-021
300.468  7.19318e-021
301.49  6.68094e-021
302.512  6.17926e-021
303.534  5.68903e-021
304.556  5.21118e-021
305.578  4.74667e-021
306.6  4.29651e-021
307.622  3.86172e-021
308.644  3.44339e-021
309.666  3.04262e-021
310.688  2.66056e-021
311.71  2.29842e-021
312.732  1.95742e-021
313.754  1.63884e-021
314.776  1.34401e-021
315.798  1.0743e-021
316.82  8.31118e-022
317.842  6.15924e-022
318.864  4.30229e-022
319.886  2.7559e-022
320.908  1.53612e-022
321.93  6.59493e-023
322.952  1.43002e-023
