1.022  2.91533e-019
2.044  2.90944e-019
3.066  2.90359e-019
4.088  2.89779e-019
5.11  2.89203e-019
6.132  2.88631e-019
7.154  2.88062e-019
8.176  2.87496e-019
9.198  2.86934e-019
10.22  2.86374e-019
11.242  2.85817e-019
12.264  2.85263e-019
13.286  2.84712e-019
14.308  2.84164e-019
15.33  2.83619e-019
16.352  2.83078e-019
17.374  2.82541e-019
18.396  2.82007e-019
19.418  2.81478e-019
20.44  2.80952e-019
21.462  2.80431e-019
22.484  2.79914e-019
23.506  2.79401e-019
24.528  2.78892e-019
25.55  2.78388e-019
26.572  2.77888e-019
27.594  2.77393e-019
28.616  2.76902e-019
29.638  2.76415e-019
30.66  2.75932e-019
31.682  2.75454e-019
32.704  2.74979e-019
33.726  2.74509e-019
34.748  2.74042e-019
35.77  2.73579e-019
36.792  2.7312e-019
37.814  2.72665e-019
38.836  2.72212e-019
39.858  2.71764e-019
40.88  2.71318e-019
41.902  2.70876e-019
42.924  2.70437e-019
43.946  2.7e-019
44.968  2.69567e-019
45.99  2.69136e-019
47.012  2.68707e-019
48.034  2.68281e-019
49.056  2.67857e-019
50.078  2.67436e-019
51.1  2.67016e-019
52.122  2.66598e-019
53.144  2.66182e-019
54.166  2.65768e-019
55.188  2.65355e-019
56.21  2.64944e-019
57.232  2.64534e-019
58.254  2.64125e-019
59.276  2.63717e-019
60.298  2.6331e-019
61.32  2.62904e-019
62.342  2.62498e-019
63.364  2.62093e-019
64.386  2.61689e-019
65.408  2.61285e-019
66.43  2.60881e-019
67.452  2.60478e-019
68.474  2.60074e-019
69.496  2.59671e-019
70.518  2.59267e-019
71.54  2.58863e-019
72.562  2.58459e-019
73.584  2.58054e-019
74.606  2.57649e-019
75.628  2.57243e-019
76.65  2.56837e-019
77.672  2.56429e-019
78.694  2.56021e-019
79.716  2.55612e-019
80.738  2.55201e-019
81.76  2.5479e-019
82.782  2.54377e-019
83.804  2.53963e-019
84.826  2.53548e-019
85.848  2.53131e-019
86.87  2.52712e-019
87.892  2.52292e-019
88.914  2.5187e-019
89.936  2.51447e-019
90.958  2.51021e-019
91.98  2.50594e-019
93.002  2.50164e-019
94.024  2.49733e-019
95.046  2.49299e-019
96.068  2.48863e-019
97.09  2.48425e-019
98.112  2.47984e-019
99.134  2.47541e-019
100.156  2.47096e-019
101.178  2.46648e-019
102.2  2.46197e-019
103.222  2.45743e-019
104.244  2.45287e-019
105.266  2.44828e-019
106.288  2.44367e-019
107.31  2.43902e-019
108.332  2.43434e-019
109.354  2.42963e-019
110.376  2.42489e-019
111.398  2.42012e-019
112.42  2.41532e-019
113.442  2.41049e-019
114.464  2.40562e-019
115.486  2.40072e-019
116.508  2.39578e-019
117.53  2.39081e-019
118.552  2.3858e-019
119.574  2.38076e-019
120.596  2.37568e-019
121.618  2.37056e-019
122.64  2.36541e-019
123.662  2.36022e-019
124.684  2.35499e-019
125.706  2.34972e-019
126.728  2.34441e-019
127.75  2.33906e-019
128.772  2.33367e-019
129.794  2.32824e-019
130.816  2.32276e-019
131.838  2.31725e-019
132.86  2.31169e-019
133.882  2.30609e-019
134.904  2.30044e-019
135.926  2.29475e-019
136.948  2.28902e-019
137.97  2.28323e-019
138.992  2.27741e-019
140.014  2.27153e-019
141.036  2.26561e-019
142.058  2.25965e-019
143.08  2.25363e-019
144.102  2.24756e-019
145.124  2.24145e-019
146.146  2.23528e-019
147.168  2.22907e-019
148.19  2.2228e-019
149.212  2.21648e-019
150.234  2.21011e-019
151.256  2.20368e-019
152.278  2.1972e-019
153.3  2.19067e-019
154.322  2.18408e-019
155.344  2.17743e-019
156.366  2.17073e-019
157.388  2.16397e-019
158.41  2.15715e-019
159.432  2.15027e-019
160.454  2.14334e-019
161.476  2.13634e-019
162.498  2.12928e-019
163.52  2.12216e-019
164.542  2.11498e-019
165.564  2.10773e-019
166.586  2.10041e-019
167.608  2.09304e-019
168.63  2.08559e-019
169.652  2.07808e-019
170.674  2.0705e-019
171.696  2.06285e-019
172.718  2.05513e-019
173.74  2.04733e-019
174.762  2.03947e-019
175.784  2.03153e-019
176.806  2.02352e-019
177.828  2.01543e-019
178.85  2.00726e-019
179.872  1.99902e-019
180.894  1.9907e-019
181.916  1.9823e-019
182.938  1.97381e-019
183.96  1.96525e-019
184.982  1.9566e-019
186.004  1.94786e-019
187.026  1.93904e-019
188.048  1.93013e-019
189.07  1.92113e-019
190.092  1.91205e-019
191.114  1.90287e-019
192.136  1.89359e-019
193.158  1.88423e-019
194.18  1.87476e-019
195.202  1.8652e-019
196.224  1.85554e-019
197.246  1.84578e-019
198.268  1.83592e-019
199.29  1.82596e-019
200.312  1.81589e-019
201.334  1.80572e-019
202.356  1.79543e-019
203.378  1.78504e-019
204.4  1.77454e-019
205.422  1.76393e-019
206.444  1.7532e-019
207.466  1.74235e-019
208.488  1.73139e-019
209.51  1.72031e-019
210.532  1.70911e-019
211.554  1.69779e-019
212.576  1.68634e-019
213.598  1.67477e-019
214.62  1.66307e-019
215.642  1.65125e-019
216.664  1.63929e-019
217.686  1.6272e-019
218.708  1.61498e-019
219.73  1.60263e-019
220.752  1.59014e-019
221.774  1.57751e-019
222.796  1.56474e-019
223.818  1.55183e-019
224.84  1.53878e-019
225.862  1.52559e-019
226.884  1.51225e-019
227.906  1.49877e-019
228.928  1.48514e-019
229.95  1.47136e-019
230.972  1.45743e-019
231.994  1.44335e-019
233.016  1.42912e-019
234.038  1.41474e-019
235.06  1.4002e-019
236.082  1.38551e-019
237.104  1.37066e-019
238.126  1.35566e-019
239.148  1.3405e-019
240.17  1.32519e-019
241.192  1.30971e-019
242.214  1.29408e-019
243.236  1.2783e-019
244.258  1.26235e-019
245.28  1.24625e-019
246.302  1.22998e-019
247.324  1.21357e-019
248.346  1.19699e-019
249.368  1.18026e-019
250.39  1.16337e-019
251.412  1.14633e-019
252.434  1.12914e-019
253.456  1.11179e-019
254.478  1.09429e-019
255.5  1.07665e-019
256.522  1.05886e-019
257.544  1.04092e-019
258.566  1.02284e-019
259.588  1.00463e-019
260.61  9.86271e-020
261.632  9.67783e-020
262.654  9.49165e-020
263.676  9.30421e-020
264.698  9.11555e-020
265.72  8.92571e-020
266.742  8.73473e-020
267.764  8.54267e-020
268.786  8.34958e-020
269.808  8.15551e-020
270.83  7.96053e-020
271.852  7.76471e-020
272.874  7.5681e-020
273.896  7.37078e-020
274.918  7.17283e-020
275.94  6.97433e-020
276.962  6.77536e-020
277.984  6.57602e-020
279.006  6.3764e-020
280.028  6.17661e-020
281.05  5.97674e-020
282.072  5.77691e-020
283.094  5.57724e-020
284.116  5.37784e-020
285.138  5.17886e-020
286.16  4.98042e-020
287.182  4.78266e-020
288.204  4.58574e-020
289.226  4.3898e-020
290.248  4.19502e-020
291.27  4.00155e-020
292.292  3.80959e-020
293.314  3.6193e-020
294.336  3.43089e-020
295.358  3.24456e-020
296.38  3.06051e-020
297.402  2.87897e-020
298.424  2.70016e-020
299.446  2.52431e-020
300.468  2.35168e-020
301.49  2.18252e-020
302.512  2.01709e-020
303.534  1.85568e-020
304.556  1.69856e-020
305.578  1.54604e-020
306.6  1.39842e-020
307.622  1.25603e-020
308.644  1.1192e-020
309.666  9.88278e-021
310.688  8.63613e-021
311.71  7.4558e-021
312.732  6.34562e-021
313.754  5.30955e-021
314.776  4.35171e-021
315.798  3.47635e-021
316.82  2.68785e-021
317.842  1.99077e-021
318.864  1.38979e-021
319.886  8.89761e-022
320.908  4.9568e-022
321.93  2.12695e-022
322.952  4.60962e-023
