1.022  3.19168e-019
2.044  3.18461e-019
3.066  3.17759e-019
4.088  3.17063e-019
5.11  3.16372e-019
6.132  3.15685e-019
7.154  3.15003e-019
8.176  3.14325e-019
9.198  3.13651e-019
10.22  3.1298e-019
11.242  3.12313e-019
12.264  3.11649e-019
13.286  3.1099e-019
14.308  3.10334e-019
15.33  3.09683e-019
16.352  3.09035e-019
17.374  3.08393e-019
18.396  3.07755e-019
19.418  3.07121e-019
20.44  3.06493e-019
21.462  3.0587e-019
22.484  3.05252e-019
23.506  3.04639e-019
24.528  3.04031e-019
25.55  3.03428e-019
26.572  3.02831e-019
27.594  3.02238e-019
28.616  3.01651e-019
29.638  3.01069e-019
30.66  3.00492e-019
31.682  2.9992e-019
32.704  2.99353e-019
33.726  2.98791e-019
34.748  2.98233e-019
35.77  2.9768e-019
36.792  2.97131e-019
37.814  2.96587e-019
38.836  2.96047e-019
39.858  2.9551e-019
40.88  2.94978e-019
41.902  2.9445e-019
42.924  2.93925e-019
43.946  2.93404e-019
44.968  2.92887e-019
45.99  2.92372e-019
47.012  2.91861e-019
48.034  2.91353e-019
49.056  2.90847e-019
50.078  2.90344e-019
51.1  2.89844e-019
52.122  2.89346e-019
53.144  2.88851e-019
54.166  2.88357e-019
55.188  2.87866e-019
56.21  2.87377e-019
57.232  2.86889e-019
58.254  2.86403e-019
59.276  2.85919e-019
60.298  2.85435e-019
61.32  2.84953e-019
62.342  2.84473e-019
63.364  2.83993e-019
64.386  2.83514e-019
65.408  2.83036e-019
66.43  2.82558e-019
67.452  2.82081e-019
68.474  2.81604e-019
69.496  2.81128e-019
70.518  2.80652e-019
71.54  2.80176e-019
72.562  2.797e-019
73.584  2.79223e-019
74.606  2.78747e-019
75.628  2.7827e-019
76.65  2.77793e-019
77.672  2.77315e-019
78.694  2.76836e-019
79.716  2.76357e-019
80.738  2.75877e-019
81.76  2.75396e-019
82.782  2.74913e-019
83.804  2.7443e-019
84.826  2.73946e-019
85.848  2.7346e-019
86.87  2.72973e-019
87.892  2.72484e-019
88.914  2.71994e-019
89.936  2.71502e-019
90.958  2.71008e-019
91.98  2.70513e-019
93.002  2.70015e-019
94.024  2.69516e-019
95.046  2.69014e-019
96.068  2.68511e-019
97.09  2.68005e-019
98.112  2.67497e-019
99.134  2.66987e-019
100.156  2.66474e-019
101.178  2.65959e-019
102.2  2.65441e-019
103.222  2.64921e-019
104.244  2.64397e-019
105.266  2.63872e-019
106.288  2.63343e-019
107.31  2.62811e-019
108.332  2.62277e-019
109.354  2.61739e-019
110.376  2.61198e-019
111.398  2.60654e-019
112.42  2.60107e-019
113.442  2.59557e-019
114.464  2.59003e-019
115.486  2.58446e-019
116.508  2.57886e-019
117.53  2.57322e-019
118.552  2.56754e-019
119.574  2.56183e-019
120.596  2.55608e-019
121.618  2.5503e-019
122.64  2.54447e-019
123.662  2.53861e-019
124.684  2.53271e-019
125.706  2.52676e-019
126.728  2.52078e-019
127.75  2.51476e-019
128.772  2.50869e-019
129.794  2.50259e-019
130.816  2.49644e-019
131.838  2.49025e-019
132.86  2.48401e-019
133.882  2.47773e-019
134.904  2.47141e-019
135.926  2.46503e-019
136.948  2.45862e-019
137.97  2.45215e-019
138.992  2.44564e-019
140.014  2.43909e-019
141.036  2.43248e-019
142.058  2.42582e-019
143.08  2.41912e-019
144.102  2.41236e-019
145.124  2.40556e-019
146.146  2.3987e-019
147.168  2.39179e-019
148.19  2.38482e-019
149.212  2.37781e-019
150.234  2.37073e-019
151.256  2.36361e-019
152.278  2.35643e-019
153.3  2.34919e-019
154.322  2.34189e-019
155.344  2.33454e-019
156.366  2.32713e-019
157.388  2.31965e-019
158.41  2.31212e-019
159.432  2.30453e-019
160.454  2.29688e-019
161.476  2.28916e-019
162.498  2.28138e-019
163.52  2.27353e-019
164.542  2.26562e-019
165.564  2.25764e-019
166.586  2.2496e-019
167.608  2.24149e-019
168.63  2.23331e-019
169.652  2.22506e-019
170.674  2.21673e-019
171.696  2.20834e-019
172.718  2.19987e-019
173.74  2.19133e-019
174.762  2.18272e-019
175.784  2.17402e-019
176.806  2.16525e-019
177.828  2.1564e-019
178.85  2.14748e-019
179.872  2.13847e-019
180.894  2.12937e-019
181.916  2.1202e-019
182.938  2.11094e-019
183.96  2.10159e-019
184.982  2.09216e-019
186.004  2.08264e-019
187.026  2.07303e-019
188.048  2.06332e-019
189.07  2.05353e-019
190.092  2.04364e-019
191.114  2.03365e-019
192.136  2.02357e-019
193.158  2.01339e-019
194.18  2.00311e-019
195.202  1.99273e-019
196.224  1.98225e-019
197.246  1.97166e-019
198.268  1.96096e-019
199.29  1.95016e-019
200.312  1.93925e-019
201.334  1.92822e-019
202.356  1.91709e-019
203.378  1.90584e-019
204.4  1.89448e-019
205.422  1.88299e-019
206.444  1.87139e-019
207.466  1.85967e-019
208.488  1.84783e-019
209.51  1.83586e-019
210.532  1.82376e-019
211.554  1.81154e-019
212.576  1.79919e-019
213.598  1.78671e-019
214.62  1.7741e-019
215.642  1.76135e-019
216.664  1.74846e-019
217.686  1.73544e-019
218.708  1.72228e-019
219.73  1.70898e-019
220.752  1.69554e-019
221.774  1.68195e-019
222.796  1.66822e-019
223.818  1.65434e-019
224.84  1.64031e-019
225.862  1.62613e-019
226.884  1.61181e-019
227.906  1.59732e-019
228.928  1.58269e-019
229.95  1.5679e-019
230.972  1.55295e-019
231.994  1.53785e-019
233.016  1.52258e-019
234.038  1.50716e-019
235.06  1.49157e-019
236.082  1.47583e-019
237.104  1.45992e-019
238.126  1.44385e-019
239.148  1.42761e-019
240.17  1.41121e-019
241.192  1.39465e-019
242.214  1.37792e-019
243.236  1.36103e-019
244.258  1.34397e-019
245.28  1.32674e-019
246.302  1.30935e-019
247.324  1.2918e-019
248.346  1.27408e-019
249.368  1.2562e-019
250.39  1.23815e-019
251.412  1.21995e-019
252.434  1.20158e-019
253.456  1.18306e-019
254.478  1.16438e-019
255.5  1.14554e-019
256.522  1.12655e-019
257.544  1.10741e-019
258.566  1.08812e-019
259.588  1.06868e-019
260.61  1.0491e-019
261.632  1.02939e-019
262.654  1.00953e-019
263.676  9.89546e-020
264.698  9.69434e-020
265.72  9.49198e-020
266.742  9.28844e-020
267.764  9.08378e-020
268.786  8.87804e-020
269.808  8.67129e-020
270.83  8.4636e-020
271.852  8.25503e-020
272.874  8.04564e-020
273.896  7.83553e-020
274.918  7.62477e-020
275.94  7.41345e-020
276.962  7.20165e-020
277.984  6.98948e-020
279.006  6.77704e-020
280.028  6.56442e-020
281.05  6.35175e-020
282.072  6.13914e-020
283.094  5.92672e-020
284.116  5.71462e-020
285.138  5.50297e-020
286.16  5.29191e-020
287.182  5.0816e-020
288.204  4.87219e-020
289.226  4.66386e-020
290.248  4.45676e-020
291.27  4.25108e-020
292.292  4.04701e-020
293.314  3.84474e-020
294.336  3.64447e-020
295.358  3.44643e-020
296.38  3.25083e-020
297.402  3.0579e-020
298.424  2.86789e-020
299.446  2.68104e-020
300.468  2.49762e-020
301.49  2.31789e-020
302.512  2.14214e-020
303.534  1.97066e-020
304.556  1.80376e-020
305.578  1.64175e-020
306.6  1.48496e-020
307.622  1.33372e-020
308.644  1.1884e-020
309.666  1.04935e-020
310.688  9.16962e-021
311.71  7.91619e-021
312.732  6.7373e-021
313.754  5.63715e-021
314.776  4.62011e-021
315.798  3.69067e-021
316.82  2.8535e-021
317.842  2.11342e-021
318.864  1.47538e-021
319.886  9.44539e-022
320.908  5.26186e-022
321.93  2.25781e-022
322.952  4.89312e-023
