1.022  4.42317e-019
2.044  4.41059e-019
3.066  4.39811e-019
4.088  4.38573e-019
5.11  4.37345e-019
6.132  4.36125e-019
7.154  4.34915e-019
8.176  4.33712e-019
9.198  4.32516e-019
10.22  4.31328e-019
11.242  4.30148e-019
12.264  4.28974e-019
13.286  4.27809e-019
14.308  4.26651e-019
15.33  4.25501e-019
16.352  4.2436e-019
17.374  4.23227e-019
18.396  4.22102e-019
19.418  4.20986e-019
20.44  4.1988e-019
21.462  4.18782e-019
22.484  4.17694e-019
23.506  4.16615e-019
24.528  4.15545e-019
25.55  4.14484e-019
26.572  4.13433e-019
27.594  4.12391e-019
28.616  4.11357e-019
29.638  4.10333e-019
30.66  4.09318e-019
31.682  4.08312e-019
32.704  4.07314e-019
33.726  4.06325e-019
34.748  4.05344e-019
35.77  4.04371e-019
36.792  4.03407e-019
37.814  4.0245e-019
38.836  4.01501e-019
39.858  4.00559e-019
40.88  3.99624e-019
41.902  3.98697e-019
42.924  3.97776e-019
43.946  3.96862e-019
44.968  3.95954e-019
45.99  3.95053e-019
47.012  3.94158e-019
48.034  3.93268e-019
49.056  3.92384e-019
50.078  3.91505e-019
51.1  3.90632e-019
52.122  3.89764e-019
53.144  3.889e-019
54.166  3.88041e-019
55.188  3.87187e-019
56.21  3.86337e-019
57.232  3.8549e-019
58.254  3.84648e-019
59.276  3.83809e-019
60.298  3.82974e-019
61.32  3.82142e-019
62.342  3.81313e-019
63.364  3.80487e-019
64.386  3.79663e-019
65.408  3.78843e-019
66.43  3.78024e-019
67.452  3.77208e-019
68.474  3.76394e-019
69.496  3.75582e-019
70.518  3.74772e-019
71.54  3.73963e-019
72.562  3.73156e-019
73.584  3.7235e-019
74.606  3.71545e-019
75.628  3.70741e-019
76.65  3.69938e-019
77.672  3.69135e-019
78.694  3.68333e-019
79.716  3.67532e-019
80.738  3.66731e-019
81.76  3.6593e-019
82.782  3.65129e-019
83.804  3.64327e-019
84.826  3.63526e-019
85.848  3.62724e-019
86.87  3.61922e-019
87.892  3.61119e-019
88.914  3.60315e-019
89.936  3.5951e-019
90.958  3.58705e-019
91.98  3.57898e-019
93.002  3.5709e-019
94.024  3.56281e-019
95.046  3.5547e-019
96.068  3.54658e-019
97.09  3.53844e-019
98.112  3.53029e-019
99.134  3.52211e-019
100.156  3.51392e-019
101.178  3.5057e-019
102.2  3.49747e-019
103.222  3.48921e-019
104.244  3.48092e-019
105.266  3.47262e-019
106.288  3.46428e-019
107.31  3.45593e-019
108.332  3.44754e-019
109.354  3.43913e-019
110.376  3.43068e-019
111.398  3.42221e-019
112.42  3.41371e-019
113.442  3.40517e-019
114.464  3.39661e-019
115.486  3.38801e-019
116.508  3.37937e-019
117.53  3.3707e-019
118.552  3.362e-019
119.574  3.35326e-019
120.596  3.34448e-019
121.618  3.33566e-019
122.64  3.32681e-019
123.662  3.31791e-019
124.684  3.30898e-019
125.706  3.3e-019
126.728  3.29098e-019
127.75  3.28192e-019
128.772  3.27282e-019
129.794  3.26367e-019
130.816  3.25447e-019
131.838  3.24523e-019
132.86  3.23595e-019
133.882  3.22661e-019
134.904  3.21723e-019
135.926  3.2078e-019
136.948  3.19832e-019
137.97  3.18879e-019
138.992  3.17921e-019
140.014  3.16958e-019
141.036  3.15989e-019
142.058  3.15015e-019
143.08  3.14035e-019
144.102  3.13051e-019
145.124  3.1206e-019
146.146  3.11064e-019
147.168  3.10062e-019
148.19  3.09054e-019
149.212  3.0804e-019
150.234  3.0702e-019
151.256  3.05994e-019
152.278  3.04962e-019
153.3  3.03924e-019
154.322  3.02879e-019
155.344  3.01828e-019
156.366  3.0077e-019
157.388  2.99705e-019
158.41  2.98634e-019
159.432  2.97556e-019
160.454  2.9647e-019
161.476  2.95378e-019
162.498  2.94279e-019
163.52  2.93172e-019
164.542  2.92058e-019
165.564  2.90936e-019
166.586  2.89806e-019
167.608  2.88669e-019
168.63  2.87524e-019
169.652  2.86371e-019
170.674  2.8521e-019
171.696  2.84041e-019
172.718  2.82863e-019
173.74  2.81677e-019
174.762  2.80482e-019
175.784  2.79278e-019
176.806  2.78066e-019
177.828  2.76844e-019
178.85  2.75613e-019
179.872  2.74373e-019
180.894  2.73123e-019
181.916  2.71864e-019
182.938  2.70595e-019
183.96  2.69316e-019
184.982  2.68027e-019
186.004  2.66727e-019
187.026  2.65417e-019
188.048  2.64097e-019
189.07  2.62766e-019
190.092  2.61423e-019
191.114  2.6007e-019
192.136  2.58705e-019
193.158  2.57329e-019
194.18  2.55941e-019
195.202  2.54542e-019
196.224  2.5313e-019
197.246  2.51706e-019
198.268  2.5027e-019
199.29  2.48821e-019
200.312  2.47359e-019
201.334  2.45884e-019
202.356  2.44396e-019
203.378  2.42895e-019
204.4  2.4138e-019
205.422  2.39852e-019
206.444  2.38309e-019
207.466  2.36752e-019
208.488  2.35181e-019
209.51  2.33595e-019
210.532  2.31994e-019
211.554  2.30378e-019
212.576  2.28747e-019
213.598  2.27101e-019
214.62  2.25439e-019
215.642  2.23761e-019
216.664  2.22067e-019
217.686  2.20357e-019
218.708  2.1863e-019
219.73  2.16887e-019
220.752  2.15127e-019
221.774  2.1335e-019
222.796  2.11556e-019
223.818  2.09744e-019
224.84  2.07915e-019
225.862  2.06068e-019
226.884  2.04203e-019
227.906  2.0232e-019
228.928  2.00418e-019
229.95  1.98499e-019
230.972  1.9656e-019
231.994  1.94603e-019
233.016  1.92627e-019
234.038  1.90632e-019
235.06  1.88618e-019
236.082  1.86585e-019
237.104  1.84533e-019
238.126  1.82461e-019
239.148  1.8037e-019
240.17  1.78259e-019
241.192  1.76129e-019
242.214  1.73979e-019
243.236  1.7181e-019
244.258  1.6962e-019
245.28  1.67412e-019
246.302  1.65184e-019
247.324  1.62936e-019
248.346  1.60668e-019
249.368  1.58382e-019
250.39  1.56076e-019
251.412  1.53751e-019
252.434  1.51407e-019
253.456  1.49044e-019
254.478  1.46662e-019
255.5  1.44263e-019
256.522  1.41845e-019
257.544  1.39409e-019
258.566  1.36955e-019
259.588  1.34485e-019
260.61  1.31998e-019
261.632  1.29494e-019
262.654  1.26974e-019
263.676  1.24439e-019
264.698  1.21889e-019
265.72  1.19325e-019
266.742  1.16747e-019
267.764  1.14156e-019
268.786  1.11552e-019
269.808  1.08937e-019
270.83  1.06311e-019
271.852  1.03675e-019
272.874  1.0103e-019
273.896  9.83763e-020
274.918  9.57158e-020
275.94  9.30493e-020
276.962  9.03778e-020
277.984  8.77025e-020
279.006  8.50247e-020
280.028  8.23457e-020
281.05  7.96669e-020
282.072  7.69898e-020
283.094  7.43159e-020
284.116  7.16468e-020
285.138  6.89843e-020
286.16  6.633e-020
287.182  6.36859e-020
288.204  6.10539e-020
289.226  5.84361e-020
290.248  5.58345e-020
291.27  5.32514e-020
292.292  5.06892e-020
293.314  4.81502e-020
294.336  4.5637e-020
295.358  4.31523e-020
296.38  4.06988e-020
297.402  3.82793e-020
298.424  3.58969e-020
299.446  3.35547e-020
300.468  3.12558e-020
301.49  2.90038e-020
302.512  2.6802e-020
303.534  2.46541e-020
304.556  2.2564e-020
305.578  2.05354e-020
306.6  1.85725e-020
307.622  1.66795e-020
308.644  1.48608e-020
309.666  1.31209e-020
310.688  1.14645e-020
311.71  9.89658e-021
312.732  8.42208e-021
313.754  7.04626e-021
314.776  5.77454e-021
315.798  4.61252e-021
316.82  3.56598e-021
317.842  2.64091e-021
318.864  1.84349e-021
319.886  1.18012e-021
320.908  6.57379e-022
321.93  2.82056e-022
322.952  6.11231e-023
