1.022  8.18862e-021
2.044  8.41478e-021
3.066  8.64129e-021
4.088  8.8681e-021
5.11  9.09521e-021
6.132  9.32256e-021
7.154  9.55013e-021
8.176  9.77788e-021
9.198  1.00058e-020
10.22  1.02338e-020
11.242  1.04619e-020
12.264  1.06901e-020
13.286  1.09184e-020
14.308  1.11467e-020
15.33  1.13751e-020
16.352  1.16034e-020
17.374  1.18317e-020
18.396  1.20601e-020
19.418  1.22884e-020
20.44  1.25166e-020
21.462  1.27448e-020
22.484  1.29729e-020
23.506  1.32009e-020
24.528  1.34289e-020
25.55  1.36567e-020
26.572  1.38843e-020
27.594  1.41118e-020
28.616  1.43392e-020
29.638  1.45663e-020
30.66  1.47932e-020
31.682  1.50199e-020
32.704  1.52464e-020
33.726  1.54726e-020
34.748  1.56985e-020
35.77  1.59241e-020
36.792  1.61494e-020
37.814  1.63743e-020
38.836  1.65989e-020
39.858  1.68231e-020
40.88  1.70469e-020
41.902  1.72702e-020
42.924  1.74931e-020
43.946  1.77155e-020
44.968  1.79374e-020
45.99  1.81588e-020
47.012  1.83797e-020
48.034  1.86e-020
49.056  1.88197e-020
50.078  1.90388e-020
51.1  1.92572e-020
52.122  1.9475e-020
53.144  1.96922e-020
54.166  1.99086e-020
55.188  2.01243e-020
56.21  2.03393e-020
57.232  2.05535e-020
58.254  2.07669e-020
59.276  2.09794e-020
60.298  2.11912e-020
61.32  2.14021e-020
62.342  2.16121e-020
63.364  2.18212e-020
64.386  2.20293e-020
65.408  2.22365e-020
66.43  2.24428e-020
67.452  2.2648e-020
68.474  2.28522e-020
69.496  2.30554e-020
70.518  2.32575e-020
71.54  2.34585e-020
72.562  2.36585e-020
73.584  2.38572e-020
74.606  2.40549e-020
75.628  2.42513e-020
76.65  2.44466e-020
77.672  2.46406e-020
78.694  2.48334e-020
79.716  2.50249e-020
80.738  2.52151e-020
81.76  2.5404e-020
82.782  2.55916e-020
83.804  2.57778e-020
84.826  2.59627e-020
85.848  2.61461e-020
86.87  2.63282e-020
87.892  2.65088e-020
88.914  2.66879e-020
89.936  2.68656e-020
90.958  2.70417e-020
91.98  2.72163e-020
93.002  2.73894e-020
94.024  2.75609e-020
95.046  2.77309e-020
96.068  2.78992e-020
97.09  2.80658e-020
98.112  2.82309e-020
99.134  2.83942e-020
100.156  2.85559e-020
101.178  2.87158e-020
102.2  2.8874e-020
103.222  2.90305e-020
104.244  2.91852e-020
105.266  2.93381e-020
106.288  2.94891e-020
107.31  2.96383e-020
108.332  2.97857e-020
109.354  2.99312e-020
110.376  3.00747e-020
111.398  3.02164e-020
112.42  3.03561e-020
113.442  3.04939e-020
114.464  3.06296e-020
115.486  3.07634e-020
116.508  3.08951e-020
117.53  3.10248e-020
118.552  3.11524e-020
119.574  3.12779e-020
120.596  3.14013e-020
121.618  3.15226e-020
122.64  3.16418e-020
123.662  3.17587e-020
124.684  3.18735e-020
125.706  3.19861e-020
126.728  3.20964e-020
127.75  3.22044e-020
128.772  3.23102e-020
129.794  3.24137e-020
130.816  3.25149e-020
131.838  3.26137e-020
132.86  3.27101e-020
133.882  3.28042e-020
134.904  3.28959e-020
135.926  3.29851e-020
136.948  3.30719e-020
137.97  3.31562e-020
138.992  3.3238e-020
140.014  3.33173e-020
141.036  3.3394e-020
142.058  3.34682e-020
143.08  3.35398e-020
144.102  3.36088e-020
145.124  3.36752e-020
146.146  3.37389e-020
147.168  3.37999e-020
148.19  3.38583e-020
149.212  3.39139e-020
150.234  3.39668e-020
151.256  3.40169e-020
152.278  3.40642e-020
153.3  3.41087e-020
154.322  3.41503e-020
155.344  3.41891e-020
156.366  3.4225e-020
157.388  3.4258e-020
158.41  3.4288e-020
159.432  3.43151e-020
160.454  3.43392e-020
161.476  3.43603e-020
162.498  3.43783e-020
163.52  3.43933e-020
164.542  3.44052e-020
165.564  3.4414e-020
166.586  3.44196e-020
167.608  3.44221e-020
168.63  3.44214e-020
169.652  3.44175e-020
170.674  3.44103e-020
171.696  3.43999e-020
172.718  3.43862e-020
173.74  3.43692e-020
174.762  3.43488e-020
175.784  3.43251e-020
176.806  3.42979e-020
177.828  3.42674e-020
178.85  3.42334e-020
179.872  3.41959e-020
180.894  3.41549e-020
181.916  3.41104e-020
182.938  3.40624e-020
183.96  3.40108e-020
184.982  3.39555e-020
186.004  3.38967e-020
187.026  3.38342e-020
188.048  3.3768e-020
189.07  3.36981e-020
190.092  3.36245e-020
191.114  3.35471e-020
192.136  3.34659e-020
193.158  3.33809e-020
194.18  3.32921e-020
195.202  3.31995e-020
196.224  3.31029e-020
197.246  3.30024e-020
198.268  3.28981e-020
199.29  3.27897e-020
200.312  3.26774e-020
201.334  3.25611e-020
202.356  3.24408e-020
203.378  3.23164e-020
204.4  3.21879e-020
205.422  3.20554e-020
206.444  3.19188e-020
207.466  3.1778e-020
208.488  3.16331e-020
209.51  3.1484e-020
210.532  3.13308e-020
211.554  3.11733e-020
212.576  3.10116e-020
213.598  3.08457e-020
214.62  3.06756e-020
215.642  3.05011e-020
216.664  3.03224e-020
217.686  3.01395e-020
218.708  2.99522e-020
219.73  2.97606e-020
220.752  2.95647e-020
221.774  2.93644e-020
222.796  2.91598e-020
223.818  2.89509e-020
224.84  2.87377e-020
225.862  2.85201e-020
226.884  2.82981e-020
227.906  2.80718e-020
228.928  2.78412e-020
229.95  2.76062e-020
230.972  2.73669e-020
231.994  2.71233e-020
233.016  2.68753e-020
234.038  2.6623e-020
235.06  2.63664e-020
236.082  2.61056e-020
237.104  2.58405e-020
238.126  2.55711e-020
239.148  2.52975e-020
240.17  2.50198e-020
241.192  2.47378e-020
242.214  2.44517e-020
243.236  2.41615e-020
244.258  2.38673e-020
245.28  2.3569e-020
246.302  2.32667e-020
247.324  2.29604e-020
248.346  2.26503e-020
249.368  2.23363e-020
250.39  2.20185e-020
251.412  2.16969e-020
252.434  2.13717e-020
253.456  2.10429e-020
254.478  2.07106e-020
255.5  2.03747e-020
256.522  2.00355e-020
257.544  1.9693e-020
258.566  1.93473e-020
259.588  1.89984e-020
260.61  1.86465e-020
261.632  1.82917e-020
262.654  1.79341e-020
263.676  1.75738e-020
264.698  1.72108e-020
265.72  1.68454e-020
266.742  1.64777e-020
267.764  1.61078e-020
268.786  1.57358e-020
269.808  1.53619e-020
270.83  1.49862e-020
271.852  1.4609e-020
272.874  1.42303e-020
273.896  1.38503e-020
274.918  1.34693e-020
275.94  1.30874e-020
276.962  1.27049e-020
277.984  1.23218e-020
279.006  1.19385e-020
280.028  1.15552e-020
281.05  1.1172e-020
282.072  1.07893e-020
283.094  1.04073e-020
284.116  1.00262e-020
285.138  9.64634e-021
286.16  9.26795e-021
287.182  8.89134e-021
288.204  8.51682e-021
289.226  8.14468e-021
290.248  7.77525e-021
291.27  7.40886e-021
292.292  7.04587e-021
293.314  6.68661e-021
294.336  6.33147e-021
295.358  5.98082e-021
296.38  5.63506e-021
297.402  5.29459e-021
298.424  4.95984e-021
299.446  4.63123e-021
300.468  4.30923e-021
301.49  3.99429e-021
302.512  3.68689e-021
303.534  3.38753e-021
304.556  3.09671e-021
305.578  2.81496e-021
306.6  2.54282e-021
307.622  2.28085e-021
308.644  2.02963e-021
309.666  1.78976e-021
310.688  1.56183e-021
311.71  1.34649e-021
312.732  1.14439e-021
313.754  9.56181e-022
314.776  7.82565e-022
315.798  6.24246e-022
316.82  4.81954e-022
317.842  3.56438e-022
318.864  2.48468e-022
319.886  1.58836e-022
320.908  8.83536e-023
321.93  3.78552e-023
322.952  8.19167e-024
