1.022  1.11848e-019
2.044  1.11972e-019
3.066  1.12095e-019
4.088  1.12217e-019
5.11  1.12338e-019
6.132  1.12458e-019
7.154  1.12578e-019
8.176  1.12695e-019
9.198  1.12812e-019
10.22  1.12927e-019
11.242  1.1304e-019
12.264  1.13152e-019
13.286  1.13263e-019
14.308  1.13373e-019
15.33  1.13481e-019
16.352  1.13588e-019
17.374  1.13694e-019
18.396  1.13799e-019
19.418  1.13904e-019
20.44  1.14007e-019
21.462  1.14109e-019
22.484  1.14211e-019
23.506  1.14312e-019
24.528  1.14412e-019
25.55  1.14512e-019
26.572  1.14611e-019
27.594  1.14709e-019
28.616  1.14806e-019
29.638  1.14903e-019
30.66  1.14999e-019
31.682  1.15094e-019
32.704  1.15189e-019
33.726  1.15283e-019
34.748  1.15375e-019
35.77  1.15468e-019
36.792  1.15559e-019
37.814  1.15649e-019
38.836  1.15738e-019
39.858  1.15827e-019
40.88  1.15914e-019
41.902  1.16e-019
42.924  1.16086e-019
43.946  1.16169e-019
44.968  1.16252e-019
45.99  1.16334e-019
47.012  1.16414e-019
48.034  1.16493e-019
49.056  1.16571e-019
50.078  1.16647e-019
51.1  1.16721e-019
52.122  1.16794e-019
53.144  1.16866e-019
54.166  1.16936e-019
55.188  1.17004e-019
56.21  1.1707e-019
57.232  1.17135e-019
58.254  1.17198e-019
59.276  1.17259e-019
60.298  1.17318e-019
61.32  1.17375e-019
62.342  1.1743e-019
63.364  1.17483e-019
64.386  1.17534e-019
65.408  1.17583e-019
66.43  1.1763e-019
67.452  1.17675e-019
68.474  1.17717e-019
69.496  1.17757e-019
70.518  1.17794e-019
71.54  1.17829e-019
72.562  1.17862e-019
73.584  1.17892e-019
74.606  1.1792e-019
75.628  1.17945e-019
76.65  1.17968e-019
77.672  1.17988e-019
78.694  1.18005e-019
79.716  1.1802e-019
80.738  1.18031e-019
81.76  1.1804e-019
82.782  1.18047e-019
83.804  1.1805e-019
84.826  1.1805e-019
85.848  1.18048e-019
86.87  1.18042e-019
87.892  1.18034e-019
88.914  1.18022e-019
89.936  1.18008e-019
90.958  1.1799e-019
91.98  1.17969e-019
93.002  1.17945e-019
94.024  1.17918e-019
95.046  1.17887e-019
96.068  1.17853e-019
97.09  1.17816e-019
98.112  1.17776e-019
99.134  1.17732e-019
100.156  1.17685e-019
101.178  1.17634e-019
102.2  1.1758e-019
103.222  1.17522e-019
104.244  1.17461e-019
105.266  1.17396e-019
106.288  1.17328e-019
107.31  1.17256e-019
108.332  1.17181e-019
109.354  1.17101e-019
110.376  1.17018e-019
111.398  1.16932e-019
112.42  1.16841e-019
113.442  1.16747e-019
114.464  1.16649e-019
115.486  1.16547e-019
116.508  1.16441e-019
117.53  1.16332e-019
118.552  1.16218e-019
119.574  1.16101e-019
120.596  1.15979e-019
121.618  1.15854e-019
122.64  1.15724e-019
123.662  1.15591e-019
124.684  1.15453e-019
125.706  1.15311e-019
126.728  1.15165e-019
127.75  1.15015e-019
128.772  1.14861e-019
129.794  1.14702e-019
130.816  1.1454e-019
131.838  1.14373e-019
132.86  1.14201e-019
133.882  1.14026e-019
134.904  1.13845e-019
135.926  1.13661e-019
136.948  1.13472e-019
137.97  1.13279e-019
138.992  1.13081e-019
140.014  1.12879e-019
141.036  1.12672e-019
142.058  1.12461e-019
143.08  1.12245e-019
144.102  1.12024e-019
145.124  1.11799e-019
146.146  1.11569e-019
147.168  1.11335e-019
148.19  1.11095e-019
149.212  1.10851e-019
150.234  1.10602e-019
151.256  1.10349e-019
152.278  1.1009e-019
153.3  1.09827e-019
154.322  1.09558e-019
155.344  1.09285e-019
156.366  1.09007e-019
157.388  1.08723e-019
158.41  1.08435e-019
159.432  1.08141e-019
160.454  1.07843e-019
161.476  1.07539e-019
162.498  1.0723e-019
163.52  1.06916e-019
164.542  1.06596e-019
165.564  1.06272e-019
166.586  1.05941e-019
167.608  1.05606e-019
168.63  1.05265e-019
169.652  1.04919e-019
170.674  1.04567e-019
171.696  1.04209e-019
172.718  1.03846e-019
173.74  1.03478e-019
174.762  1.03103e-019
175.784  1.02723e-019
176.806  1.02337e-019
177.828  1.01946e-019
178.85  1.01549e-019
179.872  1.01145e-019
180.894  1.00736e-019
181.916  1.00321e-019
182.938  9.99001e-020
183.96  9.9473e-020
184.982  9.90398e-020
186.004  9.86005e-020
187.026  9.81549e-020
188.048  9.77032e-020
189.07  9.72452e-020
190.092  9.67809e-020
191.114  9.63102e-020
192.136  9.58331e-020
193.158  9.53495e-020
194.18  9.48595e-020
195.202  9.43629e-020
196.224  9.38598e-020
197.246  9.335e-020
198.268  9.28335e-020
199.29  9.23103e-020
200.312  9.17803e-020
201.334  9.12435e-020
202.356  9.06999e-020
203.378  9.01493e-020
204.4  8.95918e-020
205.422  8.90273e-020
206.444  8.84558e-020
207.466  8.78772e-020
208.488  8.72915e-020
209.51  8.66986e-020
210.532  8.60986e-020
211.554  8.54913e-020
212.576  8.48767e-020
213.598  8.42548e-020
214.62  8.36256e-020
215.642  8.29891e-020
216.664  8.23451e-020
217.686  8.16936e-020
218.708  8.10348e-020
219.73  8.03684e-020
220.752  7.96945e-020
221.774  7.90131e-020
222.796  7.83241e-020
223.818  7.76275e-020
224.84  7.69234e-020
225.862  7.62116e-020
226.884  7.54922e-020
227.906  7.47653e-020
228.928  7.40306e-020
229.95  7.32884e-020
230.972  7.25386e-020
231.994  7.17811e-020
233.016  7.1016e-020
234.038  7.02434e-020
235.06  6.94631e-020
236.082  6.86753e-020
237.104  6.788e-020
238.126  6.70772e-020
239.148  6.6267e-020
240.17  6.54493e-020
241.192  6.46243e-020
242.214  6.3792e-020
243.236  6.29525e-020
244.258  6.21057e-020
245.28  6.12519e-020
246.302  6.0391e-020
247.324  5.95232e-020
248.346  5.86485e-020
249.368  5.77671e-020
250.39  5.6879e-020
251.412  5.59845e-020
252.434  5.50835e-020
253.456  5.41763e-020
254.478  5.32629e-020
255.5  5.23436e-020
256.522  5.14185e-020
257.544  5.04878e-020
258.566  4.95516e-020
259.588  4.86102e-020
260.61  4.76638e-020
261.632  4.67125e-020
262.654  4.57567e-020
263.676  4.47965e-020
264.698  4.38322e-020
265.72  4.28641e-020
266.742  4.18924e-020
267.764  4.09176e-020
268.786  3.99397e-020
269.808  3.89593e-020
270.83  3.79767e-020
271.852  3.69921e-020
272.874  3.60061e-020
273.896  3.50189e-020
274.918  3.40309e-020
275.94  3.30428e-020
276.962  3.20547e-020
277.984  3.10673e-020
279.006  3.00811e-020
280.028  2.90965e-020
281.05  2.8114e-020
282.072  2.71343e-020
283.094  2.61578e-020
284.116  2.51853e-020
285.138  2.42172e-020
286.16  2.32543e-020
287.182  2.22973e-020
288.204  2.13468e-020
289.226  2.04035e-020
290.248  1.94683e-020
291.27  1.85419e-020
292.292  1.7625e-020
293.314  1.67186e-020
294.336  1.58235e-020
295.358  1.49406e-020
296.38  1.40709e-020
297.402  1.32153e-020
298.424  1.23747e-020
299.446  1.15504e-020
300.468  1.07432e-020
301.49  9.95437e-021
302.512  9.185e-021
303.534  8.43628e-021
304.556  7.70943e-021
305.578  7.00571e-021
306.6  6.32643e-021
307.622  5.67293e-021
308.644  5.04661e-021
309.666  4.44889e-021
310.688  3.88125e-021
311.71  3.34522e-021
312.732  2.84237e-021
313.754  2.37432e-021
314.776  1.94274e-021
315.798  1.54935e-021
316.82  1.19592e-021
317.842  8.8427e-022
318.864  6.16283e-022
319.886  3.93886e-022
320.908  2.1906e-022
321.93  9.38386e-023
322.952  2.03026e-023
