1.022  4.33799e-020
2.044  4.36509e-020
3.066  4.39205e-020
4.088  4.41887e-020
5.11  4.44553e-020
6.132  4.47203e-020
7.154  4.49837e-020
8.176  4.52455e-020
9.198  4.55055e-020
10.22  4.57638e-020
11.242  4.60204e-020
12.264  4.62754e-020
13.286  4.65286e-020
14.308  4.67801e-020
15.33  4.703e-020
16.352  4.72784e-020
17.374  4.75251e-020
18.396  4.77703e-020
19.418  4.8014e-020
20.44  4.82562e-020
21.462  4.84969e-020
22.484  4.87362e-020
23.506  4.89741e-020
24.528  4.92105e-020
25.55  4.94455e-020
26.572  4.96791e-020
27.594  4.99113e-020
28.616  5.01422e-020
29.638  5.03716e-020
30.66  5.05996e-020
31.682  5.08262e-020
32.704  5.10514e-020
33.726  5.12752e-020
34.748  5.14976e-020
35.77  5.17185e-020
36.792  5.1938e-020
37.814  5.2156e-020
38.836  5.23725e-020
39.858  5.25875e-020
40.88  5.28011e-020
41.902  5.3013e-020
42.924  5.32235e-020
43.946  5.34324e-020
44.968  5.36397e-020
45.99  5.38454e-020
47.012  5.40495e-020
48.034  5.42519e-020
49.056  5.44527e-020
50.078  5.46517e-020
51.1  5.48491e-020
52.122  5.50448e-020
53.144  5.52387e-020
54.166  5.54308e-020
55.188  5.56212e-020
56.21  5.58097e-020
57.232  5.59964e-020
58.254  5.61812e-020
59.276  5.63642e-020
60.298  5.65453e-020
61.32  5.67244e-020
62.342  5.69016e-020
63.364  5.70768e-020
64.386  5.725e-020
65.408  5.74213e-020
66.43  5.75904e-020
67.452  5.77576e-020
68.474  5.79226e-020
69.496  5.80856e-020
70.518  5.82464e-020
71.54  5.84051e-020
72.562  5.85616e-020
73.584  5.8716e-020
74.606  5.88681e-020
75.628  5.9018e-020
76.65  5.91657e-020
77.672  5.93111e-020
78.694  5.94542e-020
79.716  5.9595e-020
80.738  5.97335e-020
81.76  5.98696e-020
82.782  6.00033e-020
83.804  6.01347e-020
84.826  6.02636e-020
85.848  6.03901e-020
86.87  6.05142e-020
87.892  6.06357e-020
88.914  6.07548e-020
89.936  6.08714e-020
90.958  6.09855e-020
91.98  6.1097e-020
93.002  6.12059e-020
94.024  6.13123e-020
95.046  6.1416e-020
96.068  6.15171e-020
97.09  6.16156e-020
98.112  6.17114e-020
99.134  6.18045e-020
100.156  6.18949e-020
101.178  6.19826e-020
102.2  6.20676e-020
103.222  6.21498e-020
104.244  6.22293e-020
105.266  6.23059e-020
106.288  6.23798e-020
107.31  6.24508e-020
108.332  6.25189e-020
109.354  6.25842e-020
110.376  6.26467e-020
111.398  6.27062e-020
112.42  6.27628e-020
113.442  6.28164e-020
114.464  6.28672e-020
115.486  6.29149e-020
116.508  6.29596e-020
117.53  6.30014e-020
118.552  6.30401e-020
119.574  6.30758e-020
120.596  6.31084e-020
121.618  6.31379e-020
122.64  6.31644e-020
123.662  6.31877e-020
124.684  6.32079e-020
125.706  6.32249e-020
126.728  6.32387e-020
127.75  6.32494e-020
128.772  6.32569e-020
129.794  6.32611e-020
130.816  6.32621e-020
131.838  6.32598e-020
132.86  6.32543e-020
133.882  6.32454e-020
134.904  6.32332e-020
135.926  6.32177e-020
136.948  6.31988e-020
137.97  6.31766e-020
138.992  6.31509e-020
140.014  6.31218e-020
141.036  6.30893e-020
142.058  6.30533e-020
143.08  6.30138e-020
144.102  6.29709e-020
145.124  6.29244e-020
146.146  6.28744e-020
147.168  6.28208e-020
148.19  6.27636e-020
149.212  6.27028e-020
150.234  6.26384e-020
151.256  6.25703e-020
152.278  6.24986e-020
153.3  6.24231e-020
154.322  6.2344e-020
155.344  6.22611e-020
156.366  6.21744e-020
157.388  6.20839e-020
158.41  6.19896e-020
159.432  6.18915e-020
160.454  6.17896e-020
161.476  6.16837e-020
162.498  6.15739e-020
163.52  6.14602e-020
164.542  6.13425e-020
165.564  6.12209e-020
166.586  6.10952e-020
167.608  6.09655e-020
168.63  6.08317e-020
169.652  6.06938e-020
170.674  6.05518e-020
171.696  6.04057e-020
172.718  6.02554e-020
173.74  6.01008e-020
174.762  5.99421e-020
175.784  5.97791e-020
176.806  5.96118e-020
177.828  5.94402e-020
178.85  5.92642e-020
179.872  5.90839e-020
180.894  5.88992e-020
181.916  5.871e-020
182.938  5.85164e-020
183.96  5.83183e-020
184.982  5.81157e-020
186.004  5.79085e-020
187.026  5.76968e-020
188.048  5.74804e-020
189.07  5.72594e-020
190.092  5.70338e-020
191.114  5.68034e-020
192.136  5.65683e-020
193.158  5.63285e-020
194.18  5.60839e-020
195.202  5.58344e-020
196.224  5.55802e-020
197.246  5.5321e-020
198.268  5.5057e-020
199.29  5.4788e-020
200.312  5.45141e-020
201.334  5.42352e-020
202.356  5.39512e-020
203.378  5.36623e-020
204.4  5.33682e-020
205.422  5.30691e-020
206.444  5.27648e-020
207.466  5.24555e-020
208.488  5.21409e-020
209.51  5.18211e-020
210.532  5.14962e-020
211.554  5.1166e-020
212.576  5.08305e-020
213.598  5.04898e-020
214.62  5.01437e-020
215.642  4.97924e-020
216.664  4.94357e-020
217.686  4.90736e-020
218.708  4.87062e-020
219.73  4.83334e-020
220.752  4.79553e-020
221.774  4.75717e-020
222.796  4.71827e-020
223.818  4.67883e-020
224.84  4.63885e-020
225.862  4.59832e-020
226.884  4.55725e-020
227.906  4.51564e-020
228.928  4.47349e-020
229.95  4.43079e-020
230.972  4.38756e-020
231.994  4.34378e-020
233.016  4.29946e-020
234.038  4.25461e-020
235.06  4.20921e-020
236.082  4.16329e-020
237.104  4.11683e-020
238.126  4.06985e-020
239.148  4.02233e-020
240.17  3.9743e-020
241.192  3.92574e-020
242.214  3.87667e-020
243.236  3.82709e-020
244.258  3.77701e-020
245.28  3.72642e-020
246.302  3.67534e-020
247.324  3.62377e-020
248.346  3.57172e-020
249.368  3.5192e-020
250.39  3.46621e-020
251.412  3.41275e-020
252.434  3.35885e-020
253.456  3.30451e-020
254.478  3.24974e-020
255.5  3.19454e-020
256.522  3.13894e-020
257.544  3.08294e-020
258.566  3.02655e-020
259.588  2.96979e-020
260.61  2.91268e-020
261.632  2.85521e-020
262.654  2.79743e-020
263.676  2.73932e-020
264.698  2.68093e-020
265.72  2.62225e-020
266.742  2.56332e-020
267.764  2.50414e-020
268.786  2.44475e-020
269.808  2.38516e-020
270.83  2.32539e-020
271.852  2.26548e-020
272.874  2.20543e-020
273.896  2.14528e-020
274.918  2.08506e-020
275.94  2.02479e-020
276.962  1.96449e-020
277.984  1.90421e-020
279.006  1.84398e-020
280.028  1.78381e-020
281.05  1.72376e-020
282.072  1.66385e-020
283.094  1.60412e-020
284.116  1.5446e-020
285.138  1.48535e-020
286.16  1.42639e-020
287.182  1.36778e-020
288.204  1.30955e-020
289.226  1.25175e-020
290.248  1.19443e-020
291.27  1.13764e-020
292.292  1.08143e-020
293.314  1.02584e-020
294.336  9.70946e-021
295.358  9.16789e-021
296.38  8.63432e-021
297.402  8.10935e-021
298.424  7.5936e-021
299.446  7.08772e-021
300.468  6.59238e-021
301.49  6.10825e-021
302.512  5.63605e-021
303.534  5.17651e-021
304.556  4.73039e-021
305.578  4.29846e-021
306.6  3.88154e-021
307.622  3.48045e-021
308.644  3.09604e-021
309.666  2.72921e-021
310.688  2.38086e-021
311.71  2.05192e-021
312.732  1.74337e-021
313.754  1.45619e-021
314.776  1.19141e-021
315.798  9.50088e-022
316.82  7.33299e-022
317.842  5.42161e-022
318.864  3.77821e-022
319.886  2.41455e-022
320.908  1.34272e-022
321.93  5.75125e-023
322.952  1.24419e-023
