1.022  5.33189e-021
2.044  5.37751e-021
3.066  5.42505e-021
4.088  5.47446e-021
5.11  5.5257e-021
6.132  5.57874e-021
7.154  5.63353e-021
8.176  5.69004e-021
9.198  5.74823e-021
10.22  5.80806e-021
11.242  5.86949e-021
12.264  5.93251e-021
13.286  5.99708e-021
14.308  6.06316e-021
15.33  6.13073e-021
16.352  6.19977e-021
17.374  6.27024e-021
18.396  6.34212e-021
19.418  6.41537e-021
20.44  6.48998e-021
21.462  6.56592e-021
22.484  6.64315e-021
23.506  6.72165e-021
24.528  6.80139e-021
25.55  6.88235e-021
26.572  6.96449e-021
27.594  7.04779e-021
28.616  7.13223e-021
29.638  7.21776e-021
30.66  7.30437e-021
31.682  7.39203e-021
32.704  7.48071e-021
33.726  7.57037e-021
34.748  7.661e-021
35.77  7.75257e-021
36.792  7.84504e-021
37.814  7.93839e-021
38.836  8.03259e-021
39.858  8.12762e-021
40.88  8.22344e-021
41.902  8.32004e-021
42.924  8.41737e-021
43.946  8.51542e-021
44.968  8.61416e-021
45.99  8.71356e-021
47.012  8.81359e-021
48.034  8.91423e-021
49.056  9.01545e-021
50.078  9.11723e-021
51.1  9.21953e-021
52.122  9.32234e-021
53.144  9.42562e-021
54.166  9.52935e-021
55.188  9.63351e-021
56.21  9.73807e-021
57.232  9.843e-021
58.254  9.94828e-021
59.276  1.00539e-020
60.298  1.01598e-020
61.32  1.0266e-020
62.342  1.03724e-020
63.364  1.0479e-020
64.386  1.05859e-020
65.408  1.06929e-020
66.43  1.08001e-020
67.452  1.09074e-020
68.474  1.10148e-020
69.496  1.11223e-020
70.518  1.12299e-020
71.54  1.13375e-020
72.562  1.14451e-020
73.584  1.15527e-020
74.606  1.16602e-020
75.628  1.17677e-020
76.65  1.18751e-020
77.672  1.19824e-020
78.694  1.20896e-020
79.716  1.21967e-020
80.738  1.23036e-020
81.76  1.24102e-020
82.782  1.25167e-020
83.804  1.2623e-020
84.826  1.27289e-020
85.848  1.28347e-020
86.87  1.29401e-020
87.892  1.30452e-020
88.914  1.31499e-020
89.936  1.32543e-020
90.958  1.33583e-020
91.98  1.34619e-020
93.002  1.35651e-020
94.024  1.36678e-020
95.046  1.37701e-020
96.068  1.38719e-020
97.09  1.39732e-020
98.112  1.40739e-020
99.134  1.41741e-020
100.156  1.42738e-020
101.178  1.43728e-020
102.2  1.44713e-020
103.222  1.45691e-020
104.244  1.46663e-020
105.266  1.47628e-020
106.288  1.48586e-020
107.31  1.49537e-020
108.332  1.50481e-020
109.354  1.51418e-020
110.376  1.52347e-020
111.398  1.53268e-020
112.42  1.54181e-020
113.442  1.55086e-020
114.464  1.55983e-020
115.486  1.56871e-020
116.508  1.5775e-020
117.53  1.5862e-020
118.552  1.59481e-020
119.574  1.60333e-020
120.596  1.61175e-020
121.618  1.62007e-020
122.64  1.6283e-020
123.662  1.63642e-020
124.684  1.64445e-020
125.706  1.65236e-020
126.728  1.66017e-020
127.75  1.66787e-020
128.772  1.67547e-020
129.794  1.68295e-020
130.816  1.69031e-020
131.838  1.69756e-020
132.86  1.70469e-020
133.882  1.7117e-020
134.904  1.71859e-020
135.926  1.72536e-020
136.948  1.732e-020
137.97  1.73851e-020
138.992  1.7449e-020
140.014  1.75115e-020
141.036  1.75727e-020
142.058  1.76326e-020
143.08  1.76911e-020
144.102  1.77482e-020
145.124  1.78039e-020
146.146  1.78582e-020
147.168  1.79111e-020
148.19  1.79624e-020
149.212  1.80124e-020
150.234  1.80608e-020
151.256  1.81077e-020
152.278  1.8153e-020
153.3  1.81968e-020
154.322  1.82391e-020
155.344  1.82797e-020
156.366  1.83187e-020
157.388  1.83561e-020
158.41  1.83919e-020
159.432  1.84259e-020
160.454  1.84583e-020
161.476  1.8489e-020
162.498  1.8518e-020
163.52  1.85452e-020
164.542  1.85707e-020
165.564  1.85943e-020
166.586  1.86162e-020
167.608  1.86362e-020
168.63  1.86545e-020
169.652  1.86708e-020
170.674  1.86853e-020
171.696  1.86979e-020
172.718  1.87085e-020
173.74  1.87172e-020
174.762  1.8724e-020
175.784  1.87288e-020
176.806  1.87316e-020
177.828  1.87324e-020
178.85  1.87312e-020
179.872  1.87279e-020
180.894  1.87225e-020
181.916  1.87151e-020
182.938  1.87056e-020
183.96  1.86939e-020
184.982  1.86801e-020
186.004  1.86641e-020
187.026  1.8646e-020
188.048  1.86256e-020
189.07  1.86031e-020
190.092  1.85783e-020
191.114  1.85512e-020
192.136  1.85219e-020
193.158  1.84903e-020
194.18  1.84564e-020
195.202  1.84202e-020
196.224  1.83817e-020
197.246  1.83407e-020
198.268  1.82975e-020
199.29  1.82518e-020
200.312  1.82037e-020
201.334  1.81532e-020
202.356  1.81003e-020
203.378  1.80449e-020
204.4  1.7987e-020
205.422  1.79267e-020
206.444  1.78638e-020
207.466  1.77985e-020
208.488  1.77306e-020
209.51  1.76602e-020
210.532  1.75873e-020
211.554  1.75118e-020
212.576  1.74337e-020
213.598  1.7353e-020
214.62  1.72697e-020
215.642  1.71838e-020
216.664  1.70953e-020
217.686  1.70042e-020
218.708  1.69104e-020
219.73  1.6814e-020
220.752  1.67149e-020
221.774  1.66132e-020
222.796  1.65088e-020
223.818  1.64017e-020
224.84  1.62919e-020
225.862  1.61795e-020
226.884  1.60644e-020
227.906  1.59466e-020
228.928  1.58261e-020
229.95  1.57029e-020
230.972  1.55771e-020
231.994  1.54485e-020
233.016  1.53173e-020
234.038  1.51834e-020
235.06  1.50468e-020
236.082  1.49075e-020
237.104  1.47656e-020
238.126  1.46211e-020
239.148  1.44739e-020
240.17  1.4324e-020
241.192  1.41716e-020
242.214  1.40166e-020
243.236  1.38589e-020
244.258  1.36987e-020
245.28  1.3536e-020
246.302  1.33707e-020
247.324  1.32029e-020
248.346  1.30327e-020
249.368  1.286e-020
250.39  1.26849e-020
251.412  1.25074e-020
252.434  1.23275e-020
253.456  1.21453e-020
254.478  1.19608e-020
255.5  1.17741e-020
256.522  1.15852e-020
257.544  1.13942e-020
258.566  1.1201e-020
259.588  1.10058e-020
260.61  1.08085e-020
261.632  1.06094e-020
262.654  1.04083e-020
263.676  1.02054e-020
264.698  1.00008e-020
265.72  9.79448e-021
266.742  9.58656e-021
267.764  9.3771e-021
268.786  9.16618e-021
269.808  8.95389e-021
270.83  8.74032e-021
271.852  8.52556e-021
272.874  8.30971e-021
273.896  8.09286e-021
274.918  7.87512e-021
275.94  7.65661e-021
276.962  7.43743e-021
277.984  7.21771e-021
279.006  6.99757e-021
280.028  6.77714e-021
281.05  6.55656e-021
282.072  6.33596e-021
283.094  6.1155e-021
284.116  5.89531e-021
285.138  5.67557e-021
286.16  5.45644e-021
287.182  5.23808e-021
288.204  5.02068e-021
289.226  4.80441e-021
290.248  4.58948e-021
291.27  4.37607e-021
292.292  4.16439e-021
293.314  3.95466e-021
294.336  3.7471e-021
295.358  3.54193e-021
296.38  3.33939e-021
297.402  3.13973e-021
298.424  2.9432e-021
299.446  2.75007e-021
300.468  2.5606e-021
301.49  2.37508e-021
302.512  2.1938e-021
303.534  2.01706e-021
304.556  1.84518e-021
305.578  1.67847e-021
306.6  1.51726e-021
307.622  1.36191e-021
308.644  1.21277e-021
309.666  1.0702e-021
310.688  9.34577e-022
311.71  8.06302e-022
312.732  6.85774e-022
313.754  5.73409e-022
314.776  4.69638e-022
315.798  3.74903e-022
316.82  2.89661e-022
317.842  2.14384e-022
318.864  1.49556e-022
319.886  9.56774e-023
320.908  5.32617e-023
321.93  2.28374e-023
322.952  4.9457e-024
